    1     999999
    2     999999
    3     999999
    4         41
    5         40
    6         44
    7         44
    8         40
    9         33
   10         29
   11         28
   12         29
   13         29
   14         30
   15         32
   16         34
   17         37
   18         42
   19         47
   20         52
   21         55
   22         57
   23         62
   24         73
   25         91
   26        110
   27        127
   28        137
   29        144
   30        149
   31        153
   32        156
   33        157
   34        154
   35        147
   36        137
   37        124
   38        112
   39        100
   40         88
   41         76
   42         63
   43         56
   44         53
   45         54
   46         55
   47         56
   48         57
   49         57
   50         58
   51         60
   52         64
   53         68
   54         70
   55         71
   56         70
   57         70
   58         69
   59         63
   60         52
   61         53
   62     999999
   63     999999
   64     999999
