    1     999999
    2     999999
    3     999999
    4     999999
    5     999999
    6     999999
    7     999999
    8     999999
    9     999999
   10     999999
   11     999999
   12     999999
   13     999999
   14     999999
   15     999999
   16     999999
   17     999999
   18     999999
   19         47
   20         46
   21         50
   22         51
   23         53
   24         59
   25         70
   26         87
   27        107
   28        126
   29        138
   30        143
   31        145
   32        147
   33        150
   34        153
   35        149
   36        135
   37        116
   38         99
   39         89
   40         82
   41         77
   42         74
   43         72
   44         70
   45         67
   46         65
   47         65
   48         67
   49         71
   50         76
   51         78
   52         79
   53         78
   54         77
   55         76
   56         71
   57         70
   58     999999
   59     999999
   60     999999
   61     999999
   62     999999
   63     999999
   64     999999
