    1         40
    2         41
    3         44
    4         46
    5         46
    6         44
    7         41
    8         40
    9         40
   10         41
   11         42
   12         43
   13         44
   14         46
   15         46
   16         47
   17         50
   18         54
   19         60
   20         66
   21         74
   22         83
   23         91
   24         97
   25        103
   26        112
   27        122
   28        133
   29        142
   30        147
   31        143
   32        136
   33        128
   34        123
   35        118
   36        112
   37        102
   38         94
   39         89
   40         88
   41         87
   42         87
   43         87
   44         87
   45         87
   46         87
   47         88
   48         87
   49         86
   50         88
   51         91
   52         90
   53         87
   54         84
   55         76
   56         66
   57     999999
   58     999999
   59     999999
   60     999999
   61     999999
   62     999999
   63     999999
   64     999999
