    1     999999
    2     999999
    3     999999
    4         36
    5         36
    6         38
    7         40
    8         40
    9         39
   10         40
   11         42
   12         45
   13         47
   14         48
   15         50
   16         53
   17         54
   18         55
   19         55
   20         57
   21         60
   22         66
   23         73
   24         80
   25         88
   26         95
   27        101
   28        105
   29        108
   30        109
   31        110
   32        110
   33        107
   34        100
   35         91
   36         83
   37         77
   38         77
   39         81
   40         85
   41         88
   42         92
   43         97
   44        102
   45        107
   46        110
   47        113
   48        114
   49        114
   50        113
   51        111
   52        112
   53        113
   54        101
   55         71
   56     999999
   57     999999
   58     999999
   59     999999
   60     999999
   61     999999
   62     999999
   63     999999
   64     999999
