    1     999999
    2         39
    3         38
    4         42
    5         42
    6         40
    7         39
    8         40
    9         44
   10         51
   11         57
   12         61
   13         60
   14         57
   15         54
   16         53
   17         54
   18         56
   19         60
   20         66
   21         73
   22         80
   23         86
   24         93
   25        103
   26        120
   27        141
   28        157
   29        162
   30        165
   31        171
   32        176
   33        174
   34        165
   35        153
   36        141
   37        127
   38        111
   39         96
   40         83
   41         74
   42         69
   43         66
   44         63
   45         62
   46         62
   47         63
   48         64
   49         64
   50         64
   51         65
   52         66
   53         66
   54         60
   55         51
   56     999999
   57     999999
   58     999999
   59     999999
   60     999999
   61     999999
   62     999999
   63     999999
   64     999999
