52818  01  12  9999   6985.87   7474.39  99999.00  99999.00   -240.39    134.37   -498.99     78.33    1023       0    1023    1023
52818  01  12  1000  99999.00  99999.00  99999.00  99999.00  99999.00  99999.00  99999.00  99999.00       0       0       0       0
52818  01  12   925  99999.00  99999.00  99999.00  99999.00  99999.00  99999.00  99999.00  99999.00       0       0       0       0
52818  01  12   900  99999.00  99999.00  99999.00  99999.00  99999.00  99999.00  99999.00  99999.00       0       0       0       0
52818  01  12   850  99999.00  99999.00  99999.00  99999.00  99999.00  99999.00  99999.00  99999.00       0       0       0       0
52818  01  12   800  99999.00  99999.00  99999.00  99999.00  99999.00  99999.00  99999.00  99999.00       0       0       0       0
52818  01  12   700  99999.00  99999.00   2798.24   3324.56   -274.08    163.44   -528.83     88.81       0    1023    1023    1023
52818  01  12   600  99999.00  99999.00   3985.69   4521.73   -392.91    138.09   -617.17     52.07       0    1023    1023    1023
52818  01  12   500  99999.00  99999.00   5315.12   5924.96   -443.52     -1.92   -679.60     -9.04       0    1023    1022    1022
52818  01  12   400  99999.00  99999.00   6841.66   7594.54   -546.91   -154.63   -757.80   -125.52       0    1022    1022    1022
52818  01  12   300  99999.00  99999.00   8667.20   9649.28   -687.33   -315.45   -831.60   -335.64       0    1014    1014    1014
52818  01  12   250  99999.00  99999.00   9781.29  10879.65   -776.20   -347.44   -876.86   -397.82       0    1004    1004     850
52818  01  12   200  99999.00  99999.00  11173.52  12310.88   -824.02   -315.10   -877.70   -392.54       0     997     997     566
52818  01  12   150  99999.00  99999.00  13007.84  14126.00   -747.26   -389.90   -900.47   -407.51       0     984     984     499
52818  01  12   100  99999.00  99999.00  15595.68  16629.48   -798.50   -410.54   -972.42   -381.90       0     969     970     190
52818  01  12    80  99999.00  99999.00  99999.00  99999.00  99999.00  99999.00  99999.00  99999.00       0       0       0       0
52818  01  12    70  99999.00  99999.00  17825.26  18828.58   -817.75   -406.27  99999.00  99999.00       0     945     947       4
52818  01  12    60  99999.00  99999.00  99999.00  99999.00  99999.00  99999.00  99999.00  99999.00       0       0       0       0
52818  01  12    50  99999.00  99999.00  19877.30  20962.46   -796.81   -403.93  99999.00  99999.00       0     919     921       0
52818  01  12    40  99999.00  99999.00  21237.18  22402.50   -787.74   -379.38  99999.00  99999.00       0     878     882       0
52818  01  12    30  99999.00  99999.00  22987.74  24302.10   -775.01   -340.85  99999.00  99999.00       0     788     791       0
52818  01  12    20  99999.00  99999.00  25465.07  27022.19   -768.28   -286.12  99999.00  99999.00       0     580     582       0
52818  01  12    15  99999.00  99999.00  27186.12  29014.80   -744.12   -266.16  99999.00  99999.00       0     334     335       0
52818  01  12    10  99999.00  99999.00  99999.00  99999.00  99999.00  99999.00  99999.00  99999.00       0      51      51       0
52818  01  12     7  99999.00  99999.00  99999.00  99999.00  99999.00  99999.00  99999.00  99999.00       0       6       6       0
52818  01  12     5  99999.00  99999.00  99999.00  99999.00  99999.00  99999.00  99999.00  99999.00       0       0       0       0
52818  01  12     3  99999.00  99999.00  99999.00  99999.00  99999.00  99999.00  99999.00  99999.00       0       0       0       0
52818  01  12     2  99999.00  99999.00  99999.00  99999.00  99999.00  99999.00  99999.00  99999.00       0       0       0       0
52818  01  12     1  99999.00  99999.00  99999.00  99999.00  99999.00  99999.00  99999.00  99999.00       0       0       0       0
52818  02  12  9999   6948.53   7466.81  99999.00  99999.00   -228.89    226.03   -531.70    101.06     933       0     933     932
52818  02  12  1000  99999.00  99999.00  99999.00  99999.00  99999.00  99999.00  99999.00  99999.00       0       0       0       0
52818  02  12   925  99999.00  99999.00  99999.00  99999.00  99999.00  99999.00  99999.00  99999.00       0       0       0       0
52818  02  12   900  99999.00  99999.00  99999.00  99999.00  99999.00  99999.00  99999.00  99999.00       0       0       0       0
52818  02  12   850  99999.00  99999.00  99999.00  99999.00  99999.00  99999.00  99999.00  99999.00       0       0       0       0
52818  02  12   800  99999.00  99999.00  99999.00  99999.00  99999.00  99999.00  99999.00  99999.00       0       0       0       0
52818  02  12   700  99999.00  99999.00   2760.09   3321.33   -261.56    238.24   -584.41    120.23       0     933     929     929
52818  02  12   600  99999.00  99999.00   3987.03   4506.87   -387.07    170.45   -641.55     70.29       0     933     933     933
52818  02  12   500  99999.00  99999.00   5329.22   5913.86   -443.47     28.49   -721.10     42.46       0     933     933     933
52818  02  12   400  99999.00  99999.00   6859.63   7600.03   -540.01   -132.37   -793.45    -73.09       0     931     931     930
52818  02  12   300  99999.00  99999.00   8695.18   9664.66   -670.41   -320.61   -854.35   -303.31       0     914     914     913
52818  02  12   250  99999.00  99999.00   9818.56  10889.32   -772.84   -355.96   -903.28   -379.00       0     899     899     760
52818  02  12   200  99999.00  99999.00  11224.64  12299.12   -862.94   -284.42   -889.92   -376.80       0     885     884     405
52818  02  12   150  99999.00  99999.00  13058.16  14114.64   -751.69   -382.21   -924.24   -388.68       0     879     878     375
52818  02  12   100  99999.00  99999.00  15642.88  16622.44   -810.40   -401.20   -963.72   -393.00       0     862     863     128
52818  02  12    80  99999.00  99999.00  99999.00  99999.00  99999.00  99999.00  99999.00  99999.00       0       0       0       0
52818  02  12    70  99999.00  99999.00  17871.91  18817.03   -850.23   -385.47  99999.00  99999.00       0     848     849       0
52818  02  12    60  99999.00  99999.00  99999.00  99999.00  99999.00  99999.00  99999.00  99999.00       0       0       0       0
52818  02  12    50  99999.00  99999.00  19887.73  20973.01   -831.15   -380.79  99999.00  99999.00       0     812     812       0
52818  02  12    40  99999.00  99999.00  21203.78  22449.98   -815.85   -358.17  99999.00  99999.00       0     752     751       0
52818  02  12    30  99999.00  99999.00  22916.37  24378.81   -777.69   -348.57  99999.00  99999.00       0     655     656       0
52818  02  12    20  99999.00  99999.00  25371.69  27101.13   -746.75   -317.03  99999.00  99999.00       0     453     456       0
52818  02  12    15  99999.00  99999.00  27197.16  29004.60   -729.09   -287.97  99999.00  99999.00       0     273     273       0
52818  02  12    10  99999.00  99999.00  99999.00  99999.00  99999.00  99999.00  99999.00  99999.00       0      47      47       0
52818  02  12     7  99999.00  99999.00  99999.00  99999.00  99999.00  99999.00  99999.00  99999.00       0       3       3       0
52818  02  12     5  99999.00  99999.00  99999.00  99999.00  99999.00  99999.00  99999.00  99999.00       0       0       0       0
52818  02  12     3  99999.00  99999.00  99999.00  99999.00  99999.00  99999.00  99999.00  99999.00       0       0       0       0
52818  02  12     2  99999.00  99999.00  99999.00  99999.00  99999.00  99999.00  99999.00  99999.00       0       0       0       0
52818  02  12     1  99999.00  99999.00  99999.00  99999.00  99999.00  99999.00  99999.00  99999.00       0       0       0       0
52818  03  12  9999   6951.29   7471.61  99999.00  99999.00   -192.66    309.90   -576.75    190.41    1023       0    1023    1022
52818  03  12  1000  99999.00  99999.00  99999.00  99999.00  99999.00  99999.00  99999.00  99999.00       0       0       0       0
52818  03  12   925  99999.00  99999.00  99999.00  99999.00  99999.00  99999.00  99999.00  99999.00       0       0       0       0
52818  03  12   900  99999.00  99999.00  99999.00  99999.00  99999.00  99999.00  99999.00  99999.00       0       0       0       0
52818  03  12   850  99999.00  99999.00  99999.00  99999.00  99999.00  99999.00  99999.00  99999.00       0       0       0       0
52818  03  12   800  99999.00  99999.00  99999.00  99999.00  99999.00  99999.00  99999.00  99999.00       0       0       0       0
52818  03  12   700  99999.00  99999.00   2763.72   3335.52   -228.53    306.31   -648.71    215.77       0    1023    1020    1020
52818  03  12   600  99999.00  99999.00   4011.94   4539.34   -339.01    195.47   -673.64    138.52       0    1023    1023    1023
52818  03  12   500  99999.00  99999.00   5374.57   5958.97   -420.97     63.59   -743.15    109.09       0    1023    1023    1023
52818  03  12   400  99999.00  99999.00   6930.48   7659.96   -514.61    -93.29   -832.37      5.83       0    1020    1020    1020
52818  03  12   300  99999.00  99999.00   8786.43   9756.99   -656.17   -278.05   -903.21   -214.89       0    1013    1013    1013
52818  03  12   250  99999.00  99999.00   9907.87  11006.23   -728.95   -375.19   -936.57   -339.33       0    1011    1011     969
52818  03  12   200  99999.00  99999.00  11307.11  12419.87   -884.01   -288.93   -925.92   -348.48       0     998     998     392
52818  03  12   150  99999.00  99999.00  13135.05  14221.77   -757.13   -391.49   -956.97   -366.21       0     986     987     357
52818  03  12   100  99999.00  99999.00  15683.19  16752.87   -789.41   -433.73   -875.74   -469.54       0     977     977     107
52818  03  12    80  99999.00  99999.00  99999.00  99999.00  99999.00  99999.00  99999.00  99999.00       0       0       0       0
52818  03  12    70  99999.00  99999.00  17909.57  18931.25   -835.23   -415.35  99999.00  99999.00       0     957     960       1
52818  03  12    60  99999.00  99999.00  99999.00  99999.00  99999.00  99999.00  99999.00  99999.00       0       0       0       0
52818  03  12    50  99999.00  99999.00  19967.89  21035.65   -818.29   -403.69  99999.00  99999.00       0     927     930       0
52818  03  12    40  99999.00  99999.00  21312.38  22481.30   -794.53   -382.93  99999.00  99999.00       0     893     896       0
52818  03  12    30  99999.00  99999.00  23048.93  24385.37   -766.50   -349.86  99999.00  99999.00       0     822     825       0
52818  03  12    20  99999.00  99999.00  25533.26  27092.06   -734.95   -304.39  99999.00  99999.00       0     640     647       0
52818  03  12    15  99999.00  99999.00  27344.97  29010.21   -709.93   -277.93  99999.00  99999.00       0     433     439       0
52818  03  12    10  99999.00  99999.00  29821.41  31833.69   -662.27   -257.87  99999.00  99999.00       0     101     101       0
52818  03  12     7  99999.00  99999.00  99999.00  99999.00  99999.00  99999.00  99999.00  99999.00       0      13      13       0
52818  03  12     5  99999.00  99999.00  99999.00  99999.00  99999.00  99999.00  99999.00  99999.00       0       0       0       0
52818  03  12     3  99999.00  99999.00  99999.00  99999.00  99999.00  99999.00  99999.00  99999.00       0       0       0       0
52818  03  12     2  99999.00  99999.00  99999.00  99999.00  99999.00  99999.00  99999.00  99999.00       0       0       0       0
52818  03  12     1  99999.00  99999.00  99999.00  99999.00  99999.00  99999.00  99999.00  99999.00       0       0       0       0
52818  04  12  9999   6979.68   7467.84  99999.00  99999.00   -138.55    379.37   -542.09    213.55     990       0     990     989
52818  04  12  1000  99999.00  99999.00  99999.00  99999.00  99999.00  99999.00  99999.00  99999.00       0       0       0       0
52818  04  12   925  99999.00  99999.00  99999.00  99999.00  99999.00  99999.00  99999.00  99999.00       0       0       0       0
52818  04  12   900  99999.00  99999.00  99999.00  99999.00  99999.00  99999.00  99999.00  99999.00       0       0       0       0
52818  04  12   850  99999.00  99999.00  99999.00  99999.00  99999.00  99999.00  99999.00  99999.00       0       0       0       0
52818  04  12   800  99999.00  99999.00  99999.00  99999.00  99999.00  99999.00  99999.00  99999.00       0       0       0       0
52818  04  12   700  99999.00  99999.00   2796.48   3341.04   -174.99    362.13   -622.49    236.71       0     990     981     981
52818  04  12   600  99999.00  99999.00   4075.30   4561.54   -284.82    237.78   -650.23    162.53       0     990     988     988
52818  04  12   500  99999.00  99999.00   5463.89   6001.49   -376.11     94.77   -729.50    149.62       0     990     990     990
52818  04  12   400  99999.00  99999.00   7047.07   7726.03   -471.29    -56.81   -862.85     88.15       0     986     985     985
52818  04  12   300  99999.00  99999.00   8940.62   9852.38   -614.86   -240.82   -916.77   -145.89       0     973     973     973
52818  04  12   250  99999.00  99999.00  10068.98  11132.42   -700.12   -343.96   -956.83   -280.99       0     968     968     968
52818  04  12   200  99999.00  99999.00  11429.87  12606.83   -846.18   -331.02   -972.46   -335.62       0     960     961     448
52818  04  12   150  99999.00  99999.00  13230.86  14417.30   -789.71   -381.47   -962.23   -377.35       0     946     947     322
52818  04  12   100  99999.00  99999.00  15783.65  16919.93   -795.47   -453.59  99999.00  99999.00       0     935     935      45
52818  04  12    80  99999.00  99999.00  99999.00  99999.00  99999.00  99999.00  99999.00  99999.00       0       0       0       0
52818  04  12    70  99999.00  99999.00  18035.55  19044.39   -830.74   -448.78  99999.00  99999.00       0     919     921       0
52818  04  12    60  99999.00  99999.00  99999.00  99999.00  99999.00  99999.00  99999.00  99999.00       0       0       0       0
52818  04  12    50  99999.00  99999.00  20110.63  21109.39   -804.28   -426.40  99999.00  99999.00       0     900     904       0
52818  04  12    40  99999.00  99999.00  21476.46  22525.62   -776.63   -392.63  99999.00  99999.00       0     878     881       0
52818  04  12    30  99999.00  99999.00  23255.45  24395.45   -731.00   -354.80  99999.00  99999.00       0     828     835       0
52818  04  12    20  99999.00  99999.00  25784.94  27109.38   -679.00   -305.08  99999.00  99999.00       0     684     689       0
52818  04  12    15  99999.00  99999.00  27625.64  29053.64   -659.84   -263.00  99999.00  99999.00       0     504     509       0
52818  04  12    10  99999.00  99999.00  30180.31  31841.23   -666.01   -195.13  99999.00  99999.00       0     125     125       0
52818  04  12     7  99999.00  99999.00  99999.00  99999.00  99999.00  99999.00  99999.00  99999.00       0      10      10       0
52818  04  12     5  99999.00  99999.00  99999.00  99999.00  99999.00  99999.00  99999.00  99999.00       0       1       1       0
52818  04  12     3  99999.00  99999.00  99999.00  99999.00  99999.00  99999.00  99999.00  99999.00       0       0       0       0
52818  04  12     2  99999.00  99999.00  99999.00  99999.00  99999.00  99999.00  99999.00  99999.00       0       0       0       0
52818  04  12     1  99999.00  99999.00  99999.00  99999.00  99999.00  99999.00  99999.00  99999.00       0       0       0       0
52818  05  12  9999   7009.71   7444.35  99999.00  99999.00    -71.41    407.39   -526.98    313.14    1022       0    1022    1022
52818  05  12  1000  99999.00  99999.00  99999.00  99999.00  99999.00  99999.00  99999.00  99999.00       0       0       0       0
52818  05  12   925  99999.00  99999.00  99999.00  99999.00  99999.00  99999.00  99999.00  99999.00       0       0       0       0
52818  05  12   900  99999.00  99999.00  99999.00  99999.00  99999.00  99999.00  99999.00  99999.00       0       0       0       0
52818  05  12   850  99999.00  99999.00  99999.00  99999.00  99999.00  99999.00  99999.00  99999.00       0       0       0       0
52818  05  12   800  99999.00  99999.00  99999.00  99999.00  99999.00  99999.00  99999.00  99999.00       0       0       0       0
52818  05  12   700  99999.00  99999.00   2832.87   3321.03   -114.69    392.43   -640.25    364.03       0    1022    1017    1017
52818  05  12   600  99999.00  99999.00   4133.87   4560.35   -210.43    250.37   -649.40    277.60       0    1022    1022    1021
52818  05  12   500  99999.00  99999.00   5559.27   6008.91   -302.19    100.53   -693.07    234.65       0    1022    1022    1022
52818  05  12   400  99999.00  99999.00   7201.18   7730.86   -403.88    -32.00   -858.30    191.94       0    1017    1016    1016
52818  05  12   300  99999.00  99999.00   9156.83   9878.03   -588.72   -163.32   -916.89    -32.97       0    1009    1009    1009
52818  05  12   250  99999.00  99999.00  10309.12  11193.40   -703.48   -228.40   -951.34   -174.46       0     998     998     998
52818  05  12   200  99999.00  99999.00  11652.88  12756.40   -834.37   -245.77   -967.48   -295.60       0     991     991     853
52818  05  12   150  99999.00  99999.00  13411.07  14654.99   -757.20   -404.04  -1016.18   -342.50       0     982     982     595
52818  05  12   100  99999.00  99999.00  15987.33  17099.97   -836.93   -463.37  99999.00  99999.00       0     964     965      18
52818  05  12    80  99999.00  99999.00  99999.00  99999.00  99999.00  99999.00  99999.00  99999.00       0       0       0       0
52818  05  12    70  99999.00  99999.00  18219.09  19187.37   -834.69   -499.53  99999.00  99999.00       0     948     947       0
52818  05  12    60  99999.00  99999.00  99999.00  99999.00  99999.00  99999.00  99999.00  99999.00       0       0       0       0
52818  05  12    50  99999.00  99999.00  20282.68  21225.88   -801.05   -445.85  99999.00  99999.00       0     919     922       0
52818  05  12    40  99999.00  99999.00  21653.34  22637.10   -749.59   -407.83  99999.00  99999.00       0     896     898       0
52818  05  12    30  99999.00  99999.00  23441.76  24510.60   -690.79   -375.07  99999.00  99999.00       0     837     841       0
52818  05  12    20  99999.00  99999.00  26008.02  27217.14   -641.77   -325.57  99999.00  99999.00       0     702     705       0
52818  05  12    15  99999.00  99999.00  27896.50  29117.98   -615.01   -302.41  99999.00  99999.00       0     491     494       0
52818  05  12    10  99999.00  99999.00  30492.24  31840.80   -634.31   -225.47  99999.00  99999.00       0     135     135       0
52818  05  12     7  99999.00  99999.00  99999.00  99999.00  99999.00  99999.00  99999.00  99999.00       0      15      15       0
52818  05  12     5  99999.00  99999.00  99999.00  99999.00  99999.00  99999.00  99999.00  99999.00       0       0       0       0
52818  05  12     3  99999.00  99999.00  99999.00  99999.00  99999.00  99999.00  99999.00  99999.00       0       0       0       0
52818  05  12     2  99999.00  99999.00  99999.00  99999.00  99999.00  99999.00  99999.00  99999.00       0       0       0       0
52818  05  12     1  99999.00  99999.00  99999.00  99999.00  99999.00  99999.00  99999.00  99999.00       0       0       0       0
52818  06  12  9999   7038.53   7398.89  99999.00  99999.00    -28.31    434.29   -444.68    353.32     990       0     990     990
52818  06  12  1000  99999.00  99999.00  99999.00  99999.00  99999.00  99999.00  99999.00  99999.00       0       0       0       0
52818  06  12   925  99999.00  99999.00  99999.00  99999.00  99999.00  99999.00  99999.00  99999.00       0       0       0       0
52818  06  12   900  99999.00  99999.00  99999.00  99999.00  99999.00  99999.00  99999.00  99999.00       0       0       0       0
52818  06  12   850  99999.00  99999.00  99999.00  99999.00  99999.00  99999.00  99999.00  99999.00       0       0       0       0
52818  06  12   800  99999.00  99999.00  99999.00  99999.00  99999.00  99999.00  99999.00  99999.00       0       0       0       0
52818  06  12   700  99999.00  99999.00   2869.08   3272.88    -63.25    413.39   -548.88    395.52       0     988     983     983
52818  06  12   600  99999.00  99999.00   4187.29   4529.29   -147.01    258.59   -546.43    298.85       0     989     988     988
52818  06  12   500  99999.00  99999.00   5635.83   5995.11   -239.97    112.11   -588.40    256.04       0     989     989     988
52818  06  12   400  99999.00  99999.00   7303.45   7746.37   -364.73     20.71   -808.54    262.58       0     983     983     983
52818  06  12   300  99999.00  99999.00   9284.34   9958.62   -549.42    -76.50   -908.09     70.87       0     980     980     979
52818  06  12   250  99999.00  99999.00  10455.60  11325.48   -629.96   -159.68   -946.48    -76.00       0     976     976     975
52818  06  12   200  99999.00  99999.00  11860.97  12915.65   -661.91   -302.03   -999.99   -211.95       0     973     973     970
52818  06  12   150  99999.00  99999.00  13694.11  14788.15   -720.90   -439.50  -1065.77   -322.73       0     964     964     747
52818  06  12   100  99999.00  99999.00  16255.47  17203.23   -872.71   -487.15  99999.00  99999.00       0     945     946       4
52818  06  12    80  99999.00  99999.00  99999.00  99999.00  99999.00  99999.00  99999.00  99999.00       0       0       0       0
52818  06  12    70  99999.00  99999.00  18435.13  19288.81   -837.62   -524.66  99999.00  99999.00       0     922     922       0
52818  06  12    60  99999.00  99999.00  99999.00  99999.00  99999.00  99999.00  99999.00  99999.00       0       0       0       0
52818  06  12    50  99999.00  99999.00  20474.34  21347.82   -767.44   -466.84  99999.00  99999.00       0     899     902       0
52818  06  12    40  99999.00  99999.00  21842.15  22771.67   -714.70   -430.42  99999.00  99999.00       0     867     871       0
52818  06  12    30  99999.00  99999.00  23630.82  24657.18   -663.84   -390.60  99999.00  99999.00       0     822     828       0
52818  06  12    20  99999.00  99999.00  26195.80  27369.40   -624.23   -330.95  99999.00  99999.00       0     680     687       0
52818  06  12    15  99999.00  99999.00  28054.63  29297.23   -597.94   -306.10  99999.00  99999.00       0     450     452       0
52818  06  12    10  99999.00  99999.00  30662.04  32021.76   -657.49   -197.05  99999.00  99999.00       0      83      83       0
52818  06  12     7  99999.00  99999.00  99999.00  99999.00  99999.00  99999.00  99999.00  99999.00       0      11      11       0
52818  06  12     5  99999.00  99999.00  99999.00  99999.00  99999.00  99999.00  99999.00  99999.00       0       2       2       0
52818  06  12     3  99999.00  99999.00  99999.00  99999.00  99999.00  99999.00  99999.00  99999.00       0       0       0       0
52818  06  12     2  99999.00  99999.00  99999.00  99999.00  99999.00  99999.00  99999.00  99999.00       0       0       0       0
52818  06  12     1  99999.00  99999.00  99999.00  99999.00  99999.00  99999.00  99999.00  99999.00       0       0       0       0
52818  07  12  9999   7043.23   7394.83  99999.00  99999.00    -19.04    471.88   -357.63    338.61    1023       0    1023    1023
52818  07  12  1000  99999.00  99999.00  99999.00  99999.00  99999.00  99999.00  99999.00  99999.00       0       0       0       0
52818  07  12   925  99999.00  99999.00  99999.00  99999.00  99999.00  99999.00  99999.00  99999.00       0       0       0       0
52818  07  12   900  99999.00  99999.00  99999.00  99999.00  99999.00  99999.00  99999.00  99999.00       0       0       0       0
52818  07  12   850  99999.00  99999.00  99999.00  99999.00  99999.00  99999.00  99999.00  99999.00       0       0       0       0
52818  07  12   800  99999.00  99999.00  99999.00  99999.00  99999.00  99999.00  99999.00  99999.00       0       0       0       0
52818  07  12   700  99999.00  99999.00   2876.12   3270.92    -54.63    455.01   -440.68    363.32       0    1021    1017    1017
52818  07  12   600  99999.00  99999.00   4216.27   4529.47   -140.48    302.80   -442.59    271.05       0    1023    1022    1022
52818  07  12   500  99999.00  99999.00   5677.45   6013.09   -221.51    153.73   -541.49    275.71       0    1023    1023    1023
52818  07  12   400  99999.00  99999.00   7356.74   7794.26   -325.65     47.55   -773.86    287.18       0    1018    1018    1018
52818  07  12   300  99999.00  99999.00   9369.92  10039.04   -469.10    -73.58   -951.32    149.44       0    1006    1006    1006
52818  07  12   250  99999.00  99999.00  10590.71  11400.23   -509.39   -202.79   -975.86     -5.30       0    1005    1004    1004
52818  07  12   200  99999.00  99999.00  12055.21  12970.93   -569.04   -354.24  -1011.66   -173.70       0     995     995     995
52818  07  12   150  99999.00  99999.00  13895.13  14848.89   -715.12   -454.00  -1086.31   -317.83       0     985     985     725
52818  07  12   100  99999.00  99999.00  16413.21  17273.37   -888.57   -510.21  99999.00  99999.00       0     952     954       2
52818  07  12    80  99999.00  99999.00  99999.00  99999.00  99999.00  99999.00  99999.00  99999.00       0       0       0       0
52818  07  12    70  99999.00  99999.00  18574.02  19352.70   -844.18   -523.90  99999.00  99999.00       0     930     928       0
52818  07  12    60  99999.00  99999.00  99999.00  99999.00  99999.00  99999.00  99999.00  99999.00       0       0       0       0
52818  07  12    50  99999.00  99999.00  20619.07  21414.55   -752.60   -466.76  99999.00  99999.00       0     903     904       0
52818  07  12    40  99999.00  99999.00  21996.48  22835.04   -697.31   -443.03  99999.00  99999.00       0     871     874       0
52818  07  12    30  99999.00  99999.00  23799.36  24705.84   -660.99   -393.87  99999.00  99999.00       0     804     812       0
52818  07  12    20  99999.00  99999.00  26376.55  27411.43   -611.23   -340.63  99999.00  99999.00       0     648     653       0
52818  07  12    15  99999.00  99999.00  28235.98  29358.22   -594.24   -303.12  99999.00  99999.00       0     439     443       0
52818  07  12    10  99999.00  99999.00  30896.35  32073.79   -585.18   -263.58  99999.00  99999.00       0      97      97       0
52818  07  12     7  99999.00  99999.00  99999.00  99999.00  99999.00  99999.00  99999.00  99999.00       0       6       6       0
52818  07  12     5  99999.00  99999.00  99999.00  99999.00  99999.00  99999.00  99999.00  99999.00       0       0       0       0
52818  07  12     3  99999.00  99999.00  99999.00  99999.00  99999.00  99999.00  99999.00  99999.00       0       0       0       0
52818  07  12     2  99999.00  99999.00  99999.00  99999.00  99999.00  99999.00  99999.00  99999.00       0       0       0       0
52818  07  12     1  99999.00  99999.00  99999.00  99999.00  99999.00  99999.00  99999.00  99999.00       0       0       0       0
52818  08  12  9999   7058.68   7413.04  99999.00  99999.00     -4.26    438.66   -423.66    366.66    1023       0    1023    1022
52818  08  12  1000  99999.00  99999.00  99999.00  99999.00  99999.00  99999.00  99999.00  99999.00       0       0       0       0
52818  08  12   925  99999.00  99999.00  99999.00  99999.00  99999.00  99999.00  99999.00  99999.00       0       0       0       0
52818  08  12   900  99999.00  99999.00  99999.00  99999.00  99999.00  99999.00  99999.00  99999.00       0       0       0       0
52818  08  12   850  99999.00  99999.00  99999.00  99999.00  99999.00  99999.00  99999.00  99999.00       0       0       0       0
52818  08  12   800  99999.00  99999.00  99999.00  99999.00  99999.00  99999.00  99999.00  99999.00       0       0       0       0
52818  08  12   700  99999.00  99999.00   2894.95   3290.83    -35.83    420.89   -548.84    421.84       0    1023    1012    1012
52818  08  12   600  99999.00  99999.00   4228.00   4548.28   -134.69    280.27   -534.46    318.86       0    1022    1022    1022
52818  08  12   500  99999.00  99999.00   5691.53   6020.93   -226.27    147.53   -646.77    340.95       0    1021    1021    1021
52818  08  12   400  99999.00  99999.00   7371.66   7793.46   -337.43     46.69   -839.89    327.59       0    1015    1015    1015
52818  08  12   300  99999.00  99999.00   9387.30  10027.62   -457.55    -93.95   -974.22    147.30       0    1003    1003    1003
52818  08  12   250  99999.00  99999.00  10610.95  11380.39   -508.08   -217.56  -1001.69     -7.01       0    1002    1001    1001
52818  08  12   200  99999.00  99999.00  12075.05  12942.17   -575.56   -363.64  -1030.42   -183.82       0     988     987     987
52818  08  12   150  99999.00  99999.00  13908.97  14812.57   -716.31   -472.95  -1067.21   -350.09       0     978     978     574
52818  08  12   100  99999.00  99999.00  16401.24  17244.60   -884.91   -522.63  99999.00  99999.00       0     942     943       0
52818  08  12    80  99999.00  99999.00  99999.00  99999.00  99999.00  99999.00  99999.00  99999.00       0       0       0       0
52818  08  12    70  99999.00  99999.00  18556.31  19330.19   -849.47   -507.71  99999.00  99999.00       0     924     926       0
52818  08  12    60  99999.00  99999.00  99999.00  99999.00  99999.00  99999.00  99999.00  99999.00       0       0       0       0
52818  08  12    50  99999.00  99999.00  20610.71  21397.67   -742.20   -462.24  99999.00  99999.00       0     899     902       0
52818  08  12    40  99999.00  99999.00  21989.18  22826.30   -693.74   -433.10  99999.00  99999.00       0     877     879       0
52818  08  12    30  99999.00  99999.00  23793.41  24705.53   -651.12   -397.56  99999.00  99999.00       0     813     816       0
52818  08  12    20  99999.00  99999.00  26378.90  27403.34   -607.60   -346.24  99999.00  99999.00       0     669     675       0
52818  08  12    15  99999.00  99999.00  28256.39  29310.95   -580.59   -325.83  99999.00  99999.00       0     476     481       0
52818  08  12    10  99999.00  99999.00  30887.58  32040.06   -564.80   -301.64  99999.00  99999.00       0     134     134       0
52818  08  12     7  99999.00  99999.00  99999.00  99999.00  99999.00  99999.00  99999.00  99999.00       0      13      13       0
52818  08  12     5  99999.00  99999.00  99999.00  99999.00  99999.00  99999.00  99999.00  99999.00       0       1       1       0
52818  08  12     3  99999.00  99999.00  99999.00  99999.00  99999.00  99999.00  99999.00  99999.00       0       0       0       0
52818  08  12     2  99999.00  99999.00  99999.00  99999.00  99999.00  99999.00  99999.00  99999.00       0       0       0       0
52818  08  12     1  99999.00  99999.00  99999.00  99999.00  99999.00  99999.00  99999.00  99999.00       0       0       0       0
52818  09  12  9999   7068.32   7446.44  99999.00  99999.00    -28.77    364.11   -434.64    300.72     989       0     989     989
52818  09  12  1000  99999.00  99999.00  99999.00  99999.00  99999.00  99999.00  99999.00  99999.00       0       0       0       0
52818  09  12   925  99999.00  99999.00  99999.00  99999.00  99999.00  99999.00  99999.00  99999.00       0       0       0       0
52818  09  12   900  99999.00  99999.00  99999.00  99999.00  99999.00  99999.00  99999.00  99999.00       0       0       0       0
52818  09  12   850  99999.00  99999.00  99999.00  99999.00  99999.00  99999.00  99999.00  99999.00       0       0       0       0
52818  09  12   800  99999.00  99999.00  99999.00  99999.00  99999.00  99999.00  99999.00  99999.00       0       0       0       0
52818  09  12   700  99999.00  99999.00   2904.90   3321.90    -70.47    359.85   -526.54    329.42       0     989     986     985
52818  09  12   600  99999.00  99999.00   4215.32   4559.60   -181.10    238.78   -546.70    259.46       0     989     989     989
52818  09  12   500  99999.00  99999.00   5656.76   6009.80   -291.42    138.66   -668.73    300.75       0     989     988     988
52818  09  12   400  99999.00  99999.00   7297.95   7770.99   -408.31     35.93   -838.18    256.94       0     984     983     983
52818  09  12   300  99999.00  99999.00   9234.57  10010.13   -557.46    -83.22   -954.38     74.86       0     965     965     964
52818  09  12   250  99999.00  99999.00  10404.22  11370.70   -594.32   -209.60   -976.23    -83.67       0     961     961     960
52818  09  12   200  99999.00  99999.00  11821.95  12935.43   -629.63   -362.75   -998.97   -247.89       0     951     949     948
52818  09  12   150  99999.00  99999.00  13630.94  14797.70   -736.41   -477.45  -1022.07   -393.15       0     938     939     309
52818  09  12   100  99999.00  99999.00  16130.13  17216.13   -881.48   -515.00  99999.00  99999.00       0     906     909       0
52818  09  12    80  99999.00  99999.00  99999.00  99999.00  99999.00  99999.00  99999.00  99999.00       0       0       0       0
52818  09  12    70  99999.00  99999.00  18300.47  19305.47   -830.51   -511.79  99999.00  99999.00       0     879     879       0
52818  09  12    60  99999.00  99999.00  99999.00  99999.00  99999.00  99999.00  99999.00  99999.00       0       0       0       0
52818  09  12    50  99999.00  99999.00  20358.67  21373.27   -748.59   -461.07  99999.00  99999.00       0     860     860       0
52818  09  12    40  99999.00  99999.00  21729.32  22807.16   -702.18   -433.98  99999.00  99999.00       0     848     850       0
52818  09  12    30  99999.00  99999.00  23515.38  24691.26   -657.71   -407.87  99999.00  99999.00       0     820     825       0
52818  09  12    20  99999.00  99999.00  26092.81  27355.45   -626.98   -370.54  99999.00  99999.00       0     668     671       0
52818  09  12    15  99999.00  99999.00  27913.19  29302.43   -613.62   -342.78  99999.00  99999.00       0     458     459       0
52818  09  12    10  99999.00  99999.00  30465.19  32086.99   -591.02   -327.02  99999.00  99999.00       0     129     129       0
52818  09  12     7  99999.00  99999.00  99999.00  99999.00  99999.00  99999.00  99999.00  99999.00       0      18      18       0
52818  09  12     5  99999.00  99999.00  99999.00  99999.00  99999.00  99999.00  99999.00  99999.00       0       3       3       0
52818  09  12     3  99999.00  99999.00  99999.00  99999.00  99999.00  99999.00  99999.00  99999.00       0       0       0       0
52818  09  12     2  99999.00  99999.00  99999.00  99999.00  99999.00  99999.00  99999.00  99999.00       0       0       0       0
52818  09  12     1  99999.00  99999.00  99999.00  99999.00  99999.00  99999.00  99999.00  99999.00       0       0       0       0
52818  10  12  9999   7074.97   7474.69  99999.00  99999.00   -130.48    308.60   -452.87    177.01    1023       0    1023    1023
52818  10  12  1000  99999.00  99999.00  99999.00  99999.00  99999.00  99999.00  99999.00  99999.00       0       0       0       0
52818  10  12   925  99999.00  99999.00  99999.00  99999.00  99999.00  99999.00  99999.00  99999.00       0       0       0       0
52818  10  12   900  99999.00  99999.00  99999.00  99999.00  99999.00  99999.00  99999.00  99999.00       0       0       0       0
52818  10  12   850  99999.00  99999.00  99999.00  99999.00  99999.00  99999.00  99999.00  99999.00       0       0       0       0
52818  10  12   800  99999.00  99999.00  99999.00  99999.00  99999.00  99999.00  99999.00  99999.00       0       0       0       0
52818  10  12   700  99999.00  99999.00   2909.42   3341.30   -149.33    302.47   -537.93    204.51       0    1022    1020    1020
52818  10  12   600  99999.00  99999.00   4175.73   4561.77   -250.42    182.06   -579.71    147.13       0    1023    1023    1023
52818  10  12   500  99999.00  99999.00   5571.67   5992.03   -345.72     74.28   -715.10    187.30       0    1021    1021    1021
52818  10  12   400  99999.00  99999.00   7162.66   7715.38   -464.00    -55.28   -851.69    110.11       0    1016    1016    1016
52818  10  12   300  99999.00  99999.00   9038.87   9873.11   -656.41   -164.89   -916.41   -112.89       0    1005    1005    1005
52818  10  12   250  99999.00  99999.00  10153.74  11196.54   -752.01   -214.29   -946.78   -234.82       0     995     996     996
52818  10  12   200  99999.00  99999.00  11490.96  12756.12   -758.60   -321.68   -931.81   -357.61       0     983     983     907
52818  10  12   150  99999.00  99999.00  13269.52  14618.68   -743.10   -457.86   -953.36   -430.28       0     965     967     402
52818  10  12   100  99999.00  99999.00  15843.55  17026.63   -843.54   -466.02  99999.00  99999.00       0     943     947       4
52818  10  12    80  99999.00  99999.00  99999.00  99999.00  99999.00  99999.00  99999.00  99999.00       0       0       0       0
52818  10  12    70  99999.00  99999.00  18096.28  19110.76   -808.64   -484.88  99999.00  99999.00       0     927     933       0
52818  10  12    60  99999.00  99999.00  99999.00  99999.00  99999.00  99999.00  99999.00  99999.00       0       0       0       0
52818  10  12    50  99999.00  99999.00  20174.02  21175.66   -763.68   -454.80  99999.00  99999.00       0     910     916       0
52818  10  12    40  99999.00  99999.00  21540.33  22600.77   -729.27   -430.59  99999.00  99999.00       0     898     903       0
52818  10  12    30  99999.00  99999.00  23317.45  24474.13   -684.74   -408.14  99999.00  99999.00       0     865     871       0
52818  10  12    20  99999.00  99999.00  25874.96  27140.96   -642.30   -380.82  99999.00  99999.00       0     750     755       0
52818  10  12    15  99999.00  99999.00  27669.00  29076.12   -631.28   -357.08  99999.00  99999.00       0     496     500       0
52818  10  12    10  99999.00  99999.00  30167.52  31862.16   -621.97   -330.25  99999.00  99999.00       0     105     105       0
52818  10  12     7  99999.00  99999.00  99999.00  99999.00  99999.00  99999.00  99999.00  99999.00       0      15      15       0
52818  10  12     5  99999.00  99999.00  99999.00  99999.00  99999.00  99999.00  99999.00  99999.00       0       0       0       0
52818  10  12     3  99999.00  99999.00  99999.00  99999.00  99999.00  99999.00  99999.00  99999.00       0       0       0       0
52818  10  12     2  99999.00  99999.00  99999.00  99999.00  99999.00  99999.00  99999.00  99999.00       0       0       0       0
52818  10  12     1  99999.00  99999.00  99999.00  99999.00  99999.00  99999.00  99999.00  99999.00       0       0       0       0
52818  11  12  9999   7042.71   7503.15  99999.00  99999.00   -192.39    207.57   -426.21     63.87     989       0     989     989
52818  11  12  1000  99999.00  99999.00  99999.00  99999.00  99999.00  99999.00  99999.00  99999.00       0       0       0       0
52818  11  12   925  99999.00  99999.00  99999.00  99999.00  99999.00  99999.00  99999.00  99999.00       0       0       0       0
52818  11  12   900  99999.00  99999.00  99999.00  99999.00  99999.00  99999.00  99999.00  99999.00       0       0       0       0
52818  11  12   850  99999.00  99999.00  99999.00  99999.00  99999.00  99999.00  99999.00  99999.00       0       0       0       0
52818  11  12   800  99999.00  99999.00  99999.00  99999.00  99999.00  99999.00  99999.00  99999.00       0       0       0       0
52818  11  12   700  99999.00  99999.00   2865.94   3364.54   -212.70    228.66   -485.09     89.59       0     989     987     987
52818  11  12   600  99999.00  99999.00   4093.10   4571.78   -312.41    150.55   -573.40     47.72       0     988     988     988
52818  11  12   500  99999.00  99999.00   5458.62   5983.74   -383.50     16.58   -656.37      6.39       0     989     988     988
52818  11  12   400  99999.00  99999.00   7022.53   7665.85   -483.15   -142.59   -767.56    -79.00       0     985     985     985
52818  11  12   300  99999.00  99999.00   8896.61   9734.45   -628.32   -303.96   -841.69   -288.97       0     966     966     966
52818  11  12   250  99999.00  99999.00  10024.62  10984.74   -734.99   -339.23   -887.55   -379.47       0     964     964     951
52818  11  12   200  99999.00  99999.00  11384.12  12462.68   -791.91   -355.95   -906.82   -410.98       0     955     955     650
52818  11  12   150  99999.00  99999.00  13167.15  14298.99   -740.81   -448.37   -914.49   -442.65       0     939     939     381
52818  11  12   100  99999.00  99999.00  15711.37  16778.41   -791.16   -470.52  99999.00  99999.00       0     914     914      34
52818  11  12    80  99999.00  99999.00  99999.00  99999.00  99999.00  99999.00  99999.00  99999.00       0       0       0       0
52818  11  12    70  99999.00  99999.00  17935.92  18938.52   -800.54   -458.18  99999.00  99999.00       0     889     890       0
52818  11  12    60  99999.00  99999.00  99999.00  99999.00  99999.00  99999.00  99999.00  99999.00       0       0       0       0
52818  11  12    50  99999.00  99999.00  20016.99  21014.55   -784.59   -438.27  99999.00  99999.00       0     867     868       0
52818  11  12    40  99999.00  99999.00  21386.14  22430.02   -773.80   -402.76  99999.00  99999.00       0     839     842       0
52818  11  12    30  99999.00  99999.00  23149.41  24306.33   -743.61   -360.81  99999.00  99999.00       0     798     802       0
52818  11  12    20  99999.00  99999.00  25657.53  27019.77   -703.29   -314.73  99999.00  99999.00       0     677     683       0
52818  11  12    15  99999.00  99999.00  27510.86  28922.42   -675.09   -295.89  99999.00  99999.00       0     449     452       0
52818  11  12    10  99999.00  99999.00  30058.65  31694.49   -678.40   -255.76  99999.00  99999.00       0     105     106       0
52818  11  12     7  99999.00  99999.00  99999.00  99999.00  99999.00  99999.00  99999.00  99999.00       0      10      10       0
52818  11  12     5  99999.00  99999.00  99999.00  99999.00  99999.00  99999.00  99999.00  99999.00       0       0       0       0
52818  11  12     3  99999.00  99999.00  99999.00  99999.00  99999.00  99999.00  99999.00  99999.00       0       0       0       0
52818  11  12     2  99999.00  99999.00  99999.00  99999.00  99999.00  99999.00  99999.00  99999.00       0       0       0       0
52818  11  12     1  99999.00  99999.00  99999.00  99999.00  99999.00  99999.00  99999.00  99999.00       0       0       0       0
52818  12  12  9999   7013.80   7502.56  99999.00  99999.00   -210.33    115.35   -491.86     87.86    1023       0    1023    1023
52818  12  12  1000  99999.00  99999.00  99999.00  99999.00  99999.00  99999.00  99999.00  99999.00       0       0       0       0
52818  12  12   925  99999.00  99999.00  99999.00  99999.00  99999.00  99999.00  99999.00  99999.00       0       0       0       0
52818  12  12   900  99999.00  99999.00  99999.00  99999.00  99999.00  99999.00  99999.00  99999.00       0       0       0       0
52818  12  12   850  99999.00  99999.00  99999.00  99999.00  99999.00  99999.00  99999.00  99999.00       0       0       0       0
52818  12  12   800  99999.00  99999.00  99999.00  99999.00  99999.00  99999.00  99999.00  99999.00       0       0       0       0
52818  12  12   700  99999.00  99999.00   2833.75   3351.67   -243.36    155.40   -530.45    111.43       0    1023    1021    1021
52818  12  12   600  99999.00  99999.00   4040.70   4544.58   -364.79    145.81   -634.42     83.66       0    1023    1023    1023
52818  12  12   500  99999.00  99999.00   5392.84   5941.60   -416.87     -0.71   -702.02     22.54       0    1023    1023    1023
52818  12  12   400  99999.00  99999.00   6939.54   7607.82   -518.12   -158.48   -774.61    -99.97       0    1019    1019    1019
52818  12  12   300  99999.00  99999.00   8787.77   9661.49   -663.75   -313.83   -847.31   -308.63       0    1010    1009    1008
52818  12  12   250  99999.00  99999.00   9907.44  10899.12   -757.43   -351.83   -896.46   -383.10       0    1000    1000     922
52818  12  12   200  99999.00  99999.00  11280.44  12347.48   -810.23   -349.67   -922.42   -382.66       0     996     997     547
52818  12  12   150  99999.00  99999.00  13098.40  14152.72   -754.90   -419.02   -952.34   -388.22       0     974     975     384
52818  12  12   100  99999.00  99999.00  15672.20  16628.60   -800.82   -441.18   -938.94   -399.78       0     941     942      72
52818  12  12    80  99999.00  99999.00  99999.00  99999.00  99999.00  99999.00  99999.00  99999.00       0       0       0       0
52818  12  12    70  99999.00  99999.00  17899.13  18801.29   -825.99   -423.15  99999.00  99999.00       0     909     910       0
52818  12  12    60  99999.00  99999.00  99999.00  99999.00  99999.00  99999.00  99999.00  99999.00       0       0       0       0
52818  12  12    50  99999.00  99999.00  19952.84  20912.48   -811.97   -409.97  99999.00  99999.00       0     869     870       0
52818  12  12    40  99999.00  99999.00  21293.04  22356.24   -812.87   -372.83  99999.00  99999.00       0     835     836       0
52818  12  12    30  99999.00  99999.00  23013.02  24265.58   -794.20   -331.00  99999.00  99999.00       0     769     771       0
52818  12  12    20  99999.00  99999.00  25483.39  27000.43   -769.57   -279.01  99999.00  99999.00       0     620     623       0
52818  12  12    15  99999.00  99999.00  27273.65  28947.29   -772.59   -224.43  99999.00  99999.00       0     403     403       0
52818  12  12    10  99999.00  99999.00  29734.45  31732.33   -784.59   -177.87  99999.00  99999.00       0      87      87       0
52818  12  12     7  99999.00  99999.00  99999.00  99999.00  99999.00  99999.00  99999.00  99999.00       0      14      14       0
52818  12  12     5  99999.00  99999.00  99999.00  99999.00  99999.00  99999.00  99999.00  99999.00       0       0       0       0
52818  12  12     3  99999.00  99999.00  99999.00  99999.00  99999.00  99999.00  99999.00  99999.00       0       0       0       0
52818  12  12     2  99999.00  99999.00  99999.00  99999.00  99999.00  99999.00  99999.00  99999.00       0       0       0       0
52818  12  12     1  99999.00  99999.00  99999.00  99999.00  99999.00  99999.00  99999.00  99999.00       0       0       0       0
