43041  01  12  9999    939.39    961.71  99999.00  99999.00    130.43    395.51   -146.82    440.58     425       0     419     417
43041  01  12  1000  99999.00  99999.00  99999.00  99999.00  99999.00  99999.00  99999.00  99999.00       0       0       0       0
43041  01  12   925  99999.00  99999.00    672.48    909.84     87.21    381.45   -259.45    443.03       0     268     269     268
43041  01  12   900  99999.00  99999.00  99999.00  99999.00  99999.00  99999.00  99999.00  99999.00       0       0       3       3
43041  01  12   850  99999.00  99999.00   1428.24   1625.76     21.39    315.99   -285.20    380.56       0     452     443     427
43041  01  12   800  99999.00  99999.00  99999.00  99999.00  99999.00  99999.00  99999.00  99999.00       0       0       7       7
43041  01  12   700  99999.00  99999.00   3009.25   3284.53   -117.77    259.87   -515.47    401.21       0     438     441     263
43041  01  12   600  99999.00  99999.00  99999.00  99999.00   -165.32    189.40   -519.13    235.55       0       0     383     115
43041  01  12   500  99999.00  99999.00   5583.33   6106.89   -270.29    125.95   -657.69    224.31       0     419     415      72
43041  01  12   400  99999.00  99999.00   7200.63   7900.59   -378.97     18.11  99999.00  99999.00       0     398     400      45
43041  01  12   300  99999.00  99999.00   9147.42  10135.14   -567.80    -78.20  99999.00  99999.00       0     366     368      31
43041  01  12   250  99999.00  99999.00  10323.89  11475.05   -654.57   -183.57  99999.00  99999.00       0     341     347      18
43041  01  12   200  99999.00  99999.00  11691.34  13045.54   -759.30   -313.98  99999.00  99999.00       0     302     302       5
43041  01  12   150  99999.00  99999.00  13360.65  14971.41   -927.84   -401.88  99999.00  99999.00       0     224     227       2
43041  01  12   100  99999.00  99999.00  15635.65  17475.61  -1004.84   -537.92  99999.00  99999.00       0     144     148       1
43041  01  12    80  99999.00  99999.00  99999.00  99999.00  99999.00  99999.00  99999.00  99999.00       0       0       3       0
43041  01  12    70  99999.00  99999.00  17543.99  19685.87  -1073.80   -388.00  99999.00  99999.00       0     134     138       1
43041  01  12    60  99999.00  99999.00  99999.00  99999.00  99999.00  99999.00  99999.00  99999.00       0       0       8       0
43041  01  12    50  99999.00  99999.00  19445.43  21840.87   -947.72   -303.08  99999.00  99999.00       0     113     119       0
43041  01  12    40  99999.00  99999.00  99999.00  99999.00  99999.00  99999.00  99999.00  99999.00       0       0       6       0
43041  01  12    30  99999.00  99999.00  22342.42  25287.34   -845.09   -279.29  99999.00  99999.00       0      80      81       0
43041  01  12    20  99999.00  99999.00  99999.00  99999.00  99999.00  99999.00  99999.00  99999.00       0      44      46       0
43041  01  12    15  99999.00  99999.00  99999.00  99999.00  99999.00  99999.00  99999.00  99999.00       0       0       6       0
43041  01  12    10  99999.00  99999.00  99999.00  99999.00  99999.00  99999.00  99999.00  99999.00       0       7       9       0
43041  01  12     7  99999.00  99999.00  99999.00  99999.00  99999.00  99999.00  99999.00  99999.00       0       0       0       0
43041  01  12     5  99999.00  99999.00  99999.00  99999.00  99999.00  99999.00  99999.00  99999.00       0       0       1       0
43041  01  12     3  99999.00  99999.00  99999.00  99999.00  99999.00  99999.00  99999.00  99999.00       0       0       0       0
43041  01  12     2  99999.00  99999.00  99999.00  99999.00  99999.00  99999.00  99999.00  99999.00       0       0       0       0
43041  01  12     1  99999.00  99999.00  99999.00  99999.00  99999.00  99999.00  99999.00  99999.00       0       0       0       0
43041  02  12  9999    938.31    960.15  99999.00  99999.00    155.64    435.24   -185.21    538.63     409       0     399     399
43041  02  12  1000  99999.00  99999.00  99999.00  99999.00  99999.00  99999.00  99999.00  99999.00       0       0       0       0
43041  02  12   925  99999.00  99999.00    628.49    931.25    108.02    427.82   -267.16    438.80       0     256     260     256
43041  02  12   900  99999.00  99999.00  99999.00  99999.00  99999.00  99999.00  99999.00  99999.00       0       0       2       2
43041  02  12   850  99999.00  99999.00  -1758.79   4756.37  -2738.97   3089.91   -323.59    429.17       0     451     442     423
43041  02  12   800  99999.00  99999.00  99999.00  99999.00  99999.00  99999.00  99999.00  99999.00       0       0       3       2
43041  02  12   700  99999.00  99999.00   -619.79   6868.93  -2847.50   2942.02   -434.92    356.36       0     445     437     359
43041  02  12   600  99999.00  99999.00  99999.00  99999.00   -158.73    179.19   -602.17    325.79       0       0     371     156
43041  02  12   500  99999.00  99999.00   5596.24   6101.56   -252.67    111.41   -727.25    264.79       0     418     420      74
43041  02  12   400  99999.00  99999.00   7216.04   7892.00   -388.70     26.62  99999.00  99999.00       0     402     398      39
43041  02  12   300  99999.00  99999.00   9188.48  10111.04   -538.75    -99.19  99999.00  99999.00       0     373     373      16
43041  02  12   250  99999.00  99999.00  10376.23  11446.27   -637.35   -189.99  99999.00  99999.00       0     353     357       7
43041  02  12   200  99999.00  99999.00   4586.27  20048.27   -746.36   -296.72  99999.00  99999.00       0     304     304       3
43041  02  12   150  99999.00  99999.00  13485.54  14908.62   -893.91   -397.23  99999.00  99999.00       0     241     240       1
43041  02  12   100  99999.00  99999.00  15668.50  17508.58  -1001.45   -515.57  99999.00  99999.00       0     165     166       0
43041  02  12    80  99999.00  99999.00  99999.00  99999.00  99999.00  99999.00  99999.00  99999.00       0       0      12       0
43041  02  12    70  99999.00  99999.00  17668.14  19623.54  -1032.86   -433.34  99999.00  99999.00       0     149     157       4
43041  02  12    60  99999.00  99999.00  99999.00  99999.00  99999.00  99999.00  99999.00  99999.00       0       0       5       0
43041  02  12    50  99999.00  99999.00  19627.71  21702.75   -928.36   -325.96  99999.00  99999.00       0     132     141       0
43041  02  12    40  99999.00  99999.00  99999.00  99999.00  99999.00  99999.00  99999.00  99999.00       0       0       8       0
43041  02  12    30  99999.00  99999.00  22455.17  25270.73   -836.37   -266.61  99999.00  99999.00       0      95      97       0
43041  02  12    20  99999.00  99999.00  24885.15  28028.19   -848.67   -189.15  99999.00  99999.00       0      63      65       0
43041  02  12    15  99999.00  99999.00  99999.00  99999.00  99999.00  99999.00  99999.00  99999.00       0       0       5       0
43041  02  12    10  99999.00  99999.00  99999.00  99999.00  99999.00  99999.00  99999.00  99999.00       0       5      12       0
43041  02  12     7  99999.00  99999.00  99999.00  99999.00  99999.00  99999.00  99999.00  99999.00       0       0       1       0
43041  02  12     5  99999.00  99999.00  99999.00  99999.00  99999.00  99999.00  99999.00  99999.00       0       0       0       0
43041  02  12     3  99999.00  99999.00  99999.00  99999.00  99999.00  99999.00  99999.00  99999.00       0       0       0       0
43041  02  12     2  99999.00  99999.00  99999.00  99999.00  99999.00  99999.00  99999.00  99999.00       0       0       0       0
43041  02  12     1  99999.00  99999.00  99999.00  99999.00  99999.00  99999.00  99999.00  99999.00       0       0       0       0
43041  03  12  9999    933.15    960.39  99999.00  99999.00    164.94    495.06   -151.02    558.42     423       0     415     414
43041  03  12  1000  99999.00  99999.00  99999.00  99999.00  99999.00  99999.00  99999.00  99999.00       0       0       0       0
43041  03  12   925  99999.00  99999.00    607.88    917.72    158.82    456.54   -244.80    450.36       0     259     259     257
43041  03  12   900  99999.00  99999.00  99999.00  99999.00  99999.00  99999.00  99999.00  99999.00       0       0       3       3
43041  03  12   850  99999.00  99999.00  -3018.70   5949.26     72.28    397.24   -283.52    414.16       0     474     467     450
43041  03  12   800  99999.00  99999.00  99999.00  99999.00  99999.00  99999.00  99999.00  99999.00       0       0       3       3
43041  03  12   700  99999.00  99999.00   3007.30   3318.82    -67.88    245.56   -333.49    323.39       0     470     468     452
43041  03  12   600  99999.00  99999.00  99999.00  99999.00   -174.78    191.22   -539.08    322.64       0       0     393     291
43041  03  12   500  99999.00  99999.00   5608.27   6111.91   -256.45    123.95   -607.86    172.86       0     441     443     154
43041  03  12   400  99999.00  99999.00   7219.61   7915.85   -380.82     28.26   -676.31     58.57       0     421     417      71
43041  03  12   300  99999.00  99999.00   9171.11  10152.11   -551.59    -88.03  99999.00  99999.00       0     391     389      29
43041  03  12   250  99999.00  99999.00  10305.52  11542.72   -657.73   -160.93  99999.00  99999.00       0     359     362      15
43041  03  12   200  99999.00  99999.00  11722.85  13081.49   -759.20   -281.72  99999.00  99999.00       0     321     323       7
43041  03  12   150  99999.00  99999.00  13430.30  14981.78   -893.66   -390.14  99999.00  99999.00       0     250     259       1
43041  03  12   100  99999.00  99999.00  15648.05  17559.53  -1014.98   -496.22  99999.00  99999.00       0     182     186       1
43041  03  12    80  99999.00  99999.00  99999.00  99999.00  99999.00  99999.00  99999.00  99999.00       0       0       6       0
43041  03  12    70  99999.00  99999.00   -885.54  37490.94  -1032.63   -420.03  99999.00  99999.00       0     160     164       0
43041  03  12    60  99999.00  99999.00  99999.00  99999.00  99999.00  99999.00  99999.00  99999.00       0       0      14       0
43041  03  12    50  99999.00  99999.00  19679.63  21678.59   -950.86   -290.74  99999.00  99999.00       0     135     137       0
43041  03  12    40  99999.00  99999.00  99999.00  99999.00  99999.00  99999.00  99999.00  99999.00       0       0       5       0
43041  03  12    30  99999.00  99999.00   3391.42  43775.86   -947.98   -112.42  99999.00  99999.00       0     102     105       0
43041  03  12    20  99999.00  99999.00  99999.00  99999.00  99999.00  99999.00  99999.00  99999.00       0      53      57       0
43041  03  12    15  99999.00  99999.00  99999.00  99999.00  99999.00  99999.00  99999.00  99999.00       0       0      10       0
43041  03  12    10  99999.00  99999.00  99999.00  99999.00  99999.00  99999.00  99999.00  99999.00       0       7      13       0
43041  03  12     7  99999.00  99999.00  99999.00  99999.00  99999.00  99999.00  99999.00  99999.00       0       0       3       0
43041  03  12     5  99999.00  99999.00  99999.00  99999.00  99999.00  99999.00  99999.00  99999.00       0       0       0       0
43041  03  12     3  99999.00  99999.00  99999.00  99999.00  99999.00  99999.00  99999.00  99999.00       0       0       0       0
43041  03  12     2  99999.00  99999.00  99999.00  99999.00  99999.00  99999.00  99999.00  99999.00       0       0       0       0
43041  03  12     1  99999.00  99999.00  99999.00  99999.00  99999.00  99999.00  99999.00  99999.00       0       0       0       0
43041  04  12  9999    930.73    957.61  99999.00  99999.00    142.49    560.45  -2990.84   3344.56     385       0     381     380
43041  04  12  1000  99999.00  99999.00  99999.00  99999.00  99999.00  99999.00  99999.00  99999.00       0       0       0       0
43041  04  12   925  99999.00  99999.00    595.78    889.06    103.98    551.22   -154.10    414.10       0     224     221     220
43041  04  12   900  99999.00  99999.00  99999.00  99999.00  99999.00  99999.00  99999.00  99999.00       0       0       2       2
43041  04  12   850  99999.00  99999.00   1374.10   1617.46     71.16    448.56   -290.28    451.68       0     407     407     394
43041  04  12   800  99999.00  99999.00  99999.00  99999.00  99999.00  99999.00  99999.00  99999.00       0       0       4       4
43041  04  12   700  99999.00  99999.00   3012.04   3308.32    -58.00    287.00   -308.83    339.29       0     406     405     392
43041  04  12   600  99999.00  99999.00  99999.00  99999.00   -150.22    188.42   -429.01    294.83       0       0     346     324
43041  04  12   500  99999.00  99999.00   5609.87   6133.91   -237.86    119.86   -627.84    263.04       0     392     385     200
43041  04  12   400  99999.00  99999.00   7228.18   7942.06   -355.94     24.58   -608.88     60.24       0     377     367     118
43041  04  12   300  99999.00  99999.00   9202.23  10179.39   -529.77    -85.05   -744.12    -61.92       0     345     353      66
43041  04  12   250  99999.00  99999.00  10388.62  11528.26   -625.92   -178.92  99999.00  99999.00       0     320     323      42
43041  04  12   200  99999.00  99999.00  11766.57  13113.09   -742.04   -289.16  99999.00  99999.00       0     289     289      16
43041  04  12   150  99999.00  99999.00  13478.79  14997.51   -890.32   -397.00  99999.00  99999.00       0     222     227       3
43041  04  12   100  99999.00  99999.00  15666.74  17605.82  -1013.50   -518.26  99999.00  99999.00       0     156     161       1
43041  04  12    80  99999.00  99999.00  99999.00  99999.00  99999.00  99999.00  99999.00  99999.00       0       0       5       0
43041  04  12    70  99999.00  99999.00  17607.44  19823.48  -1062.31   -381.19  99999.00  99999.00       0     141     146       1
43041  04  12    60  99999.00  99999.00  99999.00  99999.00  99999.00  99999.00  99999.00  99999.00       0       0       8       0
43041  04  12    50  99999.00  99999.00   3524.59  37445.35   -944.64   -257.16  99999.00  99999.00       0     119     118       0
43041  04  12    40  99999.00  99999.00  99999.00  99999.00  99999.00  99999.00  99999.00  99999.00       0       0       1       0
43041  04  12    30  99999.00  99999.00  22216.25  25849.85   -863.23   -137.23  99999.00  99999.00       0      82      88       0
43041  04  12    20  99999.00  99999.00  99999.00  99999.00  99999.00  99999.00  99999.00  99999.00       0      48      52       0
43041  04  12    15  99999.00  99999.00  99999.00  99999.00  99999.00  99999.00  99999.00  99999.00       0       0       6       0
43041  04  12    10  99999.00  99999.00  99999.00  99999.00  99999.00  99999.00  99999.00  99999.00       0       8      12       0
43041  04  12     7  99999.00  99999.00  99999.00  99999.00  99999.00  99999.00  99999.00  99999.00       0       0       0       0
43041  04  12     5  99999.00  99999.00  99999.00  99999.00  99999.00  99999.00  99999.00  99999.00       0       0       0       0
43041  04  12     3  99999.00  99999.00  99999.00  99999.00  99999.00  99999.00  99999.00  99999.00       0       0       0       0
43041  04  12     2  99999.00  99999.00  99999.00  99999.00  99999.00  99999.00  99999.00  99999.00       0       0       0       0
43041  04  12     1  99999.00  99999.00  99999.00  99999.00  99999.00  99999.00  99999.00  99999.00       0       0       0       0
43041  05  12  9999    926.75    956.03  99999.00  99999.00    103.18    593.50   -267.84    608.88     398       0     389     389
43041  05  12  1000  99999.00  99999.00  99999.00  99999.00  99999.00  99999.00  99999.00  99999.00       0       0       0       0
43041  05  12   925  99999.00  99999.00    579.33    846.21    103.53    561.81   -153.67    483.29       0     243     245     241
43041  05  12   900  99999.00  99999.00  99999.00  99999.00  99999.00  99999.00  99999.00  99999.00       0       0       4       4
43041  05  12   850  99999.00  99999.00   1325.03   1615.31     77.19    457.11   -228.27    459.69       0     438     432     422
43041  05  12   800  99999.00  99999.00  99999.00  99999.00  99999.00  99999.00  99999.00  99999.00       0       0       3       3
43041  05  12   700  99999.00  99999.00   2952.19   3334.51    -33.98    293.98   -254.79    329.73       0     429     422     408
43041  05  12   600  99999.00  99999.00  99999.00  99999.00   -120.13    184.79   -364.90    275.66       0       0     375     364
43041  05  12   500  99999.00  99999.00   5586.74   6148.82   -202.74    112.26   -561.93    272.19       0     406     410     300
43041  05  12   400  99999.00  99999.00   7248.92   7943.12   -298.26     13.98   -622.45    139.67       0     374     353     166
43041  05  12   300  99999.00  99999.00   9267.27  10178.07   -492.42    -67.02   -777.29     32.35       0     336     338     102
43041  05  12   250  99999.00  99999.00  10474.93  11542.33   -610.84   -142.60  99999.00  99999.00       0     307     316      57
43041  05  12   200  99999.00  99999.00  11903.93  13103.33   -723.34   -268.54  99999.00  99999.00       0     272     275      26
43041  05  12   150  99999.00  99999.00  13569.41  15060.77   -868.89   -404.37  99999.00  99999.00       0     224     230       3
43041  05  12   100  99999.00  99999.00  15616.58  17797.70  -1027.56   -519.24  99999.00  99999.00       0     154     156       0
43041  05  12    80  99999.00  99999.00  99999.00  99999.00  99999.00  99999.00  99999.00  99999.00       0       0      10       0
43041  05  12    70  99999.00  99999.00  17614.88  19908.92  -1050.76   -401.32  99999.00  99999.00       0     142     144       2
43041  05  12    60  99999.00  99999.00  99999.00  99999.00  99999.00  99999.00  99999.00  99999.00       0       0       6       0
43041  05  12    50  99999.00  99999.00   3253.06  37780.18  -1000.28   -207.92  99999.00  99999.00       0     115     118       0
43041  05  12    40  99999.00  99999.00  99999.00  99999.00  99999.00  99999.00  99999.00  99999.00       0       0       6       0
43041  05  12    30  99999.00  99999.00   1162.37  46048.25  -6811.75   5551.25  99999.00  99999.00       0      83      85       0
43041  05  12    20  99999.00  99999.00  99999.00  99999.00  99999.00  99999.00  99999.00  99999.00       0      51      55       0
43041  05  12    15  99999.00  99999.00  99999.00  99999.00  99999.00  99999.00  99999.00  99999.00       0       0       3       0
43041  05  12    10  99999.00  99999.00  99999.00  99999.00  99999.00  99999.00  99999.00  99999.00       0       9      15       1
43041  05  12     7  99999.00  99999.00  99999.00  99999.00  99999.00  99999.00  99999.00  99999.00       0       0       2       0
43041  05  12     5  99999.00  99999.00  99999.00  99999.00  99999.00  99999.00  99999.00  99999.00       0       0       1       0
43041  05  12     3  99999.00  99999.00  99999.00  99999.00  99999.00  99999.00  99999.00  99999.00       0       0       0       0
43041  05  12     2  99999.00  99999.00  99999.00  99999.00  99999.00  99999.00  99999.00  99999.00       0       0       0       0
43041  05  12     1  99999.00  99999.00  99999.00  99999.00  99999.00  99999.00  99999.00  99999.00       0       0       0       0
43041  06  12  9999    925.99    952.99  99999.00  99999.00     41.07    560.55   -323.67    495.45     342       0     337     335
43041  06  12  1000  99999.00  99999.00  99999.00  99999.00  99999.00  99999.00  99999.00  99999.00       0       0       0       0
43041  06  12   925  99999.00  99999.00    535.34    849.26     42.36    542.52     13.63    401.47       0     202     207     206
43041  06  12   900  99999.00  99999.00  99999.00  99999.00  99999.00  99999.00  99999.00  99999.00       0       0       7       7
43041  06  12   850  99999.00  99999.00   1301.71   1587.07     21.89    448.97   -132.28    459.08       0     395     394     388
43041  06  12   800  99999.00  99999.00  99999.00  99999.00  99999.00  99999.00  99999.00  99999.00       0       0       9       9
43041  06  12   700  99999.00  99999.00   2909.24   3304.28    -19.78    273.98   -233.02    359.30       0     387     378     377
43041  06  12   600  99999.00  99999.00  99999.00  99999.00   -100.23    200.13   -309.72    285.84       0       0     326     324
43041  06  12   500  99999.00  99999.00   5578.56   6122.64   -183.61    131.87   -427.96    246.68       0     367     372     341
43041  06  12   400  99999.00  99999.00   7249.91   7933.31   -255.16     11.36   -547.88    149.80       0     329     295     245
43041  06  12   300  99999.00  99999.00   9317.31  10156.11   -432.63    -80.31   -609.14    -56.54       0     313     316     207
43041  06  12   250  99999.00  99999.00  10563.56  11503.76   -540.41   -168.89   -694.67   -158.63       0     287     294     151
43041  06  12   200  99999.00  99999.00  11965.74  13114.62   -685.44   -275.40  99999.00  99999.00       0     259     264      50
43041  06  12   150  99999.00  99999.00  13736.88  14985.24   -867.77   -405.29  99999.00  99999.00       0     209     219      13
43041  06  12   100  99999.00  99999.00  15898.31  17597.15  -1011.76   -551.08  99999.00  99999.00       0     141     148       2
43041  06  12    80  99999.00  99999.00  99999.00  99999.00  99999.00  99999.00  99999.00  99999.00       0       0       3       0
43041  06  12    70  99999.00  99999.00  17837.61  19756.29  -1097.88   -341.52  99999.00  99999.00       0     108     109       1
43041  06  12    60  99999.00  99999.00  99999.00  99999.00  99999.00  99999.00  99999.00  99999.00       0       0       3       0
43041  06  12    50  99999.00  99999.00   -138.16  41015.72   -982.91   -223.79  99999.00  99999.00       0      81      85       0
43041  06  12    40  99999.00  99999.00  99999.00  99999.00  99999.00  99999.00  99999.00  99999.00       0       0       3       0
43041  06  12    30  99999.00  99999.00  99999.00  99999.00  99999.00  99999.00  99999.00  99999.00       0      53      56       0
43041  06  12    20  99999.00  99999.00  99999.00  99999.00  99999.00  99999.00  99999.00  99999.00       0      30      35       0
43041  06  12    15  99999.00  99999.00  99999.00  99999.00  99999.00  99999.00  99999.00  99999.00       0       0       3       0
43041  06  12    10  99999.00  99999.00  99999.00  99999.00  99999.00  99999.00  99999.00  99999.00       0       4       7       0
43041  06  12     7  99999.00  99999.00  99999.00  99999.00  99999.00  99999.00  99999.00  99999.00       0       0       1       0
43041  06  12     5  99999.00  99999.00  99999.00  99999.00  99999.00  99999.00  99999.00  99999.00       0       0       1       0
43041  06  12     3  99999.00  99999.00  99999.00  99999.00  99999.00  99999.00  99999.00  99999.00       0       0       0       0
43041  06  12     2  99999.00  99999.00  99999.00  99999.00  99999.00  99999.00  99999.00  99999.00       0       0       0       0
43041  06  12     1  99999.00  99999.00  99999.00  99999.00  99999.00  99999.00  99999.00  99999.00       0       0       0       0
43041  07  12  9999    926.38    953.62  99999.00  99999.00    121.15    419.11   -173.67    259.53     371       0     368     366
43041  07  12  1000  99999.00  99999.00  99999.00  99999.00  99999.00  99999.00  99999.00  99999.00       0       0       0       0
43041  07  12   925  99999.00  99999.00    542.57    849.05    112.29    401.37      8.16    422.88       0     247     247     246
43041  07  12   900  99999.00  99999.00  99999.00  99999.00  99999.00  99999.00  99999.00  99999.00       0       0       7       7
43041  07  12   850  99999.00  99999.00   1302.34   1579.30     78.28    332.20     -8.76    360.36       0     429     430     424
43041  07  12   800  99999.00  99999.00  99999.00  99999.00  99999.00  99999.00  99999.00  99999.00       0       0       1       1
43041  07  12   700  99999.00  99999.00   2917.46   3270.98     -9.44    244.72   -173.99    330.13       0     426     420     418
43041  07  12   600  99999.00  99999.00  99999.00  99999.00    -92.69    196.87   -281.76    288.48       0       0     374     368
43041  07  12   500  99999.00  99999.00   5589.76   6095.20   -156.63    114.69   -373.47    217.77       0     395     396     389
43041  07  12   400  99999.00  99999.00   7261.11   7906.83   -245.48      3.16   -463.65     89.43       0     368     331     308
43041  07  12   300  99999.00  99999.00   9321.81  10134.45   -420.21    -99.93   -645.39    -32.67       0     348     347     288
43041  07  12   250  99999.00  99999.00  10553.41  11493.25   -539.82   -178.26   -746.33   -123.29       0     330     339     228
43041  07  12   200  99999.00  99999.00  12018.34  13037.02   -687.22   -282.34   -773.30   -324.50       0     294     304      82
43041  07  12   150  99999.00  99999.00  13720.93  14971.69   -877.85   -405.89  99999.00  99999.00       0     232     241       7
43041  07  12   100  99999.00  99999.00  15856.82  17620.82  -1035.91   -523.99  99999.00  99999.00       0     144     150       0
43041  07  12    80  99999.00  99999.00  99999.00  99999.00  99999.00  99999.00  99999.00  99999.00       0       0       9       0
43041  07  12    70  99999.00  99999.00  17867.06  19754.54   -968.59   -432.07  99999.00  99999.00       0     113     115       0
43041  07  12    60  99999.00  99999.00  99999.00  99999.00  99999.00  99999.00  99999.00  99999.00       0       0       6       0
43041  07  12    50  99999.00  99999.00  19867.49  21816.65  -6625.39   5192.57  99999.00  99999.00       0      87      91       0
43041  07  12    40  99999.00  99999.00  99999.00  99999.00  99999.00  99999.00  99999.00  99999.00       0       0       4       0
43041  07  12    30  99999.00  99999.00  22876.99  25245.55   -834.86   -224.42  99999.00  99999.00       0      63      66       0
43041  07  12    20  99999.00  99999.00  99999.00  99999.00  99999.00  99999.00  99999.00  99999.00       0      30      34       0
43041  07  12    15  99999.00  99999.00  99999.00  99999.00  99999.00  99999.00  99999.00  99999.00       0       0       5       0
43041  07  12    10  99999.00  99999.00  99999.00  99999.00  99999.00  99999.00  99999.00  99999.00       0       8      10       0
43041  07  12     7  99999.00  99999.00  99999.00  99999.00  99999.00  99999.00  99999.00  99999.00       0       0       1       0
43041  07  12     5  99999.00  99999.00  99999.00  99999.00  99999.00  99999.00  99999.00  99999.00       0       0       0       0
43041  07  12     3  99999.00  99999.00  99999.00  99999.00  99999.00  99999.00  99999.00  99999.00       0       0       1       0
43041  07  12     2  99999.00  99999.00  99999.00  99999.00  99999.00  99999.00  99999.00  99999.00       0       0       0       0
43041  07  12     1  99999.00  99999.00  99999.00  99999.00  99999.00  99999.00  99999.00  99999.00       0       0       0       0
43041  08  12  9999    926.98    954.70  99999.00  99999.00    135.55    392.83   -106.56    179.28     379       0     376     373
43041  08  12  1000  99999.00  99999.00  99999.00  99999.00  99999.00  99999.00  99999.00  99999.00       0       0       0       0
43041  08  12   925  99999.00  99999.00  -3636.32   4951.60  -3858.68   4274.20    118.49    317.09       0     224     229     228
43041  08  12   900  99999.00  99999.00  99999.00  99999.00  99999.00  99999.00  99999.00  99999.00       0       0       5       5
43041  08  12   850  99999.00  99999.00   1294.99   1597.75     82.50    328.62     13.09    344.17       0     432     427     418
43041  08  12   800  99999.00  99999.00  99999.00  99999.00  99999.00  99999.00  99999.00  99999.00       0       0       1       1
43041  08  12   700  99999.00  99999.00   2914.30   3287.74    -22.07    258.61   -163.00    329.00       0     425     426     420
43041  08  12   600  99999.00  99999.00  99999.00  99999.00    -89.42    198.58   -292.59    304.29       0       0     358     354
43041  08  12   500  99999.00  99999.00   5576.32   6119.68   -158.64    118.44   -394.39    238.13       0     394     396     378
43041  08  12   400  99999.00  99999.00   7261.39   7921.87   -275.75     33.49   -523.80    132.12       0     355     323     295
43041  08  12   300  99999.00  99999.00   9309.25  10169.29   -452.93    -66.17   -611.46    -64.38       0     338     344     268
43041  08  12   250  99999.00  99999.00  10514.77  11553.73   -571.95   -145.35   -704.53   -159.01       0     315     317     198
43041  08  12   200  99999.00  99999.00  11962.38  13116.54   -723.69   -245.97   -937.45   -204.49       0     291     292      67
43041  08  12   150  99999.00  99999.00  13672.82  15035.30   -903.24   -384.12  99999.00  99999.00       0     228     237       1
43041  08  12   100  99999.00  99999.00  15763.42  17753.62   -999.08   -541.04  99999.00  99999.00       0     155     157       0
43041  08  12    80  99999.00  99999.00  99999.00  99999.00  99999.00  99999.00  99999.00  99999.00       0       0       4       0
43041  08  12    70  99999.00  99999.00  17686.25  20050.37  -5517.36   4021.08  99999.00  99999.00       0     136     138       1
43041  08  12    60  99999.00  99999.00  99999.00  99999.00  99999.00  99999.00  99999.00  99999.00       0       0       7       0
43041  08  12    50  99999.00  99999.00  19783.69  22032.13   -852.03   -353.43  99999.00  99999.00       0     110     116       0
43041  08  12    40  99999.00  99999.00  99999.00  99999.00  99999.00  99999.00  99999.00  99999.00       0       0       3       0
43041  08  12    30  99999.00  99999.00  22878.01  25405.93   -801.57   -260.25  99999.00  99999.00       0      81      86       0
43041  08  12    20  99999.00  99999.00  99999.00  99999.00  99999.00  99999.00  99999.00  99999.00       0      53      57       0
43041  08  12    15  99999.00  99999.00  99999.00  99999.00  99999.00  99999.00  99999.00  99999.00       0       0       8       0
43041  08  12    10  99999.00  99999.00  99999.00  99999.00  99999.00  99999.00  99999.00  99999.00       0       7      15       0
43041  08  12     7  99999.00  99999.00  99999.00  99999.00  99999.00  99999.00  99999.00  99999.00       0       0       1       0
43041  08  12     5  99999.00  99999.00  99999.00  99999.00  99999.00  99999.00  99999.00  99999.00       0       0       0       0
43041  08  12     3  99999.00  99999.00  99999.00  99999.00  99999.00  99999.00  99999.00  99999.00       0       0       1       0
43041  08  12     2  99999.00  99999.00  99999.00  99999.00  99999.00  99999.00  99999.00  99999.00       0       0       0       0
43041  08  12     1  99999.00  99999.00  99999.00  99999.00  99999.00  99999.00  99999.00  99999.00       0       0       0       0
43041  09  12  9999    929.48    956.60  99999.00  99999.00    134.59    413.35   -117.81    210.51     388       0     386     386
43041  09  12  1000  99999.00  99999.00  99999.00  99999.00  99999.00  99999.00  99999.00  99999.00       0       0       0       0
43041  09  12   925  99999.00  99999.00    571.41    874.17    147.68    373.76     74.57    346.25       0     234     234     234
43041  09  12   900  99999.00  99999.00  99999.00  99999.00  99999.00  99999.00  99999.00  99999.00       0       0       4       4
43041  09  12   850  99999.00  99999.00   1321.70   1615.58     94.19    320.63    -18.40    349.16       0     436     431     430
43041  09  12   800  99999.00  99999.00  99999.00  99999.00  99999.00  99999.00  99999.00  99999.00       0       0       1       1
43041  09  12   700  99999.00  99999.00   2954.99   3282.95    -15.36    233.88   -256.77    374.55       0     422     418     410
43041  09  12   600  99999.00  99999.00  99999.00  99999.00    -97.91    186.25   -298.19    273.49       0       0     357     346
43041  09  12   500  99999.00  99999.00   5612.77   6102.97   -183.27    119.61   -435.47    221.17       0     390     397     369
43041  09  12   400  99999.00  99999.00   7268.23   7911.43   -281.30     11.86   -531.01     92.39       0     362     335     272
43041  09  12   300  99999.00  99999.00   9302.70  10147.02   -462.22    -86.86   -636.35    -72.59       0     350     351     216
43041  09  12   250  99999.00  99999.00   3790.72  18099.16  -3654.78   2843.94   -689.49   -205.53       0     312     317     130
43041  09  12   200  99999.00  99999.00  11917.97  13093.97   -745.87   -263.59  99999.00  99999.00       0     280     289      48
43041  09  12   150  99999.00  99999.00  13616.04  15005.04   -914.56   -405.64  99999.00  99999.00       0     229     241       2
43041  09  12   100  99999.00  99999.00  15632.99  17718.59  -1040.91   -522.75  99999.00  99999.00       0     179     180       4
43041  09  12    80  99999.00  99999.00  99999.00  99999.00  99999.00  99999.00  99999.00  99999.00       0       0      11       0
43041  09  12    70  99999.00  99999.00  17655.46  19839.58  -1009.07   -377.03  99999.00  99999.00       0     145     148       0
43041  09  12    60  99999.00  99999.00  99999.00  99999.00  99999.00  99999.00  99999.00  99999.00       0       0       6       0
43041  09  12    50  99999.00  99999.00  19640.12  21970.04   -920.10   -290.58  99999.00  99999.00       0     118     119       0
43041  09  12    40  99999.00  99999.00  99999.00  99999.00  99999.00  99999.00  99999.00  99999.00       0       0       8       0
43041  09  12    30  99999.00  99999.00  22402.88  25667.12   -836.65   -251.29  99999.00  99999.00       0      72      76       1
43041  09  12    20  99999.00  99999.00  99999.00  99999.00  99999.00  99999.00  99999.00  99999.00       0      41      42       0
43041  09  12    15  99999.00  99999.00  99999.00  99999.00  99999.00  99999.00  99999.00  99999.00       0       0       4       0
43041  09  12    10  99999.00  99999.00  99999.00  99999.00  99999.00  99999.00  99999.00  99999.00       0       5      10       0
43041  09  12     7  99999.00  99999.00  99999.00  99999.00  99999.00  99999.00  99999.00  99999.00       0       0       1       0
43041  09  12     5  99999.00  99999.00  99999.00  99999.00  99999.00  99999.00  99999.00  99999.00       0       0       0       0
43041  09  12     3  99999.00  99999.00  99999.00  99999.00  99999.00  99999.00  99999.00  99999.00       0       0       1       0
43041  09  12     2  99999.00  99999.00  99999.00  99999.00  99999.00  99999.00  99999.00  99999.00       0       0       1       0
43041  09  12     1  99999.00  99999.00  99999.00  99999.00  99999.00  99999.00  99999.00  99999.00       0       0       1       0
43041  10  12  9999    931.02    962.58  99999.00  99999.00    155.69    396.05   -197.19    350.37     479       0     470     470
43041  10  12  1000  99999.00  99999.00  99999.00  99999.00  99999.00  99999.00  99999.00  99999.00       0       0       0       0
43041  10  12   925  99999.00  99999.00    593.08    927.16    138.76    375.16    -94.91    443.77       0     342     339     331
43041  10  12   900  99999.00  99999.00  99999.00  99999.00  99999.00  99999.00  99999.00  99999.00       0       0       7       7
43041  10  12   850  99999.00  99999.00   1349.31   1652.55     77.04    316.80   -219.32    461.56       0     546     536     534
43041  10  12   800  99999.00  99999.00  99999.00  99999.00  99999.00  99999.00  99999.00  99999.00       0       0       3       2
43041  10  12   700  99999.00  99999.00   2983.45   3297.49    -55.18    242.42   -410.93    434.11       0     525     529     474
43041  10  12   600  99999.00  99999.00  99999.00  99999.00   -108.64    180.08   -449.89    340.67       0       0     425     321
43041  10  12   500  99999.00  99999.00   5653.66   6075.22   -183.70     98.54   -605.97    297.99       0     494     492     310
43041  10  12   400  99999.00  99999.00   7306.39   7873.39   -293.23     -5.47   -703.52    189.88       0     475     459     222
43041  10  12   300  99999.00  99999.00   9291.72  10118.40   -489.97   -102.61   -821.76     39.36       0     429     433     137
43041  10  12   250  99999.00  99999.00  10484.41  11474.89   -617.24   -181.88   -832.64   -117.56       0     405     413      86
43041  10  12   200  99999.00  99999.00  11854.20  13066.44   -754.09   -294.25  99999.00  99999.00       0     370     371      39
43041  10  12   150  99999.00  99999.00  13486.52  15009.68   -935.28   -413.88  99999.00  99999.00       0     295     291       1
43041  10  12   100  99999.00  99999.00  15659.84  17530.64  -1066.79   -518.15  99999.00  99999.00       0     206     213       1
43041  10  12    80  99999.00  99999.00  99999.00  99999.00  99999.00  99999.00  99999.00  99999.00       0       0      12       0
43041  10  12    70  99999.00  99999.00  17634.47  19679.03  -1020.82   -388.54  99999.00  99999.00       0     169     173       1
43041  10  12    60  99999.00  99999.00  99999.00  99999.00  99999.00  99999.00  99999.00  99999.00       0       0       5       0
43041  10  12    50  99999.00  99999.00  19583.64  21803.88   -919.67   -319.31  99999.00  99999.00       0     141     146       0
43041  10  12    40  99999.00  99999.00  99999.00  99999.00  99999.00  99999.00  99999.00  99999.00       0       0       8       0
43041  10  12    30  99999.00  99999.00  22196.35  25599.07   -861.57   -236.25  99999.00  99999.00       0      96     101       1
43041  10  12    20  99999.00  99999.00  99999.00  99999.00   -808.76   -232.52  99999.00  99999.00       0      53      61       1
43041  10  12    15  99999.00  99999.00  99999.00  99999.00  99999.00  99999.00  99999.00  99999.00       0       0       5       0
43041  10  12    10  99999.00  99999.00  99999.00  99999.00  99999.00  99999.00  99999.00  99999.00       0       5       9       0
43041  10  12     7  99999.00  99999.00  99999.00  99999.00  99999.00  99999.00  99999.00  99999.00       0       0       1       0
43041  10  12     5  99999.00  99999.00  99999.00  99999.00  99999.00  99999.00  99999.00  99999.00       0       0       1       0
43041  10  12     3  99999.00  99999.00  99999.00  99999.00  99999.00  99999.00  99999.00  99999.00       0       0       1       0
43041  10  12     2  99999.00  99999.00  99999.00  99999.00  99999.00  99999.00  99999.00  99999.00       0       0       1       0
43041  10  12     1  99999.00  99999.00  99999.00  99999.00  99999.00  99999.00  99999.00  99999.00       0       0       2       0
43041  11  12  9999    936.68    962.48  99999.00  99999.00    146.98    372.82   -153.21    352.71     457       0     451     450
43041  11  12  1000  99999.00  99999.00  99999.00  99999.00  99999.00  99999.00  99999.00  99999.00       0       0       0       0
43041  11  12   925  99999.00  99999.00    656.95    908.59    119.61    363.81   -227.69    479.11       0     309     312     311
43041  11  12   900  99999.00  99999.00  99999.00  99999.00  99999.00  99999.00  99999.00  99999.00       0       0       8       8
43041  11  12   850  99999.00  99999.00   1409.15   1630.31     46.71    309.39   -313.08    468.00       0     511     501     495
43041  11  12   800  99999.00  99999.00  99999.00  99999.00  99999.00  99999.00  99999.00  99999.00       0       0       5       5
43041  11  12   700  99999.00  99999.00   3008.08   3291.76    -65.12    246.04   -529.07    489.73       0     510     503     325
43041  11  12   600  99999.00  99999.00  99999.00  99999.00   -113.60    173.44   -569.76    402.00       0       0     425     178
43041  11  12   500  99999.00  99999.00   5630.95   6099.43   -206.01    100.83   -601.36    271.76       0     474     482     134
43041  11  12   400  99999.00  99999.00   7268.41   7890.97   -327.17      1.39   -729.77    191.59       0     448     438      86
43041  11  12   300  99999.00  99999.00   9253.43  10116.71   -502.64   -116.12  99999.00  99999.00       0     420     428      47
43041  11  12   250  99999.00  99999.00  10433.09  11476.01   -618.27   -200.79  99999.00  99999.00       0     387     395      21
43041  11  12   200  99999.00  99999.00  11802.63  13057.35   -763.03   -300.55  99999.00  99999.00       0     356     361       9
43041  11  12   150  99999.00  99999.00  13475.45  14961.41   -943.44   -407.64  99999.00  99999.00       0     291     290       0
43041  11  12   100  99999.00  99999.00  15567.68  17568.80  -1044.64   -535.36  99999.00  99999.00       0     205     207       2
43041  11  12    80  99999.00  99999.00  99999.00  99999.00  99999.00  99999.00  99999.00  99999.00       0       0       9       0
43041  11  12    70  99999.00  99999.00  17509.48  19830.52  -1021.37   -401.57  99999.00  99999.00       0     191     196       1
43041  11  12    60  99999.00  99999.00  99999.00  99999.00  99999.00  99999.00  99999.00  99999.00       0       0       7       0
43041  11  12    50  99999.00  99999.00  19337.45  22036.01  -4553.18   3219.22  99999.00  99999.00       0     159     164       1
43041  11  12    40  99999.00  99999.00  99999.00  99999.00  99999.00  99999.00  99999.00  99999.00       0       0       8       0
43041  11  12    30  99999.00  99999.00  22286.75  25533.95   -853.21   -235.81  99999.00  99999.00       0     116     122       0
43041  11  12    20  99999.00  99999.00  99999.00  99999.00  -7676.68   6370.16  99999.00  99999.00       0      60      66       1
43041  11  12    15  99999.00  99999.00  99999.00  99999.00  99999.00  99999.00  99999.00  99999.00       0       0       5       0
43041  11  12    10  99999.00  99999.00  99999.00  99999.00  99999.00  99999.00  99999.00  99999.00       0       3       6       0
43041  11  12     7  99999.00  99999.00  99999.00  99999.00  99999.00  99999.00  99999.00  99999.00       0       0       0       0
43041  11  12     5  99999.00  99999.00  99999.00  99999.00  99999.00  99999.00  99999.00  99999.00       0       0       0       0
43041  11  12     3  99999.00  99999.00  99999.00  99999.00  99999.00  99999.00  99999.00  99999.00       0       0       0       0
43041  11  12     2  99999.00  99999.00  99999.00  99999.00  99999.00  99999.00  99999.00  99999.00       0       0       0       0
43041  11  12     1  99999.00  99999.00  99999.00  99999.00  99999.00  99999.00  99999.00  99999.00       0       0       0       0
43041  12  12  9999    940.71    961.95  99999.00  99999.00    154.35    343.11   -112.98    354.90     448       0     436     433
43041  12  12  1000  99999.00  99999.00  99999.00  99999.00  99999.00  99999.00  99999.00  99999.00       0       0       0       0
43041  12  12   925  99999.00  99999.00    660.62    932.78    107.84    340.40   -241.12    409.88       0     300     302     301
43041  12  12   900  99999.00  99999.00  99999.00  99999.00  99999.00  99999.00  99999.00  99999.00       0       0       4       4
43041  12  12   850  99999.00  99999.00   1434.58   1628.38     33.97    291.85   -315.10    396.50       0     496     486     476
43041  12  12   800  99999.00  99999.00  99999.00  99999.00  99999.00  99999.00  99999.00  99999.00       0       0       6       5
43041  12  12   700  99999.00  99999.00   3033.59   3277.79    -81.97    253.79   -574.21    437.99       0     483     482     207
43041  12  12   600  99999.00  99999.00  99999.00  99999.00   -132.24    180.00   -549.26    320.86       0       0     420      84
43041  12  12   500  99999.00  99999.00   5643.56   6080.00   -222.67     90.65   -670.25    282.07       0     455     460      74
43041  12  12   400  99999.00  99999.00   7265.61   7871.13   -348.95    -10.55  99999.00  99999.00       0     435     432      51
43041  12  12   300  99999.00  99999.00   9228.75  10085.07   -541.82   -116.90  99999.00  99999.00       0     404     407      50
43041  12  12   250  99999.00  99999.00  10395.77  11428.61   -642.13   -216.25  99999.00  99999.00       0     365     363      19
43041  12  12   200  99999.00  99999.00  11693.64  13061.64   -768.19   -324.43  99999.00  99999.00       0     325     326       6
43041  12  12   150  99999.00  99999.00  13408.30  14904.70  -4308.78   2888.34  99999.00  99999.00       0     240     243       2
43041  12  12   100  99999.00  99999.00  15584.69  17451.41  -1030.62   -536.10  99999.00  99999.00       0     149     152       0
43041  12  12    80  99999.00  99999.00  99999.00  99999.00  99999.00  99999.00  99999.00  99999.00       0       0       8       1
43041  12  12    70  99999.00  99999.00  17531.77  19628.53  -1060.51   -399.67  99999.00  99999.00       0     134     139       1
43041  12  12    60  99999.00  99999.00  99999.00  99999.00  99999.00  99999.00  99999.00  99999.00       0       0       3       0
43041  12  12    50  99999.00  99999.00  19511.28  21684.48   -924.26   -346.94  99999.00  99999.00       0     113     117       0
43041  12  12    40  99999.00  99999.00  99999.00  99999.00  99999.00  99999.00  99999.00  99999.00       0       0       9       0
43041  12  12    30  99999.00  99999.00  22528.09  25090.81   -894.32   -231.68  99999.00  99999.00       0      72      77       0
43041  12  12    20  99999.00  99999.00  99999.00  99999.00  99999.00  99999.00  99999.00  99999.00       0      32      34       1
43041  12  12    15  99999.00  99999.00  99999.00  99999.00  99999.00  99999.00  99999.00  99999.00       0       0       5       0
43041  12  12    10  99999.00  99999.00  99999.00  99999.00  99999.00  99999.00  99999.00  99999.00       0       2       2       0
43041  12  12     7  99999.00  99999.00  99999.00  99999.00  99999.00  99999.00  99999.00  99999.00       0       0       0       0
43041  12  12     5  99999.00  99999.00  99999.00  99999.00  99999.00  99999.00  99999.00  99999.00       0       0       0       0
43041  12  12     3  99999.00  99999.00  99999.00  99999.00  99999.00  99999.00  99999.00  99999.00       0       0       1       0
43041  12  12     2  99999.00  99999.00  99999.00  99999.00  99999.00  99999.00  99999.00  99999.00       0       0       0       0
43041  12  12     1  99999.00  99999.00  99999.00  99999.00  99999.00  99999.00  99999.00  99999.00       0       0       0       0
