59134  01  00  9999   9840.95  10289.03  99999.00  99999.00    -55.18    269.18   -202.43    344.41     990       0     990     990
59134  01  00  1000  99999.00  99999.00     26.54    353.54    -58.90    272.54   -219.25    355.31       0     988     988     988
59134  01  00   925  99999.00  99999.00    681.18    990.18   -168.25    342.71   -344.40    435.60       0     650     650     650
59134  01  00   900  99999.00  99999.00  99999.00  99999.00  99999.00  99999.00  99999.00  99999.00       0       0       0       0
59134  01  00   850  99999.00  99999.00   1402.26   1667.58   -128.73    285.63   -522.99    553.41       0    1023    1023    1023
59134  01  00   800  99999.00  99999.00  99999.00  99999.00  99999.00  99999.00  99999.00  99999.00       0       0       0       0
59134  01  00   700  99999.00  99999.00   2971.06   3272.50   -166.23    200.37   -677.09    509.35       0    1018    1018    1018
59134  01  00   600  99999.00  99999.00   4155.26   4553.54   -250.72    198.44   -856.03    450.89       0    1020    1020    1020
59134  01  00   500  99999.00  99999.00   5519.40   6043.92   -305.18    110.98   -875.54    272.26       0    1020    1020    1020
59134  01  00   400  99999.00  99999.00   7149.08   7796.60   -408.13     23.39   -899.74    122.18       0    1013    1013    1013
59134  01  00   300  99999.00  99999.00   9160.50   9953.46   -500.34   -153.78   -932.26    -78.34       0    1002    1002    1002
59134  01  00   250  99999.00  99999.00  10385.73  11248.77   -550.45   -280.81   -971.97   -185.61       0     992     992     992
59134  01  00   200  99999.00  99999.00  11840.58  12751.02   -633.38   -410.18  -1044.55   -295.51       0     970     970     970
59134  01  00   150  99999.00  99999.00  13651.04  14557.16   -786.24   -503.40  99999.00  99999.00       0     947     947      32
59134  01  00   100  99999.00  99999.00  16107.45  16902.57   -969.08   -549.80  99999.00  99999.00       0     916     917       0
59134  01  00    80  99999.00  99999.00  99999.00  99999.00  99999.00  99999.00  99999.00  99999.00       0       0       0       0
59134  01  00    70  99999.00  99999.00  18196.16  18913.04   -972.32   -545.12  99999.00  99999.00       0     890     892       0
59134  01  00    60  99999.00  99999.00  99999.00  99999.00  99999.00  99999.00  99999.00  99999.00       0       0       0       0
59134  01  00    50  99999.00  99999.00  20165.90  20923.10   -845.38   -481.78  99999.00  99999.00       0     865     866       0
59134  01  00    40  99999.00  99999.00  21498.54  22322.10   -779.58   -453.78  99999.00  99999.00       0     838     838       0
59134  01  00    30  99999.00  99999.00  23237.22  24177.78   -750.49   -402.13  99999.00  99999.00       0     786     789       0
59134  01  00    20  99999.00  99999.00  25686.94  26885.98   -735.14   -329.54  99999.00  99999.00       0     669     673       0
59134  01  00    15  99999.00  99999.00  27428.40  28849.20   -725.55   -291.39  99999.00  99999.00       0     521     524       0
59134  01  00    10  99999.00  99999.00  29974.80  31527.36   -723.75   -249.27  99999.00  99999.00       0     191     191       0
59134  01  00     7  99999.00  99999.00  99999.00  99999.00  99999.00  99999.00  99999.00  99999.00       0      39      39       0
59134  01  00     5  99999.00  99999.00  99999.00  99999.00  99999.00  99999.00  99999.00  99999.00       0       1       1       0
59134  01  00     3  99999.00  99999.00  99999.00  99999.00  99999.00  99999.00  99999.00  99999.00       0       0       0       0
59134  01  00     2  99999.00  99999.00  99999.00  99999.00  99999.00  99999.00  99999.00  99999.00       0       0       0       0
59134  01  00     1  99999.00  99999.00  99999.00  99999.00  99999.00  99999.00  99999.00  99999.00       0       0       0       0
59134  02  00  9999   9780.12  10317.96  99999.00  99999.00    -64.66    289.10   -183.86    349.30     897       0     897     897
59134  02  00  1000  99999.00  99999.00     19.00    346.36    -60.20    275.08   -190.42    339.50       0     822     822     822
59134  02  00   925  99999.00  99999.00    653.51    996.47   -172.90    372.38   -297.99    427.29       0     592     592     592
59134  02  00   900  99999.00  99999.00  99999.00  99999.00  99999.00  99999.00  99999.00  99999.00       0       0       0       0
59134  02  00   850  99999.00  99999.00   1380.74   1673.42   -127.81    308.99   -357.54    453.78       0     932     932     932
59134  02  00   800  99999.00  99999.00  99999.00  99999.00  99999.00  99999.00  99999.00  99999.00       0       0       0       0
59134  02  00   700  99999.00  99999.00   2971.79   3271.67   -129.02    181.78   -567.80    465.88       0     933     933     933
59134  02  00   600  99999.00  99999.00   4174.93   4538.29   -220.36    165.32   -833.70    495.66       0     932     932     932
59134  02  00   500  99999.00  99999.00   5556.86   6011.78   -284.84     93.28   -925.00    355.64       0     931     931     931
59134  02  00   400  99999.00  99999.00   7190.28   7759.20   -401.10     11.22   -922.49    167.71       0     931     931     931
59134  02  00   300  99999.00  99999.00   9202.38   9912.66   -508.43   -144.35   -937.78    -54.34       0     915     915     915
59134  02  00   250  99999.00  99999.00  10429.43  11208.23   -559.49   -269.33   -978.67   -165.43       0     896     896     896
59134  02  00   200  99999.00  99999.00  11889.66  12708.42   -637.78   -401.62  -1055.24   -271.40       0     880     880     878
59134  02  00   150  99999.00  99999.00  13708.57  14513.65   -782.51   -498.83  99999.00  99999.00       0     849     849      39
59134  02  00   100  99999.00  99999.00  16176.14  16860.38   -972.67   -544.27  99999.00  99999.00       0     820     823       0
59134  02  00    80  99999.00  99999.00  99999.00  99999.00  99999.00  99999.00  99999.00  99999.00       0       0       0       0
59134  02  00    70  99999.00  99999.00  18230.63  18896.75  -1001.98   -525.10  99999.00  99999.00       0     797     801       0
59134  02  00    60  99999.00  99999.00  99999.00  99999.00  99999.00  99999.00  99999.00  99999.00       0       0       0       0
59134  02  00    50  99999.00  99999.00  20150.17  20937.49   -875.72   -473.84  99999.00  99999.00       0     767     771       0
59134  02  00    40  99999.00  99999.00  21465.33  22339.65   -810.22   -440.86  99999.00  99999.00       0     735     740       0
59134  02  00    30  99999.00  99999.00  23186.74  24198.82   -759.91   -399.79  99999.00  99999.00       0     674     677       0
59134  02  00    20  99999.00  99999.00  25658.28  26877.36   -722.61   -337.41  99999.00  99999.00       0     571     580       0
59134  02  00    15  99999.00  99999.00  27421.87  28815.67   -704.72   -299.72  99999.00  99999.00       0     432     435       0
59134  02  00    10  99999.00  99999.00  30049.48  31435.60   -674.80   -282.28  99999.00  99999.00       0     143     143       0
59134  02  00     7  99999.00  99999.00  99999.00  99999.00  99999.00  99999.00  99999.00  99999.00       0      18      18       0
59134  02  00     5  99999.00  99999.00  99999.00  99999.00  99999.00  99999.00  99999.00  99999.00       0       0       0       0
59134  02  00     3  99999.00  99999.00  99999.00  99999.00  99999.00  99999.00  99999.00  99999.00       0       0       0       0
59134  02  00     2  99999.00  99999.00  99999.00  99999.00  99999.00  99999.00  99999.00  99999.00       0       0       0       0
59134  02  00     1  99999.00  99999.00  99999.00  99999.00  99999.00  99999.00  99999.00  99999.00       0       0       0       0
59134  03  00  9999   9751.75  10301.95  99999.00  99999.00    -53.70    320.94   -179.28    390.36     928       0     928     928
59134  03  00  1000  99999.00  99999.00     15.50    327.38    -42.79    292.61   -189.95    369.61       0     749     749     749
59134  03  00   925  99999.00  99999.00    640.92    984.48   -137.71    384.29   -361.17    527.67       0     650     650     650
59134  03  00   900  99999.00  99999.00  99999.00  99999.00  99999.00  99999.00  99999.00  99999.00       0       0       0       0
59134  03  00   850  99999.00  99999.00   1376.44   1666.36   -100.29    328.23   -477.44    608.92       0    1021    1021    1021
59134  03  00   800  99999.00  99999.00  99999.00  99999.00  99999.00  99999.00  99999.00  99999.00       0       0       0       0
59134  03  00   700  99999.00  99999.00   2985.75   3275.91   -105.26    205.54   -575.74    519.14       0    1022    1022    1022
59134  03  00   600  99999.00  99999.00   4198.56   4549.20   -161.48    125.44   -726.73    466.19       0    1022    1022    1022
59134  03  00   500  99999.00  99999.00   5586.13   6022.45   -236.44     50.12   -897.21    389.67       0    1021    1021    1021
59134  03  00   400  99999.00  99999.00   7233.84   7759.56   -357.45    -31.89   -922.66    203.18       0    1013    1013    1013
59134  03  00   300  99999.00  99999.00   9254.10   9898.26   -507.16   -160.60   -959.56    -13.96       0    1006    1006    1006
59134  03  00   250  99999.00  99999.00  10473.90  11192.82   -569.85   -270.57   -991.27   -134.47       0     989     989     989
59134  03  00   200  99999.00  99999.00  11918.71  12701.59   -656.63   -388.67  -1066.92   -242.16       0     976     976     971
59134  03  00   150  99999.00  99999.00  13715.43  14527.71   -796.34   -480.26   -870.77   -482.81       0     948     948      71
59134  03  00   100  99999.00  99999.00  16135.31  16931.99   -956.51   -548.99  99999.00  99999.00       0     927     927       0
59134  03  00    80  99999.00  99999.00  99999.00  99999.00  99999.00  99999.00  99999.00  99999.00       0       0       0       0
59134  03  00    70  99999.00  99999.00  18177.31  18992.23   -966.49   -551.65  99999.00  99999.00       0     907     907       0
59134  03  00    60  99999.00  99999.00  99999.00  99999.00  99999.00  99999.00  99999.00  99999.00       0       0       0       0
59134  03  00    50  99999.00  99999.00  20132.93  21010.01   -854.99   -475.55  99999.00  99999.00       0     872     872       0
59134  03  00    40  99999.00  99999.00  21480.30  22394.58   -775.50   -451.86  99999.00  99999.00       0     826     826       0
59134  03  00    30  99999.00  99999.00  23241.14  24233.78   -740.02   -395.50  99999.00  99999.00       0     752     753       0
59134  03  00    20  99999.00  99999.00  25776.12  26874.96   -687.68   -342.44  99999.00  99999.00       0     602     605       0
59134  03  00    15  99999.00  99999.00  27602.20  28775.68   -672.93   -296.37  99999.00  99999.00       0     424     425       0
59134  03  00    10  99999.00  99999.00  30228.63  31450.11   -675.90   -229.02  99999.00  99999.00       0     137     137       0
59134  03  00     7  99999.00  99999.00  99999.00  99999.00  99999.00  99999.00  99999.00  99999.00       0      27      27       0
59134  03  00     5  99999.00  99999.00  99999.00  99999.00  99999.00  99999.00  99999.00  99999.00       0       4       4       0
59134  03  00     3  99999.00  99999.00  99999.00  99999.00  99999.00  99999.00  99999.00  99999.00       0       0       0       0
59134  03  00     2  99999.00  99999.00  99999.00  99999.00  99999.00  99999.00  99999.00  99999.00       0       0       0       0
59134  03  00     1  99999.00  99999.00  99999.00  99999.00  99999.00  99999.00  99999.00  99999.00       0       0       0       0
59134  04  00  9999   9740.24  10240.04  99999.00  99999.00    -12.27    366.81   -138.22    437.54     906       0     906     906
59134  04  00  1000  99999.00  99999.00     38.28    273.84     -6.56    317.92   -156.05    385.15       0     426     426     426
59134  04  00   925  99999.00  99999.00    643.76    945.20    -67.35    393.33   -292.81    532.19       0     629     629     629
59134  04  00   900  99999.00  99999.00  99999.00  99999.00  99999.00  99999.00  99999.00  99999.00       0       0       0       0
59134  04  00   850  99999.00  99999.00   1382.84   1641.68    -29.35    315.53   -315.35    509.53       0     989     989     989
59134  04  00   800  99999.00  99999.00  99999.00  99999.00  99999.00  99999.00  99999.00  99999.00       0       0       0       0
59134  04  00   700  99999.00  99999.00   3005.16   3268.08    -46.94    194.14   -495.13    494.03       0     990     990     990
59134  04  00   600  99999.00  99999.00   4237.28   4543.16   -103.54    105.62   -604.22    427.66       0     990     990     990
59134  04  00   500  99999.00  99999.00   5648.07   6012.51   -188.25     32.07   -790.45    396.83       0     990     990     990
59134  04  00   400  99999.00  99999.00   7308.60   7755.72   -297.67    -67.39   -861.41    247.51       0     982     982     982
59134  04  00   300  99999.00  99999.00   9332.28   9904.20   -458.00   -201.08   -909.29     14.83       0     977     977     977
59134  04  00   250  99999.00  99999.00  10547.44  11204.92   -549.48   -291.60   -945.07   -119.83       0     965     965     964
59134  04  00   200  99999.00  99999.00  11983.40  12721.16   -652.70   -394.34  -1007.86   -251.02       0     949     949     948
59134  04  00   150  99999.00  99999.00  13767.48  14558.40   -781.46   -494.18  99999.00  99999.00       0     928     928      44
59134  04  00   100  99999.00  99999.00  16181.19  16972.83   -930.25   -566.17  99999.00  99999.00       0     900     901       0
59134  04  00    80  99999.00  99999.00  99999.00  99999.00  99999.00  99999.00  99999.00  99999.00       0       0       0       0
59134  04  00    70  99999.00  99999.00  18231.19  19036.75   -945.00   -556.20  99999.00  99999.00       0     868     870       0
59134  04  00    60  99999.00  99999.00  99999.00  99999.00  99999.00  99999.00  99999.00  99999.00       0       0       0       0
59134  04  00    50  99999.00  99999.00  20204.90  21051.38   -833.12   -481.76  99999.00  99999.00       0     825     826       0
59134  04  00    40  99999.00  99999.00  21559.98  22439.58   -758.20   -447.52  99999.00  99999.00       0     780     784       0
59134  04  00    30  99999.00  99999.00  23349.11  24274.43   -698.56   -404.68  99999.00  99999.00       0     701     702       0
59134  04  00    20  99999.00  99999.00  25893.17  26955.65   -656.95   -334.03  99999.00  99999.00       0     524     526       0
59134  04  00    15  99999.00  99999.00  27758.94  28854.90   -635.17   -290.77  99999.00  99999.00       0     365     370       0
59134  04  00    10  99999.00  99999.00  30335.00  31661.24   -608.06   -240.62  99999.00  99999.00       0     108     108       0
59134  04  00     7  99999.00  99999.00  99999.00  99999.00  99999.00  99999.00  99999.00  99999.00       0      16      16       0
59134  04  00     5  99999.00  99999.00  99999.00  99999.00  99999.00  99999.00  99999.00  99999.00       0       0       0       0
59134  04  00     3  99999.00  99999.00  99999.00  99999.00  99999.00  99999.00  99999.00  99999.00       0       0       0       0
59134  04  00     2  99999.00  99999.00  99999.00  99999.00  99999.00  99999.00  99999.00  99999.00       0       0       0       0
59134  04  00     1  99999.00  99999.00  99999.00  99999.00  99999.00  99999.00  99999.00  99999.00       0       0       0       0
59134  05  00  9999   9756.56  10150.52  99999.00  99999.00     76.54    359.98    -18.88    405.44     982       0     982     982
59134  05  00  1000  99999.00  99999.00    -20.04    283.08     48.59    345.95   -105.68    415.84       0     104     104     104
59134  05  00   925  99999.00  99999.00    634.27    909.67     48.20    340.16   -226.35    525.69       0     650     650     650
59134  05  00   900  99999.00  99999.00  99999.00  99999.00  99999.00  99999.00  99999.00  99999.00       0       0       0       0
59134  05  00   850  99999.00  99999.00   1365.93   1630.77     49.53    286.17   -247.31    488.65       0    1023    1023    1023
59134  05  00   800  99999.00  99999.00  99999.00  99999.00  99999.00  99999.00  99999.00  99999.00       0       0       0       0
59134  05  00   700  99999.00  99999.00   2997.58   3272.74     -0.88    189.92   -498.89    539.71       0    1023    1023    1023
59134  05  00   600  99999.00  99999.00   4253.71   4547.35    -68.29    122.15   -619.66    507.62       0    1023    1023    1023
59134  05  00   500  99999.00  99999.00   5693.97   6016.53   -147.97     42.23   -752.39    454.69       0    1023    1023    1023
59134  05  00   400  99999.00  99999.00   7382.80   7767.76   -266.13    -41.25   -809.83    296.81       0    1018    1018    1018
59134  05  00   300  99999.00  99999.00   9430.03   9941.59   -424.97   -178.97   -864.62     56.38       0    1014    1014    1014
59134  05  00   250  99999.00  99999.00  10660.51  11255.59   -514.49   -280.85   -908.20    -87.40       0    1002    1002    1002
59134  05  00   200  99999.00  99999.00  12098.63  12792.83   -627.49   -393.85   -977.80   -232.12       0     986     986     986
59134  05  00   150  99999.00  99999.00  13882.59  14643.87   -753.01   -518.29  99999.00  99999.00       0     955     955      24
59134  05  00   100  99999.00  99999.00  16285.55  17058.95   -914.09   -595.25  99999.00  99999.00       0     921     924       0
59134  05  00    80  99999.00  99999.00  99999.00  99999.00  99999.00  99999.00  99999.00  99999.00       0       0       0       0
59134  05  00    70  99999.00  99999.00  18335.72  19114.04   -922.51   -582.79  99999.00  99999.00       0     889     889       0
59134  05  00    60  99999.00  99999.00  99999.00  99999.00  99999.00  99999.00  99999.00  99999.00       0       0       0       0
59134  05  00    50  99999.00  99999.00  20316.41  21122.21   -840.94   -468.10  99999.00  99999.00       0     833     832       0
59134  05  00    40  99999.00  99999.00  21665.34  22528.50   -746.31   -439.59  99999.00  99999.00       0     782     782       0
59134  05  00    30  99999.00  99999.00  23446.48  24388.48   -685.18   -396.70  99999.00  99999.00       0     708     711       0
59134  05  00    20  99999.00  99999.00  26021.19  27056.55   -642.89   -323.21  99999.00  99999.00       0     527     532       0
59134  05  00    15  99999.00  99999.00  27918.16  28939.24   -605.11   -298.87  99999.00  99999.00       0     347     349       0
59134  05  00    10  99999.00  99999.00  30602.16  31696.20   -604.56   -228.96  99999.00  99999.00       0      95      95       0
59134  05  00     7  99999.00  99999.00  99999.00  99999.00  99999.00  99999.00  99999.00  99999.00       0      19      19       0
59134  05  00     5  99999.00  99999.00  99999.00  99999.00  99999.00  99999.00  99999.00  99999.00       0       1       1       0
59134  05  00     3  99999.00  99999.00  99999.00  99999.00  99999.00  99999.00  99999.00  99999.00       0       0       0       0
59134  05  00     2  99999.00  99999.00  99999.00  99999.00  99999.00  99999.00  99999.00  99999.00       0       0       0       0
59134  05  00     1  99999.00  99999.00  99999.00  99999.00  99999.00  99999.00  99999.00  99999.00       0       0       0       0
59134  06  00  9999   9700.30  10145.26  99999.00  99999.00    127.21    374.89     69.55    388.15     987       0     987     987
59134  06  00  1000  99999.00  99999.00  99999.00  99999.00  99999.00  99999.00  99999.00  99999.00       0      32      32      32
59134  06  00   925  99999.00  99999.00    609.50    895.82    110.09    329.45     -2.24    383.68       0     630     630     630
59134  06  00   900  99999.00  99999.00  99999.00  99999.00  99999.00  99999.00  99999.00  99999.00       0       0       0       0
59134  06  00   850  99999.00  99999.00   1322.95   1644.91     95.53    277.69    -71.14    368.66       0     990     990     990
59134  06  00   800  99999.00  99999.00  99999.00  99999.00  99999.00  99999.00  99999.00  99999.00       0       0       0       0
59134  06  00   700  99999.00  99999.00   2967.90   3296.70     26.52    196.80   -269.15    367.93       0     990     990     990
59134  06  00   600  99999.00  99999.00   4239.65   4573.01    -34.70    125.86   -428.37    370.95       0     990     990     990
59134  06  00   500  99999.00  99999.00   5703.93   6038.37   -109.37     38.47   -525.06    296.94       0     990     990     990
59134  06  00   400  99999.00  99999.00   7437.39   7770.03   -216.64    -52.00   -656.07    203.97       0     987     987     987
59134  06  00   300  99999.00  99999.00   9548.00   9916.04   -372.99   -188.55   -761.35      7.97       0     981     981     981
59134  06  00   250  99999.00  99999.00  10805.37  11223.69   -480.71   -277.19   -801.99   -138.63       0     972     972     972
59134  06  00   200  99999.00  99999.00  12257.31  12768.39   -610.04   -388.04   -878.91   -287.79       0     959     959     959
59134  06  00   150  99999.00  99999.00  14017.33  14650.93   -760.18   -515.26  99999.00  99999.00       0     932     932      29
59134  06  00   100  99999.00  99999.00  16355.57  17119.49   -904.29   -616.17  99999.00  99999.00       0     905     905       0
59134  06  00    80  99999.00  99999.00  99999.00  99999.00  99999.00  99999.00  99999.00  99999.00       0       0       0       0
59134  06  00    70  99999.00  99999.00  18382.87  19199.83   -895.94   -590.90  99999.00  99999.00       0     877     878       0
59134  06  00    60  99999.00  99999.00  99999.00  99999.00  99999.00  99999.00  99999.00  99999.00       0       0       0       0
59134  06  00    50  99999.00  99999.00  20375.94  21223.14   -780.86   -501.98  99999.00  99999.00       0     838     839       0
59134  06  00    40  99999.00  99999.00  21734.84  22623.68   -720.89   -467.33  99999.00  99999.00       0     799     800       0
59134  06  00    30  99999.00  99999.00  23525.22  24469.86   -678.41   -406.85  99999.00  99999.00       0     718     718       0
59134  06  00    20  99999.00  99999.00  26100.56  27141.80   -635.81   -330.41  99999.00  99999.00       0     536     540       0
59134  06  00    15  99999.00  99999.00  27963.91  29061.07   -628.68   -281.88  99999.00  99999.00       0     366     366       0
59134  06  00    10  99999.00  99999.00  30653.28  31740.36   -618.85   -243.13  99999.00  99999.00       0     107     107       0
59134  06  00     7  99999.00  99999.00  99999.00  99999.00  99999.00  99999.00  99999.00  99999.00       0      23      23       0
59134  06  00     5  99999.00  99999.00  99999.00  99999.00  99999.00  99999.00  99999.00  99999.00       0       3       3       0
59134  06  00     3  99999.00  99999.00  99999.00  99999.00  99999.00  99999.00  99999.00  99999.00       0       0       0       0
59134  06  00     2  99999.00  99999.00  99999.00  99999.00  99999.00  99999.00  99999.00  99999.00       0       0       0       0
59134  06  00     1  99999.00  99999.00  99999.00  99999.00  99999.00  99999.00  99999.00  99999.00       0       0       0       0
59134  07  00  9999   9678.54  10152.18  99999.00  99999.00    195.37    341.05    174.72    312.72    1020       0    1020    1020
59134  07  00  1000  99999.00  99999.00  99999.00  99999.00  99999.00  99999.00  99999.00  99999.00       0      19      19      19
59134  07  00   925  99999.00  99999.00    548.38    947.62    156.20    314.72    108.52    295.84       0     650     650     650
59134  07  00   900  99999.00  99999.00  99999.00  99999.00  99999.00  99999.00  99999.00  99999.00       0       0       0       0
59134  07  00   850  99999.00  99999.00   1292.33   1677.65    117.71    279.11     29.21    281.09       0    1022    1022    1022
59134  07  00   800  99999.00  99999.00  99999.00  99999.00  99999.00  99999.00  99999.00  99999.00       0       0       0       0
59134  07  00   700  99999.00  99999.00   2947.34   3330.86     43.31    196.91   -250.51    327.77       0    1022    1022    1022
59134  07  00   600  99999.00  99999.00   4225.44   4604.88    -25.00    122.12   -401.12    320.08       0    1022    1022    1022
59134  07  00   500  99999.00  99999.00   5699.16   6062.52   -113.39     45.13   -594.81    326.07       0    1020    1020    1020
59134  07  00   400  99999.00  99999.00   7447.02   7779.18   -228.82    -40.66   -759.54    263.82       0    1016    1016    1016
59134  07  00   300  99999.00  99999.00   9565.97   9915.65   -386.39   -174.23   -831.59     48.37       0    1008    1008    1008
59134  07  00   250  99999.00  99999.00  10825.75  11222.59   -478.28   -273.80   -872.66    -89.30       0    1003    1003    1003
59134  07  00   200  99999.00  99999.00  12287.93  12762.53   -599.39   -388.67   -931.16   -246.80       0     993     993     993
59134  07  00   150  99999.00  99999.00  14056.24  14645.08   -743.01   -526.89  99999.00  99999.00       0     981     981      23
59134  07  00   100  99999.00  99999.00  16411.82  17095.70   -902.79   -612.39  99999.00  99999.00       0     957     957       0
59134  07  00    80  99999.00  99999.00  99999.00  99999.00  99999.00  99999.00  99999.00  99999.00       0       0       0       0
59134  07  00    70  99999.00  99999.00  18489.75  19161.15   -893.40   -537.24  99999.00  99999.00       0     943     944       0
59134  07  00    60  99999.00  99999.00  99999.00  99999.00  99999.00  99999.00  99999.00  99999.00       0       0       0       0
59134  07  00    50  99999.00  99999.00  20484.40  21224.44   -767.59   -499.03  99999.00  99999.00       0     902     903       0
59134  07  00    40  99999.00  99999.00  21833.27  22639.79   -732.45   -452.61  99999.00  99999.00       0     845     846       0
59134  07  00    30  99999.00  99999.00  23614.40  24485.12   -683.97   -412.05  99999.00  99999.00       0     739     741       0
59134  07  00    20  99999.00  99999.00  26194.64  27129.68   -645.88   -340.24  99999.00  99999.00       0     568     571       0
59134  07  00    15  99999.00  99999.00   7197.72  50244.12   -617.82   -309.78  99999.00  99999.00       0     397     400       0
59134  07  00    10  99999.00  99999.00  30724.53  31741.77   -621.23   -246.95  99999.00  99999.00       0     146     146       0
59134  07  00     7  99999.00  99999.00  99999.00  99999.00  99999.00  99999.00  99999.00  99999.00       0      29      29       0
59134  07  00     5  99999.00  99999.00  99999.00  99999.00  99999.00  99999.00  99999.00  99999.00       0       0       0       0
59134  07  00     3  99999.00  99999.00  99999.00  99999.00  99999.00  99999.00  99999.00  99999.00       0       0       0       0
59134  07  00     2  99999.00  99999.00  99999.00  99999.00  99999.00  99999.00  99999.00  99999.00       0       0       0       0
59134  07  00     1  99999.00  99999.00  99999.00  99999.00  99999.00  99999.00  99999.00  99999.00       0       0       0       0
59134  08  00  9999   9642.28  10177.24  99999.00  99999.00    190.87    340.15    157.61    324.65    1019       0    1019    1019
59134  08  00  1000  99999.00  99999.00  99999.00  99999.00  99999.00  99999.00  99999.00  99999.00       0      20      20      20
59134  08  00   925  99999.00  99999.00    519.08    972.68    154.01    313.85    109.46    293.06       0     649     649     649
59134  08  00   900  99999.00  99999.00  99999.00  99999.00  99999.00  99999.00  99999.00  99999.00       0       0       0       0
59134  08  00   850  99999.00  99999.00   1263.85   1694.89    119.80    271.84     33.49    279.85       0    1023    1023    1023
59134  08  00   800  99999.00  99999.00  99999.00  99999.00  99999.00  99999.00  99999.00  99999.00       0       0       0       0
59134  08  00   700  99999.00  99999.00   2918.93   3345.05     44.44    189.76   -200.59    296.21       0    1023    1023    1023
59134  08  00   600  99999.00  99999.00   4200.78   4614.66    -28.13    126.31   -397.65    331.71       0    1023    1023    1023
59134  08  00   500  99999.00  99999.00   5679.70   6068.50   -117.14     52.90   -564.75    307.77       0    1022    1022    1022
59134  08  00   400  99999.00  99999.00   7433.85   7781.97   -222.54    -43.62   -693.02    210.34       0    1018    1018    1018
59134  08  00   300  99999.00  99999.00   9571.60   9900.64   -383.23   -178.39   -814.19     36.01       0    1014    1014    1014
59134  08  00   250  99999.00  99999.00  10844.36  11194.04   -484.50   -269.94   -859.37   -100.61       0    1006    1006    1006
59134  08  00   200  99999.00  99999.00  12310.25  12728.33   -610.17   -379.05   -920.03   -256.67       0     991     991     991
59134  08  00   150  99999.00  99999.00  14075.07  14614.23   -753.06   -513.18  99999.00  99999.00       0     978     977      38
59134  08  00   100  99999.00  99999.00  16422.39  17078.67   -898.68   -613.44  99999.00  99999.00       0     955     955       0
59134  08  00    80  99999.00  99999.00  99999.00  99999.00  99999.00  99999.00  99999.00  99999.00       0       0       0       0
59134  08  00    70  99999.00  99999.00  18493.51  19167.07   -870.36   -539.52  99999.00  99999.00       0     938     938       0
59134  08  00    60  99999.00  99999.00  99999.00  99999.00  99999.00  99999.00  99999.00  99999.00       0       0       0       0
59134  08  00    50  99999.00  99999.00  20480.36  21248.24   -769.47   -493.95  99999.00  99999.00       0     893     893       0
59134  08  00    40  99999.00  99999.00  21820.58  22670.90   -720.61   -466.57  99999.00  99999.00       0     830     830       0
59134  08  00    30  99999.00  99999.00  23591.79  24527.91   -689.86   -414.82  99999.00  99999.00       0     743     744       0
59134  08  00    20  99999.00  99999.00  26149.17  27184.53   -645.78   -353.22  99999.00  99999.00       0     579     582       0
59134  08  00    15  99999.00  99999.00  28037.09  29044.49   -619.89   -321.33  99999.00  99999.00       0     412     416       0
59134  08  00    10  99999.00  99999.00  30803.47  31622.11   -615.09   -271.29  99999.00  99999.00       0     137     138       0
59134  08  00     7  99999.00  99999.00  99999.00  99999.00  99999.00  99999.00  99999.00  99999.00       0      32      32       0
59134  08  00     5  99999.00  99999.00  99999.00  99999.00  99999.00  99999.00  99999.00  99999.00       0       0       0       0
59134  08  00     3  99999.00  99999.00  99999.00  99999.00  99999.00  99999.00  99999.00  99999.00       0       0       0       0
59134  08  00     2  99999.00  99999.00  99999.00  99999.00  99999.00  99999.00  99999.00  99999.00       0       0       0       0
59134  08  00     1  99999.00  99999.00  99999.00  99999.00  99999.00  99999.00  99999.00  99999.00       0       0       0       0
59134  09  00  9999   9702.90  10191.18  99999.00  99999.00    147.05    353.57     38.72    391.76     940       0     940     940
59134  09  00  1000  99999.00  99999.00      6.75    260.31    111.76    352.84     -0.29    376.87       0     104     104     104
59134  09  00   925  99999.00  99999.00    593.87    953.63     97.11    330.99    -11.47    359.33       0     630     630     630
59134  09  00   900  99999.00  99999.00  99999.00  99999.00  99999.00  99999.00  99999.00  99999.00       0       0       0       0
59134  09  00   850  99999.00  99999.00   1326.16   1681.72     68.50    286.66    -95.51    367.45       0     988     988     988
59134  09  00   800  99999.00  99999.00  99999.00  99999.00  99999.00  99999.00  99999.00  99999.00       0       0       0       0
59134  09  00   700  99999.00  99999.00   2977.33   3318.49     12.26    201.14   -355.04    424.72       0     990     990     990
59134  09  00   600  99999.00  99999.00   4252.04   4586.96    -45.80    129.64   -472.59    378.81       0     988     988     988
59134  09  00   500  99999.00  99999.00   5719.81   6044.41   -127.83     50.01   -634.13    348.55       0     989     989     989
59134  09  00   400  99999.00  99999.00   7449.26   7772.42   -230.33    -51.89   -793.97    266.47       0     986     986     986
59134  09  00   300  99999.00  99999.00   9555.56   9905.12   -397.84   -188.92   -870.21     47.43       0     980     980     980
59134  09  00   250  99999.00  99999.00  10808.53  11204.05   -501.61   -280.33   -899.83   -100.87       0     973     973     973
59134  09  00   200  99999.00  99999.00  12259.20  12737.52   -621.33   -388.53   -965.04   -248.28       0     967     967     967
59134  09  00   150  99999.00  99999.00  14024.71  14610.43   -754.74   -519.90  99999.00  99999.00       0     957     957      36
59134  09  00   100  99999.00  99999.00  16373.59  17066.11   -898.16   -625.76  99999.00  99999.00       0     926     926       0
59134  09  00    80  99999.00  99999.00  99999.00  99999.00  99999.00  99999.00  99999.00  99999.00       0       0       0       0
59134  09  00    70  99999.00  99999.00  18421.73  19152.89   -867.80   -565.16  99999.00  99999.00       0     908     908       0
59134  09  00    60  99999.00  99999.00  99999.00  99999.00  99999.00  99999.00  99999.00  99999.00       0       0       0       0
59134  09  00    50  99999.00  99999.00  20399.73  21230.85   -769.10   -501.26  99999.00  99999.00       0     871     871       0
59134  09  00    40  99999.00  99999.00  21739.23  22653.03   -728.08   -463.24  99999.00  99999.00       0     824     824       0
59134  09  00    30  99999.00  99999.00  23531.62  24478.30   -681.32   -422.12  99999.00  99999.00       0     710     710       0
59134  09  00    20  99999.00  99999.00  26093.49  27128.61   -639.23   -359.75  99999.00  99999.00       0     547     551       0
59134  09  00    15  99999.00  99999.00  27947.41  29028.25   -624.02   -328.34  99999.00  99999.00       0     386     388       0
59134  09  00    10  99999.00  99999.00  30620.37  31710.33   -628.92   -259.44  99999.00  99999.00       0     152     153       0
59134  09  00     7  99999.00  99999.00  99999.00  99999.00  99999.00  99999.00  99999.00  99999.00       0      24      24       0
59134  09  00     5  99999.00  99999.00  99999.00  99999.00  99999.00  99999.00  99999.00  99999.00       0       0       0       0
59134  09  00     3  99999.00  99999.00  99999.00  99999.00  99999.00  99999.00  99999.00  99999.00       0       0       0       0
59134  09  00     2  99999.00  99999.00  99999.00  99999.00  99999.00  99999.00  99999.00  99999.00       0       0       0       0
59134  09  00     1  99999.00  99999.00  99999.00  99999.00  99999.00  99999.00  99999.00  99999.00       0       0       0       0
59134  10  00  9999   9775.63  10235.59  99999.00  99999.00     78.91    352.15    -82.67    407.89     887       0     886     886
59134  10  00  1000  99999.00  99999.00     59.16    252.00     82.11    336.15    -88.71    395.85       0     654     654     654
59134  10  00   925  99999.00  99999.00    660.46    966.22     23.43    328.59   -122.39    376.69       0     650     650     650
59134  10  00   900  99999.00  99999.00  99999.00  99999.00  99999.00  99999.00  99999.00  99999.00       0       0       0       0
59134  10  00   850  99999.00  99999.00   1397.01   1669.65      2.69    296.09   -278.61    463.47       0    1022    1022    1022
59134  10  00   800  99999.00  99999.00  99999.00  99999.00  99999.00  99999.00  99999.00  99999.00       0       0       0       0
59134  10  00   700  99999.00  99999.00   3024.39   3305.43    -14.47    198.41   -560.58    538.74       0    1021    1022    1022
59134  10  00   600  99999.00  99999.00   4278.68   4577.96    -78.25    128.75   -645.59    470.17       0    1022    1022    1022
59134  10  00   500  99999.00  99999.00   5720.49   6043.77   -152.40     46.08   -809.73    424.95       0    1021    1021    1021
59134  10  00   400  99999.00  99999.00   7418.57   7782.05   -257.19    -57.03   -882.05    268.51       0    1016    1016    1016
59134  10  00   300  99999.00  99999.00   9485.82   9927.66   -416.28   -200.28   -942.65     32.11       0    1015    1015    1015
59134  10  00   250  99999.00  99999.00  10722.87  11227.35   -507.28   -299.68   -977.17   -105.01       0    1012    1012    1012
59134  10  00   200  99999.00  99999.00  12169.29  12750.57   -617.14   -412.06  -1036.53   -244.77       0    1003    1003    1003
59134  10  00   150  99999.00  99999.00  13936.46  14607.62   -754.90   -537.94  99999.00  99999.00       0     998     998       5
59134  10  00   100  99999.00  99999.00  16284.14  17040.14   -935.08   -618.16  99999.00  99999.00       0     983     984       0
59134  10  00    80  99999.00  99999.00  99999.00  99999.00  99999.00  99999.00  99999.00  99999.00       0       0       0       0
59134  10  00    70  99999.00  99999.00  18324.82  19097.62   -911.46   -553.62  99999.00  99999.00       0     963     964       0
59134  10  00    60  99999.00  99999.00  99999.00  99999.00  99999.00  99999.00  99999.00  99999.00       0       0       0       0
59134  10  00    50  99999.00  99999.00  20304.27  21150.03   -777.17   -508.01  99999.00  99999.00       0     934     936       0
59134  10  00    40  99999.00  99999.00  21648.47  22558.79   -735.55   -469.15  99999.00  99999.00       0     888     892       0
59134  10  00    30  99999.00  99999.00  23407.49  24420.29   -690.07   -425.59  99999.00  99999.00       0     805     808       0
59134  10  00    20  99999.00  99999.00  25942.57  27079.69   -663.60   -356.04  99999.00  99999.00       0     632     641       0
59134  10  00    15  99999.00  99999.00  27790.71  28957.71   -653.52   -315.48  99999.00  99999.00       0     450     452       0
59134  10  00    10  99999.00  99999.00  30443.71  31607.35   -609.49   -302.29  99999.00  99999.00       0     157     157       0
59134  10  00     7  99999.00  99999.00  99999.00  99999.00  99999.00  99999.00  99999.00  99999.00       0      30      30       0
59134  10  00     5  99999.00  99999.00  99999.00  99999.00  99999.00  99999.00  99999.00  99999.00       0       0       0       0
59134  10  00     3  99999.00  99999.00  99999.00  99999.00  99999.00  99999.00  99999.00  99999.00       0       0       0       0
59134  10  00     2  99999.00  99999.00  99999.00  99999.00  99999.00  99999.00  99999.00  99999.00       0       0       0       0
59134  10  00     1  99999.00  99999.00  99999.00  99999.00  99999.00  99999.00  99999.00  99999.00       0       0       0       0
59134  11  00  9999   9836.99  10238.51  99999.00  99999.00     12.88    334.96   -164.17    412.43     906       0     906     906
59134  11  00  1000  99999.00  99999.00     34.82    311.66     13.81    331.69   -169.78    410.18       0     888     888     888
59134  11  00   925  99999.00  99999.00    691.67    969.47    -50.96    338.44   -251.76    446.76       0     659     659     659
59134  11  00   900  99999.00  99999.00  99999.00  99999.00  99999.00  99999.00  99999.00  99999.00       0       0       0       0
59134  11  00   850  99999.00  99999.00   1425.27   1661.55    -58.29    304.35   -496.17    591.99       0     990     990     990
59134  11  00   800  99999.00  99999.00  99999.00  99999.00  99999.00  99999.00  99999.00  99999.00       0       0       0       0
59134  11  00   700  99999.00  99999.00   3026.75   3289.43    -86.24    214.24   -724.42    608.78       0     990     990     990
59134  11  00   600  99999.00  99999.00   4246.00   4572.64   -141.61    148.91   -841.68    554.88       0     989     989     989
59134  11  00   500  99999.00  99999.00   5647.47   6055.83   -211.03     66.89   -899.41    413.75       0     990     990     990
59134  11  00   400  99999.00  99999.00   7301.81   7813.25   -314.58    -35.22   -928.23    240.93       0     985     985     985
59134  11  00   300  99999.00  99999.00   9340.92   9964.44   -438.09   -198.21   -953.18     -8.66       0     980     980     980
59134  11  00   250  99999.00  99999.00  10578.40  11255.20   -516.54   -304.02   -987.00   -135.48       0     979     979     979
59134  11  00   200  99999.00  99999.00  12034.26  12760.50   -616.16   -424.88  -1047.24   -267.96       0     977     977     977
59134  11  00   150  99999.00  99999.00  13820.87  14588.75   -762.09   -540.33  99999.00  99999.00       0     971     971      10
59134  11  00   100  99999.00  99999.00  16204.95  16977.87   -945.13   -600.73  99999.00  99999.00       0     941     941       0
59134  11  00    80  99999.00  99999.00  99999.00  99999.00  99999.00  99999.00  99999.00  99999.00       0       0       0       0
59134  11  00    70  99999.00  99999.00  18267.39  19003.83   -935.79   -560.67  99999.00  99999.00       0     933     933       0
59134  11  00    60  99999.00  99999.00  99999.00  99999.00  99999.00  99999.00  99999.00  99999.00       0       0       0       0
59134  11  00    50  99999.00  99999.00  20260.67  21018.95   -806.97   -494.49  99999.00  99999.00       0     916     916       0
59134  11  00    40  99999.00  99999.00  21615.21  22410.33   -749.36   -463.40  99999.00  99999.00       0     884     886       0
59134  11  00    30  99999.00  99999.00  23380.81  24258.25   -701.75   -421.07  99999.00  99999.00       0     818     818       0
59134  11  00    20  99999.00  99999.00  25901.07  26932.23   -675.49   -352.33  99999.00  99999.00       0     651     654       0
59134  11  00    15  99999.00  99999.00  27724.87  28838.95   -667.33   -313.33  99999.00  99999.00       0     481     482       0
59134  11  00    10  99999.00  99999.00  30269.79  31616.67   -674.17   -242.77  99999.00  99999.00       0     183     183       0
59134  11  00     7  99999.00  99999.00  99999.00  99999.00  99999.00  99999.00  99999.00  99999.00       0      41      41       0
59134  11  00     5  99999.00  99999.00  99999.00  99999.00  99999.00  99999.00  99999.00  99999.00       0       3       3       0
59134  11  00     3  99999.00  99999.00  99999.00  99999.00  99999.00  99999.00  99999.00  99999.00       0       0       0       0
59134  11  00     2  99999.00  99999.00  99999.00  99999.00  99999.00  99999.00  99999.00  99999.00       0       0       0       0
59134  11  00     1  99999.00  99999.00  99999.00  99999.00  99999.00  99999.00  99999.00  99999.00       0       0       0       0
59134  12  00  9999   9859.79  10265.51  99999.00  99999.00    -62.00    316.84   -231.35    394.33     999       0     999     999
59134  12  00  1000  99999.00  99999.00     32.41    349.69    -60.30    315.90   -251.31    406.89       0     994     994     994
59134  12  00   925  99999.00  99999.00    698.15    985.67   -133.79    345.25   -403.13    512.95       0     681     681     681
59134  12  00   900  99999.00  99999.00  99999.00  99999.00  99999.00  99999.00  99999.00  99999.00       0       0       0       0
59134  12  00   850  99999.00  99999.00   1419.49   1669.33   -113.61    292.95   -623.00    629.20       0    1021    1021    1021
59134  12  00   800  99999.00  99999.00  99999.00  99999.00  99999.00  99999.00  99999.00  99999.00       0       0       0       0
59134  12  00   700  99999.00  99999.00   2979.65   3296.93   -151.75    214.25   -773.87    590.41       0    1023    1023    1023
59134  12  00   600  99999.00  99999.00   4172.99   4580.51   -206.52    176.88   -918.35    516.37       0    1023    1023    1023
59134  12  00   500  99999.00  99999.00   5555.50   6064.42   -265.03     89.57   -935.57    345.43       0    1023    1023    1023
59134  12  00   400  99999.00  99999.00   7188.00   7823.04   -361.68    -13.80   -924.70    152.42       0    1019    1019    1019
59134  12  00   300  99999.00  99999.00   9212.61   9972.93   -468.16   -180.28   -935.72    -76.04       0    1009    1009    1009
59134  12  00   250  99999.00  99999.00  10447.88  11259.92   -527.54   -302.06   -981.94   -179.74       0    1000    1000    1000
59134  12  00   200  99999.00  99999.00  11910.76  12753.04   -624.62   -422.90  -1049.97   -297.09       0     989     989     989
59134  12  00   150  99999.00  99999.00  13713.01  14563.81   -769.81   -527.17  99999.00  99999.00       0     965     965       8
59134  12  00   100  99999.00  99999.00  16146.08  16922.96   -950.65   -576.37  99999.00  99999.00       0     944     944       0
59134  12  00    80  99999.00  99999.00  99999.00  99999.00  99999.00  99999.00  99999.00  99999.00       0       0       0       0
59134  12  00    70  99999.00  99999.00  18230.12  18933.56   -951.77   -560.81  99999.00  99999.00       0     928     929       0
59134  12  00    60  99999.00  99999.00  99999.00  99999.00  99999.00  99999.00  99999.00  99999.00       0       0       0       0
59134  12  00    50  99999.00  99999.00  20207.92  20939.92   -838.45   -480.37  99999.00  99999.00       0     900     901       0
59134  12  00    40  99999.00  99999.00  21547.30  22337.74   -775.50   -452.58  99999.00  99999.00       0     881     882       0
59134  12  00    30  99999.00  99999.00  23306.46  24173.46   -738.24   -407.76  99999.00  99999.00       0     813     815       0
59134  12  00    20  99999.00  99999.00  25802.51  26842.55   -721.08   -335.16  99999.00  99999.00       0     679     685       0
59134  12  00    15  99999.00  99999.00  27572.48  28784.96   -715.96   -285.16  99999.00  99999.00       0     525     532       0
59134  12  00    10  99999.00  99999.00  30070.97  31569.05   -713.26   -226.18  99999.00  99999.00       0     206     207       0
59134  12  00     7  99999.00  99999.00  99999.00  99999.00  99999.00  99999.00  99999.00  99999.00       0      42      42       0
59134  12  00     5  99999.00  99999.00  99999.00  99999.00  99999.00  99999.00  99999.00  99999.00       0       1       1       0
59134  12  00     3  99999.00  99999.00  99999.00  99999.00  99999.00  99999.00  99999.00  99999.00       0       0       0       0
59134  12  00     2  99999.00  99999.00  99999.00  99999.00  99999.00  99999.00  99999.00  99999.00       0       0       0       0
59134  12  00     1  99999.00  99999.00  99999.00  99999.00  99999.00  99999.00  99999.00  99999.00       0       0       0       0
