02836  01  12  9999    890.24   1078.40  99999.00  99999.00   -698.89    437.39    -49.24     88.52    1019       0    1019    1017
02836  01  12  1000  99999.00  99999.00    -89.45    568.75   -670.51    353.93   -724.65    364.59       0     169     169     166
02836  01  12   925  99999.00  99999.00    -57.89   1380.07   -371.73    208.95   -530.01    295.11       0     689     704     703
02836  01  12   900  99999.00  99999.00  99999.00  99999.00  99999.00  99999.00  99999.00  99999.00       0       0      29      29
02836  01  12   850  99999.00  99999.00    580.06   2045.02   -410.93    204.55   -635.59    317.93       0    1064    1063    1058
02836  01  12   800  99999.00  99999.00  99999.00  99999.00  99999.00  99999.00  99999.00  99999.00       0       0      23      23
02836  01  12   700  99999.00  99999.00   2007.41   3566.69   -512.74    153.38   -866.52    320.04       0    1064    1062    1060
02836  01  12   600  99999.00  99999.00  99999.00  99999.00  99999.00  99999.00  99999.00  99999.00       0       0      20      20
02836  01  12   500  99999.00  99999.00   4258.60   6190.96   -667.00     -9.16   -972.75     98.37       0    1064    1062    1045
02836  01  12   400  99999.00  99999.00   5637.12   7870.56   -733.29   -158.13   -984.66    -96.06       0    1063    1062     953
02836  01  12   300  99999.00  99999.00   7362.51   9888.39   -767.36   -366.92   -982.18   -353.14       0    1062    1063     912
02836  01  12   250  99999.00  99999.00   8483.07  11053.11   -847.99   -374.71   -990.19   -471.31       0    1061    1060     855
02836  01  12   200  99999.00  99999.00   9913.23  12382.35   -963.82   -287.26  -1073.05   -496.93       0    1060    1059     836
02836  01  12   150  99999.00  99999.00  11704.00  14135.32   -955.66   -307.06  -1134.41   -526.61       0    1048    1048     832
02836  01  12   100  99999.00  99999.00  14032.33  16756.21  -1014.86   -320.06  -1160.64   -582.60       0    1033    1034     767
02836  01  12    80  99999.00  99999.00  99999.00  99999.00  99999.00  99999.00  99999.00  99999.00       0       0      39      27
02836  01  12    70  99999.00  99999.00  15938.76  19134.84  -1092.54   -308.46  -1184.33   -608.57       0     980     982     688
02836  01  12    60  99999.00  99999.00  99999.00  99999.00  99999.00  99999.00  99999.00  99999.00       0       0      58      39
02836  01  12    50  99999.00  99999.00  17652.01  21423.49  -1172.94   -276.18  -1220.89   -610.21       0     916     922     611
02836  01  12    40  99999.00  99999.00  99999.00  99999.00 -14671.85  12087.67  99999.00  99999.00       0       0      66      40
02836  01  12    30  99999.00  99999.00  20109.51  25001.43  -1302.02   -167.54  -1284.73   -561.61       0     653     676     446
02836  01  12    20  99999.00  99999.00  21821.31  28135.83  -1431.27     12.21  -1354.43   -468.95       0     414     434     303
02836  01  12    15  99999.00  99999.00  99999.00  99999.00 -19738.43  16249.57  -1430.49   -345.09       0       0     104      78
02836  01  12    10  99999.00  99999.00  24218.98  34568.50  -1600.98    397.26  -1453.39   -258.55       0     123     153     126
02836  01  12     7  99999.00  99999.00  99999.00  99999.00  99999.00  99999.00  99999.00  99999.00       0       0      48      46
02836  01  12     5  99999.00  99999.00  99999.00  99999.00  99999.00  99999.00  99999.00  99999.00       0       0      16      14
02836  01  12     3  99999.00  99999.00  99999.00  99999.00  99999.00  99999.00  99999.00  99999.00       0       0       2       1
02836  01  12     2  99999.00  99999.00  99999.00  99999.00  99999.00  99999.00  99999.00  99999.00       0       0       0       0
02836  01  12     1  99999.00  99999.00  99999.00  99999.00  99999.00  99999.00  99999.00  99999.00       0       0       0       0
02836  02  12  9999    890.33   1083.41  99999.00  99999.00   -560.72    354.28    -64.85    116.83     932       0     931     930
02836  02  12  1000  99999.00  99999.00    -72.41    559.87   -553.70    284.14   -587.22    262.74       0     204     205     204
02836  02  12   925  99999.00  99999.00    -38.92   1372.28   -402.44    219.04   -509.25    253.59       0     630     646     646
02836  02  12   900  99999.00  99999.00  99999.00  99999.00  99999.00  99999.00  99999.00  99999.00       0       0      25      25
02836  02  12   850  99999.00  99999.00    581.48   2082.20   -407.64    198.72   -634.83    309.69       0     965     965     963
02836  02  12   800  99999.00  99999.00  99999.00  99999.00  99999.00  99999.00  99999.00  99999.00       0       0      17      17
02836  02  12   700  99999.00  99999.00   2027.91   3584.07   -497.18    136.90   -846.38    299.26       0     966     966     966
02836  02  12   600  99999.00  99999.00  99999.00  99999.00  99999.00  99999.00  99999.00  99999.00       0       0      18      18
02836  02  12   500  99999.00  99999.00   4306.26   6178.62   -657.28    -25.96   -942.21     64.11       0     966     966     940
02836  02  12   400  99999.00  99999.00   5698.68   7839.00   -723.19   -175.15   -991.43   -104.27       0     965     965     852
02836  02  12   300  99999.00  99999.00   7445.21   9833.93   -782.25   -344.97  -1017.53   -336.65       0     964     964     842
02836  02  12   250  99999.00  99999.00   8587.84  10985.20   -917.57   -280.49  -1029.31   -458.59       0     962     961     792
02836  02  12   200  99999.00  99999.00  10029.23  12322.91  -1033.41   -180.57  -1092.01   -504.13       0     960     961     758
02836  02  12   150  99999.00  99999.00  11796.88  14134.84  -1037.44   -183.40  -1144.82   -528.26       0     957     957     760
02836  02  12   100  99999.00  99999.00  14028.01  16912.33  -1123.67   -153.71  -1173.12   -564.60       0     950     951     730
02836  02  12    80  99999.00  99999.00  99999.00  99999.00  99999.00  99999.00  99999.00  99999.00       0       0      29      24
02836  02  12    70  99999.00  99999.00  15813.18  19479.90  -1216.70   -103.46  -1233.85   -539.17       0     915     916     672
02836  02  12    60  99999.00  99999.00  99999.00  99999.00  99999.00  99999.00  99999.00  99999.00       0       0      41      27
02836  02  12    50  99999.00  99999.00  17391.02  21983.66  -1275.28    -76.84  -1279.03   -522.43       0     879     879     631
02836  02  12    40  99999.00  99999.00  99999.00  99999.00 -11610.28   9586.28  99999.00  99999.00       0       0      82      54
02836  02  12    30  99999.00  99999.00  19683.58  25871.38  -1316.45    -40.61  -1341.59   -468.35       0     777     787     576
02836  02  12    20  99999.00  99999.00  21591.50  28914.74  -1309.27     -5.71  -1394.17   -397.81       0     568     591     454
02836  02  12    15  99999.00  99999.00  99999.00  99999.00 -18255.91  15155.21  -1395.52   -386.68       0       0     144     115
02836  02  12    10  99999.00  99999.00  25111.29  33975.21  -3711.91   2468.21  -1399.63   -337.63       0     246     274     239
02836  02  12     7  99999.00  99999.00  99999.00  99999.00 -24855.10  20162.66  -1501.95   -144.39       0       0     130     121
02836  02  12     5  99999.00  99999.00  99999.00  99999.00  99999.00  99999.00  99999.00  99999.00       0       0      50      44
02836  02  12     3  99999.00  99999.00  99999.00  99999.00  99999.00  99999.00  99999.00  99999.00       0       0       7       7
02836  02  12     2  99999.00  99999.00  99999.00  99999.00  99999.00  99999.00  99999.00  99999.00       0       0       1       1
02836  02  12     1  99999.00  99999.00  99999.00  99999.00  99999.00  99999.00  99999.00  99999.00       0       0       0       0
02836  03  12  9999    901.67   1072.19  99999.00  99999.00   -318.76    248.36   -133.53    241.59    1004       0    1004    1004
02836  03  12  1000  99999.00  99999.00    -59.59    533.45   -323.82    236.22   -373.87    169.37       0     212     212     208
02836  03  12   925  99999.00  99999.00     20.22   1338.54   -317.60    179.44   -464.57    239.35       0     688     699     697
02836  03  12   900  99999.00  99999.00  99999.00  99999.00  99999.00  99999.00  99999.00  99999.00       0       0      28      28
02836  03  12   850  99999.00  99999.00    662.92   2026.48   -359.40    168.36   -605.56    294.56       0    1054    1054    1052
02836  03  12   800  99999.00  99999.00  99999.00  99999.00  99999.00  99999.00  99999.00  99999.00       0       0      19      19
02836  03  12   700  99999.00  99999.00   2077.98   3568.86   -486.04    138.68   -835.87    300.41       0    1053    1051    1047
02836  03  12   600  99999.00  99999.00  99999.00  99999.00  99999.00  99999.00  99999.00  99999.00       0       0      16      16
02836  03  12   500  99999.00  99999.00   4306.28   6228.80   -659.59     -5.47   -927.48     72.36       0    1053    1053    1022
02836  03  12   400  99999.00  99999.00   5677.85   7921.73   -724.21   -156.97   -976.69    -90.73       0    1053    1052     932
02836  03  12   300  99999.00  99999.00   7419.29   9938.57   -775.22   -327.86  -1022.07   -312.39       0    1052    1052     905
02836  03  12   250  99999.00  99999.00   8574.73  11093.29   -904.86   -251.94  -1060.47   -413.07       0    1051    1050     847
02836  03  12   200  99999.00  99999.00  10013.68  12467.56   -983.90   -162.86  -1134.44   -449.00       0    1051    1051     831
02836  03  12   150  99999.00  99999.00  11787.93  14336.73   -960.01   -182.89  -1170.96   -491.16       0    1047    1046     823
02836  03  12   100  99999.00  99999.00  14075.90  17153.06  -1020.09   -165.57  -1183.17   -531.93       0    1039    1040     792
02836  03  12    80  99999.00  99999.00  99999.00  99999.00  99999.00  99999.00  99999.00  99999.00       0       0      37      28
02836  03  12    70  99999.00  99999.00  15974.88  19701.24  -1077.82   -141.82  -1205.38   -542.02       0    1012    1012     755
02836  03  12    60  99999.00  99999.00  99999.00  99999.00  99999.00  99999.00  99999.00  99999.00       0       0      49      32
02836  03  12    50  99999.00  99999.00  17706.56  22142.96  -1105.72   -135.64  -1230.72   -535.08       0     983     985     732
02836  03  12    40  99999.00  99999.00  99999.00  99999.00 -17838.44  14862.40  99999.00  99999.00       0       0      87      49
02836  03  12    30  99999.00  99999.00  20343.97  25844.41  -1112.97   -127.77  -1268.02   -506.50       0     864     881     687
02836  03  12    20  99999.00  99999.00  22489.87  28632.91  -1121.47    -95.47  -1281.32   -484.76       0     555     587     490
02836  03  12    15  99999.00  99999.00  99999.00  99999.00 -22425.57  18387.27  -1287.74   -468.26       0       0     105      92
02836  03  12    10  99999.00  99999.00  26403.96  33231.84  -1114.25      3.91  -1296.39   -403.83       0     200     212     190
02836  03  12     7  99999.00  99999.00  99999.00  99999.00 -29870.58  22969.62  -1198.79   -465.11       0       0      81      78
02836  03  12     5  99999.00  99999.00  99999.00  99999.00  99999.00  99999.00  99999.00  99999.00       0       0      55      54
02836  03  12     3  99999.00  99999.00  99999.00  99999.00  99999.00  99999.00  99999.00  99999.00       0       0      11      11
02836  03  12     2  99999.00  99999.00  99999.00  99999.00  99999.00  99999.00  99999.00  99999.00       0       0       0       0
02836  03  12     1  99999.00  99999.00  99999.00  99999.00  99999.00  99999.00  99999.00  99999.00       0       0       0       0
02836  04  12  9999    926.22   1053.66  99999.00  99999.00   -218.90    266.74   -170.92    336.44     960       0     960     960
02836  04  12  1000  99999.00  99999.00     29.78    398.78   -224.93    278.59   -364.36    212.96       0     197     196     195
02836  04  12   925  99999.00  99999.00    200.70   1243.02   -289.48    231.32   -405.01    241.31       0     671     673     673
02836  04  12   900  99999.00  99999.00  99999.00  99999.00  99999.00  99999.00  99999.00  99999.00       0       0      22      22
02836  04  12   850  99999.00  99999.00    852.44   1922.12   -362.39    223.93   -556.09    316.79       0    1017    1016    1014
02836  04  12   800  99999.00  99999.00  99999.00  99999.00  99999.00  99999.00  99999.00  99999.00       0       0      23      23
02836  04  12   700  99999.00  99999.00   2267.84   3492.32   -466.88    170.44   -831.72    348.36       0    1017    1016    1016
02836  04  12   600  99999.00  99999.00  99999.00  99999.00  99999.00  99999.00  99999.00  99999.00       0       0      19      19
02836  04  12   500  99999.00  99999.00   4500.43   6203.35   -632.85     25.11   -935.00    125.68       0    1017    1015     998
02836  04  12   400  99999.00  99999.00   5882.15   7923.35   -691.44   -133.20   -974.28    -48.84       0    1017    1014     911
02836  04  12   300  99999.00  99999.00   7658.28   9952.44   -724.25   -321.89  -1020.82   -270.82       0    1015    1013     884
02836  04  12   250  99999.00  99999.00   8854.84  11098.96   -864.90   -225.54  -1092.31   -353.95       0    1010    1010     836
02836  04  12   200  99999.00  99999.00  10363.52  12455.48   -871.88   -186.44  -1153.36   -422.68       0    1009    1006     817
02836  04  12   150  99999.00  99999.00  12199.88  14339.96   -808.74   -238.14  -1160.47   -487.75       0    1008    1008     811
02836  04  12   100  99999.00  99999.00  14670.29  17097.41   -841.36   -236.20  -1150.31   -537.59       0     999    1001     791
02836  04  12    80  99999.00  99999.00  99999.00  99999.00  99999.00  99999.00  99999.00  99999.00       0       0      25      18
02836  04  12    70  99999.00  99999.00  16781.36  19562.72   -868.69   -224.53  -1150.14   -554.10       0     974     974     765
02836  04  12    60  99999.00  99999.00  99999.00  99999.00  99999.00  99999.00  99999.00  99999.00       0       0      40      29
02836  04  12    50  99999.00  99999.00  18712.39  21940.75   -884.70   -212.22  -1164.51   -546.39       0     951     952     746
02836  04  12    40  99999.00  99999.00  99999.00  99999.00  99999.00  99999.00  99999.00  99999.00       0       0      60      46
02836  04  12    30  99999.00  99999.00  21656.73  25534.17   -886.06   -198.22  -1186.74   -511.26       0     802     817     655
02836  04  12    20  99999.00  99999.00  23927.64  28438.80   -895.63   -161.23  -1140.16   -549.28       0     332     373     308
02836  04  12    15  99999.00  99999.00  99999.00  99999.00 -20924.28  17457.00  -1214.68   -460.48       0       0      70      64
02836  04  12    10  99999.00  99999.00  27678.36  33750.72   -871.82    -54.26  -1161.26   -442.82       0      86      98      85
02836  04  12     7  99999.00  99999.00  99999.00  99999.00  99999.00  99999.00  99999.00  99999.00       0       0      34      31
02836  04  12     5  99999.00  99999.00  99999.00  99999.00  99999.00  99999.00  99999.00  99999.00       0       0      10       9
02836  04  12     3  99999.00  99999.00  99999.00  99999.00  99999.00  99999.00  99999.00  99999.00       0       0       2       2
02836  04  12     2  99999.00  99999.00  99999.00  99999.00  99999.00  99999.00  99999.00  99999.00       0       0       0       0
02836  04  12     1  99999.00  99999.00  99999.00  99999.00  99999.00  99999.00  99999.00  99999.00       0       0       0       0
02836  05  12  9999    938.96   1045.04  99999.00  99999.00   -248.63    414.97   -213.77    405.43    1006       0    1006    1006
02836  05  12  1000  99999.00  99999.00     24.31    406.75   -277.89    434.31   -315.14    244.78       0     204     204     204
02836  05  12   925  99999.00  99999.00    298.61   1199.57   -298.05    343.47   -331.96    254.36       0     690     691     691
02836  05  12   900  99999.00  99999.00  99999.00  99999.00  99999.00  99999.00  99999.00  99999.00       0       0      13      13
02836  05  12   850  99999.00  99999.00    965.99   1891.79   -340.15    293.09   -411.86    275.86       0    1051    1049    1048
02836  05  12   800  99999.00  99999.00  99999.00  99999.00  99999.00  99999.00  99999.00  99999.00       0       0      22      22
02836  05  12   700  99999.00  99999.00   2398.74   3494.94   -405.24    196.32   -745.59    354.93       0    1051    1051    1051
02836  05  12   600  99999.00  99999.00  99999.00  99999.00  99999.00  99999.00  99999.00  99999.00       0       0      20      20
02836  05  12   500  99999.00  99999.00   4697.15   6227.75   -548.41     27.83   -839.91    111.57       0    1050    1047    1046
02836  05  12   400  99999.00  99999.00   6123.57   7957.05   -634.59   -114.03   -872.20    -65.80       0    1050    1050    1006
02836  05  12   300  99999.00  99999.00   7929.17  10012.25   -675.89   -313.25   -987.31   -245.71       0    1048    1049     924
02836  05  12   250  99999.00  99999.00   9157.88  11156.60   -830.81   -197.21  -1094.58   -319.50       0    1049    1048     871
02836  05  12   200  99999.00  99999.00  10750.60  12475.72   -797.27   -184.31  -1167.60   -381.00       0    1046    1048     854
02836  05  12   150  99999.00  99999.00  12719.28  14294.40   -677.78   -290.54  -1181.17   -423.73       0    1045    1046     846
02836  05  12   100  99999.00  99999.00  15403.77  16929.81   -667.84   -326.08  -1165.90   -468.10       0    1039    1042     829
02836  05  12    80  99999.00  99999.00  99999.00  99999.00  99999.00  99999.00  99999.00  99999.00       0       0      32      20
02836  05  12    70  99999.00  99999.00  17712.42  19284.54   -660.49   -338.53  -1148.47   -495.67       0    1016    1017     806
02836  05  12    60  99999.00  99999.00  99999.00  99999.00  99999.00  99999.00  99999.00  99999.00       0       0      29      25
02836  05  12    50  99999.00  99999.00  19861.87  21535.51   -658.74   -332.10  -1149.61   -490.81       0    1003    1004     790
02836  05  12    40  99999.00  99999.00  99999.00  99999.00  99999.00  99999.00  99999.00  99999.00       0       0      49      33
02836  05  12    30  99999.00  99999.00  23086.11  25013.91   -651.27   -318.39  -1136.83   -492.31       0     823     844     666
02836  05  12    20  99999.00  99999.00  25663.80  27765.36   -627.67   -296.59  -1083.55   -508.99       0     238     285     232
02836  05  12    15  99999.00  99999.00  99999.00  99999.00  99999.00  99999.00  99999.00  99999.00       0       0      28      25
02836  05  12    10  99999.00  99999.00  99999.00  99999.00  99999.00  99999.00  99999.00  99999.00       0      51      55      52
02836  05  12     7  99999.00  99999.00  99999.00  99999.00  99999.00  99999.00  99999.00  99999.00       0       0      18      18
02836  05  12     5  99999.00  99999.00  99999.00  99999.00  99999.00  99999.00  99999.00  99999.00       0       0       8       8
02836  05  12     3  99999.00  99999.00  99999.00  99999.00  99999.00  99999.00  99999.00  99999.00       0       0       0       0
02836  05  12     2  99999.00  99999.00  99999.00  99999.00  99999.00  99999.00  99999.00  99999.00       0       0       0       0
02836  05  12     1  99999.00  99999.00  99999.00  99999.00  99999.00  99999.00  99999.00  99999.00       0       0       0       0
02836  06  12  9999    945.81   1033.65  99999.00  99999.00   -186.03    474.81   -221.34    430.50     975       0     975     975
02836  06  12  1000  99999.00  99999.00     43.57    366.97   -165.96    491.52   -217.50    259.02       0      86      86      86
02836  06  12   925  99999.00  99999.00    338.49   1148.01   -199.48    365.24   -252.81    277.23       0     672     673     672
02836  06  12   900  99999.00  99999.00  99999.00  99999.00  99999.00  99999.00  99999.00  99999.00       0       0      14      14
02836  06  12   850  99999.00  99999.00   1029.82   1843.18   -249.68    308.44   -329.85    295.11       0    1026    1024    1023
02836  06  12   800  99999.00  99999.00  99999.00  99999.00  99999.00  99999.00  99999.00  99999.00       0       0      27      27
02836  06  12   700  99999.00  99999.00   2491.70   3473.66   -318.09    199.71   -624.37    355.07       0    1027    1026    1025
02836  06  12   600  99999.00  99999.00  99999.00  99999.00  99999.00  99999.00  99999.00  99999.00       0       0      26      26
02836  06  12   500  99999.00  99999.00   4862.01   6226.89   -474.75     47.49   -808.57    169.91       0    1026    1025    1023
02836  06  12   400  99999.00  99999.00   6328.41   7977.33   -582.42    -76.38   -839.23    -18.79       0    1027    1026    1019
02836  06  12   300  99999.00  99999.00   8150.77  10081.45   -652.34   -275.18   -949.36   -203.32       0    1026    1025     913
02836  06  12   250  99999.00  99999.00   9374.35  11257.27   -793.95   -195.87  -1083.71   -268.43       0    1024    1024     870
02836  06  12   200  99999.00  99999.00  10991.50  12576.22   -791.47   -150.91  -1144.65   -361.17       0    1022    1021     842
02836  06  12   150  99999.00  99999.00  13017.54  14371.02   -643.94   -282.86  -1168.07   -400.55       0    1021    1019     828
02836  06  12   100  99999.00  99999.00  15786.12  16974.24   -615.39   -336.03  -1157.94   -436.62       0    1013    1017     818
02836  06  12    80  99999.00  99999.00  99999.00  99999.00  99999.00  99999.00  99999.00  99999.00       0       0      17      14
02836  06  12    70  99999.00  99999.00  18175.33  19293.49   -590.83   -361.03  -1133.66   -470.42       0     989     989     792
02836  06  12    60  99999.00  99999.00  99999.00  99999.00  99999.00  99999.00  99999.00  99999.00       0       0      22      18
02836  06  12    50  99999.00  99999.00  20405.06  21514.58   -569.54   -365.90  -1125.99   -470.79       0     965     967     770
02836  06  12    40  99999.00  99999.00  99999.00  99999.00  99999.00  99999.00  99999.00  99999.00       0       0      33      28
02836  06  12    30  99999.00  99999.00  23776.24  24932.56   -548.91   -351.03  -1085.72   -493.16       0     793     827     662
02836  06  12    20  99999.00  99999.00  26450.02  27700.90   -530.88   -311.88  -1048.82   -488.90       0     231     274     220
02836  06  12    15  99999.00  99999.00  99999.00  99999.00  99999.00  99999.00  99999.00  99999.00       0       0      25      20
02836  06  12    10  99999.00  99999.00  99999.00  99999.00  99999.00  99999.00  99999.00  99999.00       0      40      43      40
02836  06  12     7  99999.00  99999.00  99999.00  99999.00  99999.00  99999.00  99999.00  99999.00       0       0       9       9
02836  06  12     5  99999.00  99999.00  99999.00  99999.00  99999.00  99999.00  99999.00  99999.00       0       0       3       3
02836  06  12     3  99999.00  99999.00  99999.00  99999.00  99999.00  99999.00  99999.00  99999.00       0       0       0       0
02836  06  12     2  99999.00  99999.00  99999.00  99999.00  99999.00  99999.00  99999.00  99999.00       0       0       0       0
02836  06  12     1  99999.00  99999.00  99999.00  99999.00  99999.00  99999.00  99999.00  99999.00       0       0       0       0
02836  07  12  9999    947.55   1032.27  99999.00  99999.00    -98.73    450.15   -209.70    400.74    1007       0    1007    1006
02836  07  12  1000  99999.00  99999.00     94.45    300.13    -81.41    466.27   -156.73    287.39       0     104     102     102
02836  07  12   925  99999.00  99999.00    371.70   1135.38   -127.78    359.18   -190.62    301.98       0     700     703     703
02836  07  12   900  99999.00  99999.00  99999.00  99999.00  99999.00  99999.00  99999.00  99999.00       0       0      23      23
02836  07  12   850  99999.00  99999.00   1062.57   1844.61   -153.40    279.32   -242.38    286.82       0    1070    1070    1067
02836  07  12   800  99999.00  99999.00  99999.00  99999.00  99999.00  99999.00  99999.00  99999.00       0       0      25      25
02836  07  12   700  99999.00  99999.00   2581.97   3460.01   -212.31    166.89   -585.79    376.61       0    1069    1066    1062
02836  07  12   600  99999.00  99999.00  99999.00  99999.00  99999.00  99999.00  99999.00  99999.00       0       0      15      15
02836  07  12   500  99999.00  99999.00   5062.42   6176.26   -374.40     19.68   -796.81    214.19       0    1070    1069    1066
02836  07  12   400  99999.00  99999.00   6596.16   7905.96   -498.71    -89.99   -823.99     26.21       0    1069    1066    1063
02836  07  12   300  99999.00  99999.00   8464.38  10016.10   -610.09   -276.49   -875.18   -211.46       0    1067    1065     940
02836  07  12   250  99999.00  99999.00   9661.49  11226.17   -747.65   -254.45  -1002.17   -273.05       0    1067    1065     908
02836  07  12   200  99999.00  99999.00  11252.98  12558.34   -793.40   -162.68  -1167.37   -319.69       0    1064    1065     889
02836  07  12   150  99999.00  99999.00  13286.07  14340.87   -637.36   -293.20  -1178.21   -398.33       0    1057    1059     857
02836  07  12   100  99999.00  99999.00  16067.82  16931.46   -588.12   -357.24  -1161.41   -435.05       0    1055    1056     841
02836  07  12    80  99999.00  99999.00  99999.00  99999.00  99999.00  99999.00  99999.00  99999.00       0       0      24      16
02836  07  12    70  99999.00  99999.00  18474.43  19243.99   -559.96   -380.32  -1147.97   -451.73       0    1023    1025     804
02836  07  12    60  99999.00  99999.00  99999.00  99999.00  99999.00  99999.00  99999.00  99999.00       0       0      36      31
02836  07  12    50  99999.00  99999.00  20725.12  21455.80   -542.81   -381.89  -1133.99   -459.11       0    1007    1008     780
02836  07  12    40  99999.00  99999.00  99999.00  99999.00  99999.00  99999.00  99999.00  99999.00       0       0      43      32
02836  07  12    30  99999.00  99999.00  24146.51  24835.91   -530.35   -359.23  -1089.79   -483.55       0     839     861     674
02836  07  12    20  99999.00  99999.00  26848.01  27594.17   -501.47   -324.23  -1061.31   -465.27       0     258     305     249
02836  07  12    15  99999.00  99999.00  99999.00  99999.00  99999.00  99999.00  99999.00  99999.00       0       0      29      27
02836  07  12    10  99999.00  99999.00  99999.00  99999.00  99999.00  99999.00  99999.00  99999.00       0      46      48      44
02836  07  12     7  99999.00  99999.00  99999.00  99999.00  99999.00  99999.00  99999.00  99999.00       0       0      16      15
02836  07  12     5  99999.00  99999.00  99999.00  99999.00  99999.00  99999.00  99999.00  99999.00       0       0       5       5
02836  07  12     3  99999.00  99999.00  99999.00  99999.00  99999.00  99999.00  99999.00  99999.00       0       0       0       0
02836  07  12     2  99999.00  99999.00  99999.00  99999.00  99999.00  99999.00  99999.00  99999.00       0       0       0       0
02836  07  12     1  99999.00  99999.00  99999.00  99999.00  99999.00  99999.00  99999.00  99999.00       0       0       0       0
02836  08  12  9999    945.07   1034.83  99999.00  99999.00   -121.11    424.89   -179.01    345.75    1011       0    1011    1011
02836  08  12  1000  99999.00  99999.00     94.23    298.71   -150.47    493.09   -197.63    320.17       0     112     112     110
02836  08  12   925  99999.00  99999.00    347.10   1158.18   -141.99    331.41   -187.86    282.42       0     705     707     706
02836  08  12   900  99999.00  99999.00  99999.00  99999.00  99999.00  99999.00  99999.00  99999.00       0       0      17      17
02836  08  12   850  99999.00  99999.00   1028.87   1858.19   -190.89    277.35   -279.69    291.39       0    1070    1067    1065
02836  08  12   800  99999.00  99999.00  99999.00  99999.00  99999.00  99999.00  99999.00  99999.00       0       0      20      20
02836  08  12   700  99999.00  99999.00   2523.94   3477.46   -247.33    170.39   -581.45    342.07       0    1068    1068    1065
02836  08  12   600  99999.00  99999.00  99999.00  99999.00  99999.00  99999.00  99999.00  99999.00       0       0      27      27
02836  08  12   500  99999.00  99999.00   4953.12   6212.52   -416.46     27.78   -788.79    179.61       0    1071    1068    1064
02836  08  12   400  99999.00  99999.00   6454.06   7952.26   -534.81    -87.33   -833.68      0.44       0    1071    1068    1063
02836  08  12   300  99999.00  99999.00   8284.07  10071.59   -643.25   -277.25   -853.39   -253.99       0    1069    1067     924
02836  08  12   250  99999.00  99999.00   9454.04  11290.88   -745.47   -289.35   -963.81   -320.49       0    1070    1063     900
02836  08  12   200  99999.00  99999.00  11027.19  12621.39   -824.33   -163.13  -1177.64   -315.92       0    1067    1065     870
02836  08  12   150  99999.00  99999.00  13046.98  14392.30   -661.02   -294.06  -1184.27   -406.79       0    1061    1060     851
02836  08  12   100  99999.00  99999.00  15811.73  16977.17   -615.56   -343.88  -1170.37   -438.13       0    1058    1065     836
02836  08  12    80  99999.00  99999.00  99999.00  99999.00  99999.00  99999.00  99999.00  99999.00       0       0      26      18
02836  08  12    70  99999.00  99999.00  18194.34  19296.78   -591.26   -370.94  -1157.87   -458.03       0    1028    1027     799
02836  08  12    60  99999.00  99999.00  99999.00  99999.00  99999.00  99999.00  99999.00  99999.00       0       0      24      15
02836  08  12    50  99999.00  99999.00  20398.25  21527.21   -585.45   -378.57  -1152.65   -467.69       0    1004    1002     774
02836  08  12    40  99999.00  99999.00  99999.00  99999.00  99999.00  99999.00  99999.00  99999.00       0       0      49      38
02836  08  12    30  99999.00  99999.00  23683.38  24972.18   -602.30   -348.14  -1121.16   -494.88       0     845     872     677
02836  08  12    20  99999.00  99999.00  26234.06  27789.26   -605.05   -294.97  -1114.47   -464.55       0     308     359     296
02836  08  12    15  99999.00  99999.00  99999.00  99999.00  99999.00  99999.00  99999.00  99999.00       0       0      38      35
02836  08  12    10  99999.00  99999.00  99999.00  99999.00  99999.00  99999.00  99999.00  99999.00       0      44      48      48
02836  08  12     7  99999.00  99999.00  99999.00  99999.00  99999.00  99999.00  99999.00  99999.00       0       0      12      12
02836  08  12     5  99999.00  99999.00  99999.00  99999.00  99999.00  99999.00  99999.00  99999.00       0       0      11      11
02836  08  12     3  99999.00  99999.00  99999.00  99999.00  99999.00  99999.00  99999.00  99999.00       0       0       0       0
02836  08  12     2  99999.00  99999.00  99999.00  99999.00  99999.00  99999.00  99999.00  99999.00       0       0       0       0
02836  08  12     1  99999.00  99999.00  99999.00  99999.00  99999.00  99999.00  99999.00  99999.00       0       0       0       0
02836  09  12  9999    924.85   1052.65  99999.00  99999.00   -140.43    328.65   -166.35    285.09     985       0     985     984
02836  09  12  1000  99999.00  99999.00     57.30    367.14   -150.77    335.59   -233.66    272.14       0     164     164     164
02836  09  12   925  99999.00  99999.00    188.18   1280.66   -188.92    280.64   -270.18    294.18       0     671     675     675
02836  09  12   900  99999.00  99999.00  99999.00  99999.00  99999.00  99999.00  99999.00  99999.00       0       0      16      16
02836  09  12   850  99999.00  99999.00    877.80   1944.00   -250.44    261.72   -410.70    336.18       0    1029    1027    1025
02836  09  12   800  99999.00  99999.00  99999.00  99999.00  99999.00  99999.00  99999.00  99999.00       0       0      21      21
02836  09  12   700  99999.00  99999.00   2355.81   3540.69   -342.12    200.16   -689.44    376.52       0    1029    1028    1028
02836  09  12   600  99999.00  99999.00  99999.00  99999.00  99999.00  99999.00  99999.00  99999.00       0       0      17      17
02836  09  12   500  99999.00  99999.00   4718.78   6278.66   -507.78     58.14   -846.86    185.02       0    1030    1022    1021
02836  09  12   400  99999.00  99999.00   6174.12   8025.72   -615.37    -63.13   -882.28     10.28       0    1030    1027    1011
02836  09  12   300  99999.00  99999.00   7962.35  10146.35   -688.64   -268.76   -911.37   -242.97       0    1029    1026     881
02836  09  12   250  99999.00  99999.00   9128.34  11355.30   -770.49   -282.09  -1018.73   -305.33       0    1029    1028     862
02836  09  12   200  99999.00  99999.00  10695.82  12670.06   -861.40   -176.68  -1139.18   -355.82       0    1029    1027     842
02836  09  12   150  99999.00  99999.00  12711.38  14397.50   -729.38   -285.02  -1199.90   -405.26       0    1028    1026     817
02836  09  12   100  99999.00  99999.00  15443.30  16937.42   -692.86   -337.78  -1204.30   -439.90       0    1023    1024     800
02836  09  12    80  99999.00  99999.00  99999.00  99999.00  99999.00  99999.00  99999.00  99999.00       0       0      32      26
02836  09  12    70  99999.00  99999.00  17755.15  19248.31   -685.11   -361.71  -1195.02   -469.38       0     994     993     765
02836  09  12    60  99999.00  99999.00  99999.00  99999.00  99999.00  99999.00  99999.00  99999.00       0       0      44      30
02836  09  12    50  99999.00  99999.00  19871.08  21475.48   -693.29   -371.93  -1193.98   -487.06       0     973     979     751
02836  09  12    40  99999.00  99999.00  99999.00  99999.00  99999.00  99999.00  99999.00  99999.00       0       0      53      39
02836  09  12    30  99999.00  99999.00  22997.36  24914.48   -717.27   -359.43  -1174.54   -517.06       0     825     844     656
02836  09  12    20  99999.00  99999.00  25401.85  27689.53   -732.48   -325.44  -1193.08   -475.96       0     334     378     307
02836  09  12    15  99999.00  99999.00  99999.00  99999.00  99999.00  99999.00  99999.00  99999.00       0       0      49      39
02836  09  12    10  99999.00  99999.00  99999.00  99999.00   -750.62   -225.50  99999.00  99999.00       0      53      62      51
02836  09  12     7  99999.00  99999.00  99999.00  99999.00  99999.00  99999.00  99999.00  99999.00       0       0      17      17
02836  09  12     5  99999.00  99999.00  99999.00  99999.00  99999.00  99999.00  99999.00  99999.00       0       0      22      20
02836  09  12     3  99999.00  99999.00  99999.00  99999.00  99999.00  99999.00  99999.00  99999.00       0       0       1       0
02836  09  12     2  99999.00  99999.00  99999.00  99999.00  99999.00  99999.00  99999.00  99999.00       0       0       0       0
02836  09  12     1  99999.00  99999.00  99999.00  99999.00  99999.00  99999.00  99999.00  99999.00       0       0       0       0
02836  10  12  9999    914.67   1057.11  99999.00  99999.00   -265.69    303.83   -142.20    201.72     975       0     975     975
02836  10  12  1000  99999.00  99999.00     13.26    414.06   -257.16    298.44   -299.08    263.96       0     139     137     136
02836  10  12   925  99999.00  99999.00    101.23   1282.51   -269.60    249.16   -354.08    279.28       0     670     678     675
02836  10  12   900  99999.00  99999.00  99999.00  99999.00  99999.00  99999.00  99999.00  99999.00       0       0      14      14
02836  10  12   850  99999.00  99999.00    767.28   1960.32   -329.91    258.57   -486.80    325.12       0    1041    1040    1036
02836  10  12   800  99999.00  99999.00  99999.00  99999.00  99999.00  99999.00  99999.00  99999.00       0       0      24      24
02836  10  12   700  99999.00  99999.00   2210.17   3545.41   -442.24    222.08   -800.86    404.54       0    1041    1039    1034
02836  10  12   600  99999.00  99999.00  99999.00  99999.00  99999.00  99999.00  99999.00  99999.00       0       0      18      18
02836  10  12   500  99999.00  99999.00   4480.01   6295.25   -615.52     84.92   -925.46    204.10       0    1038    1040    1033
02836  10  12   400  99999.00  99999.00   5873.63   8052.23   -696.80    -56.48   -929.20     -3.52       0    1041    1041     980
02836  10  12   300  99999.00  99999.00   7618.12  10162.48   -720.13   -287.77   -953.69   -260.21       0    1040    1039     880
02836  10  12   250  99999.00  99999.00   8780.84  11354.96   -798.51   -285.39  -1024.40   -346.52       0    1036    1034     845
02836  10  12   200  99999.00  99999.00  10319.60  12675.80   -869.59   -211.03  -1126.20   -395.40       0    1036    1038     838
02836  10  12   150  99999.00  99999.00  12280.81  14412.97   -765.88   -310.48  -1173.82   -456.22       0    1036    1036     820
02836  10  12   100  99999.00  99999.00  14935.43  16946.39   -747.28   -365.56  -1197.60   -493.44       0    1032    1037     810
02836  10  12    80  99999.00  99999.00  99999.00  99999.00  99999.00  99999.00  99999.00  99999.00       0       0      30      23
02836  10  12    70  99999.00  99999.00  17163.39  19241.55   -770.83   -386.71  -1211.10   -518.46       0     998     998     777
02836  10  12    60  99999.00  99999.00  99999.00  99999.00  99999.00  99999.00  99999.00  99999.00       0       0      37      22
02836  10  12    50  99999.00  99999.00  19191.72  21439.20   -812.35   -389.83  -1221.03   -542.91       0     944     950     735
02836  10  12    40  99999.00  99999.00  99999.00  99999.00 -14940.38  12538.06  99999.00  99999.00       0       0      64      51
02836  10  12    30  99999.00  99999.00  22144.17  24842.49   -878.26   -371.38  -1242.26   -551.78       0     696     709     560
02836  10  12    20  99999.00  99999.00  24288.55  27681.07   -921.05   -344.69  -1298.56   -489.52       0     297     337     272
02836  10  12    15  99999.00  99999.00  99999.00  99999.00  99999.00  99999.00  99999.00  99999.00       0       0      47      32
02836  10  12    10  99999.00  99999.00  99999.00  99999.00   -940.74   -301.14  99999.00  99999.00       0      55      62      44
02836  10  12     7  99999.00  99999.00  99999.00  99999.00  99999.00  99999.00  99999.00  99999.00       0       0      20      16
02836  10  12     5  99999.00  99999.00  99999.00  99999.00  99999.00  99999.00  99999.00  99999.00       0       0      24      21
02836  10  12     3  99999.00  99999.00  99999.00  99999.00  99999.00  99999.00  99999.00  99999.00       0       0       9       6
02836  10  12     2  99999.00  99999.00  99999.00  99999.00  99999.00  99999.00  99999.00  99999.00       0       0       0       0
02836  10  12     1  99999.00  99999.00  99999.00  99999.00  99999.00  99999.00  99999.00  99999.00       0       0       0       0
02836  11  12  9999    904.58   1067.30  99999.00  99999.00   -488.82    364.02    -59.26     91.46     959       0     959     959
02836  11  12  1000  99999.00  99999.00    -48.84    508.32   -527.06    352.54   -553.55    341.65       0     156     156     156
02836  11  12   925  99999.00  99999.00     47.02   1325.26   -296.01    204.39   -401.40    253.92       0     646     658     657
02836  11  12   900  99999.00  99999.00  99999.00  99999.00  99999.00  99999.00  99999.00  99999.00       0       0      17      17
02836  11  12   850  99999.00  99999.00    697.24   1987.24   -359.97    218.91   -562.34    321.94       0    1005    1003    1002
02836  11  12   800  99999.00  99999.00  99999.00  99999.00  99999.00  99999.00  99999.00  99999.00       0       0      17      17
02836  11  12   700  99999.00  99999.00   2128.25   3541.73   -481.35    184.89   -816.09    353.55       0    1005    1002    1002
02836  11  12   600  99999.00  99999.00  99999.00  99999.00  99999.00  99999.00  99999.00  99999.00       0       0      27      27
02836  11  12   500  99999.00  99999.00   4382.14   6229.06   -646.07     36.25   -947.33    151.27       0    1003    1000     997
02836  11  12   400  99999.00  99999.00   5767.74   7945.26   -716.58   -110.46   -957.36    -42.72       0    1003    1003     914
02836  11  12   300  99999.00  99999.00   7503.32  10005.80   -749.36   -320.48   -963.05   -311.21       0    1003    1003     856
02836  11  12   250  99999.00  99999.00   8642.21  11189.09   -821.37   -325.17   -998.35   -409.87       0    1001    1001     827
02836  11  12   200  99999.00  99999.00  10119.76  12528.40   -891.25   -262.57  -1096.04   -443.24       0     997     997     823
02836  11  12   150  99999.00  99999.00  12007.68  14270.16   -822.13   -336.61  -1164.46   -475.78       0     991     991     805
02836  11  12   100  99999.00  99999.00  14539.24  16815.76   -827.51   -391.07  -1195.76   -530.72       0     982     989     796
02836  11  12    80  99999.00  99999.00  99999.00  99999.00  99999.00  99999.00  99999.00  99999.00       0       0      30      21
02836  11  12    70  99999.00  99999.00  16659.02  19100.18   -886.42   -401.62  -1214.52   -568.44       0     933     936     723
02836  11  12    60  99999.00  99999.00  99999.00  99999.00  99999.00  99999.00  99999.00  99999.00       0       0      45      34
02836  11  12    50  99999.00  99999.00  18558.52  21276.88   -946.09   -408.73  -1236.29   -588.53       0     879     889     628
02836  11  12    40  99999.00  99999.00  99999.00  99999.00  99999.00  99999.00  99999.00  99999.00       0       0      55      32
02836  11  12    30  99999.00  99999.00  21370.50  24594.90  -1007.75   -424.55  -1273.44   -591.24       0     577     600     356
02836  11  12    20  99999.00  99999.00  23424.36  27378.00  -1010.44   -442.60  -1284.21   -590.85       0     245     268     151
02836  11  12    15  99999.00  99999.00  99999.00  99999.00  99999.00  99999.00  99999.00  99999.00       0       0      37      22
02836  11  12    10  99999.00  99999.00  27018.30  32069.58  -1067.82   -373.50  99999.00  99999.00       0      66      73      36
02836  11  12     7  99999.00  99999.00  99999.00  99999.00  99999.00  99999.00  99999.00  99999.00       0       0      27      15
02836  11  12     5  99999.00  99999.00  99999.00  99999.00  99999.00  99999.00  99999.00  99999.00       0       0      16       8
02836  11  12     3  99999.00  99999.00  99999.00  99999.00  99999.00  99999.00  99999.00  99999.00       0       0       3       1
02836  11  12     2  99999.00  99999.00  99999.00  99999.00  99999.00  99999.00  99999.00  99999.00       0       0       0       0
02836  11  12     1  99999.00  99999.00  99999.00  99999.00  99999.00  99999.00  99999.00  99999.00       0       0       0       0
02836  12  12  9999    894.72   1072.20  99999.00  99999.00   -691.98    467.22    -47.56     84.56     975       0     968     968
02836  12  12  1000  99999.00  99999.00    -29.83    484.85   -623.29    373.07   -663.57    377.79       0     168     167     166
02836  12  12   925  99999.00  99999.00    -49.97   1376.71   -343.09    209.27   -441.77    248.83       0     696     703     701
02836  12  12   900  99999.00  99999.00  99999.00  99999.00  99999.00  99999.00  99999.00  99999.00       0       0      22      22
02836  12  12   850  99999.00  99999.00    615.58   2008.42   -386.52    197.52   -582.44    292.12       0    1037    1035    1032
02836  12  12   800  99999.00  99999.00  99999.00  99999.00  99999.00  99999.00  99999.00  99999.00       0       0      20      20
02836  12  12   700  99999.00  99999.00   2041.90   3540.34   -507.63    162.81   -833.88    312.60       0    1037    1037    1030
02836  12  12   600  99999.00  99999.00  99999.00  99999.00  99999.00  99999.00  99999.00  99999.00       0       0      15      15
02836  12  12   500  99999.00  99999.00   4269.28   6204.16   -678.79     18.53   -961.96    114.80       0    1037    1035    1005
02836  12  12   400  99999.00  99999.00   5631.17   7910.57   -747.16   -127.96   -991.06    -62.38       0    1037    1036     921
02836  12  12   300  99999.00  99999.00   7345.64   9956.00   -775.03   -334.15   -982.08   -331.08       0    1037    1035     882
02836  12  12   250  99999.00  99999.00   8473.07  11131.43   -850.78   -332.74   -998.63   -439.19       0    1033    1034     854
02836  12  12   200  99999.00  99999.00   9942.90  12448.74   -951.68   -248.24  -1090.01   -461.21       0    1030    1028     832
02836  12  12   150  99999.00  99999.00  11772.14  14208.02   -927.30   -284.22  -1161.07   -489.07       0    1026    1025     817
02836  12  12   100  99999.00  99999.00  14159.02  16833.22   -973.32   -307.56  -1168.65   -565.89       0    1008    1012     780
02836  12  12    80  99999.00  99999.00  99999.00  99999.00  99999.00  99999.00  99999.00  99999.00       0       0      25      18
02836  12  12    70  99999.00  99999.00  16116.92  19208.96  -1045.73   -311.21  -1192.56   -597.48       0     942     943     661
02836  12  12    60  99999.00  99999.00  99999.00  99999.00  99999.00  99999.00  99999.00  99999.00       0       0      42      28
02836  12  12    50  99999.00  99999.00  17880.31  21485.47  -1105.41   -314.97  -1211.22   -624.78       0     865     870     558
02836  12  12    40  99999.00  99999.00  99999.00  99999.00  99999.00  99999.00  99999.00  99999.00       0       0      47      26
02836  12  12    30  99999.00  99999.00  20488.37  24953.45  -1174.26   -315.18  -1245.76   -641.20       0     561     584     351
02836  12  12    20  99999.00  99999.00  22695.23  27402.35  -1200.40   -330.16  -1213.15   -705.31       0     240     254     173
02836  12  12    15  99999.00  99999.00  99999.00  99999.00  99999.00  99999.00  99999.00  99999.00       0       0      49      34
02836  12  12    10  99999.00  99999.00  99999.00  99999.00  -1236.55   -288.79  99999.00  99999.00       0      56      72      56
02836  12  12     7  99999.00  99999.00  99999.00  99999.00  99999.00  99999.00  99999.00  99999.00       0       0      14      12
02836  12  12     5  99999.00  99999.00  99999.00  99999.00  99999.00  99999.00  99999.00  99999.00       0       0       3       2
02836  12  12     3  99999.00  99999.00  99999.00  99999.00  99999.00  99999.00  99999.00  99999.00       0       0       0       0
02836  12  12     2  99999.00  99999.00  99999.00  99999.00  99999.00  99999.00  99999.00  99999.00       0       0       0       0
02836  12  12     1  99999.00  99999.00  99999.00  99999.00  99999.00  99999.00  99999.00  99999.00       0       0       0       0
