23921  01  00  9999    917.37   1092.93  99999.00  99999.00   -781.46    390.58    -77.72    148.00     832       0     832     831
23921  01  00  1000  99999.00  99999.00   -230.59    621.05  -2743.06   2343.74   -762.79    325.13       0     562     561     558
23921  01  00   925  99999.00  99999.00     70.07   1397.63  -2415.59   2141.53   -583.11    259.29       0     534     551     543
23921  01  00   900  99999.00  99999.00  99999.00  99999.00  99999.00  99999.00  99999.00  99999.00       0       0       8       8
23921  01  00   850  99999.00  99999.00  -1030.10   3731.62  -1933.91   1658.17   -580.35    227.61       0     894     894     875
23921  01  00   800  99999.00  99999.00  99999.00  99999.00  99999.00  99999.00  99999.00  99999.00       0       0      10       8
23921  01  00   700  99999.00  99999.00   -920.40   6521.16  -2697.64   2280.92   -630.74    137.14       0     893     893     882
23921  01  00   600  99999.00  99999.00  99999.00  99999.00  99999.00  99999.00  99999.00  99999.00       0       0      13      13
23921  01  00   500  99999.00  99999.00   4296.01   6227.29   -637.13    -42.65   -750.95    -35.51       0     889     890     862
23921  01  00   400  99999.00  99999.00   5689.81   7889.89  -2176.98   1262.70   -796.18   -195.22       0     885     886     767
23921  01  00   300  99999.00  99999.00   4905.74  12376.10  -2267.04   1110.60   -821.80   -407.32       0     886     884     754
23921  01  00   250  99999.00  99999.00   8605.01  10999.61   -863.40   -370.68   -917.62   -409.78       0     874     876     748
23921  01  00   200  99999.00  99999.00  10056.56  12299.00   -995.89   -266.41  -1045.69   -316.21       0     869     870     738
23921  01  00   150  99999.00  99999.00  11854.18  14044.54   -964.22   -294.26  -1008.94   -355.54       0     848     849     724
23921  01  00   100  99999.00  99999.00  14207.26  16663.90   -997.99   -312.67  -1034.54   -388.22       0     785     788     674
23921  01  00    80  99999.00  99999.00  99999.00  99999.00  99999.00  99999.00  99999.00  99999.00       0       0      11       9
23921  01  00    70  99999.00  99999.00  16108.91  19105.91  -1046.61   -301.77  -1076.77   -389.29       0     668     673     580
23921  01  00    60  99999.00  99999.00  99999.00  99999.00  99999.00  99999.00  99999.00  99999.00       0       0      11      10
23921  01  00    50  99999.00  99999.00  17839.46  21472.34  -1108.25   -256.97  -1138.64   -345.92       0     537     541     449
23921  01  00    40  99999.00  99999.00  99999.00  99999.00  99999.00  99999.00  99999.00  99999.00       0       0      28      22
23921  01  00    30  99999.00  99999.00  20507.26  25101.46  -1189.76   -141.68  -1216.59   -236.43       0     305     317     236
23921  01  00    20  99999.00  99999.00  22514.09  28162.85  -1293.17     49.27  -1290.40    -66.04       0     163     176     126
23921  01  00    15  99999.00  99999.00  99999.00  99999.00  99999.00  99999.00  99999.00  99999.00       0       0      23      14
23921  01  00    10  99999.00  99999.00  99999.00  99999.00  99999.00  99999.00  99999.00  99999.00       0      23      33      23
23921  01  00     7  99999.00  99999.00  99999.00  99999.00  99999.00  99999.00  99999.00  99999.00       0       0       5       5
23921  01  00     5  99999.00  99999.00  99999.00  99999.00  99999.00  99999.00  99999.00  99999.00       0       0       1       1
23921  01  00     3  99999.00  99999.00  99999.00  99999.00  99999.00  99999.00  99999.00  99999.00       0       0       0       0
23921  01  00     2  99999.00  99999.00  99999.00  99999.00  99999.00  99999.00  99999.00  99999.00       0       0       0       0
23921  01  00     1  99999.00  99999.00  99999.00  99999.00  99999.00  99999.00  99999.00  99999.00       0       0       0       0
23921  02  00  9999    916.56   1099.92  99999.00  99999.00   -738.16    361.64    -81.81    156.87     804       0     804     803
23921  02  00  1000  99999.00  99999.00   -249.40    670.88   -654.92    332.92   -697.87    294.65       0     586     586     584
23921  02  00   925  99999.00  99999.00     42.95   1430.03  -2453.14   2157.86   -604.22    248.38       0     516     537     528
23921  02  00   900  99999.00  99999.00  99999.00  99999.00  99999.00  99999.00  99999.00  99999.00       0       0      18      18
23921  02  00   850  99999.00  99999.00    667.04   2110.76   -483.76    219.80   -580.78    202.22       0     840     841     830
23921  02  00   800  99999.00  99999.00  99999.00  99999.00  99999.00  99999.00  99999.00  99999.00       0       0      17      17
23921  02  00   700  99999.00  99999.00   2041.64   3665.24   -500.87    120.25   -646.26    132.66       0     840     843     836
23921  02  00   600  99999.00  99999.00  99999.00  99999.00  99999.00  99999.00  99999.00  99999.00       0       0      13      13
23921  02  00   500  99999.00  99999.00   4284.57   6284.85   -621.13    -58.09   -737.46    -55.98       0     832     836     820
23921  02  00   400  99999.00  99999.00   5681.37   7944.09   -685.03   -209.83   -775.17   -220.65       0     834     833     722
23921  02  00   300  99999.00  99999.00   7445.49   9917.01   -749.86   -388.06   -816.61   -419.17       0     830     830     704
23921  02  00   250  99999.00  99999.00   8613.59  11033.87   -885.76   -343.60   -924.36   -404.40       0     829     828     701
23921  02  00   200  99999.00  99999.00  10079.18  12322.94  -1010.74   -235.06  -1034.95   -315.19       0     824     824     696
23921  02  00   150  99999.00  99999.00  11859.28  14103.88   -991.71   -240.87  -1004.93   -342.41       0     809     808     684
23921  02  00   100  99999.00  99999.00  14175.43  16800.31  -1049.31   -211.83  -1035.05   -354.41       0     764     762     642
23921  02  00    80  99999.00  99999.00  99999.00  99999.00  99999.00  99999.00  99999.00  99999.00       0       0      15      10
23921  02  00    70  99999.00  99999.00  16041.35  19331.27  -2589.57   1284.27  -1087.47   -331.83       0     694     694     588
23921  02  00    60  99999.00  99999.00  99999.00  99999.00  99999.00  99999.00  99999.00  99999.00       0       0      16      15
23921  02  00    50  99999.00  99999.00  17834.15  21732.35  -2756.29   1455.59  -1113.75   -306.27       0     579     587     490
23921  02  00    40  99999.00  99999.00  99999.00  99999.00  99999.00  99999.00  99999.00  99999.00       0       0      35      26
23921  02  00    30  99999.00  99999.00  20358.14  25644.86  -1188.64    -24.40  -1145.15   -255.83       0     393     404     289
23921  02  00    20  99999.00  99999.00  11277.59  39601.07  -3828.56   2615.56  -1175.75   -177.47       0     239     251     166
23921  02  00    15  99999.00  99999.00  99999.00  99999.00  99999.00  99999.00  99999.00  99999.00       0       0      33      20
23921  02  00    10  99999.00  99999.00  99999.00  99999.00  -1216.68    279.72  99999.00  99999.00       0      52      66      34
23921  02  00     7  99999.00  99999.00  99999.00  99999.00  99999.00  99999.00  99999.00  99999.00       0       0      14       5
23921  02  00     5  99999.00  99999.00  99999.00  99999.00  99999.00  99999.00  99999.00  99999.00       0       0       7       2
23921  02  00     3  99999.00  99999.00  99999.00  99999.00  99999.00  99999.00  99999.00  99999.00       0       0       0       0
23921  02  00     2  99999.00  99999.00  99999.00  99999.00  99999.00  99999.00  99999.00  99999.00       0       0       0       0
23921  02  00     1  99999.00  99999.00  99999.00  99999.00  99999.00  99999.00  99999.00  99999.00       0       0       0       0
23921  03  00  9999    922.20   1088.64  99999.00  99999.00   -587.52    383.64   -117.74    191.74     860       0     858     858
23921  03  00  1000  99999.00  99999.00   -233.25    623.07   -517.71    345.45   -533.51    271.45       0     600     599     592
23921  03  00   925  99999.00  99999.00    102.07   1343.71  -2303.65   2116.67   -466.60    215.36       0     566     585     575
23921  03  00   900  99999.00  99999.00  99999.00  99999.00  99999.00  99999.00  99999.00  99999.00       0       0       6       6
23921  03  00   850  99999.00  99999.00    738.52   2055.16   -426.05    225.79   -506.80    197.36       0     916     913     900
23921  03  00   800  99999.00  99999.00  99999.00  99999.00  99999.00  99999.00  99999.00  99999.00       0       0      16      16
23921  03  00   700  99999.00  99999.00   2136.38   3614.66   -486.12    151.80   -630.50    155.50       0     911     911     901
23921  03  00   600  99999.00  99999.00  99999.00  99999.00  99999.00  99999.00  99999.00  99999.00       0       0      11      11
23921  03  00   500  99999.00  99999.00   4396.08   6261.48   -616.12    -21.76   -741.20    -20.96       0     907     911     904
23921  03  00   400  99999.00  99999.00   5800.21   7939.81  -2139.23   1264.93   -794.73   -167.61       0     910     910     813
23921  03  00   300  99999.00  99999.00   7573.15   9942.07   -738.61   -355.57   -813.96   -381.36       0     907     906     749
23921  03  00   250  99999.00  99999.00   8751.83  11072.99   -885.84   -292.56   -927.49   -350.77       0     901     902     745
23921  03  00   200  99999.00  99999.00  10204.90  12412.78   -994.49   -185.33  -1011.70   -277.78       0     891     891     737
23921  03  00   150  99999.00  99999.00  12043.84  14196.28   -921.62   -233.54   -945.84   -338.52       0     876     878     725
23921  03  00   100  99999.00  99999.00  14419.72  16924.72   -945.29   -237.41   -969.36   -359.52       0     855     856     707
23921  03  00    80  99999.00  99999.00  99999.00  99999.00  99999.00  99999.00  99999.00  99999.00       0       0      13      12
23921  03  00    70  99999.00  99999.00  16433.37  19384.89   -965.93   -237.17  -1003.51   -360.67       0     801     802     660
23921  03  00    60  99999.00  99999.00  99999.00  99999.00  99999.00  99999.00  99999.00  99999.00       0       0      26      22
23921  03  00    50  99999.00  99999.00  18313.81  21725.17   -986.78   -224.78  -1040.36   -344.60       0     740     747     607
23921  03  00    40  99999.00  99999.00  99999.00  99999.00  99999.00  99999.00  99999.00  99999.00       0       0      44      34
23921  03  00    30  99999.00  99999.00  21227.60  25261.76   -989.28   -204.84  -1050.30   -351.18       0     588     598     427
23921  03  00    20  99999.00  99999.00  23589.56  28051.28  -1018.61   -133.25  -1041.49   -364.21       0     403     426     261
23921  03  00    15  99999.00  99999.00  99999.00  99999.00  99999.00  99999.00  99999.00  99999.00       0       0      54      32
23921  03  00    10  99999.00  99999.00  27472.31  33286.67  -1064.44     88.16  99999.00  99999.00       0      99     123      47
23921  03  00     7  99999.00  99999.00  99999.00  99999.00  99999.00  99999.00  99999.00  99999.00       0       0      20       6
23921  03  00     5  99999.00  99999.00  99999.00  99999.00  99999.00  99999.00  99999.00  99999.00       0       0      10       1
23921  03  00     3  99999.00  99999.00  99999.00  99999.00  99999.00  99999.00  99999.00  99999.00       0       0       2       0
23921  03  00     2  99999.00  99999.00  99999.00  99999.00  99999.00  99999.00  99999.00  99999.00       0       0       0       0
23921  03  00     1  99999.00  99999.00  99999.00  99999.00  99999.00  99999.00  99999.00  99999.00       0       0       0       0
23921  04  00  9999    939.11   1069.91  99999.00  99999.00   -401.12    344.80   -138.89    218.11     869       0     867     867
23921  04  00  1000  99999.00  99999.00  -2305.76   2623.96  -2457.62   2396.14   -448.01    321.19       0     625     625     617
23921  04  00   925  99999.00  99999.00    242.47   1261.15   -408.87    356.49   -467.60    298.00       0     570     576     566
23921  04  00   900  99999.00  99999.00  99999.00  99999.00  99999.00  99999.00  99999.00  99999.00       0       0      12      12
23921  04  00   850  99999.00  99999.00    865.77   1966.41   -420.52    304.40   -516.99    295.17       0     915     916     903
23921  04  00   800  99999.00  99999.00  99999.00  99999.00  99999.00  99999.00  99999.00  99999.00       0       0      18      18
23921  04  00   700  99999.00  99999.00   2269.41   3562.65   -467.99    202.81   -660.60    261.84       0     916     916     904
23921  04  00   600  99999.00  99999.00  99999.00  99999.00  99999.00  99999.00  99999.00  99999.00       0       0       9       9
23921  04  00   500  99999.00  99999.00   4528.87   6273.55   -596.44     25.88   -755.19     52.77       0     911     912     906
23921  04  00   400  99999.00  99999.00   5939.02   7989.94  -2337.85   1523.63   -796.56   -104.76       0     908     909     835
23921  04  00   300  99999.00  99999.00   7727.00  10027.40   -717.21   -326.61   -801.55   -347.35       0     907     903     755
23921  04  00   250  99999.00  99999.00   8906.19  11181.39   -847.95   -274.71   -883.82   -351.26       0     904     902     753
23921  04  00   200  99999.00  99999.00   7016.18  15857.54   -915.25   -195.25   -926.82   -310.74       0     899     898     749
23921  04  00   150  99999.00  99999.00  12276.23  14324.15   -817.10   -268.22   -869.07   -366.39       0     885     887     737
23921  04  00   100  99999.00  99999.00  14759.79  17026.23   -825.55   -285.43   -914.74   -369.94       0     866     867     720
23921  04  00    80  99999.00  99999.00  99999.00  99999.00  99999.00  99999.00  99999.00  99999.00       0       0       7       3
23921  04  00    70  99999.00  99999.00  16864.79  19456.79   -852.75   -276.15   -941.65   -376.81       0     835     834     696
23921  04  00    60  99999.00  99999.00  99999.00  99999.00  99999.00  99999.00  99999.00  99999.00       0       0      21      18
23921  04  00    50  99999.00  99999.00  18881.90  21732.50   -854.51   -271.79   -958.05   -371.97       0     789     792     647
23921  04  00    40  99999.00  99999.00  99999.00  99999.00  99999.00  99999.00  99999.00  99999.00       0       0      32      27
23921  04  00    30  99999.00  99999.00  21940.43  25200.83   -818.14   -278.62   -941.55   -377.55       0     672     682     470
23921  04  00    20  99999.00  99999.00  24474.32  27929.00   -793.01   -250.13   -953.71   -328.39       0     525     539     354
23921  04  00    15  99999.00  99999.00  99999.00  99999.00  -6423.85   5236.55   -959.45   -292.61       0       0      96      72
23921  04  00    10  99999.00  99999.00  29009.84  32464.88   -807.68    -77.24   -984.72   -165.36       0     208     244     138
23921  04  00     7  99999.00  99999.00  99999.00  99999.00  99999.00  99999.00  99999.00  99999.00       0       0      50      28
23921  04  00     5  99999.00  99999.00  99999.00  99999.00  99999.00  99999.00  99999.00  99999.00       0       0      32      19
23921  04  00     3  99999.00  99999.00  99999.00  99999.00  99999.00  99999.00  99999.00  99999.00       0       0       3       1
23921  04  00     2  99999.00  99999.00  99999.00  99999.00  99999.00  99999.00  99999.00  99999.00       0       0       0       0
23921  04  00     1  99999.00  99999.00  99999.00  99999.00  99999.00  99999.00  99999.00  99999.00       0       0       0       0
23921  05  00  9999    952.89   1054.29  99999.00  99999.00   -255.72    317.28   -138.09    212.43     818       0     818     818
23921  05  00  1000  99999.00  99999.00   -118.01    435.79   -267.90    345.54   -345.79    326.33       0     590     589     575
23921  05  00   925  99999.00  99999.00    342.23   1179.35   -349.12    443.96   -369.42    322.02       0     546     554     549
23921  05  00   900  99999.00  99999.00  99999.00  99999.00  99999.00  99999.00  99999.00  99999.00       0       0       9       9
23921  05  00   850  99999.00  99999.00    999.07   1879.15  -1845.07   1830.53   -455.17    339.35       0     883     882     857
23921  05  00   800  99999.00  99999.00  99999.00  99999.00  99999.00  99999.00  99999.00  99999.00       0       0      15      13
23921  05  00   700  99999.00  99999.00    272.18   5639.90   -393.43    230.33   -641.45    332.35       0     875     877     853
23921  05  00   600  99999.00  99999.00  99999.00  99999.00  99999.00  99999.00  99999.00  99999.00       0       0      10      10
23921  05  00   500  99999.00  99999.00   2253.80   8722.76   -523.13     46.75   -719.70     86.70       0     873     872     854
23921  05  00   400  99999.00  99999.00   6212.70   7986.66   -615.15    -90.51   -758.20    -79.72       0     876     876     831
23921  05  00   300  99999.00  99999.00   8037.92  10050.80   -674.19   -298.11   -773.34   -317.46       0     871     872     737
23921  05  00   250  99999.00  99999.00   9241.84  11214.04   -810.56   -255.08   -835.73   -353.81       0     870     869     736
23921  05  00   200  99999.00  99999.00  10790.19  12536.79   -850.73   -194.57   -876.85   -314.29       0     866     864     731
23921  05  00   150  99999.00  99999.00  12753.40  14316.52   -688.60   -318.52   -794.79   -392.67       0     855     852     719
23921  05  00   100  99999.00  99999.00  15403.21  16946.29  -2260.84   1212.08   -840.16   -401.08       0     845     843     711
23921  05  00    80  99999.00  99999.00  99999.00  99999.00  99999.00  99999.00  99999.00  99999.00       0       0      10       9
23921  05  00    70  99999.00  99999.00  17715.60  19254.48  -2297.26   1242.38   -884.29   -382.09       0     811     810     684
23921  05  00    60  99999.00  99999.00  99999.00  99999.00  99999.00  99999.00  99999.00  99999.00       0       0      26      23
23921  05  00    50  99999.00  99999.00  19889.06  21447.74  -2326.55   1281.85   -896.30   -375.14       0     782     782     657
23921  05  00    40  99999.00  99999.00  99999.00  99999.00  99999.00  99999.00  99999.00  99999.00       0       0      29      23
23921  05  00    30  99999.00  99999.00  23155.54  24835.54  -2398.20   1377.36   -925.40   -347.12       0     711     715     515
23921  05  00    20  99999.00  99999.00  13836.95  39237.47   -627.28   -321.76   -915.70   -329.74       0     602     613     428
23921  05  00    15  99999.00  99999.00  99999.00  99999.00  -7884.73   6659.51  99999.00  99999.00       0       0      62      42
23921  05  00    10  99999.00  99999.00  13773.56  48473.96   -605.89   -185.89   -840.66   -290.82       0     205     254     153
23921  05  00     7  99999.00  99999.00  99999.00  99999.00  99999.00  99999.00  99999.00  99999.00       0       0      44      23
23921  05  00     5  99999.00  99999.00  99999.00  99999.00  99999.00  99999.00  99999.00  99999.00       0       0      32      12
23921  05  00     3  99999.00  99999.00  99999.00  99999.00  99999.00  99999.00  99999.00  99999.00       0       0       7       3
23921  05  00     2  99999.00  99999.00  99999.00  99999.00  99999.00  99999.00  99999.00  99999.00       0       0       1       0
23921  05  00     1  99999.00  99999.00  99999.00  99999.00  99999.00  99999.00  99999.00  99999.00       0       0       0       0
23921  06  00  9999    954.60   1044.36  99999.00  99999.00   -189.57    379.23    -94.37    148.15     764       0     764     763
23921  06  00  1000  99999.00  99999.00    -55.51    331.61  -2832.85   2996.15   -246.40    380.36       0     438     437     410
23921  06  00   925  99999.00  99999.00    363.60   1104.00   -249.58    459.62   -290.10    373.86       0     537     550     541
23921  06  00   900  99999.00  99999.00  99999.00  99999.00  99999.00  99999.00  99999.00  99999.00       0       0       7       6
23921  06  00   850  99999.00  99999.00   1026.69   1855.05  -1814.54   1923.82   -323.20    343.76       0     853     854     814
23921  06  00   800  99999.00  99999.00  99999.00  99999.00  99999.00  99999.00  99999.00  99999.00       0       0       8       8
23921  06  00   700  99999.00  99999.00   2490.14   3519.98  -1885.20   1810.08   -532.10    346.42       0     847     847     808
23921  06  00   600  99999.00  99999.00  99999.00  99999.00  99999.00  99999.00  99999.00  99999.00       0       0      11      11
23921  06  00   500  99999.00  99999.00   4878.16   6312.28   -457.08     90.72   -673.74    135.30       0     848     851     816
23921  06  00   400  99999.00  99999.00   6360.93   8086.05   -570.03    -26.91   -726.14    -20.06       0     848     846     810
23921  06  00   300  99999.00  99999.00   8192.61  10229.61   -646.81   -236.17   -757.79   -254.75       0     847     845     706
23921  06  00   250  99999.00  99999.00   9385.52  11445.20   -744.78   -259.62   -781.25   -351.53       0     842     844     690
23921  06  00   200  99999.00  99999.00   5347.00  18281.56  -2517.10   1478.42   -869.98   -292.78       0     839     840     685
23921  06  00   150  99999.00  99999.00  12949.17  14550.69   -675.27   -297.27   -790.68   -374.28       0     829     833     679
23921  06  00   100  99999.00  99999.00  15701.37  17122.41  -2270.73   1254.99   -851.16   -371.16       0     820     820     667
23921  06  00    80  99999.00  99999.00  99999.00  99999.00  99999.00  99999.00  99999.00  99999.00       0       0       8       6
23921  06  00    70  99999.00  99999.00  18077.73  19400.97   -605.67   -391.71   -882.90   -361.74       0     790     794     649
23921  06  00    60  99999.00  99999.00  99999.00  99999.00  99999.00  99999.00  99999.00  99999.00       0       0      21      18
23921  06  00    50  99999.00  99999.00  20303.38  21582.46  -3808.80   2759.88   -901.35   -342.75       0     768     771     627
23921  06  00    40  99999.00  99999.00  99999.00  99999.00  99999.00  99999.00  99999.00  99999.00       0       0      14      11
23921  06  00    30  99999.00  99999.00  23658.85  24954.85   -556.71   -383.79   -904.30   -332.98       0     724     729     523
23921  06  00    20  99999.00  99999.00   9193.22  44351.42  -4447.45   3466.67   -898.93   -303.73       0     636     654     444
23921  06  00    15  99999.00  99999.00  99999.00  99999.00  -7753.38   6629.70  99999.00  99999.00       0       0      64      44
23921  06  00    10  99999.00  99999.00  30971.75  32545.91   -496.14   -208.14   -784.04   -272.84       0     248     297     161
23921  06  00     7  99999.00  99999.00  99999.00  99999.00  99999.00  99999.00  99999.00  99999.00       0       0      38      14
23921  06  00     5  99999.00  99999.00  99999.00  99999.00  99999.00  99999.00  99999.00  99999.00       0       0      37      16
23921  06  00     3  99999.00  99999.00  99999.00  99999.00  99999.00  99999.00  99999.00  99999.00       0       0      17       4
23921  06  00     2  99999.00  99999.00  99999.00  99999.00  99999.00  99999.00  99999.00  99999.00       0       0       7       1
23921  06  00     1  99999.00  99999.00  99999.00  99999.00  99999.00  99999.00  99999.00  99999.00       0       0       0       0
23921  07  00  9999    957.67   1041.07  99999.00  99999.00   -101.03    347.41    -83.25    125.31     777       0     777     777
23921  07  00  1000  99999.00  99999.00    -44.44    312.44    -96.00    359.64   -144.29    352.99       0     440     439     432
23921  07  00   925  99999.00  99999.00    389.22   1112.22  -2209.37   2455.03   -201.39    353.37       0     543     549     543
23921  07  00   900  99999.00  99999.00  99999.00  99999.00  99999.00  99999.00  99999.00  99999.00       0       0      11      11
23921  07  00   850  99999.00  99999.00   1063.72   1843.48   -182.84    366.76   -236.90    323.50       0     873     872     852
23921  07  00   800  99999.00  99999.00  99999.00  99999.00  99999.00  99999.00  99999.00  99999.00       0       0      12      12
23921  07  00   700  99999.00  99999.00   2564.26   3506.50   -205.75    207.05   -458.91    327.33       0     872     870     852
23921  07  00   600  99999.00  99999.00  99999.00  99999.00  99999.00  99999.00  99999.00  99999.00       0       0      17      17
23921  07  00   500  99999.00  99999.00   5047.58   6259.82   -353.09     46.99   -628.47    134.97       0     866     865     848
23921  07  00   400  99999.00  99999.00   6587.62   8012.98   -482.23    -57.19   -692.52    -15.48       0     865     865     849
23921  07  00   300  99999.00  99999.00   8462.31  10154.19   -605.10   -239.58   -731.18   -250.34       0     862     861     763
23921  07  00   250  99999.00  99999.00   9637.49  11404.49   -684.94   -304.18   -758.53   -360.01       0     855     856     716
23921  07  00   200  99999.00  99999.00  11204.85  12744.69   -846.04   -163.84   -880.43   -271.67       0     855     857     719
23921  07  00   150  99999.00  99999.00  13234.60  14493.40   -650.94   -311.82   -783.29   -371.81       0     841     843     702
23921  07  00   100  99999.00  99999.00  16012.25  17047.01   -626.73   -360.93   -839.39   -377.87       0     828     831     691
23921  07  00    80  99999.00  99999.00  99999.00  99999.00  99999.00  99999.00  99999.00  99999.00       0       0      11      11
23921  07  00    70  99999.00  99999.00  18406.50  19316.94   -592.03   -391.63   -851.88   -383.52       0     800     802     667
23921  07  00    60  99999.00  99999.00  99999.00  99999.00  99999.00  99999.00  99999.00  99999.00       0       0       8       6
23921  07  00    50  99999.00  99999.00  20638.11  21505.11   -565.38   -400.62   -873.41   -361.01       0     777     783     645
23921  07  00    40  99999.00  99999.00  99999.00  99999.00  99999.00  99999.00  99999.00  99999.00       0       0      27      25
23921  07  00    30  99999.00  99999.00  24007.39  24884.83   -550.07   -374.27   -913.58   -319.10       0     714     720     512
23921  07  00    20  99999.00  99999.00  26669.39  27642.95   -523.96   -332.08   -926.81   -271.73       0     605     623     412
23921  07  00    15  99999.00  99999.00  99999.00  99999.00 -10667.33   9284.59   -974.19   -197.79       0       0      98      73
23921  07  00    10  99999.00  99999.00  31296.68  32543.24  -3802.15   3038.45  -1014.57    -85.65       0     244     287     144
23921  07  00     7  99999.00  99999.00  99999.00  99999.00  99999.00  99999.00  99999.00  99999.00       0       0      51      25
23921  07  00     5  99999.00  99999.00  99999.00  99999.00  99999.00  99999.00  99999.00  99999.00       0       0      51      12
23921  07  00     3  99999.00  99999.00  99999.00  99999.00  99999.00  99999.00  99999.00  99999.00       0       0      25       3
23921  07  00     2  99999.00  99999.00  99999.00  99999.00  99999.00  99999.00  99999.00  99999.00       0       0       3       1
23921  07  00     1  99999.00  99999.00  99999.00  99999.00  99999.00  99999.00  99999.00  99999.00       0       0       0       0
23921  08  00  9999    956.85   1043.01  99999.00  99999.00   -144.62    340.90    -51.19     84.17     823       0     821     821
23921  08  00  1000  99999.00  99999.00    -50.41    323.75   -147.80    363.52   -176.09    350.95       0     503     506     500
23921  08  00   925  99999.00  99999.00    377.06   1117.82   -181.11    400.05   -191.18    322.30       0     574     584     573
23921  08  00   900  99999.00  99999.00  99999.00  99999.00  99999.00  99999.00  99999.00  99999.00       0       0      17      17
23921  08  00   850  99999.00  99999.00   1039.36   1846.12   -213.95    341.17   -246.74    299.14       0     928     927     914
23921  08  00   800  99999.00  99999.00  99999.00  99999.00  99999.00  99999.00  99999.00  99999.00       0       0      17      17
23921  08  00   700  99999.00  99999.00   2516.84   3498.56   -250.46    206.50   -464.14    299.42       0     926     926     907
23921  08  00   600  99999.00  99999.00  99999.00  99999.00  99999.00  99999.00  99999.00  99999.00       0       0      12      12
23921  08  00   500  99999.00  99999.00   4949.11   6257.95   -404.37     50.67   -659.22    134.22       0     922     921     911
23921  08  00   400  99999.00  99999.00   6465.54   8006.82   -520.88    -65.00   -715.56    -19.44       0     920     920     914
23921  08  00   300  99999.00  99999.00   8308.52  10141.88   -637.29   -250.17   -760.12   -245.56       0     919     920     797
23921  08  00   250  99999.00  99999.00   9467.81  11386.13   -722.39   -297.23   -791.29   -343.57       0     912     914     783
23921  08  00   200  99999.00  99999.00  11027.33  12720.89   -847.17   -172.65   -864.64   -290.92       0     909     909     777
23921  08  00   150  99999.00  99999.00  13036.14  14475.42   -685.62   -296.58   -788.45   -371.81       0     906     903     770
23921  08  00   100  99999.00  99999.00  15788.54  17039.42   -638.43   -354.51   -838.32   -370.80       0     895     894     757
23921  08  00    80  99999.00  99999.00  99999.00  99999.00  99999.00  99999.00  99999.00  99999.00       0       0       7       6
23921  08  00    70  99999.00  99999.00  18153.09  19336.41   -617.34   -377.70   -881.56   -353.44       0     846     848     714
23921  08  00    60  99999.00  99999.00  99999.00  99999.00  99999.00  99999.00  99999.00  99999.00       0       0      16      12
23921  08  00    50  99999.00  99999.00  20332.53  21565.17   -605.28   -383.88   -904.58   -342.26       0     816     821     686
23921  08  00    40  99999.00  99999.00  99999.00  99999.00  99999.00  99999.00  99999.00  99999.00       0       0      24      22
23921  08  00    30  99999.00  99999.00  23629.08  24973.92   -601.71   -358.71   -955.17   -299.73       0     760     763     568
23921  08  00    20  99999.00  99999.00  26204.69  27774.77   -578.41   -317.89   -970.96   -252.40       0     661     672     476
23921  08  00    15  99999.00  99999.00  99999.00  99999.00   -572.49   -276.09  99999.00  99999.00       0       0      65      44
23921  08  00    10  99999.00  99999.00  30711.17  32653.73   -543.48   -217.56   -972.01   -164.29       0     294     337     201
23921  08  00     7  99999.00  99999.00  99999.00  99999.00  -7799.56   6793.88  99999.00  99999.00       0       0      63      39
23921  08  00     5  99999.00  99999.00  99999.00  99999.00  99999.00  99999.00  99999.00  99999.00       0       0      28       6
23921  08  00     3  99999.00  99999.00  99999.00  99999.00  99999.00  99999.00  99999.00  99999.00       0       0      30       4
23921  08  00     2  99999.00  99999.00  99999.00  99999.00  99999.00  99999.00  99999.00  99999.00       0       0       9       1
23921  08  00     1  99999.00  99999.00  99999.00  99999.00  99999.00  99999.00  99999.00  99999.00       0       0       0       0
23921  09  00  9999    944.79   1059.27  99999.00  99999.00   -218.63    318.85    -68.07    107.49     835       0     835     835
23921  09  00  1000  99999.00  99999.00   -109.87    429.53   -201.97    315.11   -226.29    292.95       0     553     551     544
23921  09  00   925  99999.00  99999.00    305.90   1210.94   -243.08    351.40   -258.61    289.19       0     565     574     558
23921  09  00   900  99999.00  99999.00  99999.00  99999.00  99999.00  99999.00  99999.00  99999.00       0       0       5       5
23921  09  00   850  99999.00  99999.00    947.59   1919.95   -283.23    311.49   -334.28    284.08       0     904     904     888
23921  09  00   800  99999.00  99999.00  99999.00  99999.00  99999.00  99999.00  99999.00  99999.00       0       0      13      13
23921  09  00   700  99999.00  99999.00   2412.37   3535.69   -337.07    208.33   -523.62    272.70       0     903     903     887
23921  09  00   600  99999.00  99999.00  99999.00  99999.00  99999.00  99999.00  99999.00  99999.00       0       0      16      16
23921  09  00   500  99999.00  99999.00   4777.95   6279.03   -484.88     50.20   -691.57    115.31       0     905     904     895
23921  09  00   400  99999.00  99999.00   6246.70   8023.30   -596.74    -65.26   -744.01    -42.49       0     902     904     893
23921  09  00   300  99999.00  99999.00   8030.15  10154.51   -673.30   -272.98   -772.19   -280.43       0     897     898     778
23921  09  00   250  99999.00  99999.00   9210.53  11356.49   -760.14   -299.10   -813.79   -351.91       0     889     885     765
23921  09  00   200  99999.00  99999.00  10752.96  12680.16   -874.15   -193.75   -903.33   -288.93       0     886     885     766
23921  09  00   150  99999.00  99999.00  12735.05  14413.37   -738.10   -301.42   -816.88   -374.56       0     876     875     757
23921  09  00   100  99999.00  99999.00  15433.33  16961.17   -698.13   -355.65   -819.59   -413.99       0     856     856     738
23921  09  00    80  99999.00  99999.00  99999.00  99999.00  99999.00  99999.00  99999.00  99999.00       0       0      10       9
23921  09  00    70  99999.00  99999.00  17739.32  19251.68   -678.70   -389.26   -836.82   -427.38       0     802     803     690
23921  09  00    60  99999.00  99999.00  99999.00  99999.00  99999.00  99999.00  99999.00  99999.00       0       0      13      12
23921  09  00    50  99999.00  99999.00  19860.38  21452.06   -688.48   -392.80   -880.53   -410.49       0     757     761     651
23921  09  00    40  99999.00  99999.00  99999.00  99999.00  99999.00  99999.00  99999.00  99999.00       0       0      28      24
23921  09  00    30  99999.00  99999.00  22906.04  24969.92   -702.89   -371.93   -888.00   -418.92       0     634     641     483
23921  09  00    20  99999.00  99999.00  25451.26  27686.74   -716.97   -316.89   -912.24   -374.76       0     478     498     334
23921  09  00    15  99999.00  99999.00  99999.00  99999.00  99999.00  99999.00  99999.00  99999.00       0       0      51      33
23921  09  00    10  99999.00  99999.00  29678.90  32665.82   -697.47   -198.99   -899.79   -298.35       0     216     242     137
23921  09  00     7  99999.00  99999.00  99999.00  99999.00  99999.00  99999.00  99999.00  99999.00       0       0      47      29
23921  09  00     5  99999.00  99999.00  99999.00  99999.00  99999.00  99999.00  99999.00  99999.00       0       0      32      17
23921  09  00     3  99999.00  99999.00  99999.00  99999.00  99999.00  99999.00  99999.00  99999.00       0       0      19       6
23921  09  00     2  99999.00  99999.00  99999.00  99999.00  99999.00  99999.00  99999.00  99999.00       0       0       6       4
23921  09  00     1  99999.00  99999.00  99999.00  99999.00  99999.00  99999.00  99999.00  99999.00       0       0       1       0
23921  10  00  9999    937.68   1068.00  99999.00  99999.00   -326.24    314.92    -86.22    144.66     794       0     794     794
23921  10  00  1000  99999.00  99999.00   -142.52    480.16   -327.78    328.98   -368.81    303.55       0     534     535     527
23921  10  00   925  99999.00  99999.00    226.81   1245.13   -340.51    321.77   -370.29    273.63       0     523     536     527
23921  10  00   900  99999.00  99999.00  99999.00  99999.00  99999.00  99999.00  99999.00  99999.00       0       0      10      10
23921  10  00   850  99999.00  99999.00    850.22   1965.02   -394.99    315.89   -451.70    280.66       0     863     863     847
23921  10  00   800  99999.00  99999.00  99999.00  99999.00  99999.00  99999.00  99999.00  99999.00       0       0      17      16
23921  10  00   700  99999.00  99999.00   2248.33   3590.89   -450.84    233.88   -619.24    265.64       0     858     857     841
23921  10  00   600  99999.00  99999.00  99999.00  99999.00  99999.00  99999.00  99999.00  99999.00       0       0       7       7
23921  10  00   500  99999.00  99999.00   4498.98   6364.38   -586.51     72.41   -737.27     89.53       0     858     859     851
23921  10  00   400  99999.00  99999.00   5875.71   8148.75   -673.33    -60.61   -793.20    -59.04       0     856     857     819
23921  10  00   300  99999.00  99999.00   7666.05  10230.09   -705.83   -290.15   -805.71   -303.27       0     856     857     730
23921  10  00   250  99999.00  99999.00   8825.85  11425.65   -784.06   -308.74   -856.69   -352.45       0     851     852     726
23921  10  00   200  99999.00  99999.00  10345.44  12746.28   -892.64   -223.28   -923.84   -316.88       0     844     842     715
23921  10  00   150  99999.00  99999.00  12319.60  14441.08   -788.61   -316.53   -850.37   -399.65       0     833     834     710
23921  10  00   100  99999.00  99999.00  14972.54  16945.58   -757.97   -377.57   -867.09   -433.41       0     811     811     689
23921  10  00    80  99999.00  99999.00  99999.00  99999.00  99999.00  99999.00  99999.00  99999.00       0       0      15      13
23921  10  00    70  99999.00  99999.00  17228.91  19192.83   -755.94   -411.78   -881.18   -460.70       0     767     769     649
23921  10  00    60  99999.00  99999.00  99999.00  99999.00  99999.00  99999.00  99999.00  99999.00       0       0      22      16
23921  10  00    50  99999.00  99999.00  19277.59  21361.15   -782.69   -415.97   -918.86   -460.70       0     718     719     600
23921  10  00    40  99999.00  99999.00  99999.00  99999.00  99999.00  99999.00  99999.00  99999.00       0       0      35      30
23921  10  00    30  99999.00  99999.00  22282.64  24712.16   -828.02   -394.82   -973.65   -440.61       0     594     604     453
23921  10  00    20  99999.00  99999.00  24602.81  27452.93   -849.51   -359.67   -993.31   -419.83       0     408     434     297
23921  10  00    15  99999.00  99999.00  99999.00  99999.00  99999.00  99999.00  99999.00  99999.00       0       0      38      26
23921  10  00    10  99999.00  99999.00  28590.29  32360.93   -864.98   -230.30  99999.00  99999.00       0     114     125      59
23921  10  00     7  99999.00  99999.00  99999.00  99999.00  99999.00  99999.00  99999.00  99999.00       0       0      21       7
23921  10  00     5  99999.00  99999.00  99999.00  99999.00  99999.00  99999.00  99999.00  99999.00       0       0      14       6
23921  10  00     3  99999.00  99999.00  99999.00  99999.00  99999.00  99999.00  99999.00  99999.00       0       0       8       3
23921  10  00     2  99999.00  99999.00  99999.00  99999.00  99999.00  99999.00  99999.00  99999.00       0       0       0       0
23921  10  00     1  99999.00  99999.00  99999.00  99999.00  99999.00  99999.00  99999.00  99999.00       0       0       0       0
23921  11  00  9999    928.04   1079.24  99999.00  99999.00   -643.30    443.06  -2133.81   2175.87     784       0     783     783
23921  11  00  1000  99999.00  99999.00   -187.49    543.43   -607.15    402.89   -642.27    363.93       0     524     525     517
23921  11  00   925  99999.00  99999.00    185.82   1268.70  -2436.81   2253.87   -524.29    295.67       0     510     523     506
23921  11  00   900  99999.00  99999.00  99999.00  99999.00  99999.00  99999.00  99999.00  99999.00       0       0      13      13
23921  11  00   850  99999.00  99999.00  -2771.06   5451.58   -456.64    277.52   -541.05    268.59       0     842     841     817
23921  11  00   800  99999.00  99999.00  99999.00  99999.00  99999.00  99999.00  99999.00  99999.00       0       0      10       9
23921  11  00   700  99999.00  99999.00    107.35   5598.19   -516.81    215.07   -651.98    233.14       0     841     843     826
23921  11  00   600  99999.00  99999.00  99999.00  99999.00  99999.00  99999.00  99999.00  99999.00       0       0      10      10
23921  11  00   500  99999.00  99999.00   4438.36   6239.32   -634.98     40.50   -763.41     49.95       0     837     839     823
23921  11  00   400  99999.00  99999.00   5823.51   7964.79   -703.95   -108.15   -809.76   -102.48       0     833     833     762
23921  11  00   300  99999.00  99999.00   7574.80  10021.00  -2287.43   1206.37   -813.86   -345.62       0     837     835     711
23921  11  00   250  99999.00  99999.00   8729.03  11189.63   -820.25   -335.69   -865.53   -389.01       0     831     832     708
23921  11  00   200  99999.00  99999.00  10214.89  12505.21  -2601.16   1395.92   -956.20   -334.00       0     821     821     700
23921  11  00   150  99999.00  99999.00  12122.32  14212.84  -2361.86   1170.46   -875.29   -417.97       0     811     811     693
23921  11  00   100  99999.00  99999.00  14644.53  16761.69   -825.59   -394.31   -895.41   -460.89       0     795     791     676
23921  11  00    80  99999.00  99999.00  99999.00  99999.00  99999.00  99999.00  99999.00  99999.00       0       0      15      11
23921  11  00    70  99999.00  99999.00  16789.80  19029.60   -862.98   -405.54   -938.92   -473.68       0     725     724     614
23921  11  00    60  99999.00  99999.00  99999.00  99999.00  99999.00  99999.00  99999.00  99999.00       0       0      27      24
23921  11  00    50  99999.00  99999.00  18772.68  21154.44   -935.83   -378.79  -1021.40   -447.08       0     657     664     562
23921  11  00    40  99999.00  99999.00  99999.00  99999.00  99999.00  99999.00  99999.00  99999.00       0       0      26      21
23921  11  00    30  99999.00  99999.00  21646.77  24498.93  -2976.24   1585.32  -1054.28   -465.92       0     466     474     378
23921  11  00    20  99999.00  99999.00   2518.86  47742.66   -976.65   -376.53  -1075.03   -446.35       0     266     281     218
23921  11  00    15  99999.00  99999.00  99999.00  99999.00  99999.00  99999.00  99999.00  99999.00       0       0      43      30
23921  11  00    10  99999.00  99999.00  99999.00  99999.00  99999.00  99999.00  99999.00  99999.00       0      34      45      30
23921  11  00     7  99999.00  99999.00  99999.00  99999.00  99999.00  99999.00  99999.00  99999.00       0       0       6       3
23921  11  00     5  99999.00  99999.00  99999.00  99999.00  99999.00  99999.00  99999.00  99999.00       0       0       2       1
23921  11  00     3  99999.00  99999.00  99999.00  99999.00  99999.00  99999.00  99999.00  99999.00       0       0       0       0
23921  11  00     2  99999.00  99999.00  99999.00  99999.00  99999.00  99999.00  99999.00  99999.00       0       0       0       0
23921  11  00     1  99999.00  99999.00  99999.00  99999.00  99999.00  99999.00  99999.00  99999.00       0       0       0       0
23921  12  00  9999    923.86   1085.26  99999.00  99999.00   -763.80    431.28    -77.74    150.38     820       0     818     818
23921  12  00  1000  99999.00  99999.00   -222.32    588.16  -2738.96   2385.52   -770.05    373.67       0     561     559     553
23921  12  00   925  99999.00  99999.00    139.31   1321.67   -546.68    312.88   -602.55    290.49       0     547     564     555
23921  12  00   900  99999.00  99999.00  99999.00  99999.00  99999.00  99999.00  99999.00  99999.00       0       0      16      16
23921  12  00   850  99999.00  99999.00  -1959.28   4644.68   -486.07    254.21   -554.92    228.68       0     883     882     864
23921  12  00   800  99999.00  99999.00  99999.00  99999.00  99999.00  99999.00  99999.00  99999.00       0       0      11      11
23921  12  00   700  99999.00  99999.00   -919.82   6540.58   -525.79    172.01   -661.13    185.35       0     884     884     872
23921  12  00   600  99999.00  99999.00  99999.00  99999.00  99999.00  99999.00  99999.00  99999.00       0       0       9       9
23921  12  00   500  99999.00  99999.00   2041.13   8495.69   -645.42     -1.26   -777.66     13.62       0     880     879     855
23921  12  00   400  99999.00  99999.00   5755.21   7894.57  -2176.53   1296.03   -815.55   -147.99       0     877     875     761
23921  12  00   300  99999.00  99999.00   4923.84  12457.56  -2262.81   1141.23   -824.48   -375.56       0     874     874     744
23921  12  00   250  99999.00  99999.00   8665.88  11056.28   -846.00   -349.92   -888.12   -410.52       0     868     869     740
23921  12  00   200  99999.00  99999.00  10144.89  12357.21  -3215.66   1952.62   -990.78   -344.94       0     857     860     731
23921  12  00   150  99999.00  99999.00  12035.23  14041.51  -2591.37   1355.31   -935.35   -400.39       0     836     835     710
23921  12  00   100  99999.00  99999.00  14493.66  16609.98   -927.26   -331.10   -959.00   -432.20       0     795     797     675
23921  12  00    80  99999.00  99999.00  99999.00  99999.00  99999.00  99999.00  99999.00  99999.00       0       0      14      10
23921  12  00    70  99999.00  99999.00  16526.94  18945.30   -968.25   -343.29   -999.84   -451.08       0     713     717     604
23921  12  00    60  99999.00  99999.00  99999.00  99999.00  99999.00  99999.00  99999.00  99999.00       0       0      17      15
23921  12  00    50  99999.00  99999.00  18396.95  21173.15  -2699.18   1318.66  -1036.18   -462.34       0     612     618     513
23921  12  00    40  99999.00  99999.00  99999.00  99999.00  99999.00  99999.00  99999.00  99999.00       0       0      35      30
23921  12  00    30  99999.00  99999.00  21131.38  24663.94  -3622.87   2194.97  -1095.91   -442.99       0     363     375     285
23921  12  00    20  99999.00  99999.00   9666.53  40724.69  -1193.54   -175.46  -1318.51   -235.03       0     191     204     149
23921  12  00    15  99999.00  99999.00  99999.00  99999.00  99999.00  99999.00  99999.00  99999.00       0       0      23      14
23921  12  00    10  99999.00  99999.00  99999.00  99999.00  99999.00  99999.00  99999.00  99999.00       0      33      48      29
23921  12  00     7  99999.00  99999.00  99999.00  99999.00  99999.00  99999.00  99999.00  99999.00       0       0       6       4
23921  12  00     5  99999.00  99999.00  99999.00  99999.00  99999.00  99999.00  99999.00  99999.00       0       0       3       2
23921  12  00     3  99999.00  99999.00  99999.00  99999.00  99999.00  99999.00  99999.00  99999.00       0       0       0       0
23921  12  00     2  99999.00  99999.00  99999.00  99999.00  99999.00  99999.00  99999.00  99999.00       0       0       0       0
23921  12  00     1  99999.00  99999.00  99999.00  99999.00  99999.00  99999.00  99999.00  99999.00       0       0       0       0
