43346  01  00  9999   1000.88   1021.40  99999.00  99999.00  -1742.48   2196.52  -1909.62   1942.98     781       0     775     774
43346  01  00  1000  99999.00  99999.00     15.16    192.28    142.44    330.00     67.70    338.42       0     798     788     784
43346  01  00   925  99999.00  99999.00    673.97    886.37     80.80    306.76    -98.44    410.36       0     507     507     499
43346  01  00   900  99999.00  99999.00  99999.00  99999.00  99999.00  99999.00  99999.00  99999.00       0       0      15      15
43346  01  00   850  99999.00  99999.00   1394.96   1614.44     19.67    291.71   -363.72    508.56       0     795     785     757
43346  01  00   800  99999.00  99999.00  99999.00  99999.00  99999.00  99999.00  99999.00  99999.00       0       0      11      10
43346  01  00   700  99999.00  99999.00   2985.40   3280.12    -39.02    226.90   -609.41    481.75       0     782     780     480
43346  01  00   600  99999.00  99999.00  99999.00  99999.00    -90.06    145.14   -640.95    381.69       0       0     684     344
43346  01  00   500  99999.00  99999.00   5628.44   6061.16   -182.20     65.72   -672.68    253.12       0     763     761     297
43346  01  00   400  99999.00  99999.00   7287.96   7827.60   -313.52    -19.52   -779.48    155.44       0     730     730     245
43346  01  00   300  99999.00  99999.00   9277.72  10029.76   -497.07   -146.43   -834.74    -63.26       0     720     720     213
43346  01  00   250  99999.00  99999.00  10460.99  11363.39   -615.13   -236.53   -939.87   -149.43       0     702     701     164
43346  01  00   200  99999.00  99999.00   4982.83  19640.71   -751.55   -346.19  -1039.53   -265.17       0     674     680     114
43346  01  00   150  99999.00  99999.00  13477.76  14830.40   -915.21   -462.93  99999.00  99999.00       0     620     619       2
43346  01  00   100  99999.00  99999.00  15513.19  17474.95  -1044.15   -551.91  99999.00  99999.00       0     511     516       1
43346  01  00    80  99999.00  99999.00  99999.00  99999.00  99999.00  99999.00  99999.00  99999.00       0       0      31       0
43346  01  00    70  99999.00  99999.00  17514.05  19574.81  -1116.41   -363.29  99999.00  99999.00       0     415     427       0
43346  01  00    60  99999.00  99999.00  99999.00  99999.00  99999.00  99999.00  99999.00  99999.00       0       0      32       0
43346  01  00    50  99999.00  99999.00  19421.02  21643.78  -1002.77   -299.45  99999.00  99999.00       0     338     346       0
43346  01  00    40  99999.00  99999.00  99999.00  99999.00  99999.00  99999.00  99999.00  99999.00       0       0      24       0
43346  01  00    30  99999.00  99999.00  22251.17  25114.73   -900.61   -230.41  99999.00  99999.00       0     234     233       0
43346  01  00    20  99999.00  99999.00  24750.57  27732.81   -846.41   -212.33  99999.00  99999.00       0     142     157       0
43346  01  00    15  99999.00  99999.00  99999.00  99999.00  99999.00  99999.00  99999.00  99999.00       0       0      17       0
43346  01  00    10  99999.00  99999.00  99999.00  99999.00  99999.00  99999.00  99999.00  99999.00       0       8      15       0
43346  01  00     7  99999.00  99999.00  99999.00  99999.00  99999.00  99999.00  99999.00  99999.00       0       0       0       0
43346  01  00     5  99999.00  99999.00  99999.00  99999.00  99999.00  99999.00  99999.00  99999.00       0       0       1       0
43346  01  00     3  99999.00  99999.00  99999.00  99999.00  99999.00  99999.00  99999.00  99999.00       0       0       0       0
43346  01  00     2  99999.00  99999.00  99999.00  99999.00  99999.00  99999.00  99999.00  99999.00       0       0       0       0
43346  01  00     1  99999.00  99999.00  99999.00  99999.00  99999.00  99999.00  99999.00  99999.00       0       0       0       0
43346  02  00  9999    998.94   1021.50  99999.00  99999.00    141.31    345.07    -66.83    122.29     721       0     713     712
43346  02  00  1000  99999.00  99999.00     -7.96    199.64    145.56    339.48     50.50    369.82       0     756     751     742
43346  02  00   925  99999.00  99999.00    671.98    879.94     75.84    334.92   -144.90    461.70       0     494     499     494
43346  02  00   900  99999.00  99999.00  99999.00  99999.00  99999.00  99999.00  99999.00  99999.00       0       0      16      16
43346  02  00   850  99999.00  99999.00   1392.31   1613.35     28.85    321.41   -420.05    528.07       0     753     748     695
43346  02  00   800  99999.00  99999.00  99999.00  99999.00  99999.00  99999.00  99999.00  99999.00       0       0      11       9
43346  02  00   700  99999.00  99999.00   2989.23   3281.31    -37.50    227.10   -573.82    441.38       0     739     738     470
43346  02  00   600  99999.00  99999.00  99999.00  99999.00    -97.59    154.29   -576.02    304.06       0       0     628     290
43346  02  00   500  99999.00  99999.00   5632.81   6063.25   -185.04     71.52   -681.82    266.54       0     714     713     255
43346  02  00   400  99999.00  99999.00   7288.33   7834.69   -311.67    -19.23   -724.54     86.66       0     697     694     223
43346  02  00   300  99999.00  99999.00   9287.40  10029.12   -501.06   -139.98   -837.17    -69.05       0     673     664     167
43346  02  00   250  99999.00  99999.00  10467.09  11367.09   -627.97   -220.09   -896.91   -211.95       0     646     642     129
43346  02  00   200  99999.00  99999.00  11822.46  12944.94   -768.26   -324.02  -1018.49   -326.45       0     625     621      99
43346  02  00   150  99999.00  99999.00  13461.85  14864.65   -921.64   -447.52  99999.00  99999.00       0     563     561       2
43346  02  00   100  99999.00  99999.00  15630.30  17386.26  -1034.34   -563.34  99999.00  99999.00       0     470     483       1
43346  02  00    80  99999.00  99999.00  99999.00  99999.00  99999.00  99999.00  99999.00  99999.00       0       0      30       0
43346  02  00    70  99999.00  99999.00  10062.13  26881.81  -1079.37   -405.45  99999.00  99999.00       0     421     423       0
43346  02  00    60  99999.00  99999.00  99999.00  99999.00  99999.00  99999.00  99999.00  99999.00       0       0      24       1
43346  02  00    50  99999.00  99999.00  10786.96  30114.64   -999.15   -301.23  99999.00  99999.00       0     364     370       0
43346  02  00    40  99999.00  99999.00  99999.00  99999.00  99999.00  99999.00  99999.00  99999.00       0       0      28       0
43346  02  00    30  99999.00  99999.00  10701.44  36379.76   -880.44   -249.12  99999.00  99999.00       0     250     256       0
43346  02  00    20  99999.00  99999.00   7209.32  44768.48   -853.44   -184.32  99999.00  99999.00       0     135     147       1
43346  02  00    15  99999.00  99999.00  99999.00  99999.00  99999.00  99999.00  99999.00  99999.00       0       0      27       0
43346  02  00    10  99999.00  99999.00  99999.00  99999.00  99999.00  99999.00  99999.00  99999.00       0      12      17       0
43346  02  00     7  99999.00  99999.00  99999.00  99999.00  99999.00  99999.00  99999.00  99999.00       0       0       1       0
43346  02  00     5  99999.00  99999.00  99999.00  99999.00  99999.00  99999.00  99999.00  99999.00       0       1       2       0
43346  02  00     3  99999.00  99999.00  99999.00  99999.00  99999.00  99999.00  99999.00  99999.00       0       0       0       0
43346  02  00     2  99999.00  99999.00  99999.00  99999.00  99999.00  99999.00  99999.00  99999.00       0       0       0       0
43346  02  00     1  99999.00  99999.00  99999.00  99999.00  99999.00  99999.00  99999.00  99999.00       0       0       0       0
43346  03  00  9999    996.84   1020.84  99999.00  99999.00    158.39    351.59    -69.33    116.07     870       0     864     863
43346  03  00  1000  99999.00  99999.00    -20.70    189.18    156.69    353.01     84.20    369.80       0     900     895     889
43346  03  00   925  99999.00  99999.00    658.79    873.59     76.09    367.45   -226.95    543.57       0     591     593     576
43346  03  00   900  99999.00  99999.00  99999.00  99999.00  99999.00  99999.00  99999.00  99999.00       0       0      18      17
43346  03  00   850  99999.00  99999.00   1384.05   1613.73     44.13    337.41   -450.83    549.01       0     903     893     824
43346  03  00   800  99999.00  99999.00  99999.00  99999.00  99999.00  99999.00  99999.00  99999.00       0       0      14      13
43346  03  00   700  99999.00  99999.00   2986.59   3284.91    -37.65    222.39   -565.41    447.03       0     893     895     681
43346  03  00   600  99999.00  99999.00  99999.00  99999.00   -100.40    152.80   -637.74    359.34       0       0     757     435
43346  03  00   500  99999.00  99999.00   5625.75   6069.87   -184.42     72.38   -688.62    262.02       0     863     861     356
43346  03  00   400  99999.00  99999.00   7281.84   7841.88   -306.19    -22.03   -762.21    138.03       0     838     825     298
43346  03  00   300  99999.00  99999.00   9278.85  10045.65   -497.44   -136.24   -863.61    -40.65       0     808     799     232
43346  03  00   250  99999.00  99999.00  10466.63  11382.95   -614.89   -223.81   -977.56   -121.48       0     780     775     177
43346  03  00   200  99999.00  99999.00  11852.47  12934.99   -751.34   -331.10  -1018.08   -301.32       0     746     749     132
43346  03  00   150  99999.00  99999.00  13496.87  14857.31   -924.38   -435.02  99999.00  99999.00       0     684     688       3
43346  03  00   100  99999.00  99999.00  15583.68  17458.92  -1048.40   -553.64  99999.00  99999.00       0     567     572       0
43346  03  00    80  99999.00  99999.00  99999.00  99999.00  99999.00  99999.00  99999.00  99999.00       0       0      32       0
43346  03  00    70  99999.00  99999.00  17500.97  19607.57  -1090.56   -386.28  99999.00  99999.00       0     520     524       0
43346  03  00    60  99999.00  99999.00  99999.00  99999.00  99999.00  99999.00  99999.00  99999.00       0       0      20       0
43346  03  00    50  99999.00  99999.00  19413.51  21686.79  -1002.50   -281.42  99999.00  99999.00       0     459     464       1
43346  03  00    40  99999.00  99999.00  99999.00  99999.00  99999.00  99999.00  99999.00  99999.00       0       0      31       0
43346  03  00    30  99999.00  99999.00  22416.28  25039.60   -864.01   -228.37  99999.00  99999.00       0     321     325       1
43346  03  00    20  99999.00  99999.00  24827.10  27808.86  -6146.34   4966.02  99999.00  99999.00       0     178     187       0
43346  03  00    15  99999.00  99999.00  99999.00  99999.00  99999.00  99999.00  99999.00  99999.00       0       0      19       0
43346  03  00    10  99999.00  99999.00  99999.00  99999.00  99999.00  99999.00  99999.00  99999.00       0      26      33       0
43346  03  00     7  99999.00  99999.00  99999.00  99999.00  99999.00  99999.00  99999.00  99999.00       0       0       3       0
43346  03  00     5  99999.00  99999.00  99999.00  99999.00  99999.00  99999.00  99999.00  99999.00       0       0       1       0
43346  03  00     3  99999.00  99999.00  99999.00  99999.00  99999.00  99999.00  99999.00  99999.00       0       0       0       0
43346  03  00     2  99999.00  99999.00  99999.00  99999.00  99999.00  99999.00  99999.00  99999.00       0       0       0       0
43346  03  00     1  99999.00  99999.00  99999.00  99999.00  99999.00  99999.00  99999.00  99999.00       0       0       1       0
43346  04  00  9999    996.05   1017.77  99999.00  99999.00    199.54    345.58    -52.73     98.35     793       0     788     787
43346  04  00  1000  99999.00  99999.00    -36.47    171.61    188.99    353.99    122.35    369.67       0     804     797     795
43346  04  00   925  99999.00  99999.00    643.10    868.58     97.71    370.83    -60.29    452.83       0     520     517     517
43346  04  00   900  99999.00  99999.00  99999.00  99999.00  99999.00  99999.00  99999.00  99999.00       0       0      17      17
43346  04  00   850  99999.00  99999.00   1380.65   1600.85     60.40    344.80   -300.00    510.24       0     800     789     770
43346  04  00   800  99999.00  99999.00  99999.00  99999.00  99999.00  99999.00  99999.00  99999.00       0       0       8       8
43346  04  00   700  99999.00  99999.00   2985.73   3286.21    -22.25    226.75   -470.07    397.17       0     786     788     690
43346  04  00   600  99999.00  99999.00  99999.00  99999.00    -99.17    156.79   -589.39    363.65       0       0     685     534
43346  04  00   500  99999.00  99999.00   5621.16   6085.20   -185.32     80.96   -648.43    275.69       0     759     756     478
43346  04  00   400  99999.00  99999.00   7281.13   7858.69   -308.30    -10.82   -721.43    141.37       0     741     737     384
43346  04  00   300  99999.00  99999.00   9274.02  10074.42   -497.44   -125.32   -803.70    -50.22       0     709     716     296
43346  04  00   250  99999.00  99999.00  10458.28  11417.92   -620.07   -210.15   -862.88   -179.72       0     690     693     232
43346  04  00   200  99999.00  99999.00  11820.38  12998.78  -2764.99   1657.01   -974.13   -305.37       0     664     666     149
43346  04  00   150  99999.00  99999.00  13462.40  14911.52   -912.82   -453.58  99999.00  99999.00       0     598     603       1
43346  04  00   100  99999.00  99999.00  15598.19  17458.55  -1040.91   -570.27  99999.00  99999.00       0     520     525       3
43346  04  00    80  99999.00  99999.00  99999.00  99999.00  99999.00  99999.00  99999.00  99999.00       0       0      27       0
43346  04  00    70  99999.00  99999.00  17491.72  19644.28  -1082.03   -376.91  99999.00  99999.00       0     436     445       0
43346  04  00    60  99999.00  99999.00  99999.00  99999.00  99999.00  99999.00  99999.00  99999.00       0       0      27       0
43346  04  00    50  99999.00  99999.00  19391.81  21770.45   -954.16   -290.56  99999.00  99999.00       0     391     396       0
43346  04  00    40  99999.00  99999.00  99999.00  99999.00  99999.00  99999.00  99999.00  99999.00       0       0      28       0
43346  04  00    30  99999.00  99999.00  22441.90  25114.30   -807.32   -242.72  99999.00  99999.00       0     279     282       0
43346  04  00    20  99999.00  99999.00  24997.42  27787.54   -760.78   -183.70  99999.00  99999.00       0     153     164       1
43346  04  00    15  99999.00  99999.00  99999.00  99999.00  99999.00  99999.00  99999.00  99999.00       0       0      19       0
43346  04  00    10  99999.00  99999.00  99999.00  99999.00  99999.00  99999.00  99999.00  99999.00       0      11      18       0
43346  04  00     7  99999.00  99999.00  99999.00  99999.00  99999.00  99999.00  99999.00  99999.00       0       0       2       0
43346  04  00     5  99999.00  99999.00  99999.00  99999.00  99999.00  99999.00  99999.00  99999.00       0       0       1       0
43346  04  00     3  99999.00  99999.00  99999.00  99999.00  99999.00  99999.00  99999.00  99999.00       0       0       0       0
43346  04  00     2  99999.00  99999.00  99999.00  99999.00  99999.00  99999.00  99999.00  99999.00       0       0       0       0
43346  04  00     1  99999.00  99999.00  99999.00  99999.00  99999.00  99999.00  99999.00  99999.00       0       0       0       0
43346  05  00  9999    993.92   1015.40  99999.00  99999.00    213.76    345.16   -110.31    164.73     791       0     783     783
43346  05  00  1000  99999.00  99999.00    -51.76    146.24    202.21    356.65     92.87    402.11       0     816     814     805
43346  05  00   925  99999.00  99999.00    627.88    848.80    110.35    397.27    -69.09    458.19       0     541     544     541
43346  05  00   900  99999.00  99999.00  99999.00  99999.00  99999.00  99999.00  99999.00  99999.00       0       0      14      14
43346  05  00   850  99999.00  99999.00   1355.72   1599.56     66.54    372.06   -197.76    468.12       0     813     815     803
43346  05  00   800  99999.00  99999.00  99999.00  99999.00  99999.00  99999.00  99999.00  99999.00       0       0      13      13
43346  05  00   700  99999.00  99999.00   2971.01   3290.93    -18.41    241.51   -392.26    394.82       0     804     801     772
43346  05  00   600  99999.00  99999.00  99999.00  99999.00   -107.36    163.84   -484.24    330.80       0       0     696     643
43346  05  00   500  99999.00  99999.00   5619.40   6082.96   -181.75     81.77   -647.00    312.88       0     771     768     576
43346  05  00   400  99999.00  99999.00   7285.56   7858.80   -293.53    -10.45   -757.00    197.12       0     743     735     462
43346  05  00   300  99999.00  99999.00   9306.62  10065.38   -472.25   -128.93   -840.44     -0.80       0     710     709     344
43346  05  00   250  99999.00  99999.00  10495.55  11411.27   -596.60   -209.96   -905.21   -122.33       0     689     688     281
43346  05  00   200  99999.00  99999.00  11892.42  12970.26   -745.64   -314.24  -1027.75   -247.75       0     658     661     191
43346  05  00   150  99999.00  99999.00  13550.45  14893.97   -905.44   -452.32  99999.00  99999.00       0     605     613       5
43346  05  00   100  99999.00  99999.00  15642.18  17481.66  -1056.23   -542.99  99999.00  99999.00       0     495     505       3
43346  05  00    80  99999.00  99999.00  99999.00  99999.00  99999.00  99999.00  99999.00  99999.00       0       0      27       0
43346  05  00    70  99999.00  99999.00  17523.55  19707.07  -1083.96   -333.48  99999.00  99999.00       0     450     456       1
43346  05  00    60  99999.00  99999.00  99999.00  99999.00  99999.00  99999.00  99999.00  99999.00       0       0      23       0
43346  05  00    50  99999.00  99999.00  19555.69  21734.05   -934.90   -291.94  99999.00  99999.00       0     372     382       0
43346  05  00    40  99999.00  99999.00  99999.00  99999.00  99999.00  99999.00  99999.00  99999.00       0       0      32       1
43346  05  00    30  99999.00  99999.00  22614.44  25091.24   -827.43   -222.87  99999.00  99999.00       0     264     271       0
43346  05  00    20  99999.00  99999.00  25186.14  27763.50   -798.27   -145.11  99999.00  99999.00       0     166     181       0
43346  05  00    15  99999.00  99999.00  99999.00  99999.00  99999.00  99999.00  99999.00  99999.00       0       0      28       0
43346  05  00    10  99999.00  99999.00  99999.00  99999.00  99999.00  99999.00  99999.00  99999.00       0      35      45       0
43346  05  00     7  99999.00  99999.00  99999.00  99999.00  99999.00  99999.00  99999.00  99999.00       0       0       1       0
43346  05  00     5  99999.00  99999.00  99999.00  99999.00  99999.00  99999.00  99999.00  99999.00       0       0       1       0
43346  05  00     3  99999.00  99999.00  99999.00  99999.00  99999.00  99999.00  99999.00  99999.00       0       0       0       0
43346  05  00     2  99999.00  99999.00  99999.00  99999.00  99999.00  99999.00  99999.00  99999.00       0       0       0       0
43346  05  00     1  99999.00  99999.00  99999.00  99999.00  99999.00  99999.00  99999.00  99999.00       0       0       1       0
43346  06  00  9999    992.99   1014.95  99999.00  99999.00    218.20    333.40    -81.27    162.69     775       0     764     763
43346  06  00  1000  99999.00  99999.00    -51.96    136.44    208.83    343.23     70.80    387.36       0     814     792     784
43346  06  00   925  99999.00  99999.00    607.53    853.65    124.76    372.08    -53.71    412.13       0     539     541     540
43346  06  00   900  99999.00  99999.00  99999.00  99999.00  99999.00  99999.00  99999.00  99999.00       0       0      11      11
43346  06  00   850  99999.00  99999.00   1345.03   1590.31     77.60    337.52   -155.61    418.23       0     815     811     808
43346  06  00   800  99999.00  99999.00  99999.00  99999.00  99999.00  99999.00  99999.00  99999.00       0       0      13      13
43346  06  00   700  99999.00  99999.00   2950.45   3283.45    -15.13    230.75   -265.06    338.54       0     804     798     788
43346  06  00   600  99999.00  99999.00  99999.00  99999.00    -83.10    147.18   -363.27    289.29       0       0     717     700
43346  06  00   500  99999.00  99999.00   5603.49   6079.05   -168.79     74.57   -518.48    257.80       0     781     782     737
43346  06  00   400  99999.00  99999.00   7274.85   7851.45   -284.51    -17.27   -599.17    105.71       0     755     742     652
43346  06  00   300  99999.00  99999.00   9288.46  10069.18   -483.20   -116.24   -707.00    -81.68       0     723     724     520
43346  06  00   250  99999.00  99999.00  10485.38  11413.34   -610.04   -194.96   -759.55   -212.11       0     691     695     420
43346  06  00   200  99999.00  99999.00  11862.48  12993.24   -748.43   -307.67   -905.42   -308.66       0     662     667     278
43346  06  00   150  99999.00  99999.00  13493.23  14940.79   -917.17   -436.69  99999.00  99999.00       0     606     609       7
43346  06  00   100  99999.00  99999.00   9430.89  23599.65  -3227.33   1624.39  99999.00  99999.00       0     516     527       1
43346  06  00    80  99999.00  99999.00  99999.00  99999.00  99999.00  99999.00  99999.00  99999.00       0       0      27       0
43346  06  00    70  99999.00  99999.00  17543.94  19755.66  -1054.47   -330.87  99999.00  99999.00       0     457     464       0
43346  06  00    60  99999.00  99999.00  99999.00  99999.00  99999.00  99999.00  99999.00  99999.00       0       0      22       0
43346  06  00    50  99999.00  99999.00  19472.00  21927.08  -3537.35   2287.33  99999.00  99999.00       0     374     379       0
43346  06  00    40  99999.00  99999.00  99999.00  99999.00  99999.00  99999.00  99999.00  99999.00       0       0      25       0
43346  06  00    30  99999.00  99999.00  22424.99  25406.75   -847.54   -201.94  99999.00  99999.00       0     242     250       1
43346  06  00    20  99999.00  99999.00  24995.49  28074.21   -804.03   -153.51  99999.00  99999.00       0     136     149       0
43346  06  00    15  99999.00  99999.00  99999.00  99999.00  99999.00  99999.00  99999.00  99999.00       0       0      20       0
43346  06  00    10  99999.00  99999.00  99999.00  99999.00  99999.00  99999.00  99999.00  99999.00       0      20      27       0
43346  06  00     7  99999.00  99999.00  99999.00  99999.00  99999.00  99999.00  99999.00  99999.00       0       0       1       0
43346  06  00     5  99999.00  99999.00  99999.00  99999.00  99999.00  99999.00  99999.00  99999.00       0       0       2       0
43346  06  00     3  99999.00  99999.00  99999.00  99999.00  99999.00  99999.00  99999.00  99999.00       0       0       0       0
43346  06  00     2  99999.00  99999.00  99999.00  99999.00  99999.00  99999.00  99999.00  99999.00       0       0       0       0
43346  06  00     1  99999.00  99999.00  99999.00  99999.00  99999.00  99999.00  99999.00  99999.00       0       0       0       0
43346  07  00  9999    995.48   1013.48  99999.00  99999.00    212.16    329.64    -80.38    159.38     851       0     838     835
43346  07  00  1000  99999.00  99999.00    -37.86    131.46    193.94    347.66     69.60    381.24       0     884     871     867
43346  07  00   925  99999.00  99999.00    617.21    846.53    111.03    369.39    -56.44    401.60       0     596     594     592
43346  07  00   900  99999.00  99999.00  99999.00  99999.00  99999.00  99999.00  99999.00  99999.00       0       0      11      11
43346  07  00   850  99999.00  99999.00   1348.03   1589.95     65.13    329.13   -115.05    383.31       0     884     870     867
43346  07  00   800  99999.00  99999.00  99999.00  99999.00  99999.00  99999.00  99999.00  99999.00       0       0       8       8
43346  07  00   700  99999.00  99999.00   2941.80   3281.16    -29.57    225.43   -231.06    319.50       0     871     865     860
43346  07  00   600  99999.00  99999.00  99999.00  99999.00    -93.49    144.23   -334.38    276.90       0       0     770     760
43346  07  00   500  99999.00  99999.00   5574.19   6085.03   -181.86     75.30   -459.44    214.60       0     849     850     810
43346  07  00   400  99999.00  99999.00   7228.70   7869.86   -297.19    -15.43   -558.98     79.54       0     823     818     737
43346  07  00   300  99999.00  99999.00   9235.21  10083.01   -478.79   -137.75   -682.28    -95.60       0     789     787     611
43346  07  00   250  99999.00  99999.00  10421.57  11424.41   -602.03   -223.67   -758.43   -220.59       0     760     762     507
43346  07  00   200  99999.00  99999.00  11816.69  12980.09   -751.03   -320.71   -934.72   -286.36       0     726     732     357
43346  07  00   150  99999.00  99999.00  13446.76  14916.40   -918.59   -450.23  99999.00  99999.00       0     672     675       8
43346  07  00   100  99999.00  99999.00  15648.60  17419.20  -1093.44   -427.08  99999.00  99999.00       0     551     560       3
43346  07  00    80  99999.00  99999.00  99999.00  99999.00  99999.00  99999.00  99999.00  99999.00       0       0      35       0
43346  07  00    70  99999.00  99999.00  17651.27  19627.19  -1011.95   -325.55  99999.00  99999.00       0     479     483       2
43346  07  00    60  99999.00  99999.00  99999.00  99999.00  99999.00  99999.00  99999.00  99999.00       0       0      31       0
43346  07  00    50  99999.00  99999.00  19579.18  21821.74   -920.40   -271.68  99999.00  99999.00       0     388     395       1
43346  07  00    40  99999.00  99999.00  99999.00  99999.00  99999.00  99999.00  99999.00  99999.00       0       0      27       0
43346  07  00    30  99999.00  99999.00  22464.97  25333.81   -855.91   -219.31  99999.00  99999.00       0     230     238       0
43346  07  00    20  99999.00  99999.00  25108.93  27927.13   -827.56   -165.40  99999.00  99999.00       0     122     131       0
43346  07  00    15  99999.00  99999.00  99999.00  99999.00  99999.00  99999.00  99999.00  99999.00       0       0      15       0
43346  07  00    10  99999.00  99999.00  99999.00  99999.00  99999.00  99999.00  99999.00  99999.00       0      14      24       1
43346  07  00     7  99999.00  99999.00  99999.00  99999.00  99999.00  99999.00  99999.00  99999.00       0       0       1       0
43346  07  00     5  99999.00  99999.00  99999.00  99999.00  99999.00  99999.00  99999.00  99999.00       0       0       1       0
43346  07  00     3  99999.00  99999.00  99999.00  99999.00  99999.00  99999.00  99999.00  99999.00       0       0       0       0
43346  07  00     2  99999.00  99999.00  99999.00  99999.00  99999.00  99999.00  99999.00  99999.00       0       0       0       0
43346  07  00     1  99999.00  99999.00  99999.00  99999.00  99999.00  99999.00  99999.00  99999.00       0       0       0       0
43346  08  00  9999    995.90   1014.50  99999.00  99999.00    208.92    322.68    -99.36    161.16     814       0     808     807
43346  08  00  1000  99999.00  99999.00    -31.82    136.54    199.12    333.64     98.72    364.52       0     864     850     846
43346  08  00   925  99999.00  99999.00    622.12    852.40    104.07    373.71    -57.59    417.13       0     558     560     559
43346  08  00   900  99999.00  99999.00  99999.00  99999.00  99999.00  99999.00  99999.00  99999.00       0       0       7       7
43346  08  00   850  99999.00  99999.00   1361.69   1586.57     67.93    326.17   -113.05    390.59       0     858     843     838
43346  08  00   800  99999.00  99999.00  99999.00  99999.00  99999.00  99999.00  99999.00  99999.00       0       0       8       8
43346  08  00   700  99999.00  99999.00   2949.25   3286.33    -21.53    217.99   -202.56    299.28       0     852     849     843
43346  08  00   600  99999.00  99999.00  99999.00  99999.00    -88.31    141.01   -332.51    274.93       0       0     759     753
43346  08  00   500  99999.00  99999.00   5590.01   6085.85   -179.70     77.46   -451.41    200.91       0     822     823     789
43346  08  00   400  99999.00  99999.00   7250.78   7865.90   -297.44    -13.88   -558.29     79.99       0     799     789     698
43346  08  00   300  99999.00  99999.00   9257.97  10076.97   -486.25   -131.65   -669.64   -109.84       0     770     769     586
43346  08  00   250  99999.00  99999.00  10443.87  11424.03   -610.46   -213.86   -740.06   -236.90       0     749     752     446
43346  08  00   200  99999.00  99999.00  11811.85  13003.21   -762.63   -313.95   -911.87   -309.23       0     726     727     270
43346  08  00   150  99999.00  99999.00  13448.75  14929.07   -931.27   -439.15  99999.00  99999.00       0     662     662       3
43346  08  00   100  99999.00  99999.00  15622.22  17472.38  -1041.22   -467.50  99999.00  99999.00       0     552     557       1
43346  08  00    80  99999.00  99999.00  99999.00  99999.00  99999.00  99999.00  99999.00  99999.00       0       0      34       0
43346  08  00    70  99999.00  99999.00  17645.62  19681.66   -956.51   -372.59  99999.00  99999.00       0     472     480       1
43346  08  00    60  99999.00  99999.00  99999.00  99999.00  99999.00  99999.00  99999.00  99999.00       0       0      28       0
43346  08  00    50  99999.00  99999.00  19664.50  21810.22   -892.87   -307.27  99999.00  99999.00       0     390     398       0
43346  08  00    40  99999.00  99999.00  99999.00  99999.00  99999.00  99999.00  99999.00  99999.00       0       0      25       0
43346  08  00    30  99999.00  99999.00  22643.76  25280.76   -837.03   -239.07  99999.00  99999.00       0     221     231       0
43346  08  00    20  99999.00  99999.00  25053.96  28113.00   -842.11   -172.51  99999.00  99999.00       0     112     118       0
43346  08  00    15  99999.00  99999.00  99999.00  99999.00  99999.00  99999.00  99999.00  99999.00       0       0      17       0
43346  08  00    10  99999.00  99999.00  99999.00  99999.00  99999.00  99999.00  99999.00  99999.00       0      15      24       0
43346  08  00     7  99999.00  99999.00  99999.00  99999.00  99999.00  99999.00  99999.00  99999.00       0       0       1       0
43346  08  00     5  99999.00  99999.00  99999.00  99999.00  99999.00  99999.00  99999.00  99999.00       0       0       2       0
43346  08  00     3  99999.00  99999.00  99999.00  99999.00  99999.00  99999.00  99999.00  99999.00       0       0       0       0
43346  08  00     2  99999.00  99999.00  99999.00  99999.00  99999.00  99999.00  99999.00  99999.00       0       0       0       0
43346  08  00     1  99999.00  99999.00  99999.00  99999.00  99999.00  99999.00  99999.00  99999.00       0       0       0       0
43346  09  00  9999    995.84   1016.24  99999.00  99999.00    207.28    318.04    -70.73    115.15     696       0     692     692
43346  09  00  1000  99999.00  99999.00    -32.13    151.47    194.32    333.16    120.68    351.92       0     745     740     734
43346  09  00   925  99999.00  99999.00    628.50    862.50    108.55    359.11     -4.07    374.65       0     473     472     470
43346  09  00   900  99999.00  99999.00  99999.00  99999.00  99999.00  99999.00  99999.00  99999.00       0       0       8       8
43346  09  00   850  99999.00  99999.00  -1060.05   3988.35  -2079.91   2438.81   -127.92    404.28       0     746     735     733
43346  09  00   800  99999.00  99999.00  99999.00  99999.00  99999.00  99999.00  99999.00  99999.00       0       0       7       7
43346  09  00   700  99999.00  99999.00   2963.49   3279.21    -23.41    217.91   -289.72    363.44       0     737     736     730
43346  09  00   600  99999.00  99999.00  99999.00  99999.00    -92.06    146.38   -377.17    289.31       0       0     661     641
43346  09  00   500  99999.00  99999.00   5591.94   6087.42   -176.79     72.21   -470.70    202.50       0     709     707     671
43346  09  00   400  99999.00  99999.00   7259.57   7859.33   -294.47    -19.31   -578.88     77.64       0     695     685     605
43346  09  00   300  99999.00  99999.00   9263.59  10070.23   -485.00   -132.56   -677.57   -121.13       0     669     667     441
43346  09  00   250  99999.00  99999.00  10440.29  11426.57   -610.07   -215.39   -779.44   -229.84       0     648     649     330
43346  09  00   200  99999.00  99999.00  11830.02  12976.74   -746.63   -331.31   -904.32   -347.64       0     619     619     216
43346  09  00   150  99999.00  99999.00  13483.44  14883.48   -913.57   -460.69  99999.00  99999.00       0     570     583       1
43346  09  00   100  99999.00  99999.00  15615.18  17475.30  -1081.85   -425.93  99999.00  99999.00       0     502     509       3
43346  09  00    80  99999.00  99999.00  99999.00  99999.00  99999.00  99999.00  99999.00  99999.00       0       0      24       0
43346  09  00    70  99999.00  99999.00  17633.75  19675.19  -1009.11   -323.43  99999.00  99999.00       0     450     450       0
43346  09  00    60  99999.00  99999.00  99999.00  99999.00  99999.00  99999.00  99999.00  99999.00       0       0      22       0
43346  09  00    50  99999.00  99999.00  19563.91  21843.43  -3553.13   2292.07  99999.00  99999.00       0     368     376       0
43346  09  00    40  99999.00  99999.00  99999.00  99999.00  99999.00  99999.00  99999.00  99999.00       0       0      24       0
43346  09  00    30  99999.00  99999.00  22495.49  25313.21   -891.23   -189.23  99999.00  99999.00       0     232     239       0
43346  09  00    20  99999.00  99999.00  24847.13  28106.69  -5817.62   4644.70  99999.00  99999.00       0     110     119       1
43346  09  00    15  99999.00  99999.00  99999.00  99999.00  99999.00  99999.00  99999.00  99999.00       0       0      10       0
43346  09  00    10  99999.00  99999.00  99999.00  99999.00  99999.00  99999.00  99999.00  99999.00       0      12      18       0
43346  09  00     7  99999.00  99999.00  99999.00  99999.00  99999.00  99999.00  99999.00  99999.00       0       0       3       0
43346  09  00     5  99999.00  99999.00  99999.00  99999.00  99999.00  99999.00  99999.00  99999.00       0       0       1       0
43346  09  00     3  99999.00  99999.00  99999.00  99999.00  99999.00  99999.00  99999.00  99999.00       0       0       0       0
43346  09  00     2  99999.00  99999.00  99999.00  99999.00  99999.00  99999.00  99999.00  99999.00       0       0       0       0
43346  09  00     1  99999.00  99999.00  99999.00  99999.00  99999.00  99999.00  99999.00  99999.00       0       0       0       0
43346  10  00  9999    995.74   1019.02  99999.00  99999.00  -1673.46   2165.82  -1867.56   1882.44     821       0     818     817
43346  10  00  1000  99999.00  99999.00    -34.91    179.29    182.88    333.00    129.87    341.31       0     859     855     849
43346  10  00   925  99999.00  99999.00    632.38    881.26    107.03    345.23    -48.47    423.13       0     564     563     562
43346  10  00   900  99999.00  99999.00  99999.00  99999.00  99999.00  99999.00  99999.00  99999.00       0       0      10      10
43346  10  00   850  99999.00  99999.00   1367.91   1608.75     66.06    301.02   -141.36    407.88       0     855     845     838
43346  10  00   800  99999.00  99999.00  99999.00  99999.00  99999.00  99999.00  99999.00  99999.00       0       0      15      15
43346  10  00   700  99999.00  99999.00   2974.45   3276.49    -22.26    209.46   -316.56    377.40       0     851     848     829
43346  10  00   600  99999.00  99999.00  99999.00  99999.00    -89.14    141.02   -400.04    312.52       0       0     727     690
43346  10  00   500  99999.00  99999.00   5619.09   6067.53   -180.13     74.03   -525.48    250.68       0     827     823     733
43346  10  00   400  99999.00  99999.00   7277.58   7846.86   -300.71    -14.75   -661.21    152.87       0     806     800     645
43346  10  00   300  99999.00  99999.00   9270.86  10069.70   -489.16   -129.76   -738.57    -70.41       0     793     786     498
43346  10  00   250  99999.00  99999.00  10455.03  11412.75   -610.62   -222.78   -836.58   -189.66       0     767     769     385
43346  10  00   200  99999.00  99999.00  11842.33  12963.13   -756.57   -332.49   -953.54   -331.82       0     730     734     237
43346  10  00   150  99999.00  99999.00  13471.69  14882.89   -936.08   -452.84  99999.00  99999.00       0     679     682       4
43346  10  00   100  99999.00  99999.00  15641.47  17405.23  -1063.51   -488.35  99999.00  99999.00       0     540     549       4
43346  10  00    80  99999.00  99999.00  99999.00  99999.00  99999.00  99999.00  99999.00  99999.00       0       0      29       0
43346  10  00    70  99999.00  99999.00  17532.83  19673.87  -1041.01   -333.13  99999.00  99999.00       0     453     462       1
43346  10  00    60  99999.00  99999.00  99999.00  99999.00  99999.00  99999.00  99999.00  99999.00       0       0      22       0
43346  10  00    50  99999.00  99999.00  19430.70  21867.90   -952.98   -280.26  99999.00  99999.00       0     358     361       0
43346  10  00    40  99999.00  99999.00  99999.00  99999.00  99999.00  99999.00  99999.00  99999.00       0       0      24       2
43346  10  00    30  99999.00  99999.00  22373.59  25279.99   -880.78   -202.90  99999.00  99999.00       0     221     233       0
43346  10  00    20  99999.00  99999.00  24838.45  27991.09   -829.58   -154.34  99999.00  99999.00       0     128     136       0
43346  10  00    15  99999.00  99999.00  99999.00  99999.00  99999.00  99999.00  99999.00  99999.00       0       0      10       0
43346  10  00    10  99999.00  99999.00  99999.00  99999.00  99999.00  99999.00  99999.00  99999.00       0      14      21       0
43346  10  00     7  99999.00  99999.00  99999.00  99999.00  99999.00  99999.00  99999.00  99999.00       0       0       1       0
43346  10  00     5  99999.00  99999.00  99999.00  99999.00  99999.00  99999.00  99999.00  99999.00       0       0       2       0
43346  10  00     3  99999.00  99999.00  99999.00  99999.00  99999.00  99999.00  99999.00  99999.00       0       0       0       0
43346  10  00     2  99999.00  99999.00  99999.00  99999.00  99999.00  99999.00  99999.00  99999.00       0       0       0       0
43346  10  00     1  99999.00  99999.00  99999.00  99999.00  99999.00  99999.00  99999.00  99999.00       0       0       0       0
43346  11  00  9999    996.92   1020.80  99999.00  99999.00    166.47    329.67    -72.73    105.47     800       0     792     791
43346  11  00  1000  99999.00  99999.00    -32.42    201.46    162.31    332.83    108.11    344.75       0     827     820     817
43346  11  00   925  99999.00  99999.00    639.02    889.58    102.37    321.13    -45.74    409.54       0     549     558     556
43346  11  00   900  99999.00  99999.00  99999.00  99999.00  99999.00  99999.00  99999.00  99999.00       0       0      16      16
43346  11  00   850  99999.00  99999.00   1359.77   1628.45     54.97    287.05   -212.20    454.16       0     826     822     812
43346  11  00   800  99999.00  99999.00  99999.00  99999.00  99999.00  99999.00  99999.00  99999.00       0       0      13      13
43346  11  00   700  99999.00  99999.00   2967.73   3287.53    -19.68    204.84   -393.58    428.54       0     825     815     741
43346  11  00   600  99999.00  99999.00  99999.00  99999.00    -83.78    135.58   -491.27    375.01       0       0     719     621
43346  11  00   500  99999.00  99999.00   5621.72   6067.52   -165.14     58.30   -587.69    295.39       0     797     796     616
43346  11  00   400  99999.00  99999.00   7287.56   7838.12   -279.32    -35.72   -676.46    157.90       0     777     773     543
43346  11  00   300  99999.00  99999.00   9313.27  10025.83   -471.04   -150.64   -766.38    -46.98       0     754     753     410
43346  11  00   250  99999.00  99999.00  10499.80  11365.84   -599.86   -235.78   -834.61   -184.45       0     716     726     322
43346  11  00   200  99999.00  99999.00  11881.39  12921.91   -750.89   -338.45   -976.29   -305.37       0     695     698     207
43346  11  00   150  99999.00  99999.00  13516.96  14841.52   -939.16   -443.32  99999.00  99999.00       0     621     629       2
43346  11  00   100  99999.00  99999.00  15646.82  17374.94  -1063.55   -533.51  99999.00  99999.00       0     501     512       1
43346  11  00    80  99999.00  99999.00  99999.00  99999.00  99999.00  99999.00  99999.00  99999.00       0       0      30       0
43346  11  00    70  99999.00  99999.00  17568.18  19567.02  -1074.66   -351.42  99999.00  99999.00       0     416     420       1
43346  11  00    60  99999.00  99999.00  99999.00  99999.00  99999.00  99999.00  99999.00  99999.00       0       0      17       0
43346  11  00    50  99999.00  99999.00  19491.01  21702.85   -984.83   -271.91  99999.00  99999.00       0     342     351       0
43346  11  00    40  99999.00  99999.00  99999.00  99999.00  99999.00  99999.00  99999.00  99999.00       0       0      26       0
43346  11  00    30  99999.00  99999.00  22368.43  25169.71   -912.27   -178.95  99999.00  99999.00       0     226     238       0
43346  11  00    20  99999.00  99999.00   6575.53  45558.13   -828.93   -156.21  99999.00  99999.00       0     126     131       0
43346  11  00    15  99999.00  99999.00  99999.00  99999.00  99999.00  99999.00  99999.00  99999.00       0       0      13       0
43346  11  00    10  99999.00  99999.00  99999.00  99999.00  99999.00  99999.00  99999.00  99999.00       0      12      17       0
43346  11  00     7  99999.00  99999.00  99999.00  99999.00  99999.00  99999.00  99999.00  99999.00       0       0       2       0
43346  11  00     5  99999.00  99999.00  99999.00  99999.00  99999.00  99999.00  99999.00  99999.00       0       0       0       0
43346  11  00     3  99999.00  99999.00  99999.00  99999.00  99999.00  99999.00  99999.00  99999.00       0       0       0       0
43346  11  00     2  99999.00  99999.00  99999.00  99999.00  99999.00  99999.00  99999.00  99999.00       0       0       0       0
43346  11  00     1  99999.00  99999.00  99999.00  99999.00  99999.00  99999.00  99999.00  99999.00       0       0       0       0
43346  12  00  9999    998.15   1022.99  99999.00  99999.00    146.58    334.98    -72.80    114.76     772       0     769     768
43346  12  00  1000  99999.00  99999.00    -10.52    208.00    149.90    329.42     65.38    359.74       0     803     808     799
43346  12  00   925  99999.00  99999.00    658.05    896.73     87.08    311.36    -62.76    396.24       0     543     544     541
43346  12  00   900  99999.00  99999.00  99999.00  99999.00  99999.00  99999.00  99999.00  99999.00       0       0      11      11
43346  12  00   850  99999.00  99999.00   1377.88   1627.96     25.81    294.37   -254.55    465.09       0     801     797     783
43346  12  00   800  99999.00  99999.00  99999.00  99999.00  99999.00  99999.00  99999.00  99999.00       0       0      12       9
43346  12  00   700  99999.00  99999.00   2966.72   3300.92  -1834.08   2002.44   -516.94    485.90       0     798     793     609
43346  12  00   600  99999.00  99999.00  99999.00  99999.00    -90.58    146.30   -586.77    402.63       0       0     679     464
43346  12  00   500  99999.00  99999.00   5605.00   6092.56   -181.08     69.00   -645.55    292.97       0     770     767     434
43346  12  00   400  99999.00  99999.00   7260.88   7867.12   -302.83    -24.19   -693.08    131.32       0     743     741     363
43346  12  00   300  99999.00  99999.00   9265.10  10062.02   -504.03   -133.11   -789.77    -64.85       0     725     725     267
43346  12  00   250  99999.00  99999.00  10439.91  11409.03   -622.64   -225.92   -885.66   -171.30       0     696     700     218
43346  12  00   200  99999.00  99999.00  11811.18  12963.42   -761.00   -337.16   -977.83   -332.23       0     671     669     146
43346  12  00   150  99999.00  99999.00  13441.36  14882.80   -947.10   -431.22  99999.00  99999.00       0     611     616       0
43346  12  00   100  99999.00  99999.00  15535.20  17467.56  -1027.10   -572.78  99999.00  99999.00       0     479     484       3
43346  12  00    80  99999.00  99999.00  99999.00  99999.00  99999.00  99999.00  99999.00  99999.00       0       0      29       1
43346  12  00    70  99999.00  99999.00  17445.75  19650.63  -3523.76   2023.72  99999.00  99999.00       0     404     410       0
43346  12  00    60  99999.00  99999.00  99999.00  99999.00  99999.00  99999.00  99999.00  99999.00       0       0      24       0
43346  12  00    50  99999.00  99999.00  19411.02  21694.26  -1013.00   -255.56  99999.00  99999.00       0     337     345       0
43346  12  00    40  99999.00  99999.00  99999.00  99999.00  99999.00  99999.00  99999.00  99999.00       0       0      21       0
43346  12  00    30  99999.00  99999.00  22304.97  25157.13   -887.14   -209.14  99999.00  99999.00       0     228     236       0
43346  12  00    20  99999.00  99999.00  24784.01  27843.77   -796.03   -213.79  99999.00  99999.00       0     108     117       0
43346  12  00    15  99999.00  99999.00  99999.00  99999.00  99999.00  99999.00  99999.00  99999.00       0       0      14       0
43346  12  00    10  99999.00  99999.00  99999.00  99999.00  99999.00  99999.00  99999.00  99999.00       0      14      16       0
43346  12  00     7  99999.00  99999.00  99999.00  99999.00  99999.00  99999.00  99999.00  99999.00       0       0       2       0
43346  12  00     5  99999.00  99999.00  99999.00  99999.00  99999.00  99999.00  99999.00  99999.00       0       0       3       0
43346  12  00     3  99999.00  99999.00  99999.00  99999.00  99999.00  99999.00  99999.00  99999.00       0       0       0       0
43346  12  00     2  99999.00  99999.00  99999.00  99999.00  99999.00  99999.00  99999.00  99999.00       0       0       0       0
43346  12  00     1  99999.00  99999.00  99999.00  99999.00  99999.00  99999.00  99999.00  99999.00       0       0       0       0
