44259  01  00  9999  99999.00  99999.00  99999.00  99999.00  99999.00  99999.00  99999.00  99999.00      24       0      24      24
44259  01  00  1000  99999.00  99999.00  99999.00  99999.00  99999.00  99999.00  99999.00  99999.00       0       0       0       0
44259  01  00   925  99999.00  99999.00  99999.00  99999.00  99999.00  99999.00  99999.00  99999.00       0       0       5       5
44259  01  00   900  99999.00  99999.00  99999.00  99999.00  99999.00  99999.00  99999.00  99999.00       0       0       0       0
44259  01  00   850  99999.00  99999.00   1161.10   1757.26   -544.78    186.14   -589.78    145.34       0     304     302     297
44259  01  00   800  99999.00  99999.00  99999.00  99999.00  99999.00  99999.00  99999.00  99999.00       0       0       0       0
44259  01  00   700  99999.00  99999.00   2559.78   3246.30   -602.89    144.47   -640.11     80.25       0     298     301     296
44259  01  00   600  99999.00  99999.00  99999.00  99999.00  99999.00  99999.00  99999.00  99999.00       0       0       0       0
44259  01  00   500  99999.00  99999.00   4692.27   5906.79   -701.08    -44.56   -732.66    -90.90       0     300     302     260
44259  01  00   400  99999.00  99999.00   6094.18   7515.46   -763.94   -191.54   -813.20   -210.08       0     285     284     196
44259  01  00   300  99999.00  99999.00   7787.29   9521.77   -785.30   -364.94   -830.64   -391.44       0     274     271     184
44259  01  00   250  99999.00  99999.00   8921.75  10679.03   -842.51   -317.87   -884.27   -364.43       0     262     260     176
44259  01  00   200  99999.00  99999.00  10429.12  12010.00   -835.96   -283.36   -881.14   -336.94       0     250     248     166
44259  01  00   150  99999.00  99999.00  12210.04  13919.80   -783.08   -300.20   -842.25   -350.01       0     238     236     160
44259  01  00   100  99999.00  99999.00  14778.87  16562.07   -776.08   -290.68   -860.99   -330.71       0     222     220     142
44259  01  00    80  99999.00  99999.00  99999.00  99999.00  99999.00  99999.00  99999.00  99999.00       0       0       0       0
44259  01  00    70  99999.00  99999.00  99999.00  99999.00  99999.00  99999.00  99999.00  99999.00       0       0       0       0
44259  01  00    60  99999.00  99999.00  99999.00  99999.00  99999.00  99999.00  99999.00  99999.00       0       0       0       0
44259  01  00    50  99999.00  99999.00  99999.00  99999.00  99999.00  99999.00  99999.00  99999.00       0       0       0       0
44259  01  00    40  99999.00  99999.00  99999.00  99999.00  99999.00  99999.00  99999.00  99999.00       0       0       0       0
44259  01  00    30  99999.00  99999.00  99999.00  99999.00  99999.00  99999.00  99999.00  99999.00       0       0       0       0
44259  01  00    20  99999.00  99999.00  99999.00  99999.00  99999.00  99999.00  99999.00  99999.00       0       0       0       0
44259  01  00    15  99999.00  99999.00  99999.00  99999.00  99999.00  99999.00  99999.00  99999.00       0       0       0       0
44259  01  00    10  99999.00  99999.00  99999.00  99999.00  99999.00  99999.00  99999.00  99999.00       0       0       0       0
44259  01  00     7  99999.00  99999.00  99999.00  99999.00  99999.00  99999.00  99999.00  99999.00       0       0       0       0
44259  01  00     5  99999.00  99999.00  99999.00  99999.00  99999.00  99999.00  99999.00  99999.00       0       0       0       0
44259  01  00     3  99999.00  99999.00  99999.00  99999.00  99999.00  99999.00  99999.00  99999.00       0       0       0       0
44259  01  00     2  99999.00  99999.00  99999.00  99999.00  99999.00  99999.00  99999.00  99999.00       0       0       0       0
44259  01  00     1  99999.00  99999.00  99999.00  99999.00  99999.00  99999.00  99999.00  99999.00       0       0       0       0
44259  02  00  9999  99999.00  99999.00  99999.00  99999.00  99999.00  99999.00  99999.00  99999.00      50       0      50      50
44259  02  00  1000  99999.00  99999.00  99999.00  99999.00  99999.00  99999.00  99999.00  99999.00       0       0       0       0
44259  02  00   925  99999.00  99999.00  99999.00  99999.00  99999.00  99999.00  99999.00  99999.00       0      23      32      31
44259  02  00   900  99999.00  99999.00  99999.00  99999.00  99999.00  99999.00  99999.00  99999.00       0       0       3       3
44259  02  00   850  99999.00  99999.00   1154.51   1758.47   -555.26    239.14   -592.98    182.70       0     325     323     319
44259  02  00   800  99999.00  99999.00  99999.00  99999.00  99999.00  99999.00  99999.00  99999.00       0       0       2       2
44259  02  00   700  99999.00  99999.00   2539.63   3267.91   -589.99    145.25   -634.15     83.57       0     322     325     320
44259  02  00   600  99999.00  99999.00  99999.00  99999.00  99999.00  99999.00  99999.00  99999.00       0       0       0       0
44259  02  00   500  99999.00  99999.00   4680.31   5928.31   -681.43    -60.55   -716.34   -103.50       0     323     320     273
44259  02  00   400  99999.00  99999.00   6009.88   7606.00   -734.34   -224.22   -790.42   -237.22       0     307     309     181
44259  02  00   300  99999.00  99999.00   7807.62   9528.90   -787.34   -357.26   -864.80   -355.04       0     304     299     178
44259  02  00   250  99999.00  99999.00   8966.73  10668.21   -862.39   -290.11   -927.45   -304.41       0     292     292     168
44259  02  00   200  99999.00  99999.00  10401.91  12068.35   -840.52   -270.76   -853.05   -336.69       0     281     279     165
44259  02  00   150  99999.00  99999.00  12181.87  13974.67   -806.73   -272.01   -806.70   -356.46       0     260     262     152
44259  02  00   100  99999.00  99999.00  14714.51  16653.83   -825.62   -239.78   -809.90   -343.10       0     242     239     128
44259  02  00    80  99999.00  99999.00  99999.00  99999.00  99999.00  99999.00  99999.00  99999.00       0       0       0       0
44259  02  00    70  99999.00  99999.00  99999.00  99999.00  99999.00  99999.00  99999.00  99999.00       0      14      14       0
44259  02  00    60  99999.00  99999.00  99999.00  99999.00  99999.00  99999.00  99999.00  99999.00       0       0       1       0
44259  02  00    50  99999.00  99999.00  99999.00  99999.00  99999.00  99999.00  99999.00  99999.00       0      14      14       0
44259  02  00    40  99999.00  99999.00  99999.00  99999.00  99999.00  99999.00  99999.00  99999.00       0       0       4       0
44259  02  00    30  99999.00  99999.00  99999.00  99999.00  99999.00  99999.00  99999.00  99999.00       0      13      13       1
44259  02  00    20  99999.00  99999.00  99999.00  99999.00  99999.00  99999.00  99999.00  99999.00       0      13      13       5
44259  02  00    15  99999.00  99999.00  99999.00  99999.00  99999.00  99999.00  99999.00  99999.00       0       0       2       2
44259  02  00    10  99999.00  99999.00  99999.00  99999.00  99999.00  99999.00  99999.00  99999.00       0       1       1       0
44259  02  00     7  99999.00  99999.00  99999.00  99999.00  99999.00  99999.00  99999.00  99999.00       0       0       0       0
44259  02  00     5  99999.00  99999.00  99999.00  99999.00  99999.00  99999.00  99999.00  99999.00       0       0       0       0
44259  02  00     3  99999.00  99999.00  99999.00  99999.00  99999.00  99999.00  99999.00  99999.00       0       0       0       0
44259  02  00     2  99999.00  99999.00  99999.00  99999.00  99999.00  99999.00  99999.00  99999.00       0       0       0       0
44259  02  00     1  99999.00  99999.00  99999.00  99999.00  99999.00  99999.00  99999.00  99999.00       0       0       0       0
44259  03  00  9999    878.12    982.52  99999.00  99999.00   -524.08    251.36    -87.61    142.31     122       0     122     121
44259  03  00  1000  99999.00  99999.00  99999.00  99999.00  99999.00  99999.00  99999.00  99999.00       0       0       0       0
44259  03  00   925  99999.00  99999.00    548.60   1078.28   -441.53    189.91   -516.89    158.47       0      72      84      84
44259  03  00   900  99999.00  99999.00  99999.00  99999.00  99999.00  99999.00  99999.00  99999.00       0       1       6       6
44259  03  00   850  99999.00  99999.00   1095.80   1802.96   -478.75    280.73   -538.88    195.88       0     437     434     433
44259  03  00   800  99999.00  99999.00  99999.00  99999.00  99999.00  99999.00  99999.00  99999.00       0       0       2       2
44259  03  00   700  99999.00  99999.00   2531.40   3315.96   -559.87    188.21   -652.92    136.44       0     432     435     435
44259  03  00   600  99999.00  99999.00  99999.00  99999.00  99999.00  99999.00  99999.00  99999.00       0       0       1       1
44259  03  00   500  99999.00  99999.00   4735.04   5977.52   -671.55    -14.91   -781.16    -40.88       0     433     430     401
44259  03  00   400  99999.00  99999.00   6096.40   7666.24   -772.72   -140.56   -835.00   -175.72       0     416     415     228
44259  03  00   300  99999.00  99999.00   7791.41   9692.21   -764.15   -357.83   -813.30   -407.58       0     398     396     180
44259  03  00   250  99999.00  99999.00   8989.39  10811.83   -843.50   -296.18   -886.70   -345.14       0     378     380     166
44259  03  00   200  99999.00  99999.00  10447.68  12194.52   -832.15   -268.39   -870.31   -332.95       0     364     363     157
44259  03  00   150  99999.00  99999.00  12348.08  13979.00   -749.96   -331.88   -809.04   -388.92       0     342     344     142
44259  03  00   100  99999.00  99999.00  14991.92  16553.12   -752.98   -318.10   -845.51   -353.03       0     325     328     128
44259  03  00    80  99999.00  99999.00  99999.00  99999.00  99999.00  99999.00  99999.00  99999.00       0       0       2       0
44259  03  00    70  99999.00  99999.00  17358.85  18747.61   -719.41   -380.77  99999.00  99999.00       0      68      68       0
44259  03  00    60  99999.00  99999.00  99999.00  99999.00  99999.00  99999.00  99999.00  99999.00       0       0       8       0
44259  03  00    50  99999.00  99999.00  19474.71  20923.47   -718.42   -375.70  99999.00  99999.00       0      66      67       0
44259  03  00    40  99999.00  99999.00  99999.00  99999.00  99999.00  99999.00  99999.00  99999.00       0       0      12       0
44259  03  00    30  99999.00  99999.00  22710.56  24260.36   -682.82   -346.82  99999.00  99999.00       0      66      66       0
44259  03  00    20  99999.00  99999.00  99999.00  99999.00  99999.00  99999.00  99999.00  99999.00       0      55      56       2
44259  03  00    15  99999.00  99999.00  99999.00  99999.00  99999.00  99999.00  99999.00  99999.00       0       0      14       1
44259  03  00    10  99999.00  99999.00  99999.00  99999.00  99999.00  99999.00  99999.00  99999.00       0       0       0       0
44259  03  00     7  99999.00  99999.00  99999.00  99999.00  99999.00  99999.00  99999.00  99999.00       0       0       0       0
44259  03  00     5  99999.00  99999.00  99999.00  99999.00  99999.00  99999.00  99999.00  99999.00       0       0       0       0
44259  03  00     3  99999.00  99999.00  99999.00  99999.00  99999.00  99999.00  99999.00  99999.00       0       0       0       0
44259  03  00     2  99999.00  99999.00  99999.00  99999.00  99999.00  99999.00  99999.00  99999.00       0       0       0       0
44259  03  00     1  99999.00  99999.00  99999.00  99999.00  99999.00  99999.00  99999.00  99999.00       0       0       0       0
44259  04  00  9999    879.72    971.76  99999.00  99999.00   -265.70    265.06   -144.73    261.59     112       0     112     111
44259  04  00  1000  99999.00  99999.00  99999.00  99999.00  99999.00  99999.00  99999.00  99999.00       0       0       0       0
44259  04  00   925  99999.00  99999.00  99999.00  99999.00   -226.78    212.66   -389.07    195.57       0      53      66      65
44259  04  00   900  99999.00  99999.00  99999.00  99999.00  99999.00  99999.00  99999.00  99999.00       0       1       4       4
44259  04  00   850  99999.00  99999.00   1038.24   1820.28   -410.83    376.01   -484.26    260.70       0     381     382     376
44259  04  00   800  99999.00  99999.00  99999.00  99999.00  99999.00  99999.00  99999.00  99999.00       0       0       2       2
44259  04  00   700  99999.00  99999.00   2544.05   3358.13   -488.35    254.93   -617.98    216.62       0     373     380     374
44259  04  00   600  99999.00  99999.00  99999.00  99999.00  99999.00  99999.00  99999.00  99999.00       0       0       0       0
44259  04  00   500  99999.00  99999.00   4839.86   6050.90   -610.86     34.98   -796.13     58.51       0     379     377     368
44259  04  00   400  99999.00  99999.00   6213.51   7797.51   -708.26   -107.42   -825.69   -105.33       0     356     361     254
44259  04  00   300  99999.00  99999.00   7982.84   9823.76   -761.00   -292.16   -833.55   -325.11       0     351     350     156
44259  04  00   250  99999.00  99999.00   9163.78  10987.06   -850.41   -256.89   -932.44   -283.84       0     336     338     147
44259  04  00   200  99999.00  99999.00  10714.69  12283.09   -831.42   -256.02   -904.33   -306.97       0     323     323     134
44259  04  00   150  99999.00  99999.00  12639.43  14058.43   -727.57   -347.29   -937.67   -289.31       0     309     307     121
44259  04  00   100  99999.00  99999.00  15269.22  16625.22   -731.28   -368.16   -818.03   -426.11       0     306     307     116
44259  04  00    80  99999.00  99999.00  99999.00  99999.00  99999.00  99999.00  99999.00  99999.00       0       0       0       0
44259  04  00    70  99999.00  99999.00  99999.00  99999.00  99999.00  99999.00  99999.00  99999.00       0      55      56       0
44259  04  00    60  99999.00  99999.00  99999.00  99999.00  99999.00  99999.00  99999.00  99999.00       0       0       2       0
44259  04  00    50  99999.00  99999.00  99999.00  99999.00  99999.00  99999.00  99999.00  99999.00       0      54      54       0
44259  04  00    40  99999.00  99999.00  99999.00  99999.00  99999.00  99999.00  99999.00  99999.00       0       0       7       0
44259  04  00    30  99999.00  99999.00  99999.00  99999.00  99999.00  99999.00  99999.00  99999.00       0      49      49       0
44259  04  00    20  99999.00  99999.00  99999.00  99999.00  99999.00  99999.00  99999.00  99999.00       0      37      41       1
44259  04  00    15  99999.00  99999.00  99999.00  99999.00  99999.00  99999.00  99999.00  99999.00       0       0       5       1
44259  04  00    10  99999.00  99999.00  99999.00  99999.00  99999.00  99999.00  99999.00  99999.00       0       0       0       0
44259  04  00     7  99999.00  99999.00  99999.00  99999.00  99999.00  99999.00  99999.00  99999.00       0       0       0       0
44259  04  00     5  99999.00  99999.00  99999.00  99999.00  99999.00  99999.00  99999.00  99999.00       0       0       0       0
44259  04  00     3  99999.00  99999.00  99999.00  99999.00  99999.00  99999.00  99999.00  99999.00       0       0       0       0
44259  04  00     2  99999.00  99999.00  99999.00  99999.00  99999.00  99999.00  99999.00  99999.00       0       0       0       0
44259  04  00     1  99999.00  99999.00  99999.00  99999.00  99999.00  99999.00  99999.00  99999.00       0       0       0       0
44259  05  00  9999  99999.00  99999.00  99999.00  99999.00  99999.00  99999.00  99999.00  99999.00      54       0      53      50
44259  05  00  1000  99999.00  99999.00  99999.00  99999.00  99999.00  99999.00  99999.00  99999.00       0       0       0       0
44259  05  00   925  99999.00  99999.00  99999.00  99999.00  99999.00  99999.00  99999.00  99999.00       0      15      33      33
44259  05  00   900  99999.00  99999.00  99999.00  99999.00  99999.00  99999.00  99999.00  99999.00       0       0       1       1
44259  05  00   850  99999.00  99999.00   1108.14   1773.42   -304.21    419.27   -425.54    328.54       0     344     341     340
44259  05  00   800  99999.00  99999.00  99999.00  99999.00  99999.00  99999.00  99999.00  99999.00       0       0       0       0
44259  05  00   700  99999.00  99999.00   2604.43   3394.87   -386.44    287.48   -493.28    228.88       0     337     340     337
44259  05  00   600  99999.00  99999.00  99999.00  99999.00  99999.00  99999.00  99999.00  99999.00       0       0       1       1
44259  05  00   500  99999.00  99999.00   4937.25   6170.73   -528.27     69.81   -708.88     93.92       0     339     336     329
44259  05  00   400  99999.00  99999.00   6418.23   7887.99   -672.38    -37.94   -806.61    -32.01       0     318     315     277
44259  05  00   300  99999.00  99999.00   8173.71  10007.91   -746.05   -252.85   -799.51   -297.91       0     298     302     166
44259  05  00   250  99999.00  99999.00   9314.82  11228.46   -834.45   -245.97   -879.81   -308.01       0     286     290     158
44259  05  00   200  99999.00  99999.00  10814.27  12581.51   -813.44   -245.72   -881.17   -302.65       0     277     281     152
44259  05  00   150  99999.00  99999.00  12773.46  14348.10   -703.78   -360.58   -788.13   -423.21       0     270     267     141
44259  05  00   100  99999.00  99999.00  15354.81  16976.01   -705.06   -388.38   -807.10   -443.86       0     255     257     134
44259  05  00    80  99999.00  99999.00  99999.00  99999.00  99999.00  99999.00  99999.00  99999.00       0       0       1       0
44259  05  00    70  99999.00  99999.00  99999.00  99999.00  99999.00  99999.00  99999.00  99999.00       0      13      14       0
44259  05  00    60  99999.00  99999.00  99999.00  99999.00  99999.00  99999.00  99999.00  99999.00       0       0       1       0
44259  05  00    50  99999.00  99999.00  99999.00  99999.00  99999.00  99999.00  99999.00  99999.00       0      12      13       0
44259  05  00    40  99999.00  99999.00  99999.00  99999.00  99999.00  99999.00  99999.00  99999.00       0       0       1       0
44259  05  00    30  99999.00  99999.00  99999.00  99999.00  99999.00  99999.00  99999.00  99999.00       0      12      13       0
44259  05  00    20  99999.00  99999.00  99999.00  99999.00  99999.00  99999.00  99999.00  99999.00       0      10      12       0
44259  05  00    15  99999.00  99999.00  99999.00  99999.00  99999.00  99999.00  99999.00  99999.00       0       0       2       0
44259  05  00    10  99999.00  99999.00  99999.00  99999.00  99999.00  99999.00  99999.00  99999.00       0       0       0       0
44259  05  00     7  99999.00  99999.00  99999.00  99999.00  99999.00  99999.00  99999.00  99999.00       0       0       0       0
44259  05  00     5  99999.00  99999.00  99999.00  99999.00  99999.00  99999.00  99999.00  99999.00       0       0       0       0
44259  05  00     3  99999.00  99999.00  99999.00  99999.00  99999.00  99999.00  99999.00  99999.00       0       0       0       0
44259  05  00     2  99999.00  99999.00  99999.00  99999.00  99999.00  99999.00  99999.00  99999.00       0       0       0       0
44259  05  00     1  99999.00  99999.00  99999.00  99999.00  99999.00  99999.00  99999.00  99999.00       0       0       0       0
44259  06  00  9999  99999.00  99999.00  99999.00  99999.00  99999.00  99999.00  99999.00  99999.00      44       0      44      44
44259  06  00  1000  99999.00  99999.00  99999.00  99999.00  99999.00  99999.00  99999.00  99999.00       0       0       0       0
44259  06  00   925  99999.00  99999.00  99999.00  99999.00  99999.00  99999.00  99999.00  99999.00       0      11      23      23
44259  06  00   900  99999.00  99999.00  99999.00  99999.00  99999.00  99999.00  99999.00  99999.00       0       0       2       2
44259  06  00   850  99999.00  99999.00   1147.19   1721.75   -175.80    426.96   -273.83    349.09       0     313     311     307
44259  06  00   800  99999.00  99999.00  99999.00  99999.00  99999.00  99999.00  99999.00  99999.00       0       0       0       0
44259  06  00   700  99999.00  99999.00   2671.04   3398.24   -245.39    274.33   -390.44    284.68       0     315     313     308
44259  06  00   600  99999.00  99999.00  99999.00  99999.00  99999.00  99999.00  99999.00  99999.00       0       0       0       0
44259  06  00   500  99999.00  99999.00   5147.24   6161.84   -411.83     83.41   -692.90    205.66       0     313     312     306
44259  06  00   400  99999.00  99999.00   6654.54   7926.54   -580.35      2.85   -759.49     35.51       0     294     295     279
44259  06  00   300  99999.00  99999.00   8460.77  10099.37   -727.57   -165.13   -812.21   -183.05       0     284     288     183
44259  06  00   250  99999.00  99999.00   9590.01  11366.73   -765.53   -267.77   -839.73   -308.37       0     276     276     159
44259  06  00   200  99999.00  99999.00  11008.85  12802.01   -844.68   -214.08   -890.29   -298.21       0     257     259     150
44259  06  00   150  99999.00  99999.00  13030.24  14524.72   -703.87   -350.83   -793.78   -413.14       0     246     244     139
44259  06  00   100  99999.00  99999.00  15693.28  17089.60   -694.13   -394.49   -810.60   -442.44       0     237     236     129
44259  06  00    80  99999.00  99999.00  99999.00  99999.00  99999.00  99999.00  99999.00  99999.00       0       0       0       0
44259  06  00    70  99999.00  99999.00  99999.00  99999.00  99999.00  99999.00  99999.00  99999.00       0      17      17       0
44259  06  00    60  99999.00  99999.00  99999.00  99999.00  99999.00  99999.00  99999.00  99999.00       0       0       0       0
44259  06  00    50  99999.00  99999.00  99999.00  99999.00  99999.00  99999.00  99999.00  99999.00       0      17      17       0
44259  06  00    40  99999.00  99999.00  99999.00  99999.00  99999.00  99999.00  99999.00  99999.00       0       0       1       0
44259  06  00    30  99999.00  99999.00  99999.00  99999.00  99999.00  99999.00  99999.00  99999.00       0      16      16       0
44259  06  00    20  99999.00  99999.00  99999.00  99999.00  99999.00  99999.00  99999.00  99999.00       0       9      11       0
44259  06  00    15  99999.00  99999.00  99999.00  99999.00  99999.00  99999.00  99999.00  99999.00       0       0       3       0
44259  06  00    10  99999.00  99999.00  99999.00  99999.00  99999.00  99999.00  99999.00  99999.00       0       0       0       0
44259  06  00     7  99999.00  99999.00  99999.00  99999.00  99999.00  99999.00  99999.00  99999.00       0       0       0       0
44259  06  00     5  99999.00  99999.00  99999.00  99999.00  99999.00  99999.00  99999.00  99999.00       0       0       0       0
44259  06  00     3  99999.00  99999.00  99999.00  99999.00  99999.00  99999.00  99999.00  99999.00       0       0       0       0
44259  06  00     2  99999.00  99999.00  99999.00  99999.00  99999.00  99999.00  99999.00  99999.00       0       0       0       0
44259  06  00     1  99999.00  99999.00  99999.00  99999.00  99999.00  99999.00  99999.00  99999.00       0       0       0       0
44259  07  00  9999  99999.00  99999.00  99999.00  99999.00  99999.00  99999.00  99999.00  99999.00      37       0      37      36
44259  07  00  1000  99999.00  99999.00  99999.00  99999.00  99999.00  99999.00  99999.00  99999.00       0       0       0       0
44259  07  00   925  99999.00  99999.00  99999.00  99999.00  99999.00  99999.00  99999.00  99999.00       0       4      20      20
44259  07  00   900  99999.00  99999.00  99999.00  99999.00  99999.00  99999.00  99999.00  99999.00       0       0       1       1
44259  07  00   850  99999.00  99999.00   1184.59   1677.31   -100.25    398.59   -165.85    340.91       0     296     291     287
44259  07  00   800  99999.00  99999.00  99999.00  99999.00  99999.00  99999.00  99999.00  99999.00       0       0       1       1
44259  07  00   700  99999.00  99999.00   2737.85   3352.73   -186.04    272.96   -301.90    281.54       0     296     292     284
44259  07  00   600  99999.00  99999.00  99999.00  99999.00  99999.00  99999.00  99999.00  99999.00       0       0       1       1
44259  07  00   500  99999.00  99999.00   5243.09   6159.65   -332.97     78.63   -595.35    198.57       0     292     287     276
44259  07  00   400  99999.00  99999.00   6820.59   7907.55   -487.61     -6.29   -715.60     82.64       0     273     273     261
44259  07  00   300  99999.00  99999.00   8691.00  10095.48   -658.53   -146.61   -782.02   -119.38       0     261     261     193
44259  07  00   250  99999.00  99999.00   9758.67  11453.31   -736.40   -233.12   -805.04   -261.32       0     237     241     139
44259  07  00   200  99999.00  99999.00  11287.07  12859.07   -789.22   -236.62   -839.81   -303.53       0     229     230     132
44259  07  00   150  99999.00  99999.00  13256.41  14629.21   -723.01   -331.81   -810.37   -382.93       0     221     222     131
44259  07  00   100  99999.00  99999.00  15942.43  17151.55   -725.55   -378.39   -924.02   -339.14       0     206     208     124
44259  07  00    80  99999.00  99999.00  99999.00  99999.00  99999.00  99999.00  99999.00  99999.00       0       0       0       0
44259  07  00    70  99999.00  99999.00  99999.00  99999.00  99999.00  99999.00  99999.00  99999.00       0      10      10       0
44259  07  00    60  99999.00  99999.00  99999.00  99999.00  99999.00  99999.00  99999.00  99999.00       0       0       0       0
44259  07  00    50  99999.00  99999.00  99999.00  99999.00  99999.00  99999.00  99999.00  99999.00       0      10      10       0
44259  07  00    40  99999.00  99999.00  99999.00  99999.00  99999.00  99999.00  99999.00  99999.00       0       0       0       0
44259  07  00    30  99999.00  99999.00  99999.00  99999.00  99999.00  99999.00  99999.00  99999.00       0      10      10       0
44259  07  00    20  99999.00  99999.00  99999.00  99999.00  99999.00  99999.00  99999.00  99999.00       0       8       8       0
44259  07  00    15  99999.00  99999.00  99999.00  99999.00  99999.00  99999.00  99999.00  99999.00       0       0       1       0
44259  07  00    10  99999.00  99999.00  99999.00  99999.00  99999.00  99999.00  99999.00  99999.00       0       0       0       0
44259  07  00     7  99999.00  99999.00  99999.00  99999.00  99999.00  99999.00  99999.00  99999.00       0       0       0       0
44259  07  00     5  99999.00  99999.00  99999.00  99999.00  99999.00  99999.00  99999.00  99999.00       0       0       0       0
44259  07  00     3  99999.00  99999.00  99999.00  99999.00  99999.00  99999.00  99999.00  99999.00       0       0       0       0
44259  07  00     2  99999.00  99999.00  99999.00  99999.00  99999.00  99999.00  99999.00  99999.00       0       0       0       0
44259  07  00     1  99999.00  99999.00  99999.00  99999.00  99999.00  99999.00  99999.00  99999.00       0       0       0       0
44259  08  00  9999  99999.00  99999.00  99999.00  99999.00  99999.00  99999.00  99999.00  99999.00      22       0      22      21
44259  08  00  1000  99999.00  99999.00  99999.00  99999.00  99999.00  99999.00  99999.00  99999.00       0       0       0       0
44259  08  00   925  99999.00  99999.00  99999.00  99999.00  99999.00  99999.00  99999.00  99999.00       0      20      36      35
44259  08  00   900  99999.00  99999.00  99999.00  99999.00  99999.00  99999.00  99999.00  99999.00       0       0       1       1
44259  08  00   850  99999.00  99999.00  -2495.32   5345.48  -3382.77   3588.15   -162.99    313.17       0     309     306     300
44259  08  00   800  99999.00  99999.00  99999.00  99999.00  99999.00  99999.00  99999.00  99999.00       0       0       0       0
44259  08  00   700  99999.00  99999.00   2754.21   3389.13   -189.30    253.26   -343.55    295.09       0     307     308     301
44259  08  00   600  99999.00  99999.00  99999.00  99999.00  99999.00  99999.00  99999.00  99999.00       0       0       1       1
44259  08  00   500  99999.00  99999.00   5259.54   6169.98   -358.32     88.56   -629.80    203.72       0     300     302     293
44259  08  00   400  99999.00  99999.00   6789.27   7955.55   -517.22      1.30   -757.16     84.52       0     290     289     278
44259  08  00   300  99999.00  99999.00   8624.81  10155.05   -705.91   -123.31   -884.79    -57.15       0     282     283     207
44259  08  00   250  99999.00  99999.00   9744.68  11477.00   -750.44   -228.80   -820.90   -268.18       0     262     268     174
44259  08  00   200  99999.00  99999.00  11219.18  12903.02   -774.23   -252.59   -823.15   -325.15       0     251     259     165
44259  08  00   150  99999.00  99999.00  13124.29  14721.25   -722.39   -342.95   -864.08   -344.96       0     238     240     152
44259  08  00   100  99999.00  99999.00  15835.55  17221.67   -721.87   -386.35   -841.18   -421.90       0     237     235     140
44259  08  00    80  99999.00  99999.00  99999.00  99999.00  99999.00  99999.00  99999.00  99999.00       0       0       1       0
44259  08  00    70  99999.00  99999.00  99999.00  99999.00  99999.00  99999.00  99999.00  99999.00       0      13      13       0
44259  08  00    60  99999.00  99999.00  99999.00  99999.00  99999.00  99999.00  99999.00  99999.00       0       0       0       0
44259  08  00    50  99999.00  99999.00  99999.00  99999.00  99999.00  99999.00  99999.00  99999.00       0      13      13       0
44259  08  00    40  99999.00  99999.00  99999.00  99999.00  99999.00  99999.00  99999.00  99999.00       0       0       0       0
44259  08  00    30  99999.00  99999.00  99999.00  99999.00  99999.00  99999.00  99999.00  99999.00       0      12      12       0
44259  08  00    20  99999.00  99999.00  99999.00  99999.00  99999.00  99999.00  99999.00  99999.00       0      10      11       0
44259  08  00    15  99999.00  99999.00  99999.00  99999.00  99999.00  99999.00  99999.00  99999.00       0       0       3       0
44259  08  00    10  99999.00  99999.00  99999.00  99999.00  99999.00  99999.00  99999.00  99999.00       0       0       0       0
44259  08  00     7  99999.00  99999.00  99999.00  99999.00  99999.00  99999.00  99999.00  99999.00       0       0       0       0
44259  08  00     5  99999.00  99999.00  99999.00  99999.00  99999.00  99999.00  99999.00  99999.00       0       0       0       0
44259  08  00     3  99999.00  99999.00  99999.00  99999.00  99999.00  99999.00  99999.00  99999.00       0       0       0       0
44259  08  00     2  99999.00  99999.00  99999.00  99999.00  99999.00  99999.00  99999.00  99999.00       0       0       0       0
44259  08  00     1  99999.00  99999.00  99999.00  99999.00  99999.00  99999.00  99999.00  99999.00       0       0       0       0
44259  09  00  9999  99999.00  99999.00  99999.00  99999.00  99999.00  99999.00  99999.00  99999.00      12       0      12      12
44259  09  00  1000  99999.00  99999.00  99999.00  99999.00  99999.00  99999.00  99999.00  99999.00       0       0       0       0
44259  09  00   925  99999.00  99999.00  99999.00  99999.00  99999.00  99999.00  99999.00  99999.00       0       8      19      19
44259  09  00   900  99999.00  99999.00  99999.00  99999.00  99999.00  99999.00  99999.00  99999.00       0       0       1       1
44259  09  00   850  99999.00  99999.00   1204.72   1762.24   -300.34    429.62   -375.35    373.93       0     255     255     252
44259  09  00   800  99999.00  99999.00  99999.00  99999.00  99999.00  99999.00  99999.00  99999.00       0       0       0       0
44259  09  00   700  99999.00  99999.00   2661.71   3451.31   -337.31    270.61   -507.94    313.70       0     255     256     252
44259  09  00   600  99999.00  99999.00  99999.00  99999.00  99999.00  99999.00  99999.00  99999.00       0       0       0       0
44259  09  00   500  99999.00  99999.00   5109.30   6144.66   -498.48     89.28   -724.90    147.14       0     255     252     242
44259  09  00   400  99999.00  99999.00   6570.75   7905.27   -650.71    -13.51   -785.71    -18.67       0     245     244     228
44259  09  00   300  99999.00  99999.00   8320.41  10075.05   -714.57   -248.13   -825.11   -254.27       0     229     231     162
44259  09  00   250  99999.00  99999.00   9555.53  11211.41   -793.06   -273.94   -835.87   -344.95       0     219     218     148
44259  09  00   200  99999.00  99999.00  11038.42  12600.82   -785.26   -276.46   -838.41   -351.09       0     206     206     138
44259  09  00   150  99999.00  99999.00  12946.92  14412.36   -687.64   -379.72   -795.30   -421.74       0     197     196     132
44259  09  00   100  99999.00  99999.00  15570.60  17020.68   -670.84   -410.80   -799.68   -446.28       0     188     186     125
44259  09  00    80  99999.00  99999.00  99999.00  99999.00  99999.00  99999.00  99999.00  99999.00       0       0       0       0
44259  09  00    70  99999.00  99999.00  99999.00  99999.00  99999.00  99999.00  99999.00  99999.00       0       3       3       0
44259  09  00    60  99999.00  99999.00  99999.00  99999.00  99999.00  99999.00  99999.00  99999.00       0       0       0       0
44259  09  00    50  99999.00  99999.00  99999.00  99999.00  99999.00  99999.00  99999.00  99999.00       0       3       3       0
44259  09  00    40  99999.00  99999.00  99999.00  99999.00  99999.00  99999.00  99999.00  99999.00       0       0       0       0
44259  09  00    30  99999.00  99999.00  99999.00  99999.00  99999.00  99999.00  99999.00  99999.00       0       3       3       0
44259  09  00    20  99999.00  99999.00  99999.00  99999.00  99999.00  99999.00  99999.00  99999.00       0       3       3       0
44259  09  00    15  99999.00  99999.00  99999.00  99999.00  99999.00  99999.00  99999.00  99999.00       0       0       0       0
44259  09  00    10  99999.00  99999.00  99999.00  99999.00  99999.00  99999.00  99999.00  99999.00       0       0       0       0
44259  09  00     7  99999.00  99999.00  99999.00  99999.00  99999.00  99999.00  99999.00  99999.00       0       0       0       0
44259  09  00     5  99999.00  99999.00  99999.00  99999.00  99999.00  99999.00  99999.00  99999.00       0       0       0       0
44259  09  00     3  99999.00  99999.00  99999.00  99999.00  99999.00  99999.00  99999.00  99999.00       0       0       0       0
44259  09  00     2  99999.00  99999.00  99999.00  99999.00  99999.00  99999.00  99999.00  99999.00       0       0       0       0
44259  09  00     1  99999.00  99999.00  99999.00  99999.00  99999.00  99999.00  99999.00  99999.00       0       0       0       0
44259  10  00  9999  99999.00  99999.00  99999.00  99999.00  99999.00  99999.00  99999.00  99999.00      39       0      39      39
44259  10  00  1000  99999.00  99999.00  99999.00  99999.00  99999.00  99999.00  99999.00  99999.00       0       0       0       0
44259  10  00   925  99999.00  99999.00  99999.00  99999.00  99999.00  99999.00  99999.00  99999.00       0      35      41      41
44259  10  00   900  99999.00  99999.00  99999.00  99999.00  99999.00  99999.00  99999.00  99999.00       0       0       1       1
44259  10  00   850  99999.00  99999.00   1180.47   1796.91   -395.50    383.42   -444.23    274.57       0     289     290     288
44259  10  00   800  99999.00  99999.00  99999.00  99999.00  99999.00  99999.00  99999.00  99999.00       0       0       0       0
44259  10  00   700  99999.00  99999.00   2640.69   3403.65   -457.65    279.87   -602.16    264.84       0     288     285     282
44259  10  00   600  99999.00  99999.00  99999.00  99999.00  99999.00  99999.00  99999.00  99999.00       0       0       2       2
44259  10  00   500  99999.00  99999.00   4957.85   6127.85   -558.61     44.39   -734.10     59.82       0     287     290     286
44259  10  00   400  99999.00  99999.00   6410.91   7832.31   -673.38    -93.78   -803.41    -95.05       0     274     278     253
44259  10  00   300  99999.00  99999.00   8138.99   9929.51   -741.79   -307.39   -808.09   -350.05       0     264     266     158
44259  10  00   250  99999.00  99999.00   9213.62  11186.30   -807.58   -322.30   -875.50   -349.42       0     255     253     151
44259  10  00   200  99999.00  99999.00  10813.85  12426.41   -784.17   -325.53   -810.64   -398.20       0     239     240     143
44259  10  00   150  99999.00  99999.00  12689.44  14216.32   -718.07   -385.07   -907.38   -325.86       0     233     226     130
44259  10  00   100  99999.00  99999.00  15207.99  16878.87   -700.74   -405.18   -805.78   -428.02       0     213     215     120
44259  10  00    80  99999.00  99999.00  99999.00  99999.00  99999.00  99999.00  99999.00  99999.00       0       0       4       0
44259  10  00    70  99999.00  99999.00  99999.00  99999.00  99999.00  99999.00  99999.00  99999.00       0      35      35       0
44259  10  00    60  99999.00  99999.00  99999.00  99999.00  99999.00  99999.00  99999.00  99999.00       0       0       1       0
44259  10  00    50  99999.00  99999.00  99999.00  99999.00  99999.00  99999.00  99999.00  99999.00       0      33      33       0
44259  10  00    40  99999.00  99999.00  99999.00  99999.00  99999.00  99999.00  99999.00  99999.00       0       0       5       0
44259  10  00    30  99999.00  99999.00  99999.00  99999.00  99999.00  99999.00  99999.00  99999.00       0      32      31       0
44259  10  00    20  99999.00  99999.00  99999.00  99999.00  99999.00  99999.00  99999.00  99999.00       0      31      31       0
44259  10  00    15  99999.00  99999.00  99999.00  99999.00  99999.00  99999.00  99999.00  99999.00       0       0       6       0
44259  10  00    10  99999.00  99999.00  99999.00  99999.00  99999.00  99999.00  99999.00  99999.00       0       4       7       0
44259  10  00     7  99999.00  99999.00  99999.00  99999.00  99999.00  99999.00  99999.00  99999.00       0       0       0       0
44259  10  00     5  99999.00  99999.00  99999.00  99999.00  99999.00  99999.00  99999.00  99999.00       0       0       0       0
44259  10  00     3  99999.00  99999.00  99999.00  99999.00  99999.00  99999.00  99999.00  99999.00       0       0       0       0
44259  10  00     2  99999.00  99999.00  99999.00  99999.00  99999.00  99999.00  99999.00  99999.00       0       0       0       0
44259  10  00     1  99999.00  99999.00  99999.00  99999.00  99999.00  99999.00  99999.00  99999.00       0       0       0       0
44259  11  00  9999  99999.00  99999.00  99999.00  99999.00  99999.00  99999.00  99999.00  99999.00      60       0      60      60
44259  11  00  1000  99999.00  99999.00  99999.00  99999.00  99999.00  99999.00  99999.00  99999.00       0       0       0       0
44259  11  00   925  99999.00  99999.00  99999.00  99999.00  99999.00  99999.00  99999.00  99999.00       0      52      58      58
44259  11  00   900  99999.00  99999.00  99999.00  99999.00  99999.00  99999.00  99999.00  99999.00       0       0       3       3
44259  11  00   850  99999.00  99999.00   1157.62   1789.90   -497.12    319.48   -560.06    261.34       0     343     341     335
44259  11  00   800  99999.00  99999.00  99999.00  99999.00  99999.00  99999.00  99999.00  99999.00       0       0       1       1
44259  11  00   700  99999.00  99999.00   2597.04   3323.04   -569.91    250.89   -663.31    208.97       0     340     341     333
44259  11  00   600  99999.00  99999.00  99999.00  99999.00  99999.00  99999.00  99999.00  99999.00       0       0       1       1
44259  11  00   500  99999.00  99999.00   4789.29   6053.13   -665.45     35.35   -787.08     29.76       0     340     340     319
44259  11  00   400  99999.00  99999.00   6144.96   7780.92   -729.34   -138.94   -797.92   -164.08       0     330     333     235
44259  11  00   300  99999.00  99999.00   7846.48   9846.88   -755.14   -350.98   -826.96   -368.20       0     317     317     180
44259  11  00   250  99999.00  99999.00   8875.72  11127.04   -833.77   -320.41   -872.01   -364.65       0     305     306     171
44259  11  00   200  99999.00  99999.00  10513.39  12307.15   -834.79   -302.47   -871.19   -359.39       0     298     295     163
44259  11  00   150  99999.00  99999.00  12426.36  14057.16   -753.88   -365.68   -809.11   -424.87       0     289     284     151
44259  11  00   100  99999.00  99999.00  14948.65  16686.49   -764.33   -354.41   -835.65   -404.97       0     268     266     132
44259  11  00    80  99999.00  99999.00  99999.00  99999.00  99999.00  99999.00  99999.00  99999.00       0       0       3       0
44259  11  00    70  99999.00  99999.00  99999.00  99999.00  99999.00  99999.00  99999.00  99999.00       0      43      43       0
44259  11  00    60  99999.00  99999.00  99999.00  99999.00  99999.00  99999.00  99999.00  99999.00       0       0       1       0
44259  11  00    50  99999.00  99999.00  99999.00  99999.00  99999.00  99999.00  99999.00  99999.00       0      39      39       0
44259  11  00    40  99999.00  99999.00  99999.00  99999.00  99999.00  99999.00  99999.00  99999.00       0       0       2       0
44259  11  00    30  99999.00  99999.00  99999.00  99999.00  99999.00  99999.00  99999.00  99999.00       0      38      39       0
44259  11  00    20  99999.00  99999.00  99999.00  99999.00  99999.00  99999.00  99999.00  99999.00       0      37      38       0
44259  11  00    15  99999.00  99999.00  99999.00  99999.00  99999.00  99999.00  99999.00  99999.00       0       0       6       0
44259  11  00    10  99999.00  99999.00  99999.00  99999.00  99999.00  99999.00  99999.00  99999.00       0       8      15       0
44259  11  00     7  99999.00  99999.00  99999.00  99999.00  99999.00  99999.00  99999.00  99999.00       0       0       0       0
44259  11  00     5  99999.00  99999.00  99999.00  99999.00  99999.00  99999.00  99999.00  99999.00       0       0       0       0
44259  11  00     3  99999.00  99999.00  99999.00  99999.00  99999.00  99999.00  99999.00  99999.00       0       0       0       0
44259  11  00     2  99999.00  99999.00  99999.00  99999.00  99999.00  99999.00  99999.00  99999.00       0       0       0       0
44259  11  00     1  99999.00  99999.00  99999.00  99999.00  99999.00  99999.00  99999.00  99999.00       0       0       0       0
44259  12  00  9999  99999.00  99999.00  99999.00  99999.00  99999.00  99999.00  99999.00  99999.00      38       0      38      37
44259  12  00  1000  99999.00  99999.00  99999.00  99999.00  99999.00  99999.00  99999.00  99999.00       0       0       0       0
44259  12  00   925  99999.00  99999.00  99999.00  99999.00  99999.00  99999.00  99999.00  99999.00       0      35      37      37
44259  12  00   900  99999.00  99999.00  99999.00  99999.00  99999.00  99999.00  99999.00  99999.00       0       0       2       2
44259  12  00   850  99999.00  99999.00   1124.41   1796.41   -545.40    251.28   -599.10    204.30       0     313     315     313
44259  12  00   800  99999.00  99999.00  99999.00  99999.00  99999.00  99999.00  99999.00  99999.00       0       0       1       1
44259  12  00   700  99999.00  99999.00   2523.04   3315.16   -579.84    182.52   -668.39    142.93       0     314     314     310
44259  12  00   600  99999.00  99999.00  99999.00  99999.00  99999.00  99999.00  99999.00  99999.00       0       0       0       0
44259  12  00   500  99999.00  99999.00   4696.12   5995.36   -672.58    -16.06   -760.06    -38.14       0     312     311     292
44259  12  00   400  99999.00  99999.00   6068.66   7661.90   -737.97   -179.25   -851.49   -152.37       0     301     303     177
44259  12  00   300  99999.00  99999.00   7731.01   9714.25   -785.95   -351.43   -851.79   -371.91       0     293     292     151
44259  12  00   250  99999.00  99999.00   8886.51  10870.71   -867.20   -308.00   -897.41   -364.61       0     273     276     139
44259  12  00   200  99999.00  99999.00  10410.29  12151.37   -840.00   -301.44   -861.46   -374.86       0     257     257     137
44259  12  00   150  99999.00  99999.00  12277.31  13944.35   -781.18   -333.70   -829.91   -395.87       0     241     243     126
44259  12  00   100  99999.00  99999.00  14849.38  16545.58   -785.62   -325.90   -851.89   -376.81       0     222     224     109
44259  12  00    80  99999.00  99999.00  99999.00  99999.00  99999.00  99999.00  99999.00  99999.00       0       0       1       0
44259  12  00    70  99999.00  99999.00  99999.00  99999.00  99999.00  99999.00  99999.00  99999.00       0      22      22       0
44259  12  00    60  99999.00  99999.00  99999.00  99999.00  99999.00  99999.00  99999.00  99999.00       0       0       3       0
44259  12  00    50  99999.00  99999.00  99999.00  99999.00  99999.00  99999.00  99999.00  99999.00       0      17      17       0
44259  12  00    40  99999.00  99999.00  99999.00  99999.00  99999.00  99999.00  99999.00  99999.00       0       0       1       0
44259  12  00    30  99999.00  99999.00  99999.00  99999.00  99999.00  99999.00  99999.00  99999.00       0      18      18       0
44259  12  00    20  99999.00  99999.00  99999.00  99999.00  99999.00  99999.00  99999.00  99999.00       0      10      10       0
44259  12  00    15  99999.00  99999.00  99999.00  99999.00  99999.00  99999.00  99999.00  99999.00       0       0       2       0
44259  12  00    10  99999.00  99999.00  99999.00  99999.00  99999.00  99999.00  99999.00  99999.00       0       4       6       0
44259  12  00     7  99999.00  99999.00  99999.00  99999.00  99999.00  99999.00  99999.00  99999.00       0       0       0       0
44259  12  00     5  99999.00  99999.00  99999.00  99999.00  99999.00  99999.00  99999.00  99999.00       0       0       0       0
44259  12  00     3  99999.00  99999.00  99999.00  99999.00  99999.00  99999.00  99999.00  99999.00       0       0       0       0
44259  12  00     2  99999.00  99999.00  99999.00  99999.00  99999.00  99999.00  99999.00  99999.00       0       0       0       0
44259  12  00     1  99999.00  99999.00  99999.00  99999.00  99999.00  99999.00  99999.00  99999.00       0       0       0       0
