08001  01  12  9999    952.81   1074.85  99999.00  99999.00    -59.20    277.88   -125.46    216.06     980       0     976     976
08001  01  12  1000  99999.00  99999.00   -184.30    584.66    -62.96    259.00   -212.16    294.00       0     901     896     893
08001  01  12   925  99999.00  99999.00    312.39   1312.23   -121.55    246.97   -316.77    341.07       0     599     600     594
08001  01  12   900  99999.00  99999.00  99999.00  99999.00  99999.00  99999.00  99999.00  99999.00       0       0      15      14
08001  01  12   850  99999.00  99999.00    995.11   2029.27   -208.91    263.29   -560.55    453.81       0    1008    1006     978
08001  01  12   800  99999.00  99999.00  99999.00  99999.00  99999.00  99999.00  99999.00  99999.00       0       0      20      19
08001  01  12   700  99999.00  99999.00   2468.30   3657.86   -299.97    205.11   -896.91    501.81       0    1005    1002     944
08001  01  12   600  99999.00  99999.00  99999.00  99999.00  99999.00  99999.00  99999.00  99999.00       0       0      23      22
08001  01  12   500  99999.00  99999.00   4835.44   6422.80   -467.85     41.43  -1044.85    312.95       0    1004    1003     953
08001  01  12   400  99999.00  99999.00   6332.00   8142.32   -580.94    -84.38  -1071.31    130.37       0     998     995     931
08001  01  12   300  99999.00  99999.00   8152.33  10236.61   -661.97   -295.97  -1103.39   -123.11       0     990     992     919
08001  01  12   250  99999.00  99999.00   9316.80  11437.92   -743.46   -365.22  -1086.64   -303.16       0     984     979     891
08001  01  12   200  99999.00  99999.00  10805.20  12757.60   -950.25   -251.25  -1111.79   -436.79       0     973     973     873
08001  01  12   150  99999.00  99999.00  12790.20  14370.84   -892.14   -279.18  -1220.08   -456.40       0     957     955     835
08001  01  12   100  99999.00  99999.00  15465.18  16774.26   -842.24   -373.76  -1247.37   -516.81       0     927     934     773
08001  01  12    80  99999.00  99999.00  99999.00  99999.00  99999.00  99999.00  99999.00  99999.00       0       0      38      34
08001  01  12    70  99999.00  99999.00  17676.86  18989.66   -879.17   -353.57  -1269.24   -511.92       0     858     862     707
08001  01  12    60  99999.00  99999.00  99999.00  99999.00  99999.00  99999.00  99999.00  99999.00       0       0      49      39
08001  01  12    50  99999.00  99999.00  19666.39  21163.63   -917.76   -314.28  -1302.41   -482.45       0     752     761     599
08001  01  12    40  99999.00  99999.00  99999.00  99999.00 -13157.24  11049.52  99999.00  99999.00       0       0      63      55
08001  01  12    30  99999.00  99999.00  22488.27  24698.43  -1001.34   -212.70  -1375.90   -391.06       0     474     494     365
08001  01  12    20  99999.00  99999.00  24600.44  27698.84  -1019.78   -154.22  -1495.64   -227.00       0     196     217     137
08001  01  12    15  99999.00  99999.00  99999.00  99999.00  99999.00  99999.00  99999.00  99999.00       0       0      24      17
08001  01  12    10  99999.00  99999.00  99999.00  99999.00  99999.00  99999.00  99999.00  99999.00       0      10      16       9
08001  01  12     7  99999.00  99999.00  99999.00  99999.00  99999.00  99999.00  99999.00  99999.00       0       0       2       2
08001  01  12     5  99999.00  99999.00  99999.00  99999.00  99999.00  99999.00  99999.00  99999.00       0       0       3       2
08001  01  12     3  99999.00  99999.00  99999.00  99999.00  99999.00  99999.00  99999.00  99999.00       0       0       0       0
08001  01  12     2  99999.00  99999.00  99999.00  99999.00  99999.00  99999.00  99999.00  99999.00       0       0       0       0
08001  01  12     1  99999.00  99999.00  99999.00  99999.00  99999.00  99999.00  99999.00  99999.00       0       0       0       0
08001  02  12  9999    954.49   1071.01  99999.00  99999.00    -46.87    274.73   -136.82    241.18     895       0     893     893
08001  02  12  1000  99999.00  99999.00   -168.27    546.45    -60.41    260.83   -198.76    275.96       0     825     822     819
08001  02  12   925  99999.00  99999.00    299.24   1327.16   -144.73    266.75   -325.00    325.28       0     546     547     544
08001  02  12   900  99999.00  99999.00  99999.00  99999.00  99999.00  99999.00  99999.00  99999.00       0       0      20      20
08001  02  12   850  99999.00  99999.00    988.33   2015.05   -221.35    270.41   -597.92    465.88       0     917     913     883
08001  02  12   800  99999.00  99999.00  99999.00  99999.00  99999.00  99999.00  99999.00  99999.00       0       0      17      17
08001  02  12   700  99999.00  99999.00   2469.68   3632.84   -308.20    204.20   -920.38    494.54       0     910     911     865
08001  02  12   600  99999.00  99999.00  99999.00  99999.00  99999.00  99999.00  99999.00  99999.00       0       0      18      18
08001  02  12   500  99999.00  99999.00   4839.24   6388.20   -472.09     34.55  -1033.48    289.28       0     906     906     867
08001  02  12   400  99999.00  99999.00   6320.50   8115.46   -574.04   -100.28  -1057.34    102.58       0     900     899     861
08001  02  12   300  99999.00  99999.00   8148.84  10192.20   -660.36   -309.00  -1066.25   -168.41       0     897     895     842
08001  02  12   250  99999.00  99999.00   9314.72  11387.00   -754.83   -361.83  -1075.08   -329.28       0     892     891     823
08001  02  12   200  99999.00  99999.00  10811.96  12695.12   -970.08   -223.32  -1113.45   -441.09       0     884     884     813
08001  02  12   150  99999.00  99999.00  12786.29  14337.29   -862.68   -285.96  -1219.12   -459.64       0     868     870     773
08001  02  12   100  99999.00  99999.00  15433.48  16792.36   -823.20   -373.32  -1239.04   -522.40       0     845     852     732
08001  02  12    80  99999.00  99999.00  99999.00  99999.00  99999.00  99999.00  99999.00  99999.00       0       0      35      32
08001  02  12    70  99999.00  99999.00  12225.41  24370.49   -857.12   -362.12  -1233.94   -547.42       0     793     798     666
08001  02  12    60  99999.00  99999.00  99999.00  99999.00  99999.00  99999.00  99999.00  99999.00       0       0      39      33
08001  02  12    50  99999.00  99999.00  19672.46  21183.02   -883.65   -328.65  -1241.64   -540.24       0     696     707     572
08001  02  12    40  99999.00  99999.00  99999.00  99999.00 -16710.30  14004.30  99999.00  99999.00       0       0      63      51
08001  02  12    30  99999.00  99999.00  22542.22  24714.34  -3304.92   2075.76  -1293.92   -466.40       0     413     447     338
08001  02  12    20  99999.00  99999.00  24846.70  27640.66   -903.80   -212.12  -1366.57   -338.05       0     185     203     130
08001  02  12    15  99999.00  99999.00  99999.00  99999.00  99999.00  99999.00  99999.00  99999.00       0       0      24      16
08001  02  12    10  99999.00  99999.00  99999.00  99999.00  99999.00  99999.00  99999.00  99999.00       0      19      22      17
08001  02  12     7  99999.00  99999.00  99999.00  99999.00  99999.00  99999.00  99999.00  99999.00       0       0       5       4
08001  02  12     5  99999.00  99999.00  99999.00  99999.00  99999.00  99999.00  99999.00  99999.00       0       0       2       2
08001  02  12     3  99999.00  99999.00  99999.00  99999.00  99999.00  99999.00  99999.00  99999.00       0       0       0       0
08001  02  12     2  99999.00  99999.00  99999.00  99999.00  99999.00  99999.00  99999.00  99999.00       0       0       0       0
08001  02  12     1  99999.00  99999.00  99999.00  99999.00  99999.00  99999.00  99999.00  99999.00       0       0       0       0
08001  03  12  9999    958.49   1063.97  99999.00  99999.00    -35.91    299.61   -161.49    280.95     971       0     968     968
08001  03  12  1000  99999.00  99999.00   -146.81    503.71    -57.64    286.04   -183.20    273.40       0     898     893     893
08001  03  12   925  99999.00  99999.00    357.39   1246.47   -167.46    329.34   -368.45    374.23       0     597     601     598
08001  03  12   900  99999.00  99999.00  99999.00  99999.00  99999.00  99999.00  99999.00  99999.00       0       0      21      21
08001  03  12   850  99999.00  99999.00   1039.54   1958.26   -223.16    300.16   -564.12    445.08       0    1012    1011     984
08001  03  12   800  99999.00  99999.00  99999.00  99999.00  99999.00  99999.00  99999.00  99999.00       0       0      12      11
08001  03  12   700  99999.00  99999.00   2513.57   3593.33   -280.59    195.33   -943.84    530.12       0    1010    1008     959
08001  03  12   600  99999.00  99999.00  99999.00  99999.00  99999.00  99999.00  99999.00  99999.00       0       0      19      18
08001  03  12   500  99999.00  99999.00   4922.49   6328.05   -437.09     18.67  -1054.77    318.51       0    1004    1004     970
08001  03  12   400  99999.00  99999.00   6419.08   8050.36   -555.21   -103.53  -1060.28    109.00       0    1001    1000     969
08001  03  12   300  99999.00  99999.00   8256.14  10133.42   -655.36   -302.32  -1056.08   -169.40       0     994     994     959
08001  03  12   250  99999.00  99999.00   9405.32  11347.88   -737.28   -373.20  -1074.54   -319.98       0     985     981     933
08001  03  12   200  99999.00  99999.00  10881.62  12680.66   -942.29   -252.29  -1101.66   -454.02       0     976     975     910
08001  03  12   150  99999.00  99999.00  12829.66  14347.30   -826.53   -321.69  -1188.92   -506.24       0     963     962     867
08001  03  12   100  99999.00  99999.00  15472.03  16808.71   -783.19   -408.07  -1181.62   -592.66       0     939     943     815
08001  03  12    80  99999.00  99999.00  99999.00  99999.00  99999.00  99999.00  99999.00  99999.00       0       0      47      40
08001  03  12    70  99999.00  99999.00  17732.15  18997.91   -790.09   -421.93  -1179.00   -613.20       0     899     902     771
08001  03  12    60  99999.00  99999.00  99999.00  99999.00 -16230.77  13618.51  99999.00  99999.00       0       0      67      55
08001  03  12    50  99999.00  99999.00  19812.99  21109.11   -787.87   -419.35  -1179.90   -611.22       0     817     822     691
08001  03  12    40  99999.00  99999.00  99999.00  99999.00  99999.00  99999.00  99999.00  99999.00       0       0      44      40
08001  03  12    30  99999.00  99999.00  22871.17  24435.85   -797.24   -380.60  -1172.70   -595.74       0     499     523     418
08001  03  12    20  99999.00  99999.00  25338.16  27134.20   -849.37   -275.89  -1210.79   -514.31       0     205     226     154
08001  03  12    15  99999.00  99999.00  99999.00  99999.00  99999.00  99999.00  99999.00  99999.00       0       0      20      16
08001  03  12    10  99999.00  99999.00  99999.00  99999.00  99999.00  99999.00  99999.00  99999.00       0      20      28      19
08001  03  12     7  99999.00  99999.00  99999.00  99999.00  99999.00  99999.00  99999.00  99999.00       0       0       4       3
08001  03  12     5  99999.00  99999.00  99999.00  99999.00  99999.00  99999.00  99999.00  99999.00       0       0       1       1
08001  03  12     3  99999.00  99999.00  99999.00  99999.00  99999.00  99999.00  99999.00  99999.00       0       0       0       0
08001  03  12     2  99999.00  99999.00  99999.00  99999.00  99999.00  99999.00  99999.00  99999.00       0       0       0       0
08001  03  12     1  99999.00  99999.00  99999.00  99999.00  99999.00  99999.00  99999.00  99999.00       0       0       0       0
08001  04  12  9999    961.53   1054.89  99999.00  99999.00    -37.72    316.16   -129.28    244.04     922       0     919     919
08001  04  12  1000  99999.00  99999.00   -147.08    449.08    -40.12    287.00   -127.73    253.15       0     851     842     840
08001  04  12   925  99999.00  99999.00    381.60   1183.56   -173.84    342.16   -306.53    341.59       0     578     585     584
08001  04  12   900  99999.00  99999.00  99999.00  99999.00  99999.00  99999.00  99999.00  99999.00       0       0      20      18
08001  04  12   850  99999.00  99999.00   1059.77   1891.73   -235.19    318.01   -529.32    437.52       0     973     973     951
08001  04  12   800  99999.00  99999.00  99999.00  99999.00  99999.00  99999.00  99999.00  99999.00       0       0      25      24
08001  04  12   700  99999.00  99999.00   2520.73   3542.05   -292.89    210.87   -845.53    481.19       0     970     968     928
08001  04  12   600  99999.00  99999.00  99999.00  99999.00  99999.00  99999.00  99999.00  99999.00       0       0      22      22
08001  04  12   500  99999.00  99999.00   4893.10   6315.46   -460.01     46.27   -981.08    262.12       0     968     966     938
08001  04  12   400  99999.00  99999.00   6367.09   8064.25   -573.29    -80.57   -993.65     69.19       0     962     961     926
08001  04  12   300  99999.00  99999.00   8178.81  10176.69   -647.06   -298.82  -1040.96   -167.60       0     953     952     905
08001  04  12   250  99999.00  99999.00   9344.87  11383.31   -730.97   -352.25  -1081.55   -296.87       0     946     945     890
08001  04  12   200  99999.00  99999.00  10865.31  12697.35   -917.39   -232.67  -1123.00   -412.84       0     936     933     864
08001  04  12   150  99999.00  99999.00  12863.21  14347.97   -803.98   -312.34  -1220.25   -444.33       0     923     921     825
08001  04  12   100  99999.00  99999.00  15582.38  16770.62   -770.31   -385.23  -1216.81   -519.61       0     894     903     768
08001  04  12    80  99999.00  99999.00  99999.00  99999.00  99999.00  99999.00  99999.00  99999.00       0       0      25      22
08001  04  12    70  99999.00  99999.00  17917.12  18928.96   -764.57   -402.89  -1193.26   -559.54       0     850     852     702
08001  04  12    60  99999.00  99999.00  99999.00  99999.00  99999.00  99999.00  99999.00  99999.00       0       0      40      35
08001  04  12    50  99999.00  99999.00  20057.39  21026.39   -750.57   -401.97  -1181.17   -564.37       0     758     771     622
08001  04  12    40  99999.00  99999.00  99999.00  99999.00  99999.00  99999.00  99999.00  99999.00       0       0      59      50
08001  04  12    30  99999.00  99999.00  23241.52  24340.00   -723.92   -381.44  -1166.62   -545.74       0     484     506     399
08001  04  12    20  99999.00  99999.00  25785.23  27011.39   -696.79   -350.59  -1211.16   -449.16       0     195     213     140
08001  04  12    15  99999.00  99999.00  99999.00  99999.00  99999.00  99999.00  99999.00  99999.00       0       0      19      11
08001  04  12    10  99999.00  99999.00  99999.00  99999.00  99999.00  99999.00  99999.00  99999.00       0      17      24      16
08001  04  12     7  99999.00  99999.00  99999.00  99999.00  99999.00  99999.00  99999.00  99999.00       0       0       2       2
08001  04  12     5  99999.00  99999.00  99999.00  99999.00  99999.00  99999.00  99999.00  99999.00       0       0       0       0
08001  04  12     3  99999.00  99999.00  99999.00  99999.00  99999.00  99999.00  99999.00  99999.00       0       0       0       0
08001  04  12     2  99999.00  99999.00  99999.00  99999.00  99999.00  99999.00  99999.00  99999.00       0       0       0       0
08001  04  12     1  99999.00  99999.00  99999.00  99999.00  99999.00  99999.00  99999.00  99999.00       0       0       0       0
08001  05  12  9999    970.98   1047.06  99999.00  99999.00    -20.86    340.46   -147.62    259.54     973       0     970     970
08001  05  12  1000  99999.00  99999.00   -108.25    412.19    -34.67    317.65    -88.60    259.88       0     916     905     905
08001  05  12   925  99999.00  99999.00    466.94   1122.14   -152.25    358.23   -213.86    301.30       0     606     606     606
08001  05  12   900  99999.00  99999.00  99999.00  99999.00  99999.00  99999.00  99999.00  99999.00       0       0      16      16
08001  05  12   850  99999.00  99999.00   1146.46   1839.94   -219.77    344.71   -461.18    418.54       0     999     998     993
08001  05  12   800  99999.00  99999.00  99999.00  99999.00  99999.00  99999.00  99999.00  99999.00       0       0      17      17
08001  05  12   700  99999.00  99999.00   2619.06   3505.26   -257.50    220.34   -734.88    436.56       0     996     992     959
08001  05  12   600  99999.00  99999.00  99999.00  99999.00  99999.00  99999.00  99999.00  99999.00       0       0      22      22
08001  05  12   500  99999.00  99999.00   5027.04   6290.40   -408.34     44.18   -932.36    257.44       0     995     996     965
08001  05  12   400  99999.00  99999.00   6528.00   8043.12   -533.88    -72.24   -958.26     76.26       0     991     986     952
08001  05  12   300  99999.00  99999.00   8360.21  10170.89   -636.25   -272.29   -980.15   -186.35       0     978     978     935
08001  05  12   250  99999.00  99999.00   9519.86  11400.26   -713.14   -345.58  -1037.03   -302.15       0     965     968     905
08001  05  12   200  99999.00  99999.00  11025.79  12739.39   -883.43   -255.83  -1120.34   -397.70       0     955     957     880
08001  05  12   150  99999.00  99999.00  13044.48  14368.92   -824.89   -291.25  -1183.34   -477.86       0     947     951     839
08001  05  12   100  99999.00  99999.00  15757.64  16811.84   -752.36   -380.48  -1197.23   -529.91       0     927     937     775
08001  05  12    80  99999.00  99999.00  99999.00  99999.00  99999.00  99999.00  99999.00  99999.00       0       0      32      26
08001  05  12    70  99999.00  99999.00  18066.11  19023.95   -727.73   -407.33  -1164.82   -572.74       0     895     897     726
08001  05  12    60  99999.00  99999.00  99999.00  99999.00  99999.00  99999.00  99999.00  99999.00       0       0      41      33
08001  05  12    50  99999.00  99999.00  20215.38  21143.70   -703.64   -420.44  -1149.38   -582.86       0     832     836     665
08001  05  12    40  99999.00  99999.00  99999.00  99999.00 -11040.79   9314.33  99999.00  99999.00       0       0      61      47
08001  05  12    30  99999.00  99999.00  23425.23  24461.31   -671.48   -396.68  -1127.63   -568.07       0     560     583     427
08001  05  12    20  99999.00  99999.00  25937.56  27230.56   -643.98   -335.58  -1106.24   -536.36       0     214     237     123
08001  05  12    15  99999.00  99999.00  99999.00  99999.00  99999.00  99999.00  99999.00  99999.00       0       0      17       7
08001  05  12    10  99999.00  99999.00  99999.00  99999.00  99999.00  99999.00  99999.00  99999.00       0       4       4       0
08001  05  12     7  99999.00  99999.00  99999.00  99999.00  99999.00  99999.00  99999.00  99999.00       0       0       0       0
08001  05  12     5  99999.00  99999.00  99999.00  99999.00  99999.00  99999.00  99999.00  99999.00       0       0       0       0
08001  05  12     3  99999.00  99999.00  99999.00  99999.00  99999.00  99999.00  99999.00  99999.00       0       0       0       0
08001  05  12     2  99999.00  99999.00  99999.00  99999.00  99999.00  99999.00  99999.00  99999.00       0       0       0       0
08001  05  12     1  99999.00  99999.00  99999.00  99999.00  99999.00  99999.00  99999.00  99999.00       0       0       0       0
08001  06  12  9999    983.55   1038.15  99999.00  99999.00     19.55    346.91   -144.80    254.20     918       0     908     908
08001  06  12  1000  99999.00  99999.00    -56.24    376.96      3.81    319.29    -50.23    269.33       0     932     921     917
08001  06  12   925  99999.00  99999.00    575.69   1059.29   -135.85    402.71   -250.99    376.49       0     558     561     560
08001  06  12   900  99999.00  99999.00  99999.00  99999.00  99999.00  99999.00  99999.00  99999.00       0       0      22      22
08001  06  12   850  99999.00  99999.00   1268.51   1781.51   -193.42    398.66   -520.54    502.70       0     941     942     919
08001  06  12   800  99999.00  99999.00  99999.00  99999.00  99999.00  99999.00  99999.00  99999.00       0       0      20      20
08001  06  12   700  99999.00  99999.00   2756.50   3480.94   -194.05    245.75   -740.30    484.66       0     937     935     882
08001  06  12   600  99999.00  99999.00  99999.00  99999.00  99999.00  99999.00  99999.00  99999.00       0       0      15      15
08001  06  12   500  99999.00  99999.00   5233.60   6286.36   -331.47     58.89   -932.42    310.54       0     932     928     890
08001  06  12   400  99999.00  99999.00   6780.51   8055.75   -450.49    -60.37   -924.40    102.44       0     930     926     889
08001  06  12   300  99999.00  99999.00   8676.56  10195.64   -578.94   -247.98   -907.58   -183.38       0     927     926     885
08001  06  12   250  99999.00  99999.00   9848.57  11451.65   -650.41   -352.45   -960.74   -308.66       0     923     923     870
08001  06  12   200  99999.00  99999.00  11313.91  12852.07   -829.83   -302.79  -1060.14   -402.66       0     920     919     853
08001  06  12   150  99999.00  99999.00   9078.32  18671.48  -2474.42   1316.38  -1179.12   -478.32       0     909     910     818
08001  06  12   100  99999.00  99999.00  15983.12  16950.44   -762.91   -392.95  -1148.83   -604.03       0     889     898     772
08001  06  12    80  99999.00  99999.00  99999.00  99999.00  99999.00  99999.00  99999.00  99999.00       0       0      35      34
08001  06  12    70  99999.00  99999.00  18307.52  19129.16   -708.31   -441.55  -1113.97   -645.49       0     866     866     721
08001  06  12    60  99999.00  99999.00  99999.00  99999.00  99999.00  99999.00  99999.00  99999.00       0       0      40      31
08001  06  12    50  99999.00  99999.00  20448.34  21250.06   -665.84   -449.12  -1103.23   -633.55       0     832     832     680
08001  06  12    40  99999.00  99999.00  99999.00  99999.00  99999.00  99999.00  99999.00  99999.00       0       0      45      41
08001  06  12    30  99999.00  99999.00  23686.34  24584.78   -610.53   -413.61  -1077.75   -595.59       0     622     647     518
08001  06  12    20  99999.00  99999.00  26244.40  27383.20   -575.56   -346.24  -1130.79   -466.59       0     187     213     124
08001  06  12    15  99999.00  99999.00  99999.00  99999.00  99999.00  99999.00  99999.00  99999.00       0       0      15       7
08001  06  12    10  99999.00  99999.00  99999.00  99999.00  99999.00  99999.00  99999.00  99999.00       0       7       8       3
08001  06  12     7  99999.00  99999.00  99999.00  99999.00  99999.00  99999.00  99999.00  99999.00       0       0       0       0
08001  06  12     5  99999.00  99999.00  99999.00  99999.00  99999.00  99999.00  99999.00  99999.00       0       0       0       0
08001  06  12     3  99999.00  99999.00  99999.00  99999.00  99999.00  99999.00  99999.00  99999.00       0       0       0       0
08001  06  12     2  99999.00  99999.00  99999.00  99999.00  99999.00  99999.00  99999.00  99999.00       0       0       0       0
08001  06  12     1  99999.00  99999.00  99999.00  99999.00  99999.00  99999.00  99999.00  99999.00       0       0       0       0
08001  07  12  9999    987.27   1035.03  99999.00  99999.00     61.59    335.67   -115.70    219.58     954       0     949     948
08001  07  12  1000  99999.00  99999.00    -37.69    363.83     41.28    310.56     -6.58    261.26       0     979     966     965
08001  07  12   925  99999.00  99999.00    618.48   1021.32   -100.07    387.97   -147.31    321.53       0     599     602     601
08001  07  12   900  99999.00  99999.00  99999.00  99999.00  99999.00  99999.00  99999.00  99999.00       0       0      27      26
08001  07  12   850  99999.00  99999.00   1312.22   1762.94   -161.82    412.02   -471.03    488.85       0     980     976     955
08001  07  12   800  99999.00  99999.00  99999.00  99999.00  99999.00  99999.00  99999.00  99999.00       0       0      18      17
08001  07  12   700  99999.00  99999.00   2836.56   3455.52   -148.24    248.36   -716.28    485.04       0     977     974     921
08001  07  12   600  99999.00  99999.00  99999.00  99999.00  99999.00  99999.00  99999.00  99999.00       0       0      20      19
08001  07  12   500  99999.00  99999.00   5371.75   6250.03   -283.96     58.16   -919.64    318.88       0     977     977     947
08001  07  12   400  99999.00  99999.00   6952.29   8016.09   -409.70    -52.58   -927.33    126.39       0     971     970     930
08001  07  12   300  99999.00  99999.00   8883.05  10164.77   -543.86   -234.38   -939.69   -137.97       0     960     957     909
08001  07  12   250  99999.00  99999.00  10063.90  11437.42   -622.19   -331.43   -989.21   -268.37       0     953     948     881
08001  07  12   200  99999.00  99999.00  11537.47  12862.51   -782.18   -298.82  -1091.43   -383.67       0     938     937     864
08001  07  12   150  99999.00  99999.00  13490.88  14574.36   -818.05   -320.77  -1130.29   -557.41       0     925     924     837
08001  07  12   100  99999.00  99999.00  16209.95  16957.55   -776.43   -406.71  -1109.62   -670.42       0     912     916     788
08001  07  12    80  99999.00  99999.00  99999.00  99999.00  99999.00  99999.00  99999.00  99999.00       0       0      35      31
08001  07  12    70  99999.00  99999.00  18514.17  19135.53   -702.92   -452.00  -1069.39   -701.23       0     866     869     717
08001  07  12    60  99999.00  99999.00  99999.00  99999.00  99999.00  99999.00  99999.00  99999.00       0       0      50      44
08001  07  12    50  99999.00  99999.00  20652.74  21266.66   -643.87   -453.91  -1039.40   -693.56       0     832     834     672
08001  07  12    40  99999.00  99999.00  99999.00  99999.00  99999.00  99999.00  99999.00  99999.00       0       0      42      36
08001  07  12    30  99999.00  99999.00  23920.29  24604.89   -589.52   -411.32  -1013.73   -650.73       0     611     639     497
08001  07  12    20  99999.00  99999.00  26513.97  27397.65   -557.70   -355.62  -1061.41   -538.93       0     184     207     128
08001  07  12    15  99999.00  99999.00  99999.00  99999.00  99999.00  99999.00  99999.00  99999.00       0       0      16      13
08001  07  12    10  99999.00  99999.00  99999.00  99999.00  99999.00  99999.00  99999.00  99999.00       0       2       3       1
08001  07  12     7  99999.00  99999.00  99999.00  99999.00  99999.00  99999.00  99999.00  99999.00       0       0       0       0
08001  07  12     5  99999.00  99999.00  99999.00  99999.00  99999.00  99999.00  99999.00  99999.00       0       0       0       0
08001  07  12     3  99999.00  99999.00  99999.00  99999.00  99999.00  99999.00  99999.00  99999.00       0       0       0       0
08001  07  12     2  99999.00  99999.00  99999.00  99999.00  99999.00  99999.00  99999.00  99999.00       0       0       1       0
08001  07  12     1  99999.00  99999.00  99999.00  99999.00  99999.00  99999.00  99999.00  99999.00       0       0       0       0
08001  08  12  9999    985.79   1035.23  99999.00  99999.00     73.04    336.80   -104.88    211.44     969       0     963     963
08001  08  12  1000  99999.00  99999.00    -36.77    353.83     62.70    302.70     -8.94    272.46       0     973     950     948
08001  08  12   925  99999.00  99999.00    604.01   1030.25    -80.11    380.33   -197.18    378.10       0     608     615     613
08001  08  12   900  99999.00  99999.00  99999.00  99999.00  99999.00  99999.00  99999.00  99999.00       0       0      19      19
08001  08  12   850  99999.00  99999.00   1319.30   1750.22   -152.23    405.65   -488.84    508.96       0     982     981     968
08001  08  12   800  99999.00  99999.00  99999.00  99999.00  99999.00  99999.00  99999.00  99999.00       0       0      19      19
08001  08  12   700  99999.00  99999.00   2851.42   3436.54   -136.03    240.29   -748.72    511.76       0     979     975     930
08001  08  12   600  99999.00  99999.00  99999.00  99999.00  99999.00  99999.00  99999.00  99999.00       0       0      17      17
08001  08  12   500  99999.00  99999.00   5387.49   6233.97   -272.24     52.00   -980.19    364.41       0     973     970     938
08001  08  12   400  99999.00  99999.00   6983.08   7988.92   -399.49    -58.21   -986.23    178.37       0     970     969     932
08001  08  12   300  99999.00  99999.00   8912.46  10141.62   -542.79   -231.51   -938.81   -123.41       0     964     963     913
08001  08  12   250  99999.00  99999.00  10087.70  11420.90   -613.90   -343.78   -948.60   -286.56       0     959     957     883
08001  08  12   200  99999.00  99999.00  11542.94  12857.18   -776.37   -323.37  -1067.41   -385.81       0     947     947     864
08001  08  12   150  99999.00  99999.00  13471.06  14577.82   -808.84   -346.24  -1131.50   -543.62       0     937     939     829
08001  08  12   100  99999.00  99999.00  11262.41  21813.17   -768.88   -415.48  -1114.14   -655.38       0     918     930     788
08001  08  12    80  99999.00  99999.00  99999.00  99999.00  99999.00  99999.00  99999.00  99999.00       0       0      33      28
08001  08  12    70  99999.00  99999.00  18482.87  19137.83   -694.61   -451.13  -1079.77   -677.89       0     888     891     734
08001  08  12    60  99999.00  99999.00  99999.00  99999.00  99999.00  99999.00  99999.00  99999.00       0       0      39      30
08001  08  12    50  99999.00  99999.00  20631.46  21264.34   -648.47   -450.35  -1044.61   -685.57       0     848     853     676
08001  08  12    40  99999.00  99999.00  99999.00  99999.00  99999.00  99999.00  99999.00  99999.00       0       0      52      46
08001  08  12    30  99999.00  99999.00  23854.35  24630.63   -598.54   -411.46  -1007.41   -663.61       0     639     662     511
08001  08  12    20  99999.00  99999.00  26380.11  27469.95   -569.64   -357.72   -970.33   -652.45       0     197     229     145
08001  08  12    15  99999.00  99999.00  99999.00  99999.00  99999.00  99999.00  99999.00  99999.00       0       0      14       8
08001  08  12    10  99999.00  99999.00  99999.00  99999.00  99999.00  99999.00  99999.00  99999.00       0       4       4       2
08001  08  12     7  99999.00  99999.00  99999.00  99999.00  99999.00  99999.00  99999.00  99999.00       0       0       0       0
08001  08  12     5  99999.00  99999.00  99999.00  99999.00  99999.00  99999.00  99999.00  99999.00       0       0       0       0
08001  08  12     3  99999.00  99999.00  99999.00  99999.00  99999.00  99999.00  99999.00  99999.00       0       0       0       0
08001  08  12     2  99999.00  99999.00  99999.00  99999.00  99999.00  99999.00  99999.00  99999.00       0       0       0       0
08001  08  12     1  99999.00  99999.00  99999.00  99999.00  99999.00  99999.00  99999.00  99999.00       0       0       0       0
08001  09  12  9999    977.22   1042.86  99999.00  99999.00     34.74    358.38   -121.03    233.33     937       0     935     935
08001  09  12  1000  99999.00  99999.00    -64.21    382.91     28.42    326.50    -41.77    281.27       0     925     921     918
08001  09  12   925  99999.00  99999.00    523.56   1096.20    -90.97    381.71   -216.88    370.88       0     592     598     597
08001  09  12   900  99999.00  99999.00  99999.00  99999.00  99999.00  99999.00  99999.00  99999.00       0       0      17      17
08001  09  12   850  99999.00  99999.00   1220.05   1834.45   -150.24    379.08   -442.96    468.32       0     972     972     963
08001  09  12   800  99999.00  99999.00  99999.00  99999.00  99999.00  99999.00  99999.00  99999.00       0       0      20      20
08001  09  12   700  99999.00  99999.00   2734.35   3519.51   -166.88    234.52   -706.02    481.74       0     972     970     929
08001  09  12   600  99999.00  99999.00  99999.00  99999.00  99999.00  99999.00  99999.00  99999.00       0       0      30      29
08001  09  12   500  99999.00  99999.00   5243.67   6312.75   -309.14     57.46   -939.95    341.17       0     964     962     936
08001  09  12   400  99999.00  99999.00   6813.95   8073.59   -432.24    -53.76   -956.52    157.44       0     962     961     939
08001  09  12   300  99999.00  99999.00   8731.03  10216.87   -573.10   -226.90   -956.80   -114.64       0     952     949     920
08001  09  12   250  99999.00  99999.00   9890.47  11498.35   -642.65   -338.93   -973.65   -269.49       0     948     948     882
08001  09  12   200  99999.00  99999.00  11330.69  12930.77   -783.50   -346.10  -1074.91   -376.75       0     936     933     858
08001  09  12   150  99999.00  99999.00  13259.53  14621.17   -853.76   -339.20  -1181.85   -480.21       0     921     921     829
08001  09  12   100  99999.00  99999.00  11094.89  21781.13   -796.46   -412.58  -1198.84   -562.60       0     892     895     757
08001  09  12    80  99999.00  99999.00  99999.00  99999.00  99999.00  99999.00  99999.00  99999.00       0       0      36      30
08001  09  12    70  99999.00  99999.00  18223.52  19174.76   -723.70   -448.18  -1153.74   -607.14       0     865     867     701
08001  09  12    60  99999.00  99999.00  99999.00  99999.00  99999.00  99999.00  99999.00  99999.00       0       0      47      39
08001  09  12    50  99999.00  99999.00  20344.71  21301.95   -681.37   -448.93  -1120.58   -619.34       0     831     834     659
08001  09  12    40  99999.00  99999.00  99999.00  99999.00 -16267.73  13759.87  99999.00  99999.00       0       0      67      58
08001  09  12    30  99999.00  99999.00  23541.66  24639.06   -656.11   -396.79  -1097.09   -594.41       0     642     661     494
08001  09  12    20  99999.00  99999.00  26051.67  27417.51   -652.67   -328.55  -1131.77   -505.97       0     218     255     165
08001  09  12    15  99999.00  99999.00  99999.00  99999.00  99999.00  99999.00  99999.00  99999.00       0       0      22      15
08001  09  12    10  99999.00  99999.00  99999.00  99999.00  99999.00  99999.00  99999.00  99999.00       0       9      20      13
08001  09  12     7  99999.00  99999.00  99999.00  99999.00  99999.00  99999.00  99999.00  99999.00       0       0       0       0
08001  09  12     5  99999.00  99999.00  99999.00  99999.00  99999.00  99999.00  99999.00  99999.00       0       0       0       0
08001  09  12     3  99999.00  99999.00  99999.00  99999.00  99999.00  99999.00  99999.00  99999.00       0       0       0       0
08001  09  12     2  99999.00  99999.00  99999.00  99999.00  99999.00  99999.00  99999.00  99999.00       0       0       0       0
08001  09  12     1  99999.00  99999.00  99999.00  99999.00  99999.00  99999.00  99999.00  99999.00       0       0       0       0
08001  10  12  9999    962.95   1055.95  99999.00  99999.00      2.23    338.95   -114.03    216.81     949       0     945     945
08001  10  12  1000  99999.00  99999.00   -116.47    442.49    -10.33    321.83   -104.12    302.08       0     863     855     852
08001  10  12   925  99999.00  99999.00    380.65   1213.93    -91.99    336.77   -281.55    403.29       0     586     584     581
08001  10  12   900  99999.00  99999.00  99999.00  99999.00  99999.00  99999.00  99999.00  99999.00       0       0      10      10
08001  10  12   850  99999.00  99999.00   1085.87   1924.67   -164.90    327.22   -448.38    450.90       0     982     978     966
08001  10  12   800  99999.00  99999.00  99999.00  99999.00  99999.00  99999.00  99999.00  99999.00       0       0      20      19
08001  10  12   700  99999.00  99999.00   2590.17   3584.85   -225.33    235.23   -804.23    532.93       0     978     975     931
08001  10  12   600  99999.00  99999.00  99999.00  99999.00  99999.00  99999.00  99999.00  99999.00       0       0      23      23
08001  10  12   500  99999.00  99999.00   5033.41   6388.09   -385.06     78.86  -1000.00    366.80       0     973     971     947
08001  10  12   400  99999.00  99999.00   6552.01   8163.61   -510.13    -31.93  -1016.41    184.31       0     970     968     943
08001  10  12   300  99999.00  99999.00   8409.72  10322.88   -621.62   -225.14  -1015.67    -93.59       0     960     959     910
08001  10  12   250  99999.00  99999.00   9567.52  11582.44   -679.96   -332.68  -1040.96   -249.44       0     951     952     883
08001  10  12   200  99999.00  99999.00  11031.52  12978.52   -848.42   -302.42  -1070.70   -411.42       0     946     942     864
08001  10  12   150  99999.00  99999.00  13028.35  14587.15   -897.41   -310.61  -1163.69   -497.09       0     935     929     829
08001  10  12   100  99999.00  99999.00  15745.82  16901.18   -834.15   -398.91  -1218.27   -540.75       0     914     922     795
08001  10  12    80  99999.00  99999.00  99999.00  99999.00  99999.00  99999.00  99999.00  99999.00       0       0      49      42
08001  10  12    70  99999.00  99999.00  18033.05  19044.05   -770.01   -434.85  -1214.07   -554.19       0     877     880     740
08001  10  12    60  99999.00  99999.00  99999.00  99999.00  99999.00  99999.00  99999.00  99999.00       0       0      34      29
08001  10  12    50  99999.00  99999.00  20134.33  21148.93   -736.49   -446.93  -1190.98   -572.38       0     816     821     676
08001  10  12    40  99999.00  99999.00  99999.00  99999.00 -19669.56  16372.20  99999.00  99999.00       0       0      62      53
08001  10  12    30  99999.00  99999.00  23277.29  24458.21   -725.40   -396.60  -1167.08   -559.04       0     599     625     490
08001  10  12    20  99999.00  99999.00  25800.89  27175.97   -712.16   -339.80  -1149.23   -531.23       0     242     273     191
08001  10  12    15  99999.00  99999.00  99999.00  99999.00  99999.00  99999.00  99999.00  99999.00       0       0      29      19
08001  10  12    10  99999.00  99999.00  99999.00  99999.00  99999.00  99999.00  99999.00  99999.00       0      10      17       8
08001  10  12     7  99999.00  99999.00  99999.00  99999.00  99999.00  99999.00  99999.00  99999.00       0       0       0       0
08001  10  12     5  99999.00  99999.00  99999.00  99999.00  99999.00  99999.00  99999.00  99999.00       0       0       0       0
08001  10  12     3  99999.00  99999.00  99999.00  99999.00  99999.00  99999.00  99999.00  99999.00       0       0       0       0
08001  10  12     2  99999.00  99999.00  99999.00  99999.00  99999.00  99999.00  99999.00  99999.00       0       0       0       0
08001  10  12     1  99999.00  99999.00  99999.00  99999.00  99999.00  99999.00  99999.00  99999.00       0       0       0       0
08001  11  12  9999    954.96   1065.84  99999.00  99999.00    -23.59    300.29   -133.57    228.47     899       0     895     895
08001  11  12  1000  99999.00  99999.00   -151.84    502.04    -35.10    289.74   -165.34    306.38       0     805     800     798
08001  11  12   925  99999.00  99999.00    331.60   1266.52   -113.69    285.67   -260.14    328.70       0     582     583     580
08001  11  12   900  99999.00  99999.00  99999.00  99999.00  99999.00  99999.00  99999.00  99999.00       0       0      16      16
08001  11  12   850  99999.00  99999.00   1016.24   1979.60   -200.80    305.24   -521.81    470.11       0     933     931     912
08001  11  12   800  99999.00  99999.00  99999.00  99999.00  99999.00  99999.00  99999.00  99999.00       0       0      16      16
08001  11  12   700  99999.00  99999.00   2494.07   3632.03   -273.51    228.93   -871.90    539.66       0     929     927     886
08001  11  12   600  99999.00  99999.00  99999.00  99999.00  99999.00  99999.00  99999.00  99999.00       0       0      16      16
08001  11  12   500  99999.00  99999.00   4897.66   6419.38   -442.48     78.80  -1019.27    343.81       0     925     923     908
08001  11  12   400  99999.00  99999.00   6388.80   8183.88   -565.42    -36.46  -1016.94    147.30       0     923     922     901
08001  11  12   300  99999.00  99999.00   8215.26  10325.70   -655.57   -245.05  -1036.84   -116.44       0     915     914     871
08001  11  12   250  99999.00  99999.00   9372.60  11562.24   -715.81   -345.25  -1056.73   -272.89       0     909     909     848
08001  11  12   200  99999.00  99999.00  10837.94  12932.54   -879.48   -303.24  -1073.83   -432.91       0     894     894     822
08001  11  12   150  99999.00  99999.00  12789.16  14573.20   -886.71   -318.27  -1167.49   -499.57       0     883     885     800
08001  11  12   100  99999.00  99999.00  15497.81  16900.37   -853.56   -389.40  -1211.47   -560.23       0     859     865     755
08001  11  12    80  99999.00  99999.00  99999.00  99999.00  99999.00  99999.00  99999.00  99999.00       0       0      27      25
08001  11  12    70  99999.00  99999.00  17805.49  18998.41   -824.74   -419.14  -1219.43   -575.39       0     789     791     670
08001  11  12    60  99999.00  99999.00  99999.00  99999.00  99999.00  99999.00  99999.00  99999.00       0       0      38      36
08001  11  12    50  99999.00  99999.00  19884.48  21083.16   -816.91   -419.35  -1221.50   -576.26       0     719     725     593
08001  11  12    40  99999.00  99999.00  99999.00  99999.00 -15289.07  12840.97  99999.00  99999.00       0       0      61      49
08001  11  12    30  99999.00  99999.00  22873.49  24468.05   -860.72   -342.32  -1230.69   -546.93       0     431     453     354
08001  11  12    20  99999.00  99999.00  25111.74  27432.90   -897.41   -254.69  -1281.72   -451.92       0     168     191     131
08001  11  12    15  99999.00  99999.00  99999.00  99999.00  99999.00  99999.00  99999.00  99999.00       0       0      22      15
08001  11  12    10  99999.00  99999.00  99999.00  99999.00  99999.00  99999.00  99999.00  99999.00       0       4       8       5
08001  11  12     7  99999.00  99999.00  99999.00  99999.00  99999.00  99999.00  99999.00  99999.00       0       0       0       0
08001  11  12     5  99999.00  99999.00  99999.00  99999.00  99999.00  99999.00  99999.00  99999.00       0       0       0       0
08001  11  12     3  99999.00  99999.00  99999.00  99999.00  99999.00  99999.00  99999.00  99999.00       0       0       0       0
08001  11  12     2  99999.00  99999.00  99999.00  99999.00  99999.00  99999.00  99999.00  99999.00       0       0       0       0
08001  11  12     1  99999.00  99999.00  99999.00  99999.00  99999.00  99999.00  99999.00  99999.00       0       0       0       0
08001  12  12  9999    949.35   1074.63  99999.00  99999.00    -44.00    278.44   -123.37    216.47     914       0     914     914
08001  12  12  1000  99999.00  99999.00   -168.25    547.55    -55.95    272.49   -229.55    324.97       0     838     835     833
08001  12  12   925  99999.00  99999.00    292.90   1314.82   -120.76    264.68   -364.04    391.48       0     597     599     596
08001  12  12   900  99999.00  99999.00  99999.00  99999.00  99999.00  99999.00  99999.00  99999.00       0       0       6       6
08001  12  12   850  99999.00  99999.00    972.47   2035.91   -197.67    277.17   -592.68    506.76       0     955     951     930
08001  12  12   800  99999.00  99999.00  99999.00  99999.00  99999.00  99999.00  99999.00  99999.00       0       0      26      25
08001  12  12   700  99999.00  99999.00   2456.05   3668.41   -267.25    201.47   -915.39    547.17       0     951     951     907
08001  12  12   600  99999.00  99999.00  99999.00  99999.00  99999.00  99999.00  99999.00  99999.00       0       0      21      20
08001  12  12   500  99999.00  99999.00   4872.27   6415.83   -432.89     37.15  -1053.80    358.72       0     950     948     916
08001  12  12   400  99999.00  99999.00   6376.67   8148.71   -549.78    -83.10  -1059.72    153.84       0     942     942     906
08001  12  12   300  99999.00  99999.00   8223.90  10241.82   -646.39   -287.23  -1071.84   -125.28       0     938     935     893
08001  12  12   250  99999.00  99999.00   9377.33  11462.33   -719.77   -372.97  -1054.37   -310.25       0     931     927     875
08001  12  12   200  99999.00  99999.00  10834.26  12816.30   -913.89   -292.29  -1079.16   -452.40       0     920     917     860
08001  12  12   150  99999.00  99999.00  12799.91  14433.71   -912.41   -290.33  -1172.02   -497.38       0     901     901     827
08001  12  12   100  99999.00  99999.00  15452.35  16826.71   -833.05   -400.81  -1224.40   -542.44       0     873     880     788
08001  12  12    80  99999.00  99999.00  99999.00  99999.00  99999.00  99999.00  99999.00  99999.00       0       0      39      35
08001  12  12    70  99999.00  99999.00  17713.66  18981.82   -846.94   -400.06  -1238.71   -545.23       0     806     813     697
08001  12  12    60  99999.00  99999.00  99999.00  99999.00 -11034.70   9187.58  99999.00  99999.00       0       0      61      50
08001  12  12    50  99999.00  99999.00  19764.91  21102.19   -869.55   -371.43  -1264.57   -522.13       0     720     730     619
08001  12  12    40  99999.00  99999.00  99999.00  99999.00 -20844.00  17172.84  99999.00  99999.00       0       0      62      54
08001  12  12    30  99999.00  99999.00  22696.46  24537.98   -939.48   -281.88  -1332.16   -439.12       0     442     463     374
08001  12  12    20  99999.00  99999.00  25032.78  27308.94   -906.29   -277.49  -1314.79   -425.71       0     163     180     122
08001  12  12    15  99999.00  99999.00  99999.00  99999.00  99999.00  99999.00  99999.00  99999.00       0       0      22      12
08001  12  12    10  99999.00  99999.00  99999.00  99999.00  99999.00  99999.00  99999.00  99999.00       0       5       7       4
08001  12  12     7  99999.00  99999.00  99999.00  99999.00  99999.00  99999.00  99999.00  99999.00       0       0       0       0
08001  12  12     5  99999.00  99999.00  99999.00  99999.00  99999.00  99999.00  99999.00  99999.00       0       0       0       0
08001  12  12     3  99999.00  99999.00  99999.00  99999.00  99999.00  99999.00  99999.00  99999.00       0       0       0       0
08001  12  12     2  99999.00  99999.00  99999.00  99999.00  99999.00  99999.00  99999.00  99999.00       0       0       0       0
08001  12  12     1  99999.00  99999.00  99999.00  99999.00  99999.00  99999.00  99999.00  99999.00       0       0       0       0
