27612  01  12  9999    906.20   1076.00  99999.00  99999.00   -445.26    320.10    -82.23    137.13     808       0     806     806
27612  01  12  1000  99999.00  99999.00    -64.51    563.09   -471.18    275.82   -549.69    286.95       0     251     251     247
27612  01  12   925  99999.00  99999.00     95.07   1370.67   -409.45    256.31   -496.87    280.01       0     545     551     540
27612  01  12   900  99999.00  99999.00  99999.00  99999.00  99999.00  99999.00  99999.00  99999.00       0       0      14      14
27612  01  12   850  99999.00  99999.00    742.99   2022.67   -399.46    224.54   -544.62    273.42       0     860     861     849
27612  01  12   800  99999.00  99999.00  99999.00  99999.00  99999.00  99999.00  99999.00  99999.00       0       0      14      14
27612  01  12   700  99999.00  99999.00   2168.37   3569.85   -451.17    145.83   -660.75    206.61       0     862     863     853
27612  01  12   600  99999.00  99999.00  99999.00  99999.00  99999.00  99999.00  99999.00  99999.00       0       0      13      13
27612  01  12   500  99999.00  99999.00   4461.10   6207.70   -606.42    -10.02   -768.67      9.89       0     854     852     842
27612  01  12   400  99999.00  99999.00   5867.46   7895.22   -685.85   -151.85   -821.78   -150.86       0     852     852     831
27612  01  12   300  99999.00  99999.00   7650.57   9895.77   -730.38   -356.10   -876.31   -340.15       0     842     844     815
27612  01  12   250  99999.00  99999.00   8788.76  11064.32   -836.21   -344.93   -958.73   -356.57       0     835     836     807
27612  01  12   200  99999.00  99999.00  10250.99  12385.43   -950.53   -247.45  -1041.45   -301.89       0     829     830     798
27612  01  12   150  99999.00  99999.00  12059.99  14176.55   -899.42   -284.06  -1029.45   -316.89       0     813     812     778
27612  01  12   100  99999.00  99999.00  14423.88  16869.12   -933.93   -294.21  -1053.79   -348.55       0     784     786     751
27612  01  12    80  99999.00  99999.00  99999.00  99999.00  99999.00  99999.00  99999.00  99999.00       0       0      19      19
27612  01  12    70  99999.00  99999.00  16389.29  19296.53   -996.61   -278.77  -1091.73   -358.65       0     732     733     690
27612  01  12    60  99999.00  99999.00  99999.00  99999.00  99999.00  99999.00  99999.00  99999.00       0       0      26      23
27612  01  12    50  99999.00  99999.00  18147.56  21636.68  -1050.11   -263.63  -1123.43   -365.99       0     690     694     647
27612  01  12    40  99999.00  99999.00  99999.00  99999.00  99999.00  99999.00  99999.00  99999.00       0       0      38      33
27612  01  12    30  99999.00  99999.00  20839.46  25145.30  -1107.90   -230.46  -1169.88   -347.16       0     598     604     549
27612  01  12    20  99999.00  99999.00  23008.33  27931.93  -1170.33   -143.61  -1210.98   -287.34       0     462     477     423
27612  01  12    15  99999.00  99999.00  99999.00  99999.00  -7183.12   5664.80  -1264.52   -210.32       0       0      77      62
27612  01  12    10  99999.00  99999.00  26821.55  32572.55  -6438.42   5062.38  -1275.84   -133.44       0     149     194     169
27612  01  12     7  99999.00  99999.00  99999.00  99999.00  99999.00  99999.00  99999.00  99999.00       0       0      34      27
27612  01  12     5  99999.00  99999.00  99999.00  99999.00  99999.00  99999.00  99999.00  99999.00       0       0      17       9
27612  01  12     3  99999.00  99999.00  99999.00  99999.00  99999.00  99999.00  99999.00  99999.00       0       0       6       2
27612  01  12     2  99999.00  99999.00  99999.00  99999.00  99999.00  99999.00  99999.00  99999.00       0       0       2       1
27612  01  12     1  99999.00  99999.00  99999.00  99999.00  99999.00  99999.00  99999.00  99999.00       0       0       0       0
27612  02  12  9999    913.60   1073.68  99999.00  99999.00   -399.24    293.04   -110.22    190.62     742       0     742     742
27612  02  12  1000  99999.00  99999.00    -62.76    571.32   -386.50    230.18   -506.12    246.40       0     251     250     246
27612  02  12   925  99999.00  99999.00    134.86   1336.06   -428.00    260.20   -554.98    306.74       0     507     509     493
27612  02  12   900  99999.00  99999.00  99999.00  99999.00  99999.00  99999.00  99999.00  99999.00       0       0      16      15
27612  02  12   850  99999.00  99999.00    800.58   2002.02   -417.67    233.81   -584.44    288.68       0     789     789     769
27612  02  12   800  99999.00  99999.00  99999.00  99999.00  99999.00  99999.00  99999.00  99999.00       0       0       6       6
27612  02  12   700  99999.00  99999.00   2224.53   3547.29   -468.59    157.21   -691.79    223.81       0     783     783     772
27612  02  12   600  99999.00  99999.00  99999.00  99999.00  99999.00  99999.00  99999.00  99999.00       0       0      13      13
27612  02  12   500  99999.00  99999.00   4516.56   6180.72   -601.76    -14.60   -782.62     15.02       0     781     781     774
27612  02  12   400  99999.00  99999.00   5931.76   7860.04   -672.09   -162.69   -825.58   -149.38       0     779     778     766
27612  02  12   300  99999.00  99999.00   7729.52   9850.16   -740.64   -344.16   -881.43   -335.79       0     772     774     749
27612  02  12   250  99999.00  99999.00   8878.34  11013.74   -868.01   -305.69   -964.13   -342.29       0     763     761     735
27612  02  12   200  99999.00  99999.00  10395.82  12289.42   -989.32   -191.68  -1052.30   -271.70       0     760     761     732
27612  02  12   150  99999.00  99999.00  12235.24  14068.96   -932.91   -223.59  -1011.34   -307.42       0     748     749     723
27612  02  12   100  99999.00  99999.00  14618.45  16784.09   -965.34   -222.42  -1050.24   -316.92       0     719     720     693
27612  02  12    80  99999.00  99999.00  99999.00  99999.00  99999.00  99999.00  99999.00  99999.00       0       0       8       8
27612  02  12    70  99999.00  99999.00  16588.04  19265.36  -1015.17   -200.37  -1102.12   -301.84       0     679     680     649
27612  02  12    60  99999.00  99999.00  99999.00  99999.00  99999.00  99999.00  99999.00  99999.00       0       0      27      26
27612  02  12    50  99999.00  99999.00  18349.56  21670.92  -1071.88   -166.84  -1141.96   -285.52       0     633     634     594
27612  02  12    40  99999.00  99999.00  99999.00  99999.00  99999.00  99999.00  99999.00  99999.00       0       0      36      35
27612  02  12    30  99999.00  99999.00  20997.56  25345.40  -1119.39   -118.23  -1169.75   -265.67       0     527     535     497
27612  02  12    20  99999.00  99999.00  23014.70  28368.98  -1138.90    -59.02  -1179.04   -232.12       0     429     444     412
27612  02  12    15  99999.00  99999.00  99999.00  99999.00  -7391.71   6020.09  -1209.97   -130.57       0       0      72      64
27612  02  12    10  99999.00  99999.00  26760.88  33238.84  -1171.15    106.25  -1218.95   -103.07       0     144     172     147
27612  02  12     7  99999.00  99999.00  99999.00  99999.00  99999.00  99999.00  99999.00  99999.00       0       0      44      37
27612  02  12     5  99999.00  99999.00  99999.00  99999.00  99999.00  99999.00  99999.00  99999.00       0       0      21      10
27612  02  12     3  99999.00  99999.00  99999.00  99999.00  99999.00  99999.00  99999.00  99999.00       0       0       6       3
27612  02  12     2  99999.00  99999.00  99999.00  99999.00  99999.00  99999.00  99999.00  99999.00       0       0       1       1
27612  02  12     1  99999.00  99999.00  99999.00  99999.00  99999.00  99999.00  99999.00  99999.00       0       0       0       0
27612  03  12  9999    915.41   1068.41  99999.00  99999.00   -272.49    289.71   -173.83    296.93     782       0     782     782
27612  03  12  1000  99999.00  99999.00    -55.60    552.44   -282.13    281.63   -395.07    236.25       0     232     232     228
27612  03  12   925  99999.00  99999.00    138.04   1322.80   -327.98    246.82   -460.55    269.29       0     526     533     525
27612  03  12   900  99999.00  99999.00  99999.00  99999.00  99999.00  99999.00  99999.00  99999.00       0       0       8       8
27612  03  12   850  99999.00  99999.00    792.09   2023.77   -390.20    245.08   -554.16    292.08       0     832     832     821
27612  03  12   800  99999.00  99999.00  99999.00  99999.00  99999.00  99999.00  99999.00  99999.00       0       0      15      15
27612  03  12   700  99999.00  99999.00   2209.71   3591.03   -465.68    181.48   -701.06    249.22       0     829     827     816
27612  03  12   600  99999.00  99999.00  99999.00  99999.00  99999.00  99999.00  99999.00  99999.00       0       0      11      11
27612  03  12   500  99999.00  99999.00   4474.91   6279.47   -602.20     10.88   -785.37     30.99       0     826     826     817
27612  03  12   400  99999.00  99999.00   5883.72   7981.56   -667.94   -141.14   -826.12   -133.48       0     817     818     807
27612  03  12   300  99999.00  99999.00   7668.31  10009.87   -730.80   -321.00   -844.19   -346.43       0     812     811     789
27612  03  12   250  99999.00  99999.00   8860.20  11144.28   -859.67   -272.51   -926.97   -345.45       0     807     809     788
27612  03  12   200  99999.00  99999.00  10361.66  12464.66   -929.24   -194.24   -971.11   -304.75       0     800     799     775
27612  03  12   150  99999.00  99999.00  12214.10  14280.26   -841.41   -260.49   -911.33   -366.05       0     788     787     758
27612  03  12   100  99999.00  99999.00  14683.12  16973.44   -848.96   -288.08   -964.11   -367.71       0     767     772     741
27612  03  12    80  99999.00  99999.00  99999.00  99999.00  99999.00  99999.00  99999.00  99999.00       0       0      19      19
27612  03  12    70  99999.00  99999.00  16794.55  19361.83   -882.25   -285.01   -987.65   -385.49       0     701     702     674
27612  03  12    60  99999.00  99999.00  99999.00  99999.00  99999.00  99999.00  99999.00  99999.00       0       0      21      20
27612  03  12    50  99999.00  99999.00  18741.31  21644.11  -3742.74   2503.98  -1023.63   -372.63       0     652     659     632
27612  03  12    40  99999.00  99999.00  99999.00  99999.00  99999.00  99999.00  99999.00  99999.00       0       0      25      25
27612  03  12    30  99999.00  99999.00  21675.03  25125.75   -931.80   -254.64  -1048.54   -360.70       0     561     565     538
27612  03  12    20  99999.00  99999.00  23993.37  27897.81   -946.46   -207.98  -1073.94   -316.38       0     460     471     453
27612  03  12    15  99999.00  99999.00  99999.00  99999.00 -11967.73  10136.27  -1077.29   -281.21       0       0      77      69
27612  03  12    10  99999.00  99999.00  27875.31  32840.79  -4445.02   3340.58  -1151.84   -155.48       0     180     218     202
27612  03  12     7  99999.00  99999.00  99999.00  99999.00 -12917.23  11129.93  99999.00  99999.00       0       0      66      53
27612  03  12     5  99999.00  99999.00  99999.00  99999.00  99999.00  99999.00  99999.00  99999.00       0       0      24      17
27612  03  12     3  99999.00  99999.00  99999.00  99999.00  99999.00  99999.00  99999.00  99999.00       0       0       5       1
27612  03  12     2  99999.00  99999.00  99999.00  99999.00  99999.00  99999.00  99999.00  99999.00       0       0       1       0
27612  03  12     1  99999.00  99999.00  99999.00  99999.00  99999.00  99999.00  99999.00  99999.00       0       0       0       0
27612  04  12  9999    938.00   1044.56  99999.00  99999.00   -271.66    458.30   -247.01    433.39     766       0     765     765
27612  04  12  1000  99999.00  99999.00     61.22    373.46   -204.59    426.25   -373.20    340.20       0     157     155     153
27612  04  12   925  99999.00  99999.00    299.59   1220.23   -305.77    381.95   -405.41    301.27       0     527     528     516
27612  04  12   900  99999.00  99999.00  99999.00  99999.00  99999.00  99999.00  99999.00  99999.00       0       0      10      10
27612  04  12   850  99999.00  99999.00    946.55   1930.19   -333.77    304.99   -450.50    298.18       0     821     820     809
27612  04  12   800  99999.00  99999.00  99999.00  99999.00  99999.00  99999.00  99999.00  99999.00       0       0      13      13
27612  04  12   700  99999.00  99999.00   2379.87   3539.43   -382.16    188.32   -667.99    312.17       0     819     820     811
27612  04  12   600  99999.00  99999.00  99999.00  99999.00  99999.00  99999.00  99999.00  99999.00       0       0       6       6
27612  04  12   500  99999.00  99999.00   4698.49   6261.37   -522.22     15.98   -770.66     88.42       0     810     811     803
27612  04  12   400  99999.00  99999.00   6153.02   7970.54   -605.17   -130.21   -795.61    -96.73       0     809     810     806
27612  04  12   300  99999.00  99999.00   7980.73  10006.21   -676.22   -328.70   -814.24   -330.64       0     802     799     781
27612  04  12   250  99999.00  99999.00   9173.31  11158.11   -816.06   -289.02   -875.98   -369.58       0     797     794     776
27612  04  12   200  99999.00  99999.00  10696.03  12476.35   -869.28   -223.68   -921.07   -328.27       0     785     783     760
27612  04  12   150  99999.00  99999.00  12604.23  14265.63   -749.95   -312.67   -870.78   -377.22       0     768     763     736
27612  04  12   100  99999.00  99999.00  15159.09  16917.93   -754.70   -340.94   -905.71   -400.03       0     743     745     718
27612  04  12    80  99999.00  99999.00  99999.00  99999.00  99999.00  99999.00  99999.00  99999.00       0       0       8       7
27612  04  12    70  99999.00  99999.00  17332.84  19280.68   -773.70   -342.90   -939.13   -400.45       0     700     701     669
27612  04  12    60  99999.00  99999.00  99999.00  99999.00  99999.00  99999.00  99999.00  99999.00       0       0      19      19
27612  04  12    50  99999.00  99999.00  19346.38  21538.66   -788.30   -337.58   -959.94   -397.98       0     663     665     632
27612  04  12    40  99999.00  99999.00  99999.00  99999.00  99999.00  99999.00  99999.00  99999.00       0       0      34      33
27612  04  12    30  99999.00  99999.00  22374.49  24997.93   -800.23   -316.27   -991.86   -373.02       0     559     562     531
27612  04  12    20  99999.00  99999.00  24825.15  27715.23   -817.10   -264.62  -1021.21   -322.69       0     465     478     458
27612  04  12    15  99999.00  99999.00  99999.00  99999.00  -7838.64   6512.64  99999.00  99999.00       0       0      63      59
27612  04  12    10  99999.00  99999.00  28805.18  32707.82   -864.65    -68.09  -1087.98   -170.58       0     206     235     216
27612  04  12     7  99999.00  99999.00  99999.00  99999.00  99999.00  99999.00  99999.00  99999.00       0       0      47      40
27612  04  12     5  99999.00  99999.00  99999.00  99999.00  99999.00  99999.00  99999.00  99999.00       0       0      40      27
27612  04  12     3  99999.00  99999.00  99999.00  99999.00  99999.00  99999.00  99999.00  99999.00       0       0       9       7
27612  04  12     2  99999.00  99999.00  99999.00  99999.00  99999.00  99999.00  99999.00  99999.00       0       0       1       1
27612  04  12     1  99999.00  99999.00  99999.00  99999.00  99999.00  99999.00  99999.00  99999.00       0       0       1       0
27612  05  12  9999    950.20   1034.32  99999.00  99999.00   -189.53    528.19   -225.49    446.75     788       0     788     788
27612  05  12  1000  99999.00  99999.00     63.65    365.21   -158.85    522.39   -319.78    403.46       0     130     129     125
27612  05  12   925  99999.00  99999.00    382.70   1175.42   -235.57    452.15   -350.89    359.87       0     551     554     547
27612  05  12   900  99999.00  99999.00  99999.00  99999.00  99999.00  99999.00  99999.00  99999.00       0       0       8       7
27612  05  12   850  99999.00  99999.00   1070.12   1885.28   -271.69    368.39   -360.51    323.49       0     841     840     835
27612  05  12   800  99999.00  99999.00  99999.00  99999.00  99999.00  99999.00  99999.00  99999.00       0       0      12      12
27612  05  12   700  99999.00  99999.00   2532.12   3527.04   -322.39    227.21   -585.85    339.95       0     833     833     816
27612  05  12   600  99999.00  99999.00  99999.00  99999.00  99999.00  99999.00  99999.00  99999.00       0       0      12      12
27612  05  12   500  99999.00  99999.00   4918.90   6276.34   -452.20     39.80   -732.56    126.88       0     828     828     818
27612  05  12   400  99999.00  99999.00   6406.50   8011.02   -559.64    -89.00   -762.19    -54.31       0     823     823     813
27612  05  12   300  99999.00  99999.00   8247.56  10097.96   -652.22   -289.34   -792.34   -291.82       0     823     822     800
27612  05  12   250  99999.00  99999.00   9420.10  11299.66   -763.55   -306.59   -848.89   -360.25       0     815     812     787
27612  05  12   200  99999.00  99999.00  10949.88  12623.04   -879.38   -206.06   -934.25   -304.73       0     804     804     775
27612  05  12   150  99999.00  99999.00  12929.34  14355.30   -719.23   -318.79   -852.06   -374.22       0     796     794     764
27612  05  12   100  99999.00  99999.00  15589.77  16936.65   -690.61   -369.25   -887.13   -391.29       0     775     773     741
27612  05  12    80  99999.00  99999.00  99999.00  99999.00  99999.00  99999.00  99999.00  99999.00       0       0      11       9
27612  05  12    70  99999.00  99999.00  17885.89  19225.21   -673.65   -397.65   -923.24   -384.44       0     720     721     686
27612  05  12    60  99999.00  99999.00  99999.00  99999.00  99999.00  99999.00  99999.00  99999.00       0       0      21      20
27612  05  12    50  99999.00  99999.00  20029.18  21408.70   -664.95   -399.27   -944.83   -371.23       0     669     671     636
27612  05  12    40  99999.00  99999.00  99999.00  99999.00  99999.00  99999.00  99999.00  99999.00       0       0      22      19
27612  05  12    30  99999.00  99999.00  23269.69  24771.73   -653.77   -375.97   -976.57   -331.69       0     588     595     556
27612  05  12    20  99999.00  99999.00  25811.12  27522.68   -660.54   -310.26   -997.81   -278.65       0     504     514     470
27612  05  12    15  99999.00  99999.00  99999.00  99999.00 -10559.14   9057.74  99999.00  99999.00       0       0      67      57
27612  05  12    10  99999.00  99999.00  30223.02  32413.38  -5894.50   4926.14   -974.61   -187.53       0     189     226     199
27612  05  12     7  99999.00  99999.00  99999.00  99999.00  99999.00  99999.00  99999.00  99999.00       0       0      56      44
27612  05  12     5  99999.00  99999.00  99999.00  99999.00  99999.00  99999.00  99999.00  99999.00       0       0      20      10
27612  05  12     3  99999.00  99999.00  99999.00  99999.00  99999.00  99999.00  99999.00  99999.00       0       0       2       2
27612  05  12     2  99999.00  99999.00  99999.00  99999.00  99999.00  99999.00  99999.00  99999.00       0       0       0       0
27612  05  12     1  99999.00  99999.00  99999.00  99999.00  99999.00  99999.00  99999.00  99999.00       0       0       0       0
27612  06  12  9999    953.53   1024.81  99999.00  99999.00    -99.06    501.66   -201.31    383.93     812       0     812     810
27612  06  12  1000  99999.00  99999.00  99999.00  99999.00  99999.00  99999.00  99999.00  99999.00       0      44      41      41
27612  06  12   925  99999.00  99999.00    415.70   1107.86   -132.53    408.31   -217.90    324.86       0     557     558     551
27612  06  12   900  99999.00  99999.00  99999.00  99999.00  99999.00  99999.00  99999.00  99999.00       0       0      11      11
27612  06  12   850  99999.00  99999.00   1097.35   1836.67   -180.28    343.64   -245.13    300.27       0     849     848     834
27612  06  12   800  99999.00  99999.00  99999.00  99999.00  99999.00  99999.00  99999.00  99999.00       0       0      16      16
27612  06  12   700  99999.00  99999.00   2587.26   3492.06   -235.98    210.90   -497.11    331.85       0     847     847     836
27612  06  12   600  99999.00  99999.00  99999.00  99999.00  99999.00  99999.00  99999.00  99999.00       0       0      12      12
27612  06  12   500  99999.00  99999.00   5039.44   6250.00   -389.30     53.74   -674.05    141.35       0     845     846     839
27612  06  12   400  99999.00  99999.00   6561.87   8001.27   -510.98    -59.30   -723.31    -23.95       0     843     841     832
27612  06  12   300  99999.00  99999.00   8425.78  10130.38   -608.50   -259.90   -765.87   -252.03       0     834     837     820
27612  06  12   250  99999.00  99999.00   9616.70  11352.26   -732.17   -273.17   -809.69   -341.21       0     831     831     804
27612  06  12   200  99999.00  99999.00  11169.87  12690.03   -873.79   -161.59   -911.47   -289.15       0     827     830     794
27612  06  12   150  99999.00  99999.00  13156.80  14454.12   -691.99   -301.75   -860.18   -340.70       0     817     820     778
27612  06  12   100  99999.00  99999.00  15862.76  17036.96   -658.04   -369.92   -916.60   -349.60       0     793     797     760
27612  06  12    80  99999.00  99999.00  99999.00  99999.00  99999.00  99999.00  99999.00  99999.00       0       0      15      14
27612  06  12    70  99999.00  99999.00  18196.79  19319.99   -639.32   -400.88   -940.53   -356.25       0     734     739     705
27612  06  12    60  99999.00  99999.00  99999.00  99999.00  99999.00  99999.00  99999.00  99999.00       0       0      14      13
27612  06  12    50  99999.00  99999.00  20379.35  21499.07   -618.89   -402.53   -957.63   -338.91       0     696     703     668
27612  06  12    40  99999.00  99999.00  99999.00  99999.00  99999.00  99999.00  99999.00  99999.00       0       0      18      16
27612  06  12    30  99999.00  99999.00  23678.82  24868.50   -588.43   -387.31   -967.32   -306.96       0     603     614     577
27612  06  12    20  99999.00  99999.00  26314.09  27601.33   -572.37   -329.13   -959.44   -266.56       0     507     522     478
27612  06  12    15  99999.00  99999.00  99999.00  99999.00  99999.00  99999.00  99999.00  99999.00       0       0      52      41
27612  06  12    10  99999.00  99999.00  30911.91  32479.11   -528.52   -197.32   -968.23   -145.99       0     176     218     192
27612  06  12     7  99999.00  99999.00  99999.00  99999.00  99999.00  99999.00  99999.00  99999.00       0       0      52      41
27612  06  12     5  99999.00  99999.00  99999.00  99999.00  99999.00  99999.00  99999.00  99999.00       0       0       9       7
27612  06  12     3  99999.00  99999.00  99999.00  99999.00  99999.00  99999.00  99999.00  99999.00       0       0       1       1
27612  06  12     2  99999.00  99999.00  99999.00  99999.00  99999.00  99999.00  99999.00  99999.00       0       0       0       0
27612  06  12     1  99999.00  99999.00  99999.00  99999.00  99999.00  99999.00  99999.00  99999.00       0       0       0       0
27612  07  12  9999    954.45   1025.01  99999.00  99999.00    -49.82    504.58   -194.91    381.57     794       0     794     793
27612  07  12  1000  99999.00  99999.00  99999.00  99999.00  99999.00  99999.00  99999.00  99999.00       0      37      37      36
27612  07  12   925  99999.00  99999.00    429.81   1122.57    -85.04    422.80   -151.34    323.14       0     548     552     544
27612  07  12   900  99999.00  99999.00  99999.00  99999.00  99999.00  99999.00  99999.00  99999.00       0       0       6       6
27612  07  12   850  99999.00  99999.00   1121.60   1843.64   -121.74    332.58   -167.56    277.28       0     852     853     850
27612  07  12   800  99999.00  99999.00  99999.00  99999.00  99999.00  99999.00  99999.00  99999.00       0       0      15      14
27612  07  12   700  99999.00  99999.00   2640.89   3497.57   -182.34    203.46   -441.32    324.28       0     848     848     842
27612  07  12   600  99999.00  99999.00  99999.00  99999.00  99999.00  99999.00  99999.00  99999.00       0       0      12      12
27612  07  12   500  99999.00  99999.00   5142.46   6253.78   -330.24     44.28   -637.93    152.15       0     844     845     838
27612  07  12   400  99999.00  99999.00   6702.51   7999.47   -457.82    -61.10   -706.08      0.72       0     841     841     834
27612  07  12   300  99999.00  99999.00   8585.70  10145.22   -593.57   -236.33   -751.68   -227.04       0     833     834     821
27612  07  12   250  99999.00  99999.00   9773.48  11390.96   -681.00   -298.32   -801.36   -319.80       0     823     821     799
27612  07  12   200  99999.00  99999.00  11306.30  12764.78   -822.16   -188.32   -876.44   -295.64       0     817     817     794
27612  07  12   150  99999.00  99999.00  13300.94  14539.10   -665.87   -317.87   -823.50   -364.74       0     808     808     784
27612  07  12   100  99999.00  99999.00  16035.53  17097.41   -650.68   -373.84   -874.84   -384.76       0     783     784     751
27612  07  12    80  99999.00  99999.00  99999.00  99999.00  99999.00  99999.00  99999.00  99999.00       0       0      17      16
27612  07  12    70  99999.00  99999.00  18407.72  19354.40   -626.35   -401.23   -902.69   -377.45       0     710     712     680
27612  07  12    60  99999.00  99999.00  99999.00  99999.00  99999.00  99999.00  99999.00  99999.00       0       0      23      22
27612  07  12    50  99999.00  99999.00  20605.73  21538.61   -595.53   -410.61   -914.00   -360.92       0     668     672     642
27612  07  12    40  99999.00  99999.00  99999.00  99999.00  99999.00  99999.00  99999.00  99999.00       0       0      18      18
27612  07  12    30  99999.00  99999.00  23961.99  24877.47   -565.30   -389.86   -919.40   -328.16       0     585     592     559
27612  07  12    20  99999.00  99999.00  26598.56  27626.72   -547.29   -330.93   -948.62   -249.50       0     488     501     463
27612  07  12    15  99999.00  99999.00  99999.00  99999.00 -10063.51   8721.05  -1036.81   -141.25       0       0      74      62
27612  07  12    10  99999.00  99999.00  31240.27  32454.07   -511.29   -213.57   -921.75   -187.95       0     152     178     145
27612  07  12     7  99999.00  99999.00  99999.00  99999.00  99999.00  99999.00  99999.00  99999.00       0       0      40      29
27612  07  12     5  99999.00  99999.00  99999.00  99999.00  99999.00  99999.00  99999.00  99999.00       0       0      24      18
27612  07  12     3  99999.00  99999.00  99999.00  99999.00  99999.00  99999.00  99999.00  99999.00       0       0       4       3
27612  07  12     2  99999.00  99999.00  99999.00  99999.00  99999.00  99999.00  99999.00  99999.00       0       0       1       1
27612  07  12     1  99999.00  99999.00  99999.00  99999.00  99999.00  99999.00  99999.00  99999.00       0       0       0       0
27612  08  12  9999    953.22   1027.38  99999.00  99999.00   -100.22    507.58   -206.12    368.08     810       0     810     810
27612  08  12  1000  99999.00  99999.00  99999.00  99999.00  99999.00  99999.00  99999.00  99999.00       0      53      51      50
27612  08  12   925  99999.00  99999.00    438.87   1117.23   -141.83    438.01   -158.98    312.02       0     548     553     538
27612  08  12   900  99999.00  99999.00  99999.00  99999.00  99999.00  99999.00  99999.00  99999.00       0       0       9       9
27612  08  12   850  99999.00  99999.00   1103.81   1854.65   -168.46    345.62   -196.96    278.96       0     870     869     858
27612  08  12   800  99999.00  99999.00  99999.00  99999.00  99999.00  99999.00  99999.00  99999.00       0       0       9       9
27612  08  12   700  99999.00  99999.00   2604.69   3511.29   -216.32    217.12   -473.17    323.03       0     867     866     851
27612  08  12   600  99999.00  99999.00  99999.00  99999.00  99999.00  99999.00  99999.00  99999.00       0       0      13      13
27612  08  12   500  99999.00  99999.00   5069.04   6283.56   -365.27     58.21   -648.46    144.50       0     860     860     847
27612  08  12   400  99999.00  99999.00   6608.99   8036.03   -492.22    -47.50   -707.63     -8.75       0     850     852     841
27612  08  12   300  99999.00  99999.00   8474.96  10183.04   -616.28   -230.48   -751.79   -239.39       0     846     846     828
27612  08  12   250  99999.00  99999.00   9634.12  11441.68   -675.96   -325.08   -775.98   -361.86       0     840     839     806
27612  08  12   200  99999.00  99999.00  11153.24  12814.28   -836.77   -201.85   -884.16   -308.40       0     835     834     799
27612  08  12   150  99999.00  99999.00  13147.41  14565.45   -700.96   -310.00   -830.30   -375.50       0     830     833     794
27612  08  12   100  99999.00  99999.00  15885.16  17097.04   -665.87   -365.51   -893.91   -366.03       0     794     796     754
27612  08  12    80  99999.00  99999.00  99999.00  99999.00  99999.00  99999.00  99999.00  99999.00       0       0      11      10
27612  08  12    70  99999.00  99999.00  18244.12  19359.88   -634.72   -399.04   -909.33   -370.89       0     729     733     684
27612  08  12    60  99999.00  99999.00  99999.00  99999.00  99999.00  99999.00  99999.00  99999.00       0       0      15      11
27612  08  12    50  99999.00  99999.00  20429.50  21537.82   -615.12   -408.72   -939.65   -349.37       0     667     667     623
27612  08  12    40  99999.00  99999.00  99999.00  99999.00  99999.00  99999.00  99999.00  99999.00       0       0      18      18
27612  08  12    30  99999.00  99999.00  23720.99  24909.59   -610.85   -374.93   -932.33   -337.37       0     573     575     531
27612  08  12    20  99999.00  99999.00  26327.72  27647.36  -2750.84   1798.24   -918.88   -308.32       0     484     496     448
27612  08  12    15  99999.00  99999.00  99999.00  99999.00  99999.00  99999.00  99999.00  99999.00       0       0      49      44
27612  08  12    10  99999.00  99999.00  30811.63  32518.27   -563.57   -217.01   -967.82   -180.50       0     180     218     188
27612  08  12     7  99999.00  99999.00  99999.00  99999.00  99999.00  99999.00  99999.00  99999.00       0       0      58      46
27612  08  12     5  99999.00  99999.00  99999.00  99999.00  99999.00  99999.00  99999.00  99999.00       0       0      21      14
27612  08  12     3  99999.00  99999.00  99999.00  99999.00  99999.00  99999.00  99999.00  99999.00       0       0       3       3
27612  08  12     2  99999.00  99999.00  99999.00  99999.00  99999.00  99999.00  99999.00  99999.00       0       0       0       0
27612  08  12     1  99999.00  99999.00  99999.00  99999.00  99999.00  99999.00  99999.00  99999.00       0       0       0       0
27612  09  12  9999    944.91   1038.51  99999.00  99999.00   -155.24    441.52   -169.19    295.09     736       0     735     735
27612  09  12  1000  99999.00  99999.00  -5260.26   5539.02    -93.71    399.01   -233.30    360.58       0     129     128     126
27612  09  12   925  99999.00  99999.00    356.09   1199.21   -197.47    374.45   -243.68    314.08       0     511     513     502
27612  09  12   900  99999.00  99999.00  99999.00  99999.00  99999.00  99999.00  99999.00  99999.00       0       0       9       9
27612  09  12   850  99999.00  99999.00   1042.58   1885.46   -236.16    316.44   -310.03    300.89       0     794     796     787
27612  09  12   800  99999.00  99999.00  99999.00  99999.00  99999.00  99999.00  99999.00  99999.00       0       0      16      15
27612  09  12   700  99999.00  99999.00   2520.18   3518.82   -295.15    224.69   -568.59    334.41       0     794     796     788
27612  09  12   600  99999.00  99999.00  99999.00  99999.00  99999.00  99999.00  99999.00  99999.00       0       0      11      11
27612  09  12   500  99999.00  99999.00   4913.68   6291.64   -448.05     71.79   -702.29    142.27       0     786     786     775
27612  09  12   400  99999.00  99999.00   6411.96   8043.00   -560.93    -43.97   -761.01     -3.45       0     782     781     772
27612  09  12   300  99999.00  99999.00   8237.26  10184.86   -655.73   -241.97   -793.70   -237.38       0     780     781     749
27612  09  12   250  99999.00  99999.00   9395.91  11424.51   -713.69   -317.93   -805.51   -357.43       0     771     769     734
27612  09  12   200  99999.00  99999.00  10917.69  12774.69   -859.27   -213.67   -898.01   -320.33       0     767     765     730
27612  09  12   150  99999.00  99999.00  12916.44  14481.36   -762.63   -293.91   -864.02   -367.34       0     753     750     716
27612  09  12   100  99999.00  99999.00  15628.24  16985.92   -709.58   -363.98   -890.44   -386.20       0     732     731     696
27612  09  12    80  99999.00  99999.00  99999.00  99999.00  99999.00  99999.00  99999.00  99999.00       0       0       8       8
27612  09  12    70  99999.00  99999.00  17929.87  19256.47   -684.49   -394.57   -901.73   -397.13       0     671     671     633
27612  09  12    60  99999.00  99999.00  99999.00  99999.00  99999.00  99999.00  99999.00  99999.00       0       0      15      13
27612  09  12    50  99999.00  99999.00  20056.80  21439.68   -681.57   -401.49   -925.38   -391.62       0     615     618     578
27612  09  12    40  99999.00  99999.00  99999.00  99999.00  99999.00  99999.00  99999.00  99999.00       0       0      24      22
27612  09  12    30  99999.00  99999.00  23233.38  24817.98   -679.30   -387.22   -948.08   -374.72       0     525     532     489
27612  09  12    20  99999.00  99999.00  25777.53  27528.93   -682.63   -339.19   -953.86   -343.42       0     443     455     420
27612  09  12    15  99999.00  99999.00  99999.00  99999.00  99999.00  99999.00  99999.00  99999.00       0       0      48      45
27612  09  12    10  99999.00  99999.00  29961.03  32487.27   -656.40   -240.48  -1001.00   -225.80       0     142     173     151
27612  09  12     7  99999.00  99999.00  99999.00  99999.00  99999.00  99999.00  99999.00  99999.00       0       0      34      29
27612  09  12     5  99999.00  99999.00  99999.00  99999.00  99999.00  99999.00  99999.00  99999.00       0       0      20      14
27612  09  12     3  99999.00  99999.00  99999.00  99999.00  99999.00  99999.00  99999.00  99999.00       0       0       3       3
27612  09  12     2  99999.00  99999.00  99999.00  99999.00  99999.00  99999.00  99999.00  99999.00       0       0       1       0
27612  09  12     1  99999.00  99999.00  99999.00  99999.00  99999.00  99999.00  99999.00  99999.00       0       0       0       0
27612  10  12  9999    928.85   1058.57  99999.00  99999.00   -215.65    366.23   -150.70    247.34     763       0     763     763
27612  10  12  1000  99999.00  99999.00     -3.28    486.20   -232.92    381.24   -284.37    306.15       0     239     239     235
27612  10  12   925  99999.00  99999.00    241.36   1297.48   -278.66    331.78   -336.98    313.78       0     523     528     507
27612  10  12   900  99999.00  99999.00  99999.00  99999.00  99999.00  99999.00  99999.00  99999.00       0       0      16      16
27612  10  12   850  99999.00  99999.00    913.83   1991.31   -327.13    322.43   -461.05    349.07       0     813     812     795
27612  10  12   800  99999.00  99999.00  99999.00  99999.00  99999.00  99999.00  99999.00  99999.00       0       0      10      10
27612  10  12   700  99999.00  99999.00   2352.55   3620.23   -396.34    258.26   -669.45    353.43       0     809     809     797
27612  10  12   600  99999.00  99999.00  99999.00  99999.00  99999.00  99999.00  99999.00  99999.00       0       0      12      11
27612  10  12   500  99999.00  99999.00   4668.13   6405.73   -539.42     98.62   -765.38    149.26       0     804     803     793
27612  10  12   400  99999.00  99999.00   6109.59   8173.95   -620.05    -44.53   -810.18    -11.94       0     796     797     782
27612  10  12   300  99999.00  99999.00   7909.34  10295.06   -662.45   -276.89   -820.94   -259.22       0     786     786     754
27612  10  12   250  99999.00  99999.00   9080.52  11500.32   -753.92   -310.76   -848.80   -354.40       0     781     782     746
27612  10  12   200  99999.00  99999.00  10606.92  12821.76   -892.72   -229.48   -937.39   -334.63       0     770     769     735
27612  10  12   150  99999.00  99999.00  12582.00  14499.96   -807.55   -309.67   -945.34   -345.58       0     756     758     727
27612  10  12   100  99999.00  99999.00  15278.38  16949.86   -754.52   -386.84   -936.84   -395.64       0     729     732     691
27612  10  12    80  99999.00  99999.00  99999.00  99999.00  99999.00  99999.00  99999.00  99999.00       0       0       6       5
27612  10  12    70  99999.00  99999.00  17550.52  19177.96  -2527.71   1342.89   -962.06   -402.74       0     665     668     632
27612  10  12    60  99999.00  99999.00  99999.00  99999.00  99999.00  99999.00  99999.00  99999.00       0       0      15      14
27612  10  12    50  99999.00  99999.00  19627.54  21325.06   -755.47   -424.75   -989.53   -402.73       0     617     618     586
27612  10  12    40  99999.00  99999.00  99999.00  99999.00  99999.00  99999.00  99999.00  99999.00       0       0      22      21
27612  10  12    30  99999.00  99999.00  22683.43  24660.19   -787.07   -398.03  -1017.01   -395.05       0     535     541     502
27612  10  12    20  99999.00  99999.00  25081.26  27348.78   -808.82   -353.42  -1032.40   -370.24       0     438     448     417
27612  10  12    15  99999.00  99999.00  99999.00  99999.00  -7323.37   5936.99  -1011.81   -368.25       0       0      73      64
27612  10  12    10  99999.00  99999.00  28937.14  32309.26  -4795.46   3627.34  -1010.93   -323.09       0     153     183     165
27612  10  12     7  99999.00  99999.00  99999.00  99999.00  99999.00  99999.00  99999.00  99999.00       0       0      42      35
27612  10  12     5  99999.00  99999.00  99999.00  99999.00  99999.00  99999.00  99999.00  99999.00       0       0      23      16
27612  10  12     3  99999.00  99999.00  99999.00  99999.00  99999.00  99999.00  99999.00  99999.00       0       0       3       2
27612  10  12     2  99999.00  99999.00  99999.00  99999.00  99999.00  99999.00  99999.00  99999.00       0       0       0       0
27612  10  12     1  99999.00  99999.00  99999.00  99999.00  99999.00  99999.00  99999.00  99999.00       0       0       0       0
27612  11  12  9999    918.21   1067.13  99999.00  99999.00   -303.64    298.52   -109.68    171.00     686       0     686     686
27612  11  12  1000  99999.00  99999.00    -49.61    528.55   -370.31    325.93   -446.62    323.54       0     238     238     236
27612  11  12   925  99999.00  99999.00    196.54   1314.58   -344.67    286.41   -450.92    331.48       0     494     498     482
27612  11  12   900  99999.00  99999.00  99999.00  99999.00  99999.00  99999.00  99999.00  99999.00       0       0      15      15
27612  11  12   850  99999.00  99999.00    836.42   1998.26   -381.80    286.96   -546.08    348.76       0     766     767     749
27612  11  12   800  99999.00  99999.00  99999.00  99999.00  99999.00  99999.00  99999.00  99999.00       0       0      10      10
27612  11  12   700  99999.00  99999.00   2266.66   3590.62   -445.34    226.54   -702.10    316.70       0     763     763     752
27612  11  12   600  99999.00  99999.00  99999.00  99999.00  99999.00  99999.00  99999.00  99999.00       0       0       8       8
27612  11  12   500  99999.00  99999.00   4540.10   6336.62   -581.56     57.32   -783.34    102.14       0     757     758     749
27612  11  12   400  99999.00  99999.00   5957.60   8072.36   -658.52    -88.16   -818.60    -71.84       0     753     754     741
27612  11  12   300  99999.00  99999.00   7740.76  10144.96   -701.30   -308.66   -836.05   -307.45       0     751     751     724
27612  11  12   250  99999.00  99999.00   8907.25  11322.61   -794.58   -326.34   -872.78   -381.02       0     743     745     716
27612  11  12   200  99999.00  99999.00  10410.28  12636.40   -911.46   -250.26   -966.81   -337.89       0     730     733     705
27612  11  12   150  99999.00  99999.00  12326.10  14352.90   -815.79   -335.67   -929.36   -384.20       0     713     713     685
27612  11  12   100  99999.00  99999.00  14914.51  16863.19   -792.78   -397.98   -969.01   -400.69       0     687     688     658
27612  11  12    80  99999.00  99999.00  99999.00  99999.00  99999.00  99999.00  99999.00  99999.00       0       0      12      12
27612  11  12    70  99999.00  99999.00  17115.19  19107.19   -811.36   -415.60   -980.03   -434.27       0     613     615     586
27612  11  12    60  99999.00  99999.00  99999.00  99999.00  99999.00  99999.00  99999.00  99999.00       0       0      25      23
27612  11  12    50  99999.00  99999.00  19108.84  21270.04   -851.21   -414.17  -1015.12   -444.04       0     569     575     548
27612  11  12    40  99999.00  99999.00  99999.00  99999.00  99999.00  99999.00  99999.00  99999.00       0       0      29      23
27612  11  12    30  99999.00  99999.00  22036.07  24581.87   -917.64   -390.24  -1062.57   -442.89       0     477     481     454
27612  11  12    20  99999.00  99999.00  24244.44  27298.20  -3486.02   2122.66  -1072.20   -444.72       0     393     404     382
27612  11  12    15  99999.00  99999.00  99999.00  99999.00 -11033.79   9106.29  99999.00  99999.00       0       0      61      57
27612  11  12    10  99999.00  99999.00  27984.53  31984.61   -982.10   -283.94  -1100.97   -376.65       0     129     165     150
27612  11  12     7  99999.00  99999.00  99999.00  99999.00  99999.00  99999.00  99999.00  99999.00       0       0      37      30
27612  11  12     5  99999.00  99999.00  99999.00  99999.00  99999.00  99999.00  99999.00  99999.00       0       0      14      10
27612  11  12     3  99999.00  99999.00  99999.00  99999.00  99999.00  99999.00  99999.00  99999.00       0       0       2       1
27612  11  12     2  99999.00  99999.00  99999.00  99999.00  99999.00  99999.00  99999.00  99999.00       0       0       0       0
27612  11  12     1  99999.00  99999.00  99999.00  99999.00  99999.00  99999.00  99999.00  99999.00       0       0       0       0
27612  12  12  9999    913.78   1070.02  99999.00  99999.00   -407.43    303.57    -81.64    135.56     796       0     796     796
27612  12  12  1000  99999.00  99999.00    -35.25    527.79   -426.03    269.73   -505.51    282.53       0     243     243     240
27612  12  12   925  99999.00  99999.00    177.47   1314.83   -381.15    245.13   -488.44    289.52       0     564     573     562
27612  12  12   900  99999.00  99999.00  99999.00  99999.00  99999.00  99999.00  99999.00  99999.00       0       0      17      17
27612  12  12   850  99999.00  99999.00    796.42   1991.74   -400.20    246.48   -553.98    304.14       0     848     848     837
27612  12  12   800  99999.00  99999.00  99999.00  99999.00  99999.00  99999.00  99999.00  99999.00       0       0      13      13
27612  12  12   700  99999.00  99999.00   2209.85   3565.49   -481.44    202.92   -704.29    270.71       0     848     847     837
27612  12  12   600  99999.00  99999.00  99999.00  99999.00  99999.00  99999.00  99999.00  99999.00       0       0       7       7
27612  12  12   500  99999.00  99999.00   4471.67   6263.03   -618.03     35.85   -814.65     75.39       0     844     845     832
27612  12  12   400  99999.00  99999.00   5875.50   7977.18   -682.24   -118.36   -843.19   -100.75       0     837     839     821
27612  12  12   300  99999.00  99999.00   7642.89  10022.49   -718.60   -335.32   -858.32   -330.68       0     834     834     807
27612  12  12   250  99999.00  99999.00   8807.61  11181.33   -827.80   -325.96   -931.94   -356.90       0     826     828     802
27612  12  12   200  99999.00  99999.00  10292.20  12494.80   -948.93   -237.69  -1035.07   -294.19       0     818     816     790
27612  12  12   150  99999.00  99999.00  12172.80  14220.36   -880.30   -293.62  -1020.93   -314.73       0     800     799     767
27612  12  12   100  99999.00  99999.00  14664.36  16802.76   -885.56   -327.68  -1046.30   -344.66       0     770     770     734
27612  12  12    80  99999.00  99999.00  99999.00  99999.00  99999.00  99999.00  99999.00  99999.00       0       0      17      15
27612  12  12    70  99999.00  99999.00  16739.01  19142.13   -930.93   -327.57  -1068.56   -367.76       0     679     683     649
27612  12  12    60  99999.00  99999.00  99999.00  99999.00  99999.00  99999.00  99999.00  99999.00       0       0      27      23
27612  12  12    50  99999.00  99999.00  18576.24  21424.68   -982.00   -321.52  -1077.14   -399.86       0     627     633     589
27612  12  12    40  99999.00  99999.00  99999.00  99999.00  99999.00  99999.00  99999.00  99999.00       0       0      37      34
27612  12  12    30  99999.00  99999.00  21301.61  24890.81  -1044.18   -308.58  -1112.87   -412.55       0     535     542     493
27612  12  12    20  99999.00  99999.00  23516.18  27572.54  -1091.13   -271.65  -1152.52   -387.52       0     408     415     382
27612  12  12    15  99999.00  99999.00  99999.00  99999.00 -11041.78   9091.10  99999.00  99999.00       0       0      61      52
27612  12  12    10  99999.00  99999.00  27552.07  31991.47  -5251.25   3867.67  -1352.37   -130.17       0     124     156     139
27612  12  12     7  99999.00  99999.00  99999.00  99999.00  99999.00  99999.00  99999.00  99999.00       0       0      31      25
27612  12  12     5  99999.00  99999.00  99999.00  99999.00  99999.00  99999.00  99999.00  99999.00       0       0      16      10
27612  12  12     3  99999.00  99999.00  99999.00  99999.00  99999.00  99999.00  99999.00  99999.00       0       0       2       1
27612  12  12     2  99999.00  99999.00  99999.00  99999.00  99999.00  99999.00  99999.00  99999.00       0       0       0       0
27612  12  12     1  99999.00  99999.00  99999.00  99999.00  99999.00  99999.00  99999.00  99999.00       0       0       0       0
