71823  01  12  9999    911.46   1035.90  99999.00  99999.00   -839.72    359.80    -43.59    116.61     861       0     861     856
71823  01  12  1000  99999.00  99999.00  99999.00  99999.00  99999.00  99999.00  99999.00  99999.00       0       7       7       7
71823  01  12   925  99999.00  99999.00    232.10   1135.10   -686.74    265.94   -747.14    269.38       0     578     584     584
71823  01  12   900  99999.00  99999.00  99999.00  99999.00  99999.00  99999.00  99999.00  99999.00       0       0      22      22
71823  01  12   850  99999.00  99999.00    841.67   1774.07   -680.91    276.21   -777.16    282.68       0     879     879     879
71823  01  12   800  99999.00  99999.00  99999.00  99999.00  99999.00  99999.00  99999.00  99999.00       0       0      25      25
71823  01  12   700  99999.00  99999.00   2161.38   3323.58   -650.71    193.49   -856.27    255.17       0     879     879     877
71823  01  12   600  99999.00  99999.00  99999.00  99999.00  99999.00  99999.00  99999.00  99999.00       0       0      15      15
71823  01  12   500  99999.00  99999.00   4295.14   6008.50   -721.76     12.40   -972.35     98.65       0     879     879     878
71823  01  12   400  99999.00  99999.00   5642.97   7706.01   -745.17   -150.93   -974.39    -89.87       0     878     878     877
71823  01  12   300  99999.00  99999.00   7406.60   9705.68   -781.66   -294.58  -1003.97   -282.65       0     876     876     872
71823  01  12   250  99999.00  99999.00   8594.33  10852.61   -882.25   -211.57  -1114.74   -256.02       0     868     868     844
71823  01  12   200  99999.00  99999.00  10063.58  12250.22   -885.75   -178.83  -1268.20   -161.92       0     857     857     830
71823  01  12   150  99999.00  99999.00  11876.36  14153.72   -866.08   -193.72  -1358.24   -127.76       0     842     842     811
71823  01  12   100  99999.00  99999.00  14278.19  16960.19   -913.17   -192.69  -1374.95   -191.99       0     826     827     734
71823  01  12    80  99999.00  99999.00  99999.00  99999.00  99999.00  99999.00  99999.00  99999.00       0       0      56      53
71823  01  12    70  99999.00  99999.00  16325.45  19453.97   -954.75   -192.51  -1191.80   -511.40       0     805     806     542
71823  01  12    60  99999.00  99999.00  99999.00  99999.00  99999.00  99999.00  99999.00  99999.00       0       0      37      29
71823  01  12    50  99999.00  99999.00  18203.82  21830.94   -992.12   -187.04  -1176.09   -566.37       0     776     778     514
71823  01  12    40  99999.00  99999.00  99999.00  99999.00  99999.00  99999.00  99999.00  99999.00       0       0      51      40
71823  01  12    30  99999.00  99999.00  21112.94  25365.50  -1028.23   -179.83  -1225.70   -546.62       0     719     727     486
71823  01  12    20  99999.00  99999.00  23401.36  28177.24  -1057.24   -153.16  -1266.45   -507.21       0     673     676     463
71823  01  12    15  99999.00  99999.00  99999.00  99999.00  -5377.45   4052.63  -1335.55   -409.39       0       0     145     114
71823  01  12    10  99999.00  99999.00  27433.61  32891.09  -1121.89    -31.81  -1290.01   -429.97       0     580     597     425
71823  01  12     7  99999.00  99999.00  29629.74  35317.02  -1193.06    101.86  -1318.13   -358.01       0     444     487     368
71823  01  12     5  99999.00  99999.00  31848.78  37279.02  -3930.21   2809.35  -1305.98   -340.10       0     146     296     229
71823  01  12     3  99999.00  99999.00  99999.00  99999.00  99999.00  99999.00  99999.00  99999.00       0       0      20      16
71823  01  12     2  99999.00  99999.00  99999.00  99999.00  99999.00  99999.00  99999.00  99999.00       0       0       0       0
71823  01  12     1  99999.00  99999.00  99999.00  99999.00  99999.00  99999.00  99999.00  99999.00       0       1       1       1
71823  02  12  9999    916.05   1034.49  99999.00  99999.00   -832.18    339.98    -40.09    115.43     793       0     790     783
71823  02  12  1000  99999.00  99999.00  99999.00  99999.00  99999.00  99999.00  99999.00  99999.00       0       0       0       0
71823  02  12   925  99999.00  99999.00    252.21   1146.21   -691.94    296.02   -738.36    276.60       0     534     538     538
71823  02  12   900  99999.00  99999.00  99999.00  99999.00  99999.00  99999.00  99999.00  99999.00       0       0      19      19
71823  02  12   850  99999.00  99999.00    841.34   1800.50   -681.99    280.77   -773.02    273.02       0     812     812     811
71823  02  12   800  99999.00  99999.00  99999.00  99999.00  99999.00  99999.00  99999.00  99999.00       0       0      13      13
71823  02  12   700  99999.00  99999.00   2127.02   3383.06   -654.75    192.69   -884.57    263.71       0     812     812     810
71823  02  12   600  99999.00  99999.00  99999.00  99999.00  99999.00  99999.00  99999.00  99999.00       0       0      15      15
71823  02  12   500  99999.00  99999.00   4242.50   6078.86   -715.46     -1.34   -947.66     64.06       0     811     811     811
71823  02  12   400  99999.00  99999.00   5594.75   7766.51   -744.70   -161.50   -958.62   -118.26       0     810     810     810
71823  02  12   300  99999.00  99999.00   7364.27   9754.91   -788.35   -288.91   -996.97   -294.37       0     807     807     800
71823  02  12   250  99999.00  99999.00   8556.37  10898.41   -903.01   -186.61  -1124.48   -250.52       0     804     805     786
71823  02  12   200  99999.00  99999.00  10025.04  12298.08   -906.54   -150.30  -1283.99   -155.75       0     799     801     777
71823  02  12   150  99999.00  99999.00  11825.83  14218.87   -895.64   -156.44  -1363.18   -129.94       0     787     787     757
71823  02  12   100  99999.00  99999.00  14216.53  17041.33   -935.81   -154.25  -1389.16   -173.68       0     763     763     679
71823  02  12    80  99999.00  99999.00  99999.00  99999.00  99999.00  99999.00  99999.00  99999.00       0       0      31      30
71823  02  12    70  99999.00  99999.00  16240.24  19574.92   -968.86   -155.74  -1186.39   -509.23       0     752     752     502
71823  02  12    60  99999.00  99999.00  99999.00  99999.00  99999.00  99999.00  99999.00  99999.00       0       0      46      32
71823  02  12    50  99999.00  99999.00  18136.78  21949.90   -983.35   -169.87  -1141.23   -590.79       0     737     737     487
71823  02  12    40  99999.00  99999.00  99999.00  99999.00  99999.00  99999.00  99999.00  99999.00       0       0      50      33
71823  02  12    30  99999.00  99999.00  20933.97  25590.69   -999.62   -176.42  -1183.97   -571.25       0     718     719     474
71823  02  12    20  99999.00  99999.00  23186.34  28440.06  -1004.49   -166.65  -1197.29   -561.89       0     700     702     468
71823  02  12    15  99999.00  99999.00  99999.00  99999.00  -5403.47   4125.97  -1243.23   -491.91       0       0     142     107
71823  02  12    10  99999.00  99999.00  27301.15  33113.23  -1057.49    -46.37  -1244.20   -458.68       0     623     634     450
71823  02  12     7  99999.00  99999.00  29535.70  35485.06  -1070.81     15.07  -1248.71   -421.31       0     476     527     396
71823  02  12     5  99999.00  99999.00  31339.37  38125.37  -1035.02     21.10  -1194.34   -449.26       0     186     351     276
71823  02  12     3  99999.00  99999.00  99999.00  99999.00  99999.00  99999.00  99999.00  99999.00       0       1      29      23
71823  02  12     2  99999.00  99999.00  99999.00  99999.00  99999.00  99999.00  99999.00  99999.00       0       0       0       0
71823  02  12     1  99999.00  99999.00  99999.00  99999.00  99999.00  99999.00  99999.00  99999.00       0       0       0       0
71823  03  12  9999    918.52   1037.20  99999.00  99999.00   -845.84    478.36    -84.47    152.89     869       0     867     867
71823  03  12  1000  99999.00  99999.00  99999.00  99999.00  99999.00  99999.00  99999.00  99999.00       0      12      12      12
71823  03  12   925  99999.00  99999.00    278.36   1176.20   -685.19    396.97   -753.61    376.07       0     583     593     592
71823  03  12   900  99999.00  99999.00  99999.00  99999.00  99999.00  99999.00  99999.00  99999.00       0       0      30      30
71823  03  12   850  99999.00  99999.00    880.05   1852.77   -645.96    347.64   -817.69    395.99       0     891     891     890
71823  03  12   800  99999.00  99999.00  99999.00  99999.00  99999.00  99999.00  99999.00  99999.00       0       0      19      19
71823  03  12   700  99999.00  99999.00   2197.79   3455.03   -631.57    252.35   -910.64    355.36       0     891     891     889
71823  03  12   600  99999.00  99999.00  99999.00  99999.00  99999.00  99999.00  99999.00  99999.00       0       0      10      10
71823  03  12   500  99999.00  99999.00   4333.57   6206.05   -711.00     64.44   -962.25    138.51       0     890     890     889
71823  03  12   400  99999.00  99999.00   5685.66   7937.58   -737.55   -106.47   -997.39    -32.11       0     888     888     885
71823  03  12   300  99999.00  99999.00   7466.70   9958.62   -746.34   -293.10  -1018.39   -246.91       0     885     886     882
71823  03  12   250  99999.00  99999.00   8685.55  11087.71   -885.77   -192.41  -1115.51   -248.63       0     884     884     875
71823  03  12   200  99999.00  99999.00  10234.53  12413.37   -885.63   -158.55  -1286.81   -142.73       0     878     879     852
71823  03  12   150  99999.00  99999.00  12163.40  14222.36   -788.20   -234.28  -1386.15    -98.67       0     870     871     842
71823  03  12   100  99999.00  99999.00  14807.16  16839.96   -799.65   -252.45  -1398.90   -154.38       0     837     838     748
71823  03  12    80  99999.00  99999.00  99999.00  99999.00  99999.00  99999.00  99999.00  99999.00       0       0      38      36
71823  03  12    70  99999.00  99999.00  17089.74  19153.26   -812.68   -266.68  -1181.29   -504.13       0     829     830     557
71823  03  12    60  99999.00  99999.00  99999.00  99999.00  99999.00  99999.00  99999.00  99999.00       0       0      41      34
71823  03  12    50  99999.00  99999.00  19180.76  21371.96   -830.94   -271.86  -1169.55   -540.39       0     815     817     544
71823  03  12    40  99999.00  99999.00  99999.00  99999.00   -842.54   -280.22  99999.00  99999.00       0       0      61      48
71823  03  12    30  99999.00  99999.00  22236.34  24821.50   -862.74   -266.70  -1194.35   -538.19       0     794     796     530
71823  03  12    20  99999.00  99999.00  24597.20  27598.64   -886.45   -249.25  -1217.30   -517.10       0     774     776     521
71823  03  12    15  99999.00  99999.00  99999.00  99999.00   -931.76   -209.84  -1239.89   -479.81       0       0     141     112
71823  03  12    10  99999.00  99999.00  28610.57  32411.93   -894.18   -190.98  -1205.14   -466.54       0     698     712     495
71823  03  12     7  99999.00  99999.00  30705.80  34848.56   -875.96   -153.92  -1173.55   -466.03       0     511     574     423
71823  03  12     5  99999.00  99999.00  32621.52  37280.52   -862.42   -107.50  -1143.18   -453.18       0     197     391     304
71823  03  12     3  99999.00  99999.00  99999.00  99999.00  99999.00  99999.00  99999.00  99999.00       0       0      59      53
71823  03  12     2  99999.00  99999.00  99999.00  99999.00  99999.00  99999.00  99999.00  99999.00       0       0       1       0
71823  03  12     1  99999.00  99999.00  99999.00  99999.00  99999.00  99999.00  99999.00  99999.00       0       1       1       1
71823  04  12  9999    922.56   1033.68  99999.00  99999.00   -544.91    393.01   -132.04    198.20     849       0     849     849
71823  04  12  1000  99999.00  99999.00  99999.00  99999.00  99999.00  99999.00  99999.00  99999.00       0       2       2       2
71823  04  12   925  99999.00  99999.00    308.26   1180.54   -493.77    360.87   -577.05    333.39       0     567     572     572
71823  04  12   900  99999.00  99999.00  99999.00  99999.00  99999.00  99999.00  99999.00  99999.00       0       0      13      13
71823  04  12   850  99999.00  99999.00    963.25   1839.01   -460.09    301.43   -743.97    432.15       0     862     862     861
71823  04  12   800  99999.00  99999.00  99999.00  99999.00  99999.00  99999.00  99999.00  99999.00       0       0      19      19
71823  04  12   700  99999.00  99999.00   2379.83   3412.67   -476.59    207.53   -865.36    399.56       0     861     861     860
71823  04  12   600  99999.00  99999.00  99999.00  99999.00  99999.00  99999.00  99999.00  99999.00       0       0      16      16
71823  04  12   500  99999.00  99999.00   4648.09   6134.17   -611.16     62.16   -954.37    198.47       0     861     861     860
71823  04  12   400  99999.00  99999.00   6057.58   7866.94   -679.58    -83.30   -979.81     18.23       0     858     858     857
71823  04  12   300  99999.00  99999.00   7839.29   9936.65   -714.05   -288.77   -984.36   -232.32       0     853     853     852
71823  04  12   250  99999.00  99999.00   9032.52  11104.80   -821.76   -243.96  -1057.90   -288.94       0     849     850     847
71823  04  12   200  99999.00  99999.00  10582.80  12433.68   -842.48   -196.40  -1224.07   -214.87       0     840     843     831
71823  04  12   150  99999.00  99999.00  12534.66  14225.58   -721.55   -295.79  -1323.12   -174.36       0     830     833     817
71823  04  12   100  99999.00  99999.00  15207.55  16815.07   -711.04   -342.76  -1335.02   -225.98       0     802     807     745
71823  04  12    80  99999.00  99999.00  99999.00  99999.00  99999.00  99999.00  99999.00  99999.00       0       0      38      36
71823  04  12    70  99999.00  99999.00  17493.88  19113.76   -730.70   -349.82  -1193.60   -476.00       0     800     802     557
71823  04  12    60  99999.00  99999.00  99999.00  99999.00  99999.00  99999.00  99999.00  99999.00       0       0      43      39
71823  04  12    50  99999.00  99999.00  19633.95  21286.23   -749.74   -339.70  -1128.54   -566.34       0     796     797     529
71823  04  12    40  99999.00  99999.00  99999.00  99999.00  99999.00  99999.00  99999.00  99999.00       0       0      50      45
71823  04  12    30  99999.00  99999.00  22829.34  24634.02   -772.15   -319.27  -1141.03   -558.79       0     781     783     526
71823  04  12    20  99999.00  99999.00  25299.85  27364.21   -784.54   -287.74  -1147.21   -534.85       0     769     772     520
71823  04  12    15  99999.00  99999.00  99999.00  99999.00   -839.91   -216.63  -1102.17   -564.57       0       0     155     121
71823  04  12    10  99999.00  99999.00  29513.46  32152.14   -760.71   -206.31  -1093.10   -505.22       0     704     718     500
71823  04  12     7  99999.00  99999.00  31660.62  34719.30   -738.10   -138.46  -1050.13   -493.33       0     480     580     426
71823  04  12     5  99999.00  99999.00  33855.63  36935.79   -733.61    -55.37  -1001.26   -476.74       0     177     328     243
71823  04  12     3  99999.00  99999.00  99999.00  99999.00  99999.00  99999.00  99999.00  99999.00       0       0      21      10
71823  04  12     2  99999.00  99999.00  99999.00  99999.00  99999.00  99999.00  99999.00  99999.00       0       0       1       0
71823  04  12     1  99999.00  99999.00  99999.00  99999.00  99999.00  99999.00  99999.00  99999.00       0       0       0       0
71823  05  12  9999    928.40   1027.64  99999.00  99999.00   -327.49    369.47   -158.95    236.69     863       0     861     861
71823  05  12  1000  99999.00  99999.00  99999.00  99999.00  99999.00  99999.00  99999.00  99999.00       0       0       0       0
71823  05  12   925  99999.00  99999.00    351.98   1162.94   -447.59    474.37   -436.53    348.75       0     582     588     586
71823  05  12   900  99999.00  99999.00  99999.00  99999.00  99999.00  99999.00  99999.00  99999.00       0       0      17      17
71823  05  12   850  99999.00  99999.00   1001.38   1862.50   -430.10    398.98   -616.96    443.60       0     881     881     878
71823  05  12   800  99999.00  99999.00  99999.00  99999.00  99999.00  99999.00  99999.00  99999.00       0       0      25      25
71823  05  12   700  99999.00  99999.00   2428.55   3492.23   -412.76    248.08   -823.85    453.07       0     881     881     877
71823  05  12   600  99999.00  99999.00  99999.00  99999.00  99999.00  99999.00  99999.00  99999.00       0       0      22      22
71823  05  12   500  99999.00  99999.00   4740.14   6264.86   -554.02     90.98   -909.79    219.89       0     881     881     874
71823  05  12   400  99999.00  99999.00   6169.48   8031.28   -647.46    -38.10   -941.52     48.12       0     878     878     873
71823  05  12   300  99999.00  99999.00   7959.75  10150.47   -702.10   -240.94   -963.28   -196.48       0     875     877     869
71823  05  12   250  99999.00  99999.00   9148.32  11348.28   -787.44   -244.08  -1035.94   -265.30       0     872     875     865
71823  05  12   200  99999.00  99999.00  10724.55  12662.43   -888.59   -151.43  -1198.85   -216.53       0     869     872     852
71823  05  12   150  99999.00  99999.00  12776.59  14347.15   -756.03   -264.99  -1314.44   -173.60       0     860     863     842
71823  05  12   100  99999.00  99999.00  15549.94  16832.50   -709.60   -348.04  -1330.78   -235.54       0     830     833     763
71823  05  12    80  99999.00  99999.00  99999.00  99999.00  99999.00  99999.00  99999.00  99999.00       0       0      50      48
71823  05  12    70  99999.00  99999.00  17931.54  19042.62   -686.84   -384.32  -1173.56   -496.64       0     826     827     557
71823  05  12    60  99999.00  99999.00  99999.00  99999.00  99999.00  99999.00  99999.00  99999.00       0       0      27      24
71823  05  12    50  99999.00  99999.00  20125.70  21178.70   -672.60   -390.72  -1151.62   -524.26       0     817     818     540
71823  05  12    40  99999.00  99999.00  99999.00  99999.00  99999.00  99999.00  99999.00  99999.00       0       0      39      35
71823  05  12    30  99999.00  99999.00  23387.82  24520.26   -659.37   -371.85  -1143.70   -514.42       0     807     810     536
71823  05  12    20  99999.00  99999.00  25950.25  27244.33   -652.95   -326.79  -1114.88   -508.64       0     785     786     529
71823  05  12    15  99999.00  99999.00  99999.00  99999.00  -5410.69   4328.03  -1118.68   -470.08       0       0     138     116
71823  05  12    10  99999.00  99999.00  30317.94  32130.66   -595.49   -219.05  -1000.94   -514.22       0     718     727     513
71823  05  12     7  99999.00  99999.00  32614.68  34733.64   -551.86   -151.78   -898.07   -548.15       0     442     559     416
71823  05  12     5  99999.00  99999.00  34651.11  37372.59   -521.10    -90.42   -881.90   -501.98       0      81     270     203
71823  05  12     3  99999.00  99999.00  99999.00  99999.00  99999.00  99999.00  99999.00  99999.00       0       0       8       4
71823  05  12     2  99999.00  99999.00  99999.00  99999.00  99999.00  99999.00  99999.00  99999.00       0       0       0       0
71823  05  12     1  99999.00  99999.00  99999.00  99999.00  99999.00  99999.00  99999.00  99999.00       0       0       0       0
71823  06  12  9999    933.07   1018.27  99999.00  99999.00   -223.34    406.18   -151.84    233.96     810       0     810     807
71823  06  12  1000  99999.00  99999.00  99999.00  99999.00  99999.00  99999.00  99999.00  99999.00       0       0       0       0
71823  06  12   925  99999.00  99999.00    404.07   1094.43   -310.12    466.64   -333.26    366.94       0     560     564     564
71823  06  12   900  99999.00  99999.00  99999.00  99999.00  99999.00  99999.00  99999.00  99999.00       0       0      15      15
71823  06  12   850  99999.00  99999.00   1067.19   1809.51   -319.08    399.12   -512.02    455.54       0     852     853     849
71823  06  12   800  99999.00  99999.00  99999.00  99999.00  99999.00  99999.00  99999.00  99999.00       0       0      20      20
71823  06  12   700  99999.00  99999.00   2549.62   3442.06   -316.76    243.40   -779.20    502.76       0     852     853     846
71823  06  12   600  99999.00  99999.00  99999.00  99999.00  99999.00  99999.00  99999.00  99999.00       0       0      17      17
71823  06  12   500  99999.00  99999.00   4953.53   6210.29   -471.74     94.54   -891.61    270.71       0     852     853     851
71823  06  12   400  99999.00  99999.00   6428.24   7987.28   -595.42     -9.58   -907.79     90.25       0     847     848     844
71823  06  12   300  99999.00  99999.00   8230.31  10155.95   -689.43   -195.39   -956.10   -135.06       0     846     848     846
71823  06  12   250  99999.00  99999.00   9400.13  11397.53   -752.84   -240.68  -1017.55   -230.23       0     837     838     836
71823  06  12   200  99999.00  99999.00  10956.88  12752.08   -840.53   -170.69  -1172.47   -211.39       0     834     837     831
71823  06  12   150  99999.00  99999.00  13014.82  14451.22   -747.77   -258.77  -1289.20   -184.60       0     825     831     823
71823  06  12   100  99999.00  99999.00  15789.80  16943.24   -694.40   -351.56  -1323.39   -231.87       0     798     806     728
71823  06  12    80  99999.00  99999.00  99999.00  99999.00  99999.00  99999.00  99999.00  99999.00       0       0      53      52
71823  06  12    70  99999.00  99999.00  18169.78  19175.14   -656.23   -390.55  -1205.61   -440.85       0     779     784     537
71823  06  12    60  99999.00  99999.00  99999.00  99999.00  99999.00  99999.00  99999.00  99999.00       0       0      26      25
71823  06  12    50  99999.00  99999.00  20377.27  21330.55   -617.80   -406.12  -1156.42   -488.14       0     768     772     513
71823  06  12    40  99999.00  99999.00  99999.00  99999.00  99999.00  99999.00  99999.00  99999.00       0       0      24      19
71823  06  12    30  99999.00  99999.00  23686.31  24695.51   -590.05   -383.89  -1138.88   -475.28       0     759     762     510
71823  06  12    20  99999.00  99999.00  26310.50  27442.10   -563.46   -338.70  -1109.43   -454.71       0     743     745     502
71823  06  12    15  99999.00  99999.00  99999.00  99999.00   -546.02   -306.38  -1049.99   -494.75       0       0      98      83
71823  06  12    10  99999.00  99999.00  30870.42  32308.50   -489.88   -233.32   -991.12   -462.40       0     660     679     470
71823  06  12     7  99999.00  99999.00  33192.04  34995.52   -447.23   -170.87   -930.79   -455.35       0     352     485     336
71823  06  12     5  99999.00  99999.00  35046.02  37960.94   -449.03    -94.79   -904.27   -420.67       0      66     181     115
71823  06  12     3  99999.00  99999.00  99999.00  99999.00  99999.00  99999.00  99999.00  99999.00       0       0       7       2
71823  06  12     2  99999.00  99999.00  99999.00  99999.00  99999.00  99999.00  99999.00  99999.00       0       0       3       0
71823  06  12     1  99999.00  99999.00  99999.00  99999.00  99999.00  99999.00  99999.00  99999.00       0       0       0       0
71823  07  12  9999    934.72   1014.04  99999.00  99999.00   -109.49    350.35   -130.83    185.61     855       0     854     852
71823  07  12  1000  99999.00  99999.00  99999.00  99999.00  99999.00  99999.00  99999.00  99999.00       0       0       0       0
71823  07  12   925  99999.00  99999.00    390.68   1088.00   -176.00    398.80   -197.77    317.87       0     581     587     587
71823  07  12   900  99999.00  99999.00  99999.00  99999.00  99999.00  99999.00  99999.00  99999.00       0       0      13      13
71823  07  12   850  99999.00  99999.00   1091.03   1796.03   -195.31    335.21   -323.48    360.04       0     885     885     883
71823  07  12   800  99999.00  99999.00  99999.00  99999.00  99999.00  99999.00  99999.00  99999.00       0       0      18      18
71823  07  12   700  99999.00  99999.00   2624.08   3408.16   -219.65    191.11   -626.27    425.05       0     886     886     884
71823  07  12   600  99999.00  99999.00  99999.00  99999.00  99999.00  99999.00  99999.00  99999.00       0       0      31      31
71823  07  12   500  99999.00  99999.00   5119.37   6131.57   -388.18     57.02   -815.81    244.51       0     886     886     883
71823  07  12   400  99999.00  99999.00   6650.27   7880.03   -520.30    -44.02   -852.70     69.14       0     885     885     880
71823  07  12   300  99999.00  99999.00   8495.81  10032.77   -653.15   -211.67   -888.30   -178.38       0     882     883     880
71823  07  12   250  99999.00  99999.00   9658.16  11287.28   -739.15   -256.03   -954.30   -274.98       0     880     881     878
71823  07  12   200  99999.00  99999.00  11192.95  12662.59   -829.17   -171.33  -1147.07   -230.63       0     873     877     873
71823  07  12   150  99999.00  99999.00  13235.44  14391.64   -718.30   -274.42  -1284.66   -190.98       0     864     867     858
71823  07  12   100  99999.00  99999.00  16042.89  16871.97   -674.67   -352.83  -1318.19   -216.59       0     853     856     807
71823  07  12    80  99999.00  99999.00  99999.00  99999.00  99999.00  99999.00  99999.00  99999.00       0       0      51      46
71823  07  12    70  99999.00  99999.00  18441.29  19105.85   -631.05   -388.89  -1205.60   -421.40       0     844     848     586
71823  07  12    60  99999.00  99999.00  99999.00  99999.00  99999.00  99999.00  99999.00  99999.00       0       0      36      29
71823  07  12    50  99999.00  99999.00  20669.35  21265.99   -596.06   -401.54  -1158.34   -470.50       0     838     844     566
71823  07  12    40  99999.00  99999.00  99999.00  99999.00  99999.00  99999.00  99999.00  99999.00       0       0      36      29
71823  07  12    30  99999.00  99999.00  24025.05  24628.05   -557.74   -386.02  -1126.59   -466.47       0     821     822     560
71823  07  12    20  99999.00  99999.00  26700.50  27356.42   -525.86   -349.34  -1086.90   -462.90       0     805     807     552
71823  07  12    15  99999.00  99999.00  99999.00  99999.00   -534.26   -290.42  -1100.99   -412.31       0       0     122     101
71823  07  12    10  99999.00  99999.00  31374.96  32152.08   -462.23   -247.67   -952.58   -493.70       0     698     728     518
71823  07  12     7  99999.00  99999.00  33777.46  34757.50   -436.61   -180.29   -892.74   -493.98       0     373     526     389
71823  07  12     5  99999.00  99999.00  99999.00  99999.00   -443.56   -105.64   -862.68   -468.72       0      45     174     119
71823  07  12     3  99999.00  99999.00  99999.00  99999.00  99999.00  99999.00  99999.00  99999.00       0       0       9       3
71823  07  12     2  99999.00  99999.00  99999.00  99999.00  99999.00  99999.00  99999.00  99999.00       0       0       1       0
71823  07  12     1  99999.00  99999.00  99999.00  99999.00  99999.00  99999.00  99999.00  99999.00       0       0       0       0
71823  08  12  9999    933.03   1017.99  99999.00  99999.00   -147.61    357.47    -98.05    134.15     830       0     830     830
71823  08  12  1000  99999.00  99999.00  99999.00  99999.00  99999.00  99999.00  99999.00  99999.00       0       0       0       0
71823  08  12   925  99999.00  99999.00    396.17   1101.41   -173.38    375.98   -194.56    319.40       0     567     571     571
71823  08  12   900  99999.00  99999.00  99999.00  99999.00  99999.00  99999.00  99999.00  99999.00       0       0       9       9
71823  08  12   850  99999.00  99999.00   1082.04   1814.76   -208.81    329.39   -372.37    398.63       0     870     870     870
71823  08  12   800  99999.00  99999.00  99999.00  99999.00  99999.00  99999.00  99999.00  99999.00       0       0      19      19
71823  08  12   700  99999.00  99999.00   2604.84   3430.44   -240.39    207.09   -670.73    457.75       0     870     869     865
71823  08  12   600  99999.00  99999.00  99999.00  99999.00  99999.00  99999.00  99999.00  99999.00       0       0      21      21
71823  08  12   500  99999.00  99999.00   5068.25   6181.13   -403.53     68.91   -821.52    252.60       0     870     870     868
71823  08  12   400  99999.00  99999.00   6582.67   7944.07   -527.20    -39.28   -863.46     80.70       0     867     867     866
71823  08  12   300  99999.00  99999.00   8420.11  10104.55   -661.78   -206.86   -867.00   -195.36       0     866     866     865
71823  08  12   250  99999.00  99999.00   9568.48  11368.24   -720.47   -285.59   -914.41   -309.97       0     861     861     860
71823  08  12   200  99999.00  99999.00  11097.71  12740.87   -837.06   -183.66  -1127.75   -244.67       0     858     859     857
71823  08  12   150  99999.00  99999.00  13135.87  14454.43   -734.56   -278.92  -1275.81   -194.61       0     848     849     843
71823  08  12   100  99999.00  99999.00  15938.48  16917.80   -697.03   -343.99  -1319.73   -214.05       0     832     833     780
71823  08  12    80  99999.00  99999.00  99999.00  99999.00  99999.00  99999.00  99999.00  99999.00       0       0      44      40
71823  08  12    70  99999.00  99999.00  18343.21  19134.49   -659.50   -376.54  -1239.17   -388.37       0     829     830     566
71823  08  12    60  99999.00  99999.00  99999.00  99999.00  99999.00  99999.00  99999.00  99999.00       0       0      25      22
71823  08  12    50  99999.00  99999.00  20551.59  21297.15   -627.85   -390.37  -1213.65   -413.01       0     818     821     548
71823  08  12    40  99999.00  99999.00  99999.00  99999.00  99999.00  99999.00  99999.00  99999.00       0       0      40      35
71823  08  12    30  99999.00  99999.00  23844.06  24687.06   -585.10   -384.58  -1185.28   -414.16       0     798     801     546
71823  08  12    20  99999.00  99999.00  26465.16  27433.32   -566.25   -346.05  -1145.39   -416.27       0     774     777     535
71823  08  12    15  99999.00  99999.00  99999.00  99999.00   -558.56   -318.56  -1077.40   -469.48       0       0     113      93
71823  08  12    10  99999.00  99999.00  30976.64  32280.68   -533.95   -246.07  -1035.03   -446.43       0     674     690     494
71823  08  12     7  99999.00  99999.00  33206.78  34988.66   -508.31   -182.75   -965.25   -464.97       0     425     531     398
71823  08  12     5  99999.00  99999.00  34976.14  38014.30   -498.44   -129.80   -953.23   -436.39       0      69     233     178
71823  08  12     3  99999.00  99999.00  99999.00  99999.00  99999.00  99999.00  99999.00  99999.00       0       0       4       2
71823  08  12     2  99999.00  99999.00  99999.00  99999.00  99999.00  99999.00  99999.00  99999.00       0       0       1       0
71823  08  12     1  99999.00  99999.00  99999.00  99999.00  99999.00  99999.00  99999.00  99999.00       0       0       1       0
71823  09  12  9999    923.86   1027.06  99999.00  99999.00   -225.35    340.33    -74.03    104.53     794       0     794     794
71823  09  12  1000  99999.00  99999.00  99999.00  99999.00  99999.00  99999.00  99999.00  99999.00       0       0       0       0
71823  09  12   925  99999.00  99999.00    324.26   1163.90   -261.81    369.99   -283.62    331.62       0     534     539     539
71823  09  12   900  99999.00  99999.00  99999.00  99999.00  99999.00  99999.00  99999.00  99999.00       0       0      16      16
71823  09  12   850  99999.00  99999.00    990.09   1862.13   -317.88    347.52   -506.82    446.94       0     828     829     828
71823  09  12   800  99999.00  99999.00  99999.00  99999.00  99999.00  99999.00  99999.00  99999.00       0       0      22      22
71823  09  12   700  99999.00  99999.00   2462.36   3484.16   -374.26    276.62   -800.43    500.13       0     829     829     829
71823  09  12   600  99999.00  99999.00  99999.00  99999.00  99999.00  99999.00  99999.00  99999.00       0       0      16      16
71823  09  12   500  99999.00  99999.00   4816.74   6283.62   -513.49    123.23   -919.90    297.02       0     829     827     824
71823  09  12   400  99999.00  99999.00   6267.56   8075.84   -616.07      3.01   -931.66    110.66       0     824     824     823
71823  09  12   300  99999.00  99999.00   8059.44  10251.12   -695.72   -195.32   -939.56   -152.60       0     822     823     823
71823  09  12   250  99999.00  99999.00   9218.04  11499.12   -747.79   -256.27   -967.78   -274.54       0     819     821     821
71823  09  12   200  99999.00  99999.00  10764.80  12849.92   -851.06   -180.50  -1128.50   -248.18       0     815     817     811
71823  09  12   150  99999.00  99999.00  12806.23  14541.07   -769.09   -271.45  -1275.86   -202.10       0     811     812     806
71823  09  12   100  99999.00  99999.00  15612.70  16964.38   -741.28   -329.68  -1326.37   -216.13       0     796     799     751
71823  09  12    80  99999.00  99999.00  99999.00  99999.00  99999.00  99999.00  99999.00  99999.00       0       0      50      50
71823  09  12    70  99999.00  99999.00  18005.29  19155.49   -705.61   -375.13  -1269.82   -370.18       0     791     791     542
71823  09  12    60  99999.00  99999.00  99999.00  99999.00  99999.00  99999.00  99999.00  99999.00       0       0      23      20
71823  09  12    50  99999.00  99999.00  20196.28  21281.56   -693.05   -389.45  -1260.81   -395.97       0     786     788     518
71823  09  12    40  99999.00  99999.00  99999.00  99999.00  99999.00  99999.00  99999.00  99999.00       0       0      53      40
71823  09  12    30  99999.00  99999.00  23418.05  24633.29   -693.12   -356.40  -1253.94   -384.66       0     769     770     515
71823  09  12    20  99999.00  99999.00  25916.72  27406.28   -687.86   -314.42  -1212.08   -390.32       0     748     750     504
71823  09  12    15  99999.00  99999.00  99999.00  99999.00   -682.29   -293.85  -1170.39   -432.87       0       0     131     108
71823  09  12    10  99999.00  99999.00  30189.20  32285.72   -651.95   -243.59  -1114.18   -422.74       0     668     683     474
71823  09  12     7  99999.00  99999.00  32404.97  34869.65   -639.95   -179.15  -1064.06   -431.30       0     472     562     407
71823  09  12     5  99999.00  99999.00  34280.86  37579.90   -632.53   -123.61  -1028.76   -421.56       0     130     309     225
71823  09  12     3  99999.00  99999.00  99999.00  99999.00  99999.00  99999.00  99999.00  99999.00       0       0      13      11
71823  09  12     2  99999.00  99999.00  99999.00  99999.00  99999.00  99999.00  99999.00  99999.00       0       1       3       1
71823  09  12     1  99999.00  99999.00  99999.00  99999.00  99999.00  99999.00  99999.00  99999.00       0       0       0       0
71823  10  12  9999    914.83   1035.79  99999.00  99999.00   -264.04    270.56    -78.85    113.39     823       0     823     823
71823  10  12  1000  99999.00  99999.00  99999.00  99999.00  99999.00  99999.00  99999.00  99999.00       0       1       1       1
71823  10  12   925  99999.00  99999.00    238.43   1224.83   -302.14    286.58   -358.30    290.54       0     568     572     572
71823  10  12   900  99999.00  99999.00  99999.00  99999.00  99999.00  99999.00  99999.00  99999.00       0       0      17      17
71823  10  12   850  99999.00  99999.00    916.80   1882.80   -389.73    309.75   -560.78    391.54       0     859     859     859
71823  10  12   800  99999.00  99999.00  99999.00  99999.00  99999.00  99999.00  99999.00  99999.00       0       0      21      21
71823  10  12   700  99999.00  99999.00   2368.77   3463.17   -469.90    269.90   -843.66    455.46       0     858     858     858
71823  10  12   600  99999.00  99999.00  99999.00  99999.00  99999.00  99999.00  99999.00  99999.00       0       0      12      12
71823  10  12   500  99999.00  99999.00   4648.96   6239.80   -603.81    120.51   -941.09    253.75       0     858     858     858
71823  10  12   400  99999.00  99999.00   6052.61   8020.25   -687.21    -14.01   -961.36     66.44       0     858     858     857
71823  10  12   300  99999.00  99999.00   7805.09  10166.93   -724.84   -231.76   -949.79   -208.55       0     852     853     853
71823  10  12   250  99999.00  99999.00   8967.75  11385.99   -782.62   -253.30   -991.56   -299.16       0     851     851     850
71823  10  12   200  99999.00  99999.00  10506.22  12734.62   -848.99   -197.03  -1153.57   -250.09       0     848     849     842
71823  10  12   150  99999.00  99999.00  12511.39  14450.59   -772.97   -280.37  -1273.40   -214.04       0     842     843     834
71823  10  12   100  99999.00  99999.00  15279.73  16898.65   -751.75   -334.99  -1324.25   -234.89       0     825     826     774
71823  10  12    80  99999.00  99999.00  99999.00  99999.00  99999.00  99999.00  99999.00  99999.00       0       0      48      45
71823  10  12    70  99999.00  99999.00  17636.95  19097.59   -739.77   -374.01  -1269.46   -395.98       0     817     818     576
71823  10  12    60  99999.00  99999.00  99999.00  99999.00  99999.00  99999.00  99999.00  99999.00       0       0      47      36
71823  10  12    50  99999.00  99999.00  19781.94  21225.66   -751.64   -385.16  -1245.97   -453.97       0     811     812     549
71823  10  12    40  99999.00  99999.00  99999.00  99999.00  99999.00  99999.00  99999.00  99999.00       0       0      58      45
71823  10  12    30  99999.00  99999.00  22917.50  24549.62   -793.23   -355.23  -1255.78   -452.38       0     798     799     546
71823  10  12    20  99999.00  99999.00  25315.61  27278.45   -826.76   -316.04  -1251.74   -448.22       0     778     782     538
71823  10  12    15  99999.00  99999.00  99999.00  99999.00   -854.26   -280.30  -1239.35   -452.03       0       0     143     104
71823  10  12    10  99999.00  99999.00  29266.95  32126.31   -873.58   -225.46  -1223.75   -431.63       0     713     725     509
71823  10  12     7  99999.00  99999.00  31223.49  34734.33  -2852.04   1770.00  -1170.97   -461.77       0     577     620     441
71823  10  12     5  99999.00  99999.00  32916.27  37287.27  -3248.47   2203.13  -1140.61   -455.89       0     238     446     332
71823  10  12     3  99999.00  99999.00  99999.00  99999.00   -891.51    -70.11  99999.00  99999.00       0       0      62      58
71823  10  12     2  99999.00  99999.00  99999.00  99999.00  99999.00  99999.00  99999.00  99999.00       0       0       0       0
71823  10  12     1  99999.00  99999.00  99999.00  99999.00  99999.00  99999.00  99999.00  99999.00       0       1       2       1
71823  11  12  9999    911.04   1038.00  99999.00  99999.00   -463.98    325.14    -62.12    100.60     823       0     822     821
71823  11  12  1000  99999.00  99999.00  99999.00  99999.00  99999.00  99999.00  99999.00  99999.00       0       0       0       0
71823  11  12   925  99999.00  99999.00    225.42   1203.78   -393.52    244.76   -463.37    272.95       0     564     569     569
71823  11  12   900  99999.00  99999.00  99999.00  99999.00  99999.00  99999.00  99999.00  99999.00       0       0      14      14
71823  11  12   850  99999.00  99999.00    872.16   1860.60   -479.33    273.55   -588.31    313.73       0     852     852     850
71823  11  12   800  99999.00  99999.00  99999.00  99999.00  99999.00  99999.00  99999.00  99999.00       0       0      16      16
71823  11  12   700  99999.00  99999.00   2282.16   3414.24   -567.37    251.99   -832.78    366.14       0     851     851     850
71823  11  12   600  99999.00  99999.00  99999.00  99999.00  99999.00  99999.00  99999.00  99999.00       0       0      12      12
71823  11  12   500  99999.00  99999.00   4486.58   6159.38   -674.86     90.02   -950.26    188.78       0     851     851     850
71823  11  12   400  99999.00  99999.00   5858.16   7908.00   -730.06    -60.58   -970.18      4.10       0     850     849     848
71823  11  12   300  99999.00  99999.00   7608.18   9995.10   -740.23   -269.11   -958.74   -248.82       0     849     849     849
71823  11  12   250  99999.00  99999.00   8783.54  11178.86   -813.29   -251.93  -1029.99   -291.27       0     844     844     841
71823  11  12   200  99999.00  99999.00  10306.45  12531.25   -837.32   -219.56  -1185.58   -221.26       0     842     842     832
71823  11  12   150  99999.00  99999.00  12251.64  14301.48   -765.45   -294.09  -1288.76   -188.00       0     835     835     820
71823  11  12   100  99999.00  99999.00  14917.74  16844.70   -760.97   -340.01  -1336.77   -215.73       0     802     803     747
71823  11  12    80  99999.00  99999.00  99999.00  99999.00  99999.00  99999.00  99999.00  99999.00       0       0      49      46
71823  11  12    70  99999.00  99999.00  17199.32  19106.24   -780.95   -359.39  -1287.95   -378.11       0     800     800     561
71823  11  12    60  99999.00  99999.00  99999.00  99999.00  99999.00  99999.00  99999.00  99999.00       0       0      36      29
71823  11  12    50  99999.00  99999.00  19268.87  21278.51   -810.63   -366.51  -1254.39   -456.51       0     788     791     526
71823  11  12    40  99999.00  99999.00  99999.00  99999.00  99999.00  99999.00  99999.00  99999.00       0       0      60      44
71823  11  12    30  99999.00  99999.00  22289.73  24642.93   -870.17   -343.13  -1265.86   -468.22       0     768     768     516
71823  11  12    20  99999.00  99999.00  24603.41  27365.57   -927.60   -302.28  -1290.23   -451.55       0     746     747     506
71823  11  12    15  99999.00  99999.00  99999.00  99999.00  -5435.09   4068.91  -1317.02   -424.46       0       0     141      98
71823  11  12    10  99999.00  99999.00  28475.59  32090.47   -946.16   -266.84  -1269.25   -439.21       0     693     708     486
71823  11  12     7  99999.00  99999.00  30496.37  34573.61   -930.40   -241.72  -1222.88   -461.72       0     565     618     429
71823  11  12     5  99999.00  99999.00  32556.57  36651.45  -3230.99   2057.53  -1176.12   -491.16       0     262     466     321
71823  11  12     3  99999.00  99999.00  99999.00  99999.00   -892.43   -196.19  -1155.09   -466.65       0       0      78      68
71823  11  12     2  99999.00  99999.00  99999.00  99999.00  99999.00  99999.00  99999.00  99999.00       0       0       2       0
71823  11  12     1  99999.00  99999.00  99999.00  99999.00  99999.00  99999.00  99999.00  99999.00       0       0       0       0
71823  12  12  9999    911.57   1037.45  99999.00  99999.00   -752.95    400.97    -55.98    112.50     814       0     813     807
71823  12  12  1000  99999.00  99999.00  99999.00  99999.00  99999.00  99999.00  99999.00  99999.00       0       2       2       2
71823  12  12   925  99999.00  99999.00    217.21   1178.53   -586.80    280.44   -660.93    298.35       0     529     538     538
71823  12  12   900  99999.00  99999.00  99999.00  99999.00  99999.00  99999.00  99999.00  99999.00       0       0      12      12
71823  12  12   850  99999.00  99999.00    846.74   1822.22   -609.83    283.69   -733.70    316.54       0     834     835     835
71823  12  12   800  99999.00  99999.00  99999.00  99999.00  99999.00  99999.00  99999.00  99999.00       0       0      15      15
71823  12  12   700  99999.00  99999.00   2175.39   3397.59   -617.42    212.02   -855.54    301.86       0     833     834     830
71823  12  12   600  99999.00  99999.00  99999.00  99999.00  99999.00  99999.00  99999.00  99999.00       0       0      17      17
71823  12  12   500  99999.00  99999.00   4319.10   6118.38   -695.14     27.02   -933.45    100.23       0     834     835     833
71823  12  12   400  99999.00  99999.00   5676.01   7831.21   -731.45   -132.65   -946.23    -83.19       0     832     833     831
71823  12  12   300  99999.00  99999.00   7439.92   9851.80   -756.67   -301.15   -944.53   -313.93       0     828     828     822
71823  12  12   250  99999.00  99999.00   8624.26  11007.70   -855.13   -233.17  -1061.88   -286.20       0     825     826     808
71823  12  12   200  99999.00  99999.00  10111.69  12386.05   -863.58   -201.66  -1242.88   -172.24       0     821     822     795
71823  12  12   150  99999.00  99999.00  11946.54  14262.90   -814.84   -245.56  -1337.85   -137.97       0     801     801     770
71823  12  12   100  99999.00  99999.00  14428.17  16980.09   -838.34   -269.06  -1373.47   -178.39       0     780     781     692
71823  12  12    80  99999.00  99999.00  99999.00  99999.00  99999.00  99999.00  99999.00  99999.00       0       0      38      36
71823  12  12    70  99999.00  99999.00  16548.05  19394.33   -888.34   -265.54  -1260.70   -434.02       0     757     758     489
71823  12  12    60  99999.00  99999.00  99999.00  99999.00  99999.00  99999.00  99999.00  99999.00       0       0      24      22
71823  12  12    50  99999.00  99999.00  18463.35  21703.35   -942.52   -254.44  -1254.52   -483.64       0     738     742     467
71823  12  12    40  99999.00  99999.00  99999.00  99999.00  99999.00  99999.00  99999.00  99999.00       0       0      43      32
71823  12  12    30  99999.00  99999.00  21307.40  25228.76  -1009.35   -234.27  -1291.43   -485.99       0     697     701     449
71823  12  12    20  99999.00  99999.00  23491.58  28059.14  -1060.27   -211.63  -1323.07   -478.51       0     657     662     437
71823  12  12    15  99999.00  99999.00  99999.00  99999.00  -6431.00   4925.80  -1317.01   -517.57       0       0      98      72
71823  12  12    10  99999.00  99999.00  27252.99  32833.11  -1110.50   -150.98  -1312.77   -464.61       0     540     564     388
71823  12  12     7  99999.00  99999.00  29264.55  35352.15  -1121.03   -102.59  -1291.80   -445.80       0     387     448     311
71823  12  12     5  99999.00  99999.00  31487.76  37610.76  -4038.38   2806.30  -1277.86   -419.14       0     175     280     197
71823  12  12     3  99999.00  99999.00  99999.00  99999.00  99999.00  99999.00  99999.00  99999.00       0       2      37      32
71823  12  12     2  99999.00  99999.00  99999.00  99999.00  99999.00  99999.00  99999.00  99999.00       0       1       3       1
71823  12  12     1  99999.00  99999.00  99999.00  99999.00  99999.00  99999.00  99999.00  99999.00       0       0       2       1
