47122  01  00  9999    988.01   1048.97  99999.00  99999.00   -379.00    253.64   -135.08    233.32    1029       0    1028    1025
47122  01  00  1000  99999.00  99999.00    -33.13    423.23   -348.43    252.05   -533.92    315.20       0    1040    1042    1036
47122  01  00   925  99999.00  99999.00    596.15   1011.23   -373.83    242.49   -664.79    378.37       0     699     708     707
47122  01  00   900  99999.00  99999.00  99999.00  99999.00  99999.00  99999.00  99999.00  99999.00       0       0      28      28
47122  01  00   850  99999.00  99999.00   1240.83   1684.71   -401.92    219.08   -743.81    345.43       0    1048    1044    1042
47122  01  00   800  99999.00  99999.00  99999.00  99999.00  99999.00  99999.00  99999.00  99999.00       0       0      23      23
47122  01  00   700  99999.00  99999.00   2613.12   3289.20   -444.25    161.75   -801.69    237.99       0    1043    1046    1045
47122  01  00   600  99999.00  99999.00  99999.00  99999.00  99999.00  99999.00  99999.00  99999.00       0       0      28      28
47122  01  00   500  99999.00  99999.00   4878.76   6004.60   -534.99    -17.43   -905.41    100.55       0    1041    1048    1043
47122  01  00   400  99999.00  99999.00   6321.39   7704.87   -596.99   -155.51   -937.60    -32.80       0    1036    1038     922
47122  01  00   300  99999.00  99999.00   8183.08   9713.08   -699.74   -270.38   -911.33   -277.13       0    1027    1034     686
47122  01  00   250  99999.00  99999.00   9397.86  10884.66   -810.83   -206.03   -930.47   -328.79       0    1026    1029     683
47122  01  00   200  99999.00  99999.00  10902.24  12287.40   -754.06   -261.58   -946.94   -342.50       0    1017    1018     677
47122  01  00   150  99999.00  99999.00  12813.65  14101.61   -725.07   -346.59   -990.68   -360.68       0    1001    1003     669
47122  01  00   100  99999.00  99999.00  15461.59  16616.59   -785.58   -364.50  -1054.54   -367.42       0     975     991     653
47122  01  00    80  99999.00  99999.00  99999.00  99999.00  99999.00  99999.00  99999.00  99999.00       0       0      58      40
47122  01  00    70  99999.00  99999.00  17739.32  18846.08   -793.81   -353.17  -1071.33   -357.33       0     938     944     623
47122  01  00    60  99999.00  99999.00  99999.00  99999.00  -6820.46   5468.86  -1119.81   -321.57       0       0      85      64
47122  01  00    50  99999.00  99999.00  19856.42  20994.50   -776.14   -356.74  -1084.66   -340.78       0     895     901     597
47122  01  00    40  99999.00  99999.00  99999.00  99999.00 -10131.78   8518.74  -1072.28   -340.28       0       0     109      74
47122  01  00    30  99999.00  99999.00  23012.66  24383.18   -753.18   -295.98  -1089.32   -287.36       0     823     835     545
47122  01  00    20  99999.00  99999.00  25478.79  27195.99   -760.81   -228.13  -1102.01   -241.49       0     750     768     496
47122  01  00    15  99999.00  99999.00  99999.00  99999.00 -19611.11  16539.97  -1112.79   -190.11       0       0     161     113
47122  01  00    10  99999.00  99999.00  29642.89  32233.93   -788.68    -73.24  -1136.95   -137.23       0     577     612     378
47122  01  00     7  99999.00  99999.00  31912.46  34728.14  -9664.68   8382.72  -1122.03    -92.91       0     237     359     193
47122  01  00     5  99999.00  99999.00  34121.69  37160.81  -9286.98   8099.22  -1133.88    -48.24       0     128     217     111
47122  01  00     3  99999.00  99999.00  99999.00  99999.00   -738.30     39.42  99999.00  99999.00       0      33      64      16
47122  01  00     2  99999.00  99999.00  99999.00  99999.00  99999.00  99999.00  99999.00  99999.00       0       9      27       3
47122  01  00     1  99999.00  99999.00  99999.00  99999.00  99999.00  99999.00  99999.00  99999.00       0       0       8       0
47122  02  00  9999    983.50   1050.46  99999.00  99999.00   -332.14    251.06  -1941.13   2020.31     936       0     936     936
47122  02  00  1000  99999.00  99999.00    -66.77    436.51   -301.23    242.61   -491.58    314.82       0     953     952     952
47122  02  00   925  99999.00  99999.00    560.84   1035.80  -2161.78   2044.94   -676.51    399.77       0     638     652     651
47122  02  00   900  99999.00  99999.00  99999.00  99999.00  99999.00  99999.00  99999.00  99999.00       0       0      16      16
47122  02  00   850  99999.00  99999.00   1216.16   1706.48   -411.15    266.25   -760.03    363.29       0     960     961     958
47122  02  00   800  99999.00  99999.00  99999.00  99999.00  99999.00  99999.00  99999.00  99999.00       0       0      13      13
47122  02  00   700  99999.00  99999.00   2608.29   3307.05   -465.87    206.13   -864.28    315.32       0     955     961     957
47122  02  00   600  99999.00  99999.00  99999.00  99999.00  99999.00  99999.00  99999.00  99999.00       0       0      21      21
47122  02  00   500  99999.00  99999.00   4848.44   6070.76   -564.03     39.45   -951.97    170.15       0     954     956     953
47122  02  00   400  99999.00  99999.00   6290.97   7787.61   -627.98    -99.50   -970.39     21.29       0     954     954     875
47122  02  00   300  99999.00  99999.00   8116.72   9849.52   -696.81   -265.77   -935.56   -248.32       0     946     940     631
47122  02  00   250  99999.00  99999.00   9344.15  11012.87   -829.13   -198.29   -936.78   -330.06       0     935     936     628
47122  02  00   200  99999.00  99999.00   7287.00  15920.40   -809.90   -218.18   -960.87   -341.43       0     933     936     624
47122  02  00   150  99999.00  99999.00   8768.36  18155.00   -736.06   -341.26  -1009.42   -357.70       0     923     923     619
47122  02  00   100  99999.00  99999.00  15420.29  16708.85   -805.72   -361.00  -1053.56   -391.52       0     891     904     604
47122  02  00    80  99999.00  99999.00  99999.00  99999.00  99999.00  99999.00  99999.00  99999.00       0       0      59      34
47122  02  00    70  99999.00  99999.00  17708.13  18898.65   -825.22   -349.30  -1064.05   -394.09       0     871     875     582
47122  02  00    60  99999.00  99999.00  99999.00  99999.00  -8982.90   7421.46   -983.76   -456.72       0       0      94      66
47122  02  00    50  99999.00  99999.00  19812.87  21033.75   -792.67   -355.99  -1051.48   -390.40       0     844     849     561
47122  02  00    40  99999.00  99999.00  99999.00  99999.00  -6184.12   4876.64  -1085.42   -341.06       0       0     105      74
47122  02  00    30  99999.00  99999.00  22969.92  24403.20   -768.11   -296.75  -1042.06   -351.58       0     779     786     515
47122  02  00    20  99999.00  99999.00  25494.61  27152.77   -741.80   -254.36  -1039.36   -315.52       0     691     710     458
47122  02  00    15  99999.00  99999.00  99999.00  99999.00 -13499.74  11588.18  -1065.16   -264.40       0       0     139     104
47122  02  00    10  99999.00  99999.00  29803.88  32032.16   -742.28   -123.08  -1091.45   -187.13       0     524     566     352
47122  02  00     7  99999.00  99999.00  32132.46  34462.14 -11418.14   9938.50  -1117.50   -117.30       0     211     310     166
47122  02  00     5  99999.00  99999.00  34191.28  36943.72   -738.72    -10.56  -1185.00    -71.76       0     100     180      92
47122  02  00     3  99999.00  99999.00  99999.00  99999.00  99999.00  99999.00  99999.00  99999.00       0      33      55      21
47122  02  00     2  99999.00  99999.00  99999.00  99999.00  99999.00  99999.00  99999.00  99999.00       0      13      24       7
47122  02  00     1  99999.00  99999.00  99999.00  99999.00  99999.00  99999.00  99999.00  99999.00       0       0      12       3
47122  03  00  9999    978.80   1048.40  99999.00  99999.00   -209.80    237.92   -159.47    259.45    1041       0    1041    1041
47122  03  00  1000  99999.00  99999.00    -95.70    420.06   -200.12    237.88   -367.73    288.43       0    1051    1048    1041
47122  03  00   925  99999.00  99999.00  -1681.76   3219.04  -2029.65   2007.03   -578.91    400.41       0     705     713     713
47122  03  00   900  99999.00  99999.00  99999.00  99999.00  99999.00  99999.00  99999.00  99999.00       0       0      31      31
47122  03  00   850  99999.00  99999.00   1206.02   1714.58   -337.31    278.05   -725.95    421.25       0    1063    1060    1053
47122  03  00   800  99999.00  99999.00  99999.00  99999.00  99999.00  99999.00  99999.00  99999.00       0       0      16      16
47122  03  00   700  99999.00  99999.00   2648.82   3309.18   -417.63    223.65   -850.52    356.68       0    1060    1061    1056
47122  03  00   600  99999.00  99999.00  99999.00  99999.00  99999.00  99999.00  99999.00  99999.00       0       0      23      23
47122  03  00   500  99999.00  99999.00   4945.18   6074.62   -553.20     79.44   -980.14    231.02       0    1054    1058    1055
47122  03  00   400  99999.00  99999.00   6379.77   7830.81  -2154.90   1454.94  -1008.80     85.72       0    1050    1057    1017
47122  03  00   300  99999.00  99999.00   8204.28   9928.08  -2053.74   1101.18   -959.32   -203.20       0    1042    1043     695
47122  03  00   250  99999.00  99999.00   9395.42  11122.94  -2104.76   1042.36   -926.06   -345.50       0    1045    1045     692
47122  03  00   200  99999.00  99999.00   5890.55  17418.47   -879.40   -195.16   -949.32   -373.56       0    1038    1042     688
47122  03  00   150  99999.00  99999.00   9060.11  17981.99   -738.81   -354.69   -977.94   -392.70       0    1028    1031     682
47122  03  00   100  99999.00  99999.00  11123.00  21053.00  -2169.35    978.37  -1038.41   -410.93       0    1012    1017     671
47122  03  00    80  99999.00  99999.00  99999.00  99999.00  99999.00  99999.00  99999.00  99999.00       0       0      58      39
47122  03  00    70  99999.00  99999.00  17771.17  18923.29   -803.30   -384.02  -1043.09   -420.65       0     983     984     658
47122  03  00    60  99999.00  99999.00  99999.00  99999.00   -848.63   -332.27  99999.00  99999.00       0       0      76      59
47122  03  00    50  99999.00  99999.00  19894.34  21030.86   -782.73   -368.85  -1051.68   -391.80       0     946     950     641
47122  03  00    40  99999.00  99999.00  99999.00  99999.00  -9455.70   7909.38  -1005.43   -402.07       0       0     126      87
47122  03  00    30  99999.00  99999.00  23093.30  24360.98   -732.69   -313.77  -1040.88   -337.08       0     887     890     595
47122  03  00    20  99999.00  99999.00  25654.74  27099.18  -2266.58   1279.42  -1043.73   -288.21       0     811     822     547
47122  03  00    15  99999.00  99999.00  99999.00  99999.00 -16407.63  14054.49  -1000.98   -290.22       0       0     171     134
47122  03  00    10  99999.00  99999.00  30046.65  31949.01   -690.34   -142.06  -1062.78   -201.54       0     607     642     410
47122  03  00     7  99999.00  99999.00  32404.97  34388.69 -11653.77  10176.27  -1085.28   -141.00       0     249     378     206
47122  03  00     5  99999.00  99999.00  34550.82  36928.86  -8284.71   7229.37  -1107.43    -89.83       0     128     220     111
47122  03  00     3  99999.00  99999.00  99999.00  99999.00  99999.00  99999.00  99999.00  99999.00       0      36      58      21
47122  03  00     2  99999.00  99999.00  99999.00  99999.00  99999.00  99999.00  99999.00  99999.00       0       9      23       9
47122  03  00     1  99999.00  99999.00  99999.00  99999.00  99999.00  99999.00  99999.00  99999.00       0       1       5       2
47122  04  00  9999    975.20   1043.84  99999.00  99999.00   -144.20    303.28   -162.00    267.72    1004       0    1004    1004
47122  04  00  1000  99999.00  99999.00   -101.02    372.50  -1670.10   1812.18   -300.66    328.38       0     973     971     966
47122  04  00   925  99999.00  99999.00    491.13   1046.85  -1996.97   2112.07   -523.78    456.38       0     685     696     695
47122  04  00   900  99999.00  99999.00  99999.00  99999.00  99999.00  99999.00  99999.00  99999.00       0       0      25      25
47122  04  00   850  99999.00  99999.00   1183.98   1741.62   -250.19    327.49   -674.95    495.17       0    1027    1029    1026
47122  04  00   800  99999.00  99999.00  99999.00  99999.00  99999.00  99999.00  99999.00  99999.00       0       0      17      17
47122  04  00   700  99999.00  99999.00   2672.46   3360.30  -1736.26   1632.38   -850.26    452.70       0    1025    1024    1018
47122  04  00   600  99999.00  99999.00  99999.00  99999.00  99999.00  99999.00  99999.00  99999.00       0       0      17      17
47122  04  00   500  99999.00  99999.00   2607.37   8550.97  -1857.94   1453.34  -1001.56    302.00       0    1026    1026    1024
47122  04  00   400  99999.00  99999.00   6514.58   7919.66   -593.61    -12.45  -1032.96    153.96       0    1022    1025    1013
47122  04  00   300  99999.00  99999.00   8336.24  10074.20   -678.10   -203.74  -1022.08    -92.32       0    1009    1011     717
47122  04  00   250  99999.00  99999.00   9498.49  11320.81   -733.23   -289.95   -995.74   -258.94       0    1013    1013     672
47122  04  00   200  99999.00  99999.00   7595.14  16050.70   -878.02   -232.66  -1024.24   -329.92       0    1003    1003     663
47122  04  00   150  99999.00  99999.00   7214.74  20043.46  -2172.72   1032.00  -1058.63   -341.87       0     994     993     659
47122  04  00   100  99999.00  99999.00  15536.08  16929.52   -801.46   -396.70  -1102.09   -372.49       0     980     983     651
47122  04  00    80  99999.00  99999.00  99999.00  99999.00  99999.00  99999.00  99999.00  99999.00       0       0      39      26
47122  04  00    70  99999.00  99999.00  17847.33  19056.09   -825.28   -386.32  -1118.96   -373.52       0     958     960     642
47122  04  00    60  99999.00  99999.00  99999.00  99999.00 -12682.21  10639.79  99999.00  99999.00       0       0      68      45
47122  04  00    50  99999.00  99999.00  19962.18  21156.06   -788.98   -362.26  -1113.89   -339.89       0     920     929     628
47122  04  00    40  99999.00  99999.00  99999.00  99999.00 -13767.44  11688.52  -1099.95   -287.07       0       0     114      81
47122  04  00    30  99999.00  99999.00  23170.81  24498.85   -705.50   -320.54  -1096.87   -282.19       0     864     872     586
47122  04  00    20  99999.00  99999.00  25747.85  27242.33   -680.86   -264.46  -1109.27   -231.59       0     803     817     541
47122  04  00    15  99999.00  99999.00  99999.00  99999.00 -18451.16  15697.84  -1123.98   -188.58       0       0     174     127
47122  04  00    10  99999.00  99999.00  30149.50  32138.02   -658.12   -154.84  -1100.44   -169.00       0     585     632     420
47122  04  00     7  99999.00  99999.00  32545.90  34493.26  -9080.91   7900.29  -1106.69   -127.49       0     215     363     207
47122  04  00     5  99999.00  99999.00  34580.43  37069.83  -9874.93   8666.27  -1088.27   -134.87       0     113     191      99
47122  04  00     3  99999.00  99999.00  99999.00  99999.00  99999.00  99999.00  99999.00  99999.00       0      21      47      24
47122  04  00     2  99999.00  99999.00  99999.00  99999.00  99999.00  99999.00  99999.00  99999.00       0       8      14       5
47122  04  00     1  99999.00  99999.00  99999.00  99999.00  99999.00  99999.00  99999.00  99999.00       0       0       3       1
47122  05  00  9999    975.36   1036.32  99999.00  99999.00    -27.30    317.82   -148.59    244.17     996       0     995     995
47122  05  00  1000  99999.00  99999.00    -82.31    303.13  -1668.66   1930.02   -168.38    333.70       0     912     915     911
47122  05  00   925  99999.00  99999.00    490.51   1016.59  -1907.85   2141.55   -363.29    441.55       0     709     721     721
47122  05  00   900  99999.00  99999.00  99999.00  99999.00  99999.00  99999.00  99999.00  99999.00       0       0      22      22
47122  05  00   850  99999.00  99999.00   1198.59   1725.39  -1590.00   1767.12   -539.56    499.88       0    1052    1049    1044
47122  05  00   800  99999.00  99999.00  99999.00  99999.00  99999.00  99999.00  99999.00  99999.00       0       0      16      16
47122  05  00   700  99999.00  99999.00   2733.00   3364.68   -218.62    240.50   -769.17    483.39       0    1050    1050    1044
47122  05  00   600  99999.00  99999.00  99999.00  99999.00  99999.00  99999.00  99999.00  99999.00       0       0      19      19
47122  05  00   500  99999.00  99999.00   5225.52   6127.92  -2003.21   1693.27   -994.11    376.17       0    1042    1042    1035
47122  05  00   400  99999.00  99999.00   6755.27   7906.79  -1892.55   1366.89  -1052.20    249.20       0    1041    1040    1029
47122  05  00   300  99999.00  99999.00   8607.32  10111.88   -668.77   -124.57  -1070.43     49.41       0    1033    1031     874
47122  05  00   250  99999.00  99999.00   9757.48  11408.80   -718.36   -236.44  -1041.56   -147.92       0    1034    1032     706
47122  05  00   200  99999.00  99999.00  11199.10  12870.10   -827.77   -252.37  -1035.43   -295.15       0    1025    1024     699
47122  05  00   150  99999.00  99999.00  13105.91  14629.67   -804.17   -330.89  -1056.44   -356.36       0    1015    1014     694
47122  05  00   100  99999.00  99999.00  15763.65  17054.85   -832.07   -396.95  -1129.06   -379.54       0     999    1002     684
47122  05  00    80  99999.00  99999.00  99999.00  99999.00  99999.00  99999.00  99999.00  99999.00       0       0      58      48
47122  05  00    70  99999.00  99999.00  18070.12  19164.04   -833.32   -404.80  -1154.21   -370.49       0     962     965     684
47122  05  00    60  99999.00  99999.00  99999.00  99999.00  -7529.85   6049.83  99999.00  99999.00       0       0      69      55
47122  05  00    50  99999.00  99999.00  20193.97  21242.53   -762.72   -390.00  -1141.50   -326.94       0     930     934     664
47122  05  00    40  99999.00  99999.00  99999.00  99999.00 -13882.54  11784.62  -1155.35   -281.63       0       0      75      61
47122  05  00    30  99999.00  99999.00  23389.42  24607.42   -666.43   -353.47  -1115.23   -279.19       0     875     882     630
47122  05  00    20  99999.00  99999.00  25958.59  27373.27   -630.16   -301.12  -1110.76   -242.56       0     816     828     590
47122  05  00    15  99999.00  99999.00  99999.00  99999.00 -15794.10  13594.74  -1119.24   -181.08       0       0     143     123
47122  05  00    10  99999.00  99999.00  30430.20  32242.08   -599.79   -178.59  -1114.38   -159.66       0     591     644     460
47122  05  00     7  99999.00  99999.00  32821.81  34692.01 -11326.83   9944.25  -1081.35   -151.23       0     201     344     223
47122  05  00     5  99999.00  99999.00  35007.02  37204.82  -6371.36   5524.96  -1100.93   -102.05       0     103     190     110
47122  05  00     3  99999.00  99999.00  99999.00  99999.00  -7561.79   6675.13  99999.00  99999.00       0      36      67      38
47122  05  00     2  99999.00  99999.00  99999.00  99999.00  99999.00  99999.00  99999.00  99999.00       0      14      30      14
47122  05  00     1  99999.00  99999.00  99999.00  99999.00  99999.00  99999.00  99999.00  99999.00       0       3       8       6
47122  06  00  9999    974.77   1029.85  99999.00  99999.00     60.82    329.62   -133.99    210.53     940       0     938     936
47122  06  00  1000  99999.00  99999.00    -53.58    232.02     52.88    324.92    -62.15    344.29       0     724     721     715
47122  06  00   925  99999.00  99999.00    507.62    964.46     18.67    319.27   -162.34    385.34       0     678     682     682
47122  06  00   900  99999.00  99999.00  99999.00  99999.00  99999.00  99999.00  99999.00  99999.00       0       0      17      17
47122  06  00   850  99999.00  99999.00   1218.95   1690.91    -18.27    291.33   -310.64    431.56       0    1011    1007    1004
47122  06  00   800  99999.00  99999.00  99999.00  99999.00  99999.00  99999.00  99999.00  99999.00       0       0      20      20
47122  06  00   700  99999.00  99999.00   2805.32   3325.64   -116.07    219.21   -614.73    475.11       0    1007    1007    1004
47122  06  00   600  99999.00  99999.00  99999.00  99999.00  99999.00  99999.00  99999.00  99999.00       0       0      19      19
47122  06  00   500  99999.00  99999.00   5407.21   6068.53   -303.20    105.04   -981.63    440.85       0    1004    1007    1002
47122  06  00   400  99999.00  99999.00   6995.30   7851.14   -455.23     37.73  -1085.54    351.94       0    1000    1002     999
47122  06  00   300  99999.00  99999.00   8893.59  10084.71   -624.95    -79.43  -1076.23    129.53       0     996     997     947
47122  06  00   250  99999.00  99999.00  10042.56  11430.84   -681.72   -197.04  -1055.53    -59.53       0     991     993     746
47122  06  00   200  99999.00  99999.00  11430.23  12977.75   -745.50   -301.74  -1025.25   -268.77       0     985     982     665
47122  06  00   150  99999.00  99999.00  13315.15  14765.47   -811.52   -347.36  -1063.27   -363.55       0     980     980     660
47122  06  00   100  99999.00  99999.00  16002.40  17125.84   -850.17   -410.25  -1117.08   -404.76       0     960     963     652
47122  06  00    80  99999.00  99999.00  99999.00  99999.00  99999.00  99999.00  99999.00  99999.00       0       0      50      38
47122  06  00    70  99999.00  99999.00  18284.18  19234.34   -794.71   -443.47  -1103.92   -410.08       0     917     918     633
47122  06  00    60  99999.00  99999.00  99999.00  99999.00  -7797.93   6311.55  99999.00  99999.00       0       0      64      43
47122  06  00    50  99999.00  99999.00  20391.12  21340.92   -705.53   -430.85  -1090.62   -360.90       0     891     895     618
47122  06  00    40  99999.00  99999.00  99999.00  99999.00  99999.00  99999.00  99999.00  99999.00       0       0      51      42
47122  06  00    30  99999.00  99999.00  23590.64  24719.12   -634.39   -372.31  -1095.86   -295.34       0     832     830     577
47122  06  00    20  99999.00  99999.00  26157.79  27506.11   -610.19   -298.07  -1103.04   -244.20       0     771     779     541
47122  06  00    15  99999.00  99999.00  99999.00  99999.00 -16649.47  14300.21  -1084.67   -235.91       0       0     128     105
47122  06  00    10  99999.00  99999.00  30619.92  32447.64   -587.96   -156.92  -1104.21   -167.25       0     535     582     416
47122  06  00     7  99999.00  99999.00  32985.44  34943.24  -8866.05   7781.79  -1081.80   -143.40       0     189     286     179
47122  06  00     5  99999.00  99999.00  35239.04  37443.56   -571.39    -44.11  -1072.81   -133.93       0      92     165     100
47122  06  00     3  99999.00  99999.00  99999.00  99999.00  99999.00  99999.00  99999.00  99999.00       0      27      54      31
47122  06  00     2  99999.00  99999.00  99999.00  99999.00  99999.00  99999.00  99999.00  99999.00       0      11      25      15
47122  06  00     1  99999.00  99999.00  99999.00  99999.00  99999.00  99999.00  99999.00  99999.00       0       2       4       2
47122  07  00  9999    974.69   1027.01  99999.00  99999.00     95.42    365.54    -99.26    148.90     976       0     976     976
47122  07  00  1000  99999.00  99999.00    -31.13    196.87     90.82    367.18     21.09    377.13       0     638     639     635
47122  07  00   925  99999.00  99999.00    502.51    964.39     74.20    322.60     -3.60    345.72       0     702     707     707
47122  07  00   900  99999.00  99999.00  99999.00  99999.00  99999.00  99999.00  99999.00  99999.00       0       0      15      15
47122  07  00   850  99999.00  99999.00   1222.44   1697.76     39.51    293.55   -153.82    396.50       0    1054    1049    1045
47122  07  00   800  99999.00  99999.00  99999.00  99999.00  99999.00  99999.00  99999.00  99999.00       0       0      11      11
47122  07  00   700  99999.00  99999.00   2831.56   3353.68    -42.76    222.08   -503.31    489.33       0    1052    1051    1047
47122  07  00   600  99999.00  99999.00  99999.00  99999.00  99999.00  99999.00  99999.00  99999.00       0       0      27      27
47122  07  00   500  99999.00  99999.00   5490.91   6124.63   -192.41     86.23   -911.06    492.70       0    1057    1053    1045
47122  07  00   400  99999.00  99999.00   7150.43   7901.03   -327.50     14.02  -1005.42    397.74       0    1043    1041    1032
47122  07  00   300  99999.00  99999.00   9164.21  10108.97   -492.94   -106.66  -1051.00    185.84       0    1030    1030    1023
47122  07  00   250  99999.00  99999.00  10366.30  11452.06   -575.47   -210.19  -1066.19     25.93       0    1019    1017     895
47122  07  00   200  99999.00  99999.00  11808.01  12995.53   -651.94   -347.98  -1055.25   -196.89       0    1009    1012     675
47122  07  00   150  99999.00  99999.00  13659.72  14813.40   -802.32   -405.12  -1108.47   -349.47       0     995    1001     670
47122  07  00   100  99999.00  99999.00  16241.43  17197.83   -864.40   -466.96  -1165.47   -410.55       0     977     982     662
47122  07  00    80  99999.00  99999.00  99999.00  99999.00  99999.00  99999.00  99999.00  99999.00       0       0      57      46
47122  07  00    70  99999.00  99999.00  18460.78  19320.82   -781.57   -482.05  -1143.95   -392.03       0     934     936     646
47122  07  00    60  99999.00  99999.00  99999.00  99999.00  99999.00  99999.00  99999.00  99999.00       0       0      43      33
47122  07  00    50  99999.00  99999.00  20542.80  21439.32   -702.84   -444.96  -1130.78   -334.10       0     905     907     630
47122  07  00    40  99999.00  99999.00  99999.00  99999.00  -7006.03   5686.13  -1146.39   -291.99       0       0      80      64
47122  07  00    30  99999.00  99999.00  23736.12  24811.44   -637.80   -367.56  -1162.71   -243.99       0     833     831     579
47122  07  00    20  99999.00  99999.00  26309.82  27594.42   -610.39   -291.55  -1175.77   -188.17       0     746     759     522
47122  07  00    15  99999.00  99999.00  99999.00  99999.00 -13613.68  11799.44  -1144.02   -153.18       0       0     137     108
47122  07  00    10  99999.00  99999.00  30809.54  32501.54   -573.91   -173.95  -1154.85   -137.61       0     462     514     347
47122  07  00     7  99999.00  99999.00  33415.85  34795.73  -7696.42   6713.18  -1143.57   -112.53       0     159     256     135
47122  07  00     5  99999.00  99999.00  35582.01  37382.49   -566.73    -50.01  -1146.16    -92.44       0      80     136      64
47122  07  00     3  99999.00  99999.00  99999.00  99999.00  99999.00  99999.00  99999.00  99999.00       0      18      50      21
47122  07  00     2  99999.00  99999.00  99999.00  99999.00  99999.00  99999.00  99999.00  99999.00       0       6      16      11
47122  07  00     1  99999.00  99999.00  99999.00  99999.00  99999.00  99999.00  99999.00  99999.00       0       0       4       3
47122  08  00  9999    977.14   1028.26  99999.00  99999.00     87.95    380.27    -92.52    144.96     974       0     973     971
47122  08  00  1000  99999.00  99999.00    -45.41    223.87     88.22    372.38     14.57    380.57       0     801     803     799
47122  08  00   925  99999.00  99999.00    546.30    959.58     76.55    333.71    -37.68    378.60       0     704     709     709
47122  08  00   900  99999.00  99999.00  99999.00  99999.00  99999.00  99999.00  99999.00  99999.00       0       0      19      19
47122  08  00   850  99999.00  99999.00   1256.72   1699.40     46.23    289.83   -181.58    424.18       0    1047    1042    1034
47122  08  00   800  99999.00  99999.00  99999.00  99999.00  99999.00  99999.00  99999.00  99999.00       0       0      16      16
47122  08  00   700  99999.00  99999.00   2871.14   3350.06  -1591.26   1755.78   -563.41    535.31       0    1040    1043    1037
47122  08  00   600  99999.00  99999.00  99999.00  99999.00  99999.00  99999.00  99999.00  99999.00       0       0      23      23
47122  08  00   500  99999.00  99999.00   5538.00   6118.32  -1714.67   1592.89   -921.00    510.36       0    1038    1035    1029
47122  08  00   400  99999.00  99999.00   7205.01   7889.61   -310.56      0.24   -998.11    391.85       0    1028    1022    1013
47122  08  00   300  99999.00  99999.00   9234.00  10084.56   -467.12   -127.40  -1047.35    172.33       0    1020    1015    1000
47122  08  00   250  99999.00  99999.00  10457.57  11409.65   -546.41   -232.37  -1077.35     16.21       0    1011    1010     873
47122  08  00   200  99999.00  99999.00  11918.59  12938.59   -640.25   -354.17  -1088.30   -178.58       0    1007    1008     673
47122  08  00   150  99999.00  99999.00  13762.16  14764.88   -767.18   -448.22  -1173.86   -312.38       0     996     995     667
47122  08  00   100  99999.00  99999.00  16308.88  17158.60   -862.67   -493.79  -1234.83   -379.59       0     979     982     661
47122  08  00    80  99999.00  99999.00  99999.00  99999.00  -7930.90   6303.74  99999.00  99999.00       0       0      62      43
47122  08  00    70  99999.00  99999.00  18526.44  19264.56   -799.17   -476.73  -1223.17   -342.61       0     929     931     647
47122  08  00    60  99999.00  99999.00  99999.00  99999.00  99999.00  99999.00  99999.00  99999.00       0       0      51      39
47122  08  00    50  99999.00  99999.00  20600.82  21381.54   -705.13   -449.89  -1190.02   -304.90       0     892     898     623
47122  08  00    40  99999.00  99999.00  99999.00  99999.00  -7902.94   6508.82  99999.00  99999.00       0       0      62      50
47122  08  00    30  99999.00  99999.00  23787.15  24750.39   -645.19   -370.75  -1205.32   -230.80       0     837     842     594
47122  08  00    20  99999.00  99999.00  26346.21  27528.33   -607.29   -315.45  -1200.56   -200.84       0     750     761     527
47122  08  00    15  99999.00  99999.00  99999.00  99999.00 -14112.44  12193.84  -1203.09   -141.09       0       0     127     100
47122  08  00    10  99999.00  99999.00  30800.24  32418.44   -588.77   -193.49  -1177.46   -167.42       0     498     550     371
47122  08  00     7  99999.00  99999.00  33318.22  34811.62  -8397.77   7312.87  -1145.27   -176.63       0     181     267     148
47122  08  00     5  99999.00  99999.00  35613.42  37258.26  -9749.13   8588.07  -1083.79   -216.31       0      89     157      74
47122  08  00     3  99999.00  99999.00  99999.00  99999.00  99999.00  99999.00  99999.00  99999.00       0      24      46      17
47122  08  00     2  99999.00  99999.00  99999.00  99999.00  99999.00  99999.00  99999.00  99999.00       0       6      16       7
47122  08  00     1  99999.00  99999.00  99999.00  99999.00  99999.00  99999.00  99999.00  99999.00       0       1       5       2
47122  09  00  9999    979.65   1036.05  99999.00  99999.00    -22.77    376.59    -93.80    148.36     973       0     973     972
47122  09  00  1000  99999.00  99999.00    -74.17    321.35     -5.87    356.17   -109.38    390.42       0     943     943     941
47122  09  00   925  99999.00  99999.00    561.50   1005.62    -16.58    342.34   -231.55    439.13       0     671     673     673
47122  09  00   900  99999.00  99999.00  99999.00  99999.00  99999.00  99999.00  99999.00  99999.00       0       0      20      20
47122  09  00   850  99999.00  99999.00   1280.33   1715.21    -68.50    315.98   -478.02    553.14       0     999    1001     998
47122  09  00   800  99999.00  99999.00  99999.00  99999.00  99999.00  99999.00  99999.00  99999.00       0       0      21      21
47122  09  00   700  99999.00  99999.00   2868.49   3338.41   -145.16    245.44   -824.54    596.86       0     999    1000     995
47122  09  00   600  99999.00  99999.00  99999.00  99999.00  99999.00  99999.00  99999.00  99999.00       0       0      24      24
47122  09  00   500  99999.00  99999.00   5431.32   6120.84   -336.33    140.79  -1024.85    500.11       0     998     998     994
47122  09  00   400  99999.00  99999.00   6993.48   7935.36   -468.97     64.07  -1072.35    383.85       0     989     988     984
47122  09  00   300  99999.00  99999.00   8893.83  10182.99   -596.41    -81.49  -1063.53    128.07       0     980     981     935
47122  09  00   250  99999.00  99999.00  10064.14  11521.66   -635.93   -206.57  -1069.21    -48.85       0     975     975     739
47122  09  00   200  99999.00  99999.00  11506.58  13042.94   -680.30   -333.14  -1093.75   -220.75       0     968     966     658
47122  09  00   150  99999.00  99999.00  13384.28  14839.76   -793.26   -401.34  -1181.37   -309.69       0     962     960     659
47122  09  00   100  99999.00  99999.00  16019.10  17177.46   -901.49   -423.89  -1255.29   -353.01       0     946     949     651
47122  09  00    80  99999.00  99999.00  99999.00  99999.00  99999.00  99999.00  99999.00  99999.00       0       0      54      47
47122  09  00    70  99999.00  99999.00  18296.11  19251.07   -819.30   -437.34  -1219.04   -344.84       0     906     906     636
47122  09  00    60  99999.00  99999.00  99999.00  99999.00  -9640.01   7983.19  -1222.37   -285.17       0       0      81      64
47122  09  00    50  99999.00  99999.00  20422.50  21326.10   -710.22   -439.50  -1183.13   -307.01       0     878     882     627
47122  09  00    40  99999.00  99999.00  99999.00  99999.00 -11744.44   9938.72  -1181.69   -269.69       0       0      80      61
47122  09  00    30  99999.00  99999.00  23633.17  24661.93   -648.01   -384.49  -1177.45   -251.53       0     830     834     596
47122  09  00    20  99999.00  99999.00  26187.37  27417.25   -624.07   -328.39  -1173.49   -221.41       0     762     773     559
47122  09  00    15  99999.00  99999.00  99999.00  99999.00 -20665.81  17383.79  -1129.80   -225.84       0       0     136     105
47122  09  00    10  99999.00  99999.00  30587.41  32295.85  -2816.37   1959.75  -1175.39   -156.95       0     545     584     420
47122  09  00     7  99999.00  99999.00  33087.71  34637.99 -10772.05   9400.67  -1123.41   -157.65       0     193     318     197
47122  09  00     5  99999.00  99999.00  35291.43  37093.23  -8123.70   7068.18  -1110.49   -174.85       0      90     172      92
47122  09  00     3  99999.00  99999.00  99999.00  99999.00 -10066.74   8874.18  99999.00  99999.00       0      30      74      34
47122  09  00     2  99999.00  99999.00  99999.00  99999.00  99999.00  99999.00  99999.00  99999.00       0       9      30      10
47122  09  00     1  99999.00  99999.00  99999.00  99999.00  99999.00  99999.00  99999.00  99999.00       0       0       7       4
47122  10  00  9999    986.65   1040.17  99999.00  99999.00   -152.17    353.75   -131.30    192.46     984       0     983     983
47122  10  00  1000  99999.00  99999.00    -52.39    377.33  -1613.86   1822.70   -257.06    396.94       0    1004    1004    1001
47122  10  00   925  99999.00  99999.00    605.18   1019.78   -147.97    349.31   -410.46    452.94       0     670     677     676
47122  10  00   900  99999.00  99999.00  99999.00  99999.00  99999.00  99999.00  99999.00  99999.00       0       0      18      18
47122  10  00   850  99999.00  99999.00   1293.55   1727.71   -197.39    327.13   -622.74    499.86       0    1008    1010    1004
47122  10  00   800  99999.00  99999.00  99999.00  99999.00  99999.00  99999.00  99999.00  99999.00       0       0      26      26
47122  10  00   700  99999.00  99999.00   2780.82   3382.50   -241.51    227.93   -782.39    416.05       0    1009    1007    1005
47122  10  00   600  99999.00  99999.00  99999.00  99999.00  99999.00  99999.00  99999.00  99999.00       0       0      13      13
47122  10  00   500  99999.00  99999.00   5238.14   6154.22   -403.76     85.84   -982.00    327.68       0    1003    1005    1001
47122  10  00   400  99999.00  99999.00   3973.76  10672.76   -532.51     -6.91  -1071.42    245.22       0     996    1001     995
47122  10  00   300  99999.00  99999.00   8602.75  10113.55   -665.88   -139.56  -1088.37     18.75       0     990     991     800
47122  10  00   250  99999.00  99999.00   9751.35  11417.07   -727.57   -204.25  -1073.65   -149.89       0     987     985     694
47122  10  00   200  99999.00  99999.00  11184.22  12909.46  -2364.87   1311.57  -1093.89   -255.33       0     973     970     662
47122  10  00   150  99999.00  99999.00  13069.80  14706.36   -770.45   -387.17  -1151.50   -313.18       0     962     965     657
47122  10  00   100  99999.00  99999.00  15743.25  17069.49   -880.21   -384.85  -1227.11   -328.67       0     948     964     650
47122  10  00    80  99999.00  99999.00  99999.00  99999.00   -890.21   -373.01  99999.00  99999.00       0       0      71      57
47122  10  00    70  99999.00  99999.00  18073.95  19135.11   -816.30   -411.06  -1213.40   -319.52       0     908     913     638
47122  10  00    60  99999.00  99999.00  99999.00  99999.00 -13775.66  11597.98  99999.00  99999.00       0       0      76      55
47122  10  00    50  99999.00  99999.00  20204.45  21218.69   -742.92   -408.84  -1183.72   -301.60       0     875     880     619
47122  10  00    40  99999.00  99999.00  99999.00  99999.00 -15483.19  13106.45  -1179.18   -260.70       0       0      89      67
47122  10  00    30  99999.00  99999.00  23422.33  24529.93   -680.91   -375.15  -1158.13   -276.73       0     825     834     583
47122  10  00    20  99999.00  99999.00  25957.98  27269.10   -662.82   -325.50  -1151.81   -247.37       0     776     789     554
47122  10  00    15  99999.00  99999.00  99999.00  99999.00 -15563.35  13322.33  -1169.01   -197.49       0       0     147     112
47122  10  00    10  99999.00  99999.00  30337.72  32069.80   -642.32   -235.76  -1162.97   -181.73       0     566     605     423
47122  10  00     7  99999.00  99999.00  32714.89  34512.85  -8013.29   6877.99  -1128.18   -162.78       0     181     295     168
47122  10  00     5  99999.00  99999.00  34769.44  37070.80  -9720.65   8474.83  -1145.77   -167.17       0      84     158      83
47122  10  00     3  99999.00  99999.00  99999.00  99999.00  99999.00  99999.00  99999.00  99999.00       0      18      58      30
47122  10  00     2  99999.00  99999.00  99999.00  99999.00  99999.00  99999.00  99999.00  99999.00       0       6      22      14
47122  10  00     1  99999.00  99999.00  99999.00  99999.00  99999.00  99999.00  99999.00  99999.00       0       0       4       0
47122  11  00  9999    984.54   1048.02  99999.00  99999.00   -260.19    326.73   -133.96    212.72     953       0     950     949
47122  11  00  1000  99999.00  99999.00    -57.93    424.47   -239.98    337.58   -437.80    422.12       0     959     960     956
47122  11  00   925  99999.00  99999.00    586.32   1044.00   -280.75    340.85   -628.00    528.44       0     655     671     671
47122  11  00   900  99999.00  99999.00  99999.00  99999.00  99999.00  99999.00  99999.00  99999.00       0       0      23      23
47122  11  00   850  99999.00  99999.00   1250.26   1744.78   -316.61    312.91   -739.36    510.80       0     969     964     958
47122  11  00   800  99999.00  99999.00  99999.00  99999.00  99999.00  99999.00  99999.00  99999.00       0       0      15      15
47122  11  00   700  99999.00  99999.00   2681.60   3387.68   -350.45    225.91   -800.51    362.77       0     971     969     966
47122  11  00   600  99999.00  99999.00  99999.00  99999.00  99999.00  99999.00  99999.00  99999.00       0       0      18      18
47122  11  00   500  99999.00  99999.00   5028.67   6160.99   -470.19     43.41   -938.54    213.22       0     966     967     961
47122  11  00   400  99999.00  99999.00   6510.91   7898.95  -2229.05   1562.11   -990.86     74.62       0     954     952     937
47122  11  00   300  99999.00  99999.00   8362.44   9992.52   -674.86   -223.54  -1008.77   -142.73       0     945     946     663
47122  11  00   250  99999.00  99999.00   9537.72  11230.20   -756.24   -242.16   -993.37   -274.57       0     944     943     640
47122  11  00   200  99999.00  99999.00  11003.97  12660.81   -776.91   -283.47  -1028.01   -317.37       0     940     942     634
47122  11  00   150  99999.00  99999.00  12894.58  14448.82   -758.46   -382.14  -1082.83   -344.35       0     925     928     628
47122  11  00   100  99999.00  99999.00  15560.09  16862.33   -832.36   -382.48  -1141.12   -355.96       0     908     913     619
47122  11  00    80  99999.00  99999.00  99999.00  99999.00 -10785.44   8994.88  99999.00  99999.00       0       0      64      43
47122  11  00    70  99999.00  99999.00  17905.90  18968.14   -815.87   -376.43  -1143.59   -345.71       0     870     871     611
47122  11  00    60  99999.00  99999.00  99999.00  99999.00 -10552.85   8815.39  99999.00  99999.00       0       0      67      50
47122  11  00    50  99999.00  99999.00  20052.55  21053.71   -792.57   -353.49  -1135.28   -324.20       0     838     841     588
47122  11  00    40  99999.00  99999.00  99999.00  99999.00 -16519.51  13958.45  -1064.91   -347.91       0       0     116      79
47122  11  00    30  99999.00  99999.00  23246.31  24402.99   -753.69   -287.85  -1141.42   -259.90       0     774     788     547
47122  11  00    20  99999.00  99999.00  25770.77  27175.61   -729.93   -238.29  -1137.04   -223.84       0     703     710     488
47122  11  00    15  99999.00  99999.00  99999.00  99999.00 -10953.17   9421.87  -1200.80   -124.64       0       0     154     116
47122  11  00    10  99999.00  99999.00  30142.79  32049.35   -726.53   -115.49  -1147.02   -151.26       0     527     564     378
47122  11  00     7  99999.00  99999.00  32376.74  34633.58 -12567.00  10945.44  -1131.64   -139.84       0     184     300     170
47122  11  00     5  99999.00  99999.00  34666.37  37022.33  -6980.03   5988.85  -1093.07   -154.31       0      85     158      87
47122  11  00     3  99999.00  99999.00  99999.00  99999.00  99999.00  99999.00  99999.00  99999.00       0      25      59      21
47122  11  00     2  99999.00  99999.00  99999.00  99999.00  99999.00  99999.00  99999.00  99999.00       0       8      19       6
47122  11  00     1  99999.00  99999.00  99999.00  99999.00  99999.00  99999.00  99999.00  99999.00       0       0       3       1
47122  12  00  9999    984.85   1051.57  99999.00  99999.00   -330.73    267.23   -130.54    223.46     992       0     989     986
47122  12  00  1000  99999.00  99999.00    -56.41    445.67   -323.40    286.80   -505.40    350.08       0     999     997     991
47122  12  00   925  99999.00  99999.00    568.73   1057.01   -362.80    286.40   -684.31    441.77       0     700     712     712
47122  12  00   900  99999.00  99999.00  99999.00  99999.00  99999.00  99999.00  99999.00  99999.00       0       0      15      15
47122  12  00   850  99999.00  99999.00   -727.07   3657.85   -381.51    254.25   -739.59    391.17       0    1000     994     992
47122  12  00   800  99999.00  99999.00  99999.00  99999.00  99999.00  99999.00  99999.00  99999.00       0       0      16      16
47122  12  00   700  99999.00  99999.00   2599.32   3361.08   -442.43    209.41   -796.29    266.19       0    1001    1001    1001
47122  12  00   600  99999.00  99999.00  99999.00  99999.00  99999.00  99999.00  99999.00  99999.00       0       0      16      16
47122  12  00   500  99999.00  99999.00   4867.58   6114.86   -519.28      2.60   -893.03    108.13       0    1000    1001     994
47122  12  00   400  99999.00  99999.00   6326.19   7819.71   -579.64   -144.52   -914.91    -49.23       0     993     999     953
47122  12  00   300  99999.00  99999.00   8191.10   9849.98   -696.82   -249.94   -916.32   -272.40       0     989     991     692
47122  12  00   250  99999.00  99999.00   9383.52  11051.16   -794.93   -222.17   -936.10   -335.98       0     981     983     688
47122  12  00   200  99999.00  99999.00   7377.74  15907.34   -755.80   -283.60   -962.01   -354.69       0     963     969     678
47122  12  00   150  99999.00  99999.00  12784.93  14251.21   -736.69   -363.37  -1004.85   -376.53       0     945     954     667
47122  12  00   100  99999.00  99999.00  15462.94  16704.10   -818.32   -356.32  -1065.24   -382.20       0     933     946     657
47122  12  00    80  99999.00  99999.00  99999.00  99999.00   -870.07   -310.03  99999.00  99999.00       0       0      77      54
47122  12  00    70  99999.00  99999.00  17765.14  18884.14   -816.68   -344.84  -1057.04   -387.44       0     885     892     626
47122  12  00    60  99999.00  99999.00  99999.00  99999.00 -11813.43   9947.25  99999.00  99999.00       0       0      79      58
47122  12  00    50  99999.00  99999.00  19891.82  21007.82   -799.34   -338.78  -1070.87   -363.95       0     843     854     601
47122  12  00    40  99999.00  99999.00  99999.00  99999.00  -8805.08   7303.00  -1041.37   -366.01       0       0      98      72
47122  12  00    30  99999.00  99999.00  23037.22  24408.70   -763.56   -270.96  -1061.77   -310.21       0     766     781     542
47122  12  00    20  99999.00  99999.00  25562.98  27199.78   -752.57   -202.85  -1063.70   -267.74       0     679     695     477
47122  12  00    15  99999.00  99999.00  99999.00  99999.00 -14018.60  12089.56  -1094.06   -205.46       0       0     147     113
47122  12  00    10  99999.00  99999.00  29917.15  32143.99   -752.71    -64.63  -1104.83   -154.79       0     492     541     355
47122  12  00     7  99999.00  99999.00  32226.46  34701.46 -10570.28   9231.64  -1133.10    -93.78       0     169     265     132
47122  12  00     5  99999.00  99999.00  34396.08  37194.96  -8602.42   7507.82  -1151.39    -70.07       0      87     153      74
47122  12  00     3  99999.00  99999.00  99999.00  99999.00  99999.00  99999.00  99999.00  99999.00       0      20      49      15
47122  12  00     2  99999.00  99999.00  99999.00  99999.00  99999.00  99999.00  99999.00  99999.00       0       9      18       5
47122  12  00     1  99999.00  99999.00  99999.00  99999.00  99999.00  99999.00  99999.00  99999.00       0       0       5       2
