83840  01  00  9999    894.27    928.47  99999.00  99999.00     57.33    334.65    -84.03    124.65     481       0     479     479
83840  01  00  1000  99999.00  99999.00  99999.00  99999.00  99999.00  99999.00  99999.00  99999.00       0       0       0       0
83840  01  00   925  99999.00  99999.00  99999.00  99999.00  99999.00  99999.00  99999.00  99999.00       0       0       0       0
83840  01  00   900  99999.00  99999.00  99999.00  99999.00  99999.00  99999.00  99999.00  99999.00       0       0       3       3
83840  01  00   850  99999.00  99999.00   1350.84   1666.44      3.12    338.64    -34.45    318.35       0     484     484     483
83840  01  00   800  99999.00  99999.00  99999.00  99999.00  99999.00  99999.00  99999.00  99999.00       0       0      26      26
83840  01  00   700  99999.00  99999.00   2985.89   3304.25    -17.96    188.80   -504.94    535.34       0     484     484     483
83840  01  00   600  99999.00  99999.00  99999.00  99999.00  99999.00  99999.00  99999.00  99999.00       0       0      23      23
83840  01  00   500  99999.00  99999.00   5659.88   6050.60   -172.50     47.58  -1039.48    601.04       0     471     475     474
83840  01  00   400  99999.00  99999.00   7331.87   7802.39   -291.31    -46.63  -1207.84    513.08       0     471     473     473
83840  01  00   300  99999.00  99999.00   9354.04   9976.24   -447.65   -186.17  -1218.32    247.48       0     465     466     464
83840  01  00   250  99999.00  99999.00  10562.08  11290.60   -527.69   -299.33  -1241.08     97.28       0     459     464     393
83840  01  00   200  99999.00  99999.00  12004.49  12802.85   -637.39   -415.87  -1191.18   -171.90       0     450     454     337
83840  01  00   150  99999.00  99999.00  13807.58  14609.66   -809.44   -488.20  -1152.49   -424.57       0     442     444     329
83840  01  00   100  99999.00  99999.00  16274.78  16954.34   -925.08   -582.12  -1226.48   -526.76       0     421     426     322
83840  01  00    80  99999.00  99999.00  99999.00  99999.00  99999.00  99999.00  99999.00  99999.00       0       0      38      26
83840  01  00    70  99999.00  99999.00  18428.44  18919.48  -5146.16   3547.48  -1240.61   -518.81       0     318     326     272
83840  01  00    60  99999.00  99999.00  99999.00  99999.00  99999.00  99999.00  99999.00  99999.00       0       0      20      15
83840  01  00    50  99999.00  99999.00  20408.67  20946.75  -4044.54   2658.30  -1249.88   -452.60       0     275     280     242
83840  01  00    40  99999.00  99999.00  99999.00  99999.00  99999.00  99999.00  99999.00  99999.00       0       0      30      25
83840  01  00    30  99999.00  99999.00  23457.58  24256.90  -4865.33   3620.95  -1228.32   -398.04       0     163     178     142
83840  01  00    20  99999.00  99999.00  99999.00  99999.00  99999.00  99999.00  99999.00  99999.00       0      39      43      16
83840  01  00    15  99999.00  99999.00  99999.00  99999.00  99999.00  99999.00  99999.00  99999.00       0       0      10       0
83840  01  00    10  99999.00  99999.00  99999.00  99999.00  99999.00  99999.00  99999.00  99999.00       0      17      18       0
83840  01  00     7  99999.00  99999.00  99999.00  99999.00  99999.00  99999.00  99999.00  99999.00       0       0       2       0
83840  01  00     5  99999.00  99999.00  99999.00  99999.00  99999.00  99999.00  99999.00  99999.00       0       0       0       0
83840  01  00     3  99999.00  99999.00  99999.00  99999.00  99999.00  99999.00  99999.00  99999.00       0       0       0       0
83840  01  00     2  99999.00  99999.00  99999.00  99999.00  99999.00  99999.00  99999.00  99999.00       0       0       0       0
83840  01  00     1  99999.00  99999.00  99999.00  99999.00  99999.00  99999.00  99999.00  99999.00       0       0       0       0
83840  02  00  9999    896.97    927.57  99999.00  99999.00     69.62    330.26    -68.02    104.30     400       0     400     400
83840  02  00  1000  99999.00  99999.00  99999.00  99999.00  99999.00  99999.00  99999.00  99999.00       0       0       0       0
83840  02  00   925  99999.00  99999.00  99999.00  99999.00  99999.00  99999.00  99999.00  99999.00       0       0       0       0
83840  02  00   900  99999.00  99999.00  99999.00  99999.00  99999.00  99999.00  99999.00  99999.00       0       0       4       4
83840  02  00   850  99999.00  99999.00   1377.83   1658.27     12.51    341.91    -30.53    318.79       0     409     410     409
83840  02  00   800  99999.00  99999.00  99999.00  99999.00  99999.00  99999.00  99999.00  99999.00       0       0      19      19
83840  02  00   700  99999.00  99999.00   3005.65   3306.13     -7.76    180.40   -547.06    570.38       0     410     409     408
83840  02  00   600  99999.00  99999.00  99999.00  99999.00  99999.00  99999.00  99999.00  99999.00       0       0      15      15
83840  02  00   500  99999.00  99999.00   5677.36   6053.56   -160.41     34.59  -1058.49    611.31       0     405     406     404
83840  02  00   400  99999.00  99999.00   7346.96   7806.56   -292.50    -46.14  -1132.82    470.50       0     398     397     396
83840  02  00   300  99999.00  99999.00   9375.81   9972.57   -450.09   -187.05  -1099.31    165.97       0     396     398     397
83840  02  00   250  99999.00  99999.00  10589.43  11281.11   -532.54   -300.22  -1145.17     11.63       0     385     386     346
83840  02  00   200  99999.00  99999.00  12011.77  12809.53   -646.38   -411.66  -1150.54   -203.74       0     383     383     302
83840  02  00   150  99999.00  99999.00  13817.07  14612.55   -803.99   -499.55  -1133.43   -444.63       0     366     365     287
83840  02  00   100  99999.00  99999.00  16249.30  16984.06   -939.81   -570.93  -1239.12   -517.20       0     352     358     282
83840  02  00    80  99999.00  99999.00  99999.00  99999.00  99999.00  99999.00  99999.00  99999.00       0       0      36      26
83840  02  00    70  99999.00  99999.00  18439.05  18899.01   -912.19   -552.91  -1248.46   -496.54       0     279     287     256
83840  02  00    60  99999.00  99999.00  99999.00  99999.00  99999.00  99999.00  99999.00  99999.00       0       0      32      29
83840  02  00    50  99999.00  99999.00  20421.18  20938.38   -798.84   -517.08  -1240.79   -450.35       0     230     236     211
83840  02  00    40  99999.00  99999.00  99999.00  99999.00  99999.00  99999.00  99999.00  99999.00       0       0      22      18
83840  02  00    30  99999.00  99999.00  23499.22  24217.18   -688.14   -447.30  -1207.86   -408.06       0     122     130     111
83840  02  00    20  99999.00  99999.00  99999.00  99999.00  99999.00  99999.00  99999.00  99999.00       0      24      27      11
83840  02  00    15  99999.00  99999.00  99999.00  99999.00  99999.00  99999.00  99999.00  99999.00       0       0       5       0
83840  02  00    10  99999.00  99999.00  99999.00  99999.00  99999.00  99999.00  99999.00  99999.00       0       7       8       0
83840  02  00     7  99999.00  99999.00  99999.00  99999.00  99999.00  99999.00  99999.00  99999.00       0       0       3       0
83840  02  00     5  99999.00  99999.00  99999.00  99999.00  99999.00  99999.00  99999.00  99999.00       0       0       0       0
83840  02  00     3  99999.00  99999.00  99999.00  99999.00  99999.00  99999.00  99999.00  99999.00       0       0       0       0
83840  02  00     2  99999.00  99999.00  99999.00  99999.00  99999.00  99999.00  99999.00  99999.00       0       0       0       0
83840  02  00     1  99999.00  99999.00  99999.00  99999.00  99999.00  99999.00  99999.00  99999.00       0       0       0       0
83840  03  00  9999    897.46    928.42  99999.00  99999.00     55.00    328.36   -111.60    147.36     486       0     484     483
83840  03  00  1000  99999.00  99999.00  99999.00  99999.00  99999.00  99999.00  99999.00  99999.00       0       0       0       0
83840  03  00   925  99999.00  99999.00  99999.00  99999.00  99999.00  99999.00  99999.00  99999.00       0       0       0       0
83840  03  00   900  99999.00  99999.00  99999.00  99999.00  99999.00  99999.00  99999.00  99999.00       0       0      11      11
83840  03  00   850  99999.00  99999.00   1385.69   1659.29     -8.36    344.20    -19.35    295.77       0     513     512     512
83840  03  00   800  99999.00  99999.00  99999.00  99999.00  99999.00  99999.00  99999.00  99999.00       0       0      18      18
83840  03  00   700  99999.00  99999.00   3013.03   3298.03    -27.76    189.92   -616.79    609.37       0     514     513     512
83840  03  00   600  99999.00  99999.00  99999.00  99999.00  99999.00  99999.00  99999.00  99999.00       0       0      34      34
83840  03  00   500  99999.00  99999.00   5671.19   6053.15   -182.62     51.38  -1107.88    602.96       0     508     509     507
83840  03  00   400  99999.00  99999.00   7322.86   7817.50   -317.38    -33.22  -1158.99    432.93       0     503     505     501
83840  03  00   300  99999.00  99999.00   9312.91  10008.67   -470.14   -178.78  -1225.11    226.89       0     497     498     496
83840  03  00   250  99999.00  99999.00  10517.97  11320.77   -542.00   -299.36  -1222.96     43.64       0     488     490     429
83840  03  00   200  99999.00  99999.00  11956.40  12827.96   -642.51   -416.91  -1171.25   -210.05       0     477     480     382
83840  03  00   150  99999.00  99999.00  13781.66  14611.22   -828.42   -472.14  -1134.70   -444.34       0     461     463     367
83840  03  00   100  99999.00  99999.00  16242.98  16952.30   -945.64   -562.24  -1196.32   -555.64       0     433     443     354
83840  03  00    80  99999.00  99999.00  99999.00  99999.00  99999.00  99999.00  99999.00  99999.00       0       0      36      23
83840  03  00    70  99999.00  99999.00  18358.86  18963.78   -899.18   -555.86  -1216.74   -516.78       0     357     368     317
83840  03  00    60  99999.00  99999.00  99999.00  99999.00  99999.00  99999.00  99999.00  99999.00       0       0      44      34
83840  03  00    50  99999.00  99999.00  20364.47  20997.83   -769.86   -530.10  -1270.34   -413.54       0     314     325     279
83840  03  00    40  99999.00  99999.00  99999.00  99999.00  99999.00  99999.00  99999.00  99999.00       0       0      42      34
83840  03  00    30  99999.00  99999.00  23494.45  24245.89   -680.03   -438.35  -1204.99   -391.75       0     179     191     154
83840  03  00    20  99999.00  99999.00  99999.00  99999.00  99999.00  99999.00  99999.00  99999.00       0      44      54      22
83840  03  00    15  99999.00  99999.00  99999.00  99999.00  99999.00  99999.00  99999.00  99999.00       0       0       9       0
83840  03  00    10  99999.00  99999.00  99999.00  99999.00  99999.00  99999.00  99999.00  99999.00       0      19      19       0
83840  03  00     7  99999.00  99999.00  99999.00  99999.00  99999.00  99999.00  99999.00  99999.00       0       1       3       0
83840  03  00     5  99999.00  99999.00  99999.00  99999.00  99999.00  99999.00  99999.00  99999.00       0       0       2       0
83840  03  00     3  99999.00  99999.00  99999.00  99999.00  99999.00  99999.00  99999.00  99999.00       0       0       0       0
83840  03  00     2  99999.00  99999.00  99999.00  99999.00  99999.00  99999.00  99999.00  99999.00       0       0       0       0
83840  03  00     1  99999.00  99999.00  99999.00  99999.00  99999.00  99999.00  99999.00  99999.00       0       0       0       0
83840  04  00  9999    896.30    932.90  99999.00  99999.00     13.60    329.80   -106.79    143.05     421       0     420     420
83840  04  00  1000  99999.00  99999.00  99999.00  99999.00  99999.00  99999.00  99999.00  99999.00       0       0       0       0
83840  04  00   925  99999.00  99999.00  99999.00  99999.00  99999.00  99999.00  99999.00  99999.00       0       0       0       0
83840  04  00   900  99999.00  99999.00  99999.00  99999.00  99999.00  99999.00  99999.00  99999.00       0       0      21      21
83840  04  00   850  99999.00  99999.00   1370.36   1698.56    -25.13    328.15    -95.15    331.33       0     432     435     433
83840  04  00   800  99999.00  99999.00  99999.00  99999.00  99999.00  99999.00  99999.00  99999.00       0       0      27      27
83840  04  00   700  99999.00  99999.00   2991.15   3324.75    -51.71    198.37   -816.43    694.37       0     430     430     428
83840  04  00   600  99999.00  99999.00  99999.00  99999.00  99999.00  99999.00  99999.00  99999.00       0       0      21      21
83840  04  00   500  99999.00  99999.00   5630.96   6076.04   -210.28     50.36  -1050.22    471.50       0     423     425     422
83840  04  00   400  99999.00  99999.00   7266.91   7834.75   -346.09    -41.17  -1167.45    370.95       0     421     423     423
83840  04  00   300  99999.00  99999.00   9242.84  10004.60   -507.24   -184.92  -1189.35    146.97       0     417     416     415
83840  04  00   250  99999.00  99999.00  10430.46  11311.98   -585.56   -296.36  -1214.11     13.13       0     409     408     319
83840  04  00   200  99999.00  99999.00  11856.26  12810.38   -688.78   -405.46  -1116.33   -268.65       0     407     406     311
83840  04  00   150  99999.00  99999.00  13662.19  14593.99   -835.78   -464.26  -1114.54   -457.42       0     393     394     298
83840  04  00   100  99999.00  99999.00  16127.23  16959.07   -939.09   -534.21  -1202.46   -524.82       0     381     382     289
83840  04  00    80  99999.00  99999.00  99999.00  99999.00  99999.00  99999.00  99999.00  99999.00       0       0      41      25
83840  04  00    70  99999.00  99999.00   9021.69  28055.37  -3812.55   2333.49  -1221.89   -494.09       0     326     330     269
83840  04  00    60  99999.00  99999.00  99999.00  99999.00  99999.00  99999.00  99999.00  99999.00       0       0      42      28
83840  04  00    50  99999.00  99999.00  20378.12  20936.24   -759.44   -510.92  -1281.48   -396.72       0     291     297     242
83840  04  00    40  99999.00  99999.00  99999.00  99999.00  99999.00  99999.00  99999.00  99999.00       0       0      33      22
83840  04  00    30  99999.00  99999.00  23490.06  24245.22   -677.71   -425.59  -1195.96   -410.20       0     157     169     126
83840  04  00    20  99999.00  99999.00  99999.00  99999.00  99999.00  99999.00  99999.00  99999.00       0      39      50      13
83840  04  00    15  99999.00  99999.00  99999.00  99999.00  99999.00  99999.00  99999.00  99999.00       0       0       6       0
83840  04  00    10  99999.00  99999.00  99999.00  99999.00  99999.00  99999.00  99999.00  99999.00       0      18      20       0
83840  04  00     7  99999.00  99999.00  99999.00  99999.00  99999.00  99999.00  99999.00  99999.00       0       0       1       0
83840  04  00     5  99999.00  99999.00  99999.00  99999.00  99999.00  99999.00  99999.00  99999.00       0       0       0       0
83840  04  00     3  99999.00  99999.00  99999.00  99999.00  99999.00  99999.00  99999.00  99999.00       0       0       0       0
83840  04  00     2  99999.00  99999.00  99999.00  99999.00  99999.00  99999.00  99999.00  99999.00       0       0       0       0
83840  04  00     1  99999.00  99999.00  99999.00  99999.00  99999.00  99999.00  99999.00  99999.00       0       0       0       0
83840  05  00  9999    895.87    934.51  99999.00  99999.00    -39.31    324.17    -93.14    132.94     448       0     447     447
83840  05  00  1000  99999.00  99999.00  99999.00  99999.00  99999.00  99999.00  99999.00  99999.00       0       0       0       0
83840  05  00   925  99999.00  99999.00  99999.00  99999.00  99999.00  99999.00  99999.00  99999.00       0       0       0       0
83840  05  00   900  99999.00  99999.00  99999.00  99999.00  99999.00  99999.00  99999.00  99999.00       0       0      17      17
83840  05  00   850  99999.00  99999.00   1371.56   1694.96    -83.51    334.81   -207.19    372.89       0     450     450     449
83840  05  00   800  99999.00  99999.00  99999.00  99999.00  99999.00  99999.00  99999.00  99999.00       0       0      24      24
83840  05  00   700  99999.00  99999.00   2960.44   3325.72   -118.44    228.24   -947.17    717.71       0     451     452     450
83840  05  00   600  99999.00  99999.00  99999.00  99999.00  99999.00  99999.00  99999.00  99999.00       0       0      26      26
83840  05  00   500  99999.00  99999.00   5532.42   6104.58   -259.82     59.74  -1072.52    427.36       0     447     447     445
83840  05  00   400  99999.00  99999.00   7147.09   7856.29   -379.40    -55.88  -1158.37    312.71       0     439     443     442
83840  05  00   300  99999.00  99999.00   9096.47  10011.71   -526.63   -215.59  -1227.74    120.10       0     428     428     420
83840  05  00   250  99999.00  99999.00  10283.00  11294.96   -614.49   -312.45  -1187.07    -63.87       0     420     425     329
83840  05  00   200  99999.00  99999.00  11700.68  12779.12   -720.36   -401.64  -1099.66   -304.18       0     419     420     322
83840  05  00   150  99999.00  99999.00  13515.07  14548.99   -846.01   -435.73  -1128.25   -432.25       0     394     394     305
83840  05  00   100  99999.00  99999.00  16044.90  16901.34   -910.35   -505.59  -1213.16   -483.68       0     375     380     295
83840  05  00    80  99999.00  99999.00  99999.00  99999.00  99999.00  99999.00  99999.00  99999.00       0       0      32      20
83840  05  00    70  99999.00  99999.00  18253.84  18915.28   -881.67   -495.51  -1253.05   -441.73       0     342     342     279
83840  05  00    60  99999.00  99999.00  99999.00  99999.00  99999.00  99999.00  99999.00  99999.00       0       0      43      28
83840  05  00    50  99999.00  99999.00  20313.49  20957.29   -769.28   -470.60  -1283.42   -358.94       0     304     307     253
83840  05  00    40  99999.00  99999.00  99999.00  99999.00  99999.00  99999.00  99999.00  99999.00       0       0      42      27
83840  05  00    30  99999.00  99999.00  23420.31  24313.47   -681.35   -416.51  -1186.78   -398.26       0     161     180     134
83840  05  00    20  99999.00  99999.00  99999.00  99999.00  99999.00  99999.00  99999.00  99999.00       0      44      51      10
83840  05  00    15  99999.00  99999.00  99999.00  99999.00  99999.00  99999.00  99999.00  99999.00       0       0      16       2
83840  05  00    10  99999.00  99999.00  99999.00  99999.00  99999.00  99999.00  99999.00  99999.00       0      20      20       0
83840  05  00     7  99999.00  99999.00  99999.00  99999.00  99999.00  99999.00  99999.00  99999.00       0       0       5       0
83840  05  00     5  99999.00  99999.00  99999.00  99999.00  99999.00  99999.00  99999.00  99999.00       0       0       0       0
83840  05  00     3  99999.00  99999.00  99999.00  99999.00  99999.00  99999.00  99999.00  99999.00       0       0       0       0
83840  05  00     2  99999.00  99999.00  99999.00  99999.00  99999.00  99999.00  99999.00  99999.00       0       0       0       0
83840  05  00     1  99999.00  99999.00  99999.00  99999.00  99999.00  99999.00  99999.00  99999.00       0       0       0       0
83840  06  00  9999    896.77    935.89  99999.00  99999.00    -60.02    326.74   -108.01    149.99     522       0     522     521
83840  06  00  1000  99999.00  99999.00  99999.00  99999.00  99999.00  99999.00  99999.00  99999.00       0       0       0       0
83840  06  00   925  99999.00  99999.00  99999.00  99999.00  99999.00  99999.00  99999.00  99999.00       0       1       1       1
83840  06  00   900  99999.00  99999.00  99999.00  99999.00  99999.00  99999.00  99999.00  99999.00       0       0      32      32
83840  06  00   850  99999.00  99999.00   1373.58   1711.26    -95.26    338.06   -359.33    487.75       0     543     542     542
83840  06  00   800  99999.00  99999.00  99999.00  99999.00  99999.00  99999.00  99999.00  99999.00       0       0      29      29
83840  06  00   700  99999.00  99999.00   2960.25   3340.17   -109.33    211.07   -993.67    748.25       0     541     543     541
83840  06  00   600  99999.00  99999.00  99999.00  99999.00  99999.00  99999.00  99999.00  99999.00       0       0      29      29
83840  06  00   500  99999.00  99999.00   5552.36   6090.08   -247.50     33.78  -1121.69    459.67       0     531     531     530
83840  06  00   400  99999.00  99999.00   7170.46   7826.38   -373.06    -78.82  -1185.79    303.41       0     525     531     531
83840  06  00   300  99999.00  99999.00   9117.84   9972.84   -533.28   -228.00  -1193.02     89.54       0     521     525     506
83840  06  00   250  99999.00  99999.00  10306.00  11242.72   -619.19   -325.79  -1167.61    -80.77       0     514     519     405
83840  06  00   200  99999.00  99999.00  11726.43  12707.55   -725.11   -410.23  -1081.19   -330.35       0     498     505     392
83840  06  00   150  99999.00  99999.00  13557.94  14453.86   -848.91   -438.15  -1140.88   -435.16       0     481     490     380
83840  06  00   100  99999.00  99999.00  16108.10  16787.06   -890.14   -510.82  -1233.18   -470.70       0     451     461     360
83840  06  00    80  99999.00  99999.00  99999.00  99999.00  99999.00  99999.00  99999.00  99999.00       0       0      50      32
83840  06  00    70  99999.00  99999.00  18274.34  18876.14   -852.43   -487.03  -1282.11   -412.95       0     408     415     340
83840  06  00    60  99999.00  99999.00  99999.00  99999.00  99999.00  99999.00  99999.00  99999.00       0       0      47      34
83840  06  00    50  99999.00  99999.00  20316.48  20963.04   -747.44   -467.00  -1307.09   -331.97       0     368     380     314
83840  06  00    40  99999.00  99999.00  99999.00  99999.00  99999.00  99999.00  99999.00  99999.00       0       0      55      42
83840  06  00    30  99999.00  99999.00  23433.48  24289.44   -687.41   -414.77  -1241.09   -334.61       0     212     231     181
83840  06  00    20  99999.00  99999.00  99999.00  99999.00  99999.00  99999.00  99999.00  99999.00       0      44      50      12
83840  06  00    15  99999.00  99999.00  99999.00  99999.00  99999.00  99999.00  99999.00  99999.00       0       0       5       0
83840  06  00    10  99999.00  99999.00  99999.00  99999.00  99999.00  99999.00  99999.00  99999.00       0      16      17       0
83840  06  00     7  99999.00  99999.00  99999.00  99999.00  99999.00  99999.00  99999.00  99999.00       0       0       2       0
83840  06  00     5  99999.00  99999.00  99999.00  99999.00  99999.00  99999.00  99999.00  99999.00       0       0       2       0
83840  06  00     3  99999.00  99999.00  99999.00  99999.00  99999.00  99999.00  99999.00  99999.00       0       0       0       0
83840  06  00     2  99999.00  99999.00  99999.00  99999.00  99999.00  99999.00  99999.00  99999.00       0       0       0       0
83840  06  00     1  99999.00  99999.00  99999.00  99999.00  99999.00  99999.00  99999.00  99999.00       0       0       0       0
83840  07  00  9999    894.37    939.73  99999.00  99999.00    -82.19    343.81   -120.85    167.63     509       0     509     509
83840  07  00  1000  99999.00  99999.00  99999.00  99999.00  99999.00  99999.00  99999.00  99999.00       0       0       0       0
83840  07  00   925  99999.00  99999.00  99999.00  99999.00  99999.00  99999.00  99999.00  99999.00       0      10      11      11
83840  07  00   900  99999.00  99999.00  99999.00  99999.00  99999.00  99999.00  99999.00  99999.00       0       0      36      36
83840  07  00   850  99999.00  99999.00  -1520.26   4574.78  -2573.86   2779.46   -310.14    435.18       0     519     519     517
83840  07  00   800  99999.00  99999.00  99999.00  99999.00  99999.00  99999.00  99999.00  99999.00       0       0      23      23
83840  07  00   700  99999.00  99999.00   2961.30   3352.50   -110.28    207.96   -930.55    695.21       0     520     522     521
83840  07  00   600  99999.00  99999.00  99999.00  99999.00  99999.00  99999.00  99999.00  99999.00       0       0      12      12
83840  07  00   500  99999.00  99999.00   1605.42   9982.02  -2745.50   2487.58  -1065.16    395.36       0     516     516     515
83840  07  00   400  99999.00  99999.00   2821.91  12108.59  -2836.91   2338.45  -1100.24    239.08       0     514     515     514
83840  07  00   300  99999.00  99999.00   4293.66  14710.98  -2958.25   2150.39  -1136.69     31.75       0     510     512     491
83840  07  00   250  99999.00  99999.00   5174.53  16282.21  -3039.14   2050.54  -1116.18   -136.86       0     507     506     409
83840  07  00   200  99999.00  99999.00   6189.04  18153.40  -3123.22   1956.62  -1080.68   -340.16       0     500     499     404
83840  07  00   150  99999.00  99999.00   7414.26  20505.30  -3193.72   1882.40  -1143.05   -430.49       0     487     493     395
83840  07  00   100  99999.00  99999.00   9053.47  23749.99  -3292.27   1861.85  -1221.66   -470.58       0     468     472     381
83840  07  00    80  99999.00  99999.00  99999.00  99999.00  99999.00  99999.00  99999.00  99999.00       0       0      51      42
83840  07  00    70  99999.00  99999.00  10043.16  26997.00  -4587.01   3171.35  -1279.17   -397.41       0     410     417     353
83840  07  00    60  99999.00  99999.00  99999.00  99999.00  99999.00  99999.00  99999.00  99999.00       0       0      56      44
83840  07  00    50  99999.00  99999.00  10967.50  30182.38  -3554.89   2290.19  -1312.36   -322.48       0     367     373     317
83840  07  00    40  99999.00  99999.00  99999.00  99999.00  99999.00  99999.00  99999.00  99999.00       0       0      55      45
83840  07  00    30  99999.00  99999.00   8709.94  38703.22  -4540.88   3342.52  -1256.57   -317.33       0     184     207     157
83840  07  00    20  99999.00  99999.00  99999.00  99999.00  99999.00  99999.00  99999.00  99999.00       0      33      38       7
83840  07  00    15  99999.00  99999.00  99999.00  99999.00  99999.00  99999.00  99999.00  99999.00       0       0       4       0
83840  07  00    10  99999.00  99999.00  99999.00  99999.00  99999.00  99999.00  99999.00  99999.00       0      10      11       0
83840  07  00     7  99999.00  99999.00  99999.00  99999.00  99999.00  99999.00  99999.00  99999.00       0       0       3       1
83840  07  00     5  99999.00  99999.00  99999.00  99999.00  99999.00  99999.00  99999.00  99999.00       0       0       0       0
83840  07  00     3  99999.00  99999.00  99999.00  99999.00  99999.00  99999.00  99999.00  99999.00       0       0       0       0
83840  07  00     2  99999.00  99999.00  99999.00  99999.00  99999.00  99999.00  99999.00  99999.00       0       0       0       0
83840  07  00     1  99999.00  99999.00  99999.00  99999.00  99999.00  99999.00  99999.00  99999.00       0       0       0       0
83840  08  00  9999    895.58    938.90  99999.00  99999.00    -94.50    370.26   -157.84    215.00     561       0     560     559
83840  08  00  1000  99999.00  99999.00  99999.00  99999.00  99999.00  99999.00  99999.00  99999.00       0       0       0       0
83840  08  00   925  99999.00  99999.00  99999.00  99999.00  99999.00  99999.00  99999.00  99999.00       0       4       4       4
83840  08  00   900  99999.00  99999.00  99999.00  99999.00  99999.00  99999.00  99999.00  99999.00       0       0      25      25
83840  08  00   850  99999.00  99999.00   1377.28   1726.96   -159.44    421.60   -256.34    378.46       0     575     575     575
83840  08  00   800  99999.00  99999.00  99999.00  99999.00  99999.00  99999.00  99999.00  99999.00       0       0      36      36
83840  08  00   700  99999.00  99999.00   2972.94   3356.70   -117.42    228.90   -993.09    738.27       0     571     571     570
83840  08  00   600  99999.00  99999.00  99999.00  99999.00  99999.00  99999.00  99999.00  99999.00       0       0      27      27
83840  08  00   500  99999.00  99999.00   5550.82   6124.30   -259.72     49.88  -1061.25    387.27       0     570     569     568
83840  08  00   400  99999.00  99999.00   7167.03   7865.19   -385.69    -67.69  -1113.14    242.86       0     568     568     568
83840  08  00   300  99999.00  99999.00   9132.51   9988.83   -539.38   -217.30  -1149.90     36.78       0     555     557     541
83840  08  00   250  99999.00  99999.00  10332.19  11256.31   -624.20   -312.80  -1130.19   -125.07       0     550     553     427
83840  08  00   200  99999.00  99999.00  11745.11  12742.07   -727.87   -388.39  -1092.15   -322.95       0     541     545     419
83840  08  00   150  99999.00  99999.00  13601.89  14485.81   -822.35   -445.19  -1141.08   -424.68       0     525     528     402
83840  08  00   100  99999.00  99999.00  16125.31  16866.43   -894.99   -495.27  -1188.77   -490.97       0     504     509     386
83840  08  00    80  99999.00  99999.00  99999.00  99999.00  99999.00  99999.00  99999.00  99999.00       0       0      45      28
83840  08  00    70  99999.00  99999.00  18322.51  18936.07   -837.85   -488.89  -1265.79   -409.95       0     440     445     352
83840  08  00    60  99999.00  99999.00  99999.00  99999.00  99999.00  99999.00  99999.00  99999.00       0       0      53      37
83840  08  00    50  99999.00  99999.00  20363.01  21031.29   -755.53   -466.33  -1327.68   -311.76       0     407     415     323
83840  08  00    40  99999.00  99999.00  99999.00  99999.00  99999.00  99999.00  99999.00  99999.00       0       0      60      42
83840  08  00    30  99999.00  99999.00  23447.79  24413.07  -4290.89   3109.87  -1226.65   -359.17       0     211     235     157
83840  08  00    20  99999.00  99999.00  99999.00  99999.00   -676.01   -344.57  99999.00  99999.00       0      56      62      11
83840  08  00    15  99999.00  99999.00  99999.00  99999.00  99999.00  99999.00  99999.00  99999.00       0       0       7       0
83840  08  00    10  99999.00  99999.00  99999.00  99999.00  99999.00  99999.00  99999.00  99999.00       0      20      20       0
83840  08  00     7  99999.00  99999.00  99999.00  99999.00  99999.00  99999.00  99999.00  99999.00       0       0       2       0
83840  08  00     5  99999.00  99999.00  99999.00  99999.00  99999.00  99999.00  99999.00  99999.00       0       0       0       0
83840  08  00     3  99999.00  99999.00  99999.00  99999.00  99999.00  99999.00  99999.00  99999.00       0       0       0       0
83840  08  00     2  99999.00  99999.00  99999.00  99999.00  99999.00  99999.00  99999.00  99999.00       0       0       0       0
83840  08  00     1  99999.00  99999.00  99999.00  99999.00  99999.00  99999.00  99999.00  99999.00       0       0       0       0
83840  09  00  9999    894.21    937.53  99999.00  99999.00    -71.02    356.18   -176.91    222.09     509       0     508     508
83840  09  00  1000  99999.00  99999.00  99999.00  99999.00  99999.00  99999.00  99999.00  99999.00       0       0       0       0
83840  09  00   925  99999.00  99999.00  99999.00  99999.00  99999.00  99999.00  99999.00  99999.00       0       1       1       1
83840  09  00   900  99999.00  99999.00  99999.00  99999.00  99999.00  99999.00  99999.00  99999.00       0       0      15      15
83840  09  00   850  99999.00  99999.00   1366.20   1711.44   -163.35    426.57   -241.84    394.16       0     525     526     526
83840  09  00   800  99999.00  99999.00  99999.00  99999.00  99999.00  99999.00  99999.00  99999.00       0       0      35      35
83840  09  00   700  99999.00  99999.00   2963.94   3345.90    -93.72    219.84   -956.21    747.55       0     526     524     523
83840  09  00   600  99999.00  99999.00  99999.00  99999.00  99999.00  99999.00  99999.00  99999.00       0       0      25      25
83840  09  00   500  99999.00  99999.00   5575.26   6088.50   -231.95     27.49  -1102.96    470.96       0     517     520     516
83840  09  00   400  99999.00  99999.00   7207.55   7819.43   -369.03    -70.11  -1144.78    308.06       0     516     515     514
83840  09  00   300  99999.00  99999.00   9184.83   9947.55   -528.51   -214.35  -1170.99     88.17       0     509     511     504
83840  09  00   250  99999.00  99999.00  10378.54  11221.42   -606.21   -321.81  -1157.03    -89.39       0     503     503     372
83840  09  00   200  99999.00  99999.00  11809.30  12693.10   -711.72   -403.08  -1099.89   -313.65       0     499     501     369
83840  09  00   150  99999.00  99999.00  13621.60  14474.92   -832.36   -442.72  -1135.38   -440.82       0     478     484     354
83840  09  00   100  99999.00  99999.00  16143.73  16844.41   -889.26   -508.14  -1179.80   -511.28       0     450     458     337
83840  09  00    80  99999.00  99999.00  99999.00  99999.00  99999.00  99999.00  99999.00  99999.00       0       0      57      40
83840  09  00    70  99999.00  99999.00  18332.26  18924.34   -846.77   -474.17  -1247.61   -442.53       0     388     398     305
83840  09  00    60  99999.00  99999.00  99999.00  99999.00  99999.00  99999.00  99999.00  99999.00       0       0      46      31
83840  09  00    50  99999.00  99999.00  20377.55  21022.79   -744.96   -469.44  -1274.10   -383.70       0     349     356     269
83840  09  00    40  99999.00  99999.00  99999.00  99999.00  99999.00  99999.00  99999.00  99999.00       0       0      48      30
83840  09  00    30  99999.00  99999.00  23484.24  24385.92   -699.95   -407.03  -1209.36   -407.04       0     189     210     133
83840  09  00    20  99999.00  99999.00  99999.00  99999.00  99999.00  99999.00  99999.00  99999.00       0      42      45       4
83840  09  00    15  99999.00  99999.00  99999.00  99999.00  99999.00  99999.00  99999.00  99999.00       0       0      14       0
83840  09  00    10  99999.00  99999.00  99999.00  99999.00  99999.00  99999.00  99999.00  99999.00       0      15      16       0
83840  09  00     7  99999.00  99999.00  99999.00  99999.00  99999.00  99999.00  99999.00  99999.00       0       0       4       0
83840  09  00     5  99999.00  99999.00  99999.00  99999.00  99999.00  99999.00  99999.00  99999.00       0       0       0       0
83840  09  00     3  99999.00  99999.00  99999.00  99999.00  99999.00  99999.00  99999.00  99999.00       0       0       0       0
83840  09  00     2  99999.00  99999.00  99999.00  99999.00  99999.00  99999.00  99999.00  99999.00       0       0       0       0
83840  09  00     1  99999.00  99999.00  99999.00  99999.00  99999.00  99999.00  99999.00  99999.00       0       0       0       0
83840  10  00  9999    892.77    935.73  99999.00  99999.00    -33.06    341.46    -93.69    127.83     461       0     460     460
83840  10  00  1000  99999.00  99999.00  99999.00  99999.00  99999.00  99999.00  99999.00  99999.00       0       0       0       0
83840  10  00   925  99999.00  99999.00  99999.00  99999.00  99999.00  99999.00  99999.00  99999.00       0       0       0       0
83840  10  00   900  99999.00  99999.00  99999.00  99999.00  99999.00  99999.00  99999.00  99999.00       0       0      13      13
83840  10  00   850  99999.00  99999.00   1349.33   1702.37   -112.56    390.96   -123.34    329.30       0     480     480     478
83840  10  00   800  99999.00  99999.00  99999.00  99999.00  99999.00  99999.00  99999.00  99999.00       0       0      22      22
83840  10  00   700  99999.00  99999.00   2968.30   3324.58    -79.49    215.59   -927.18    786.78       0     477     481     477
83840  10  00   600  99999.00  99999.00  99999.00  99999.00  99999.00  99999.00  99999.00  99999.00       0       0      26      26
83840  10  00   500  99999.00  99999.00   5599.55   6068.87   -210.32     31.48  -1159.72    565.64       0     473     474     469
83840  10  00   400  99999.00  99999.00   7240.27   7809.79   -354.49    -53.77  -1199.64    418.68       0     471     476     475
83840  10  00   300  99999.00  99999.00   9230.40   9955.20   -509.08   -195.76  -1250.26    216.50       0     467     470     464
83840  10  00   250  99999.00  99999.00  10435.26  11240.58   -582.77   -305.93  -1231.10     16.54       0     461     465     364
83840  10  00   200  99999.00  99999.00  11879.82  12718.86   -682.51   -415.03  -1146.01   -260.77       0     453     457     352
83840  10  00   150  99999.00  99999.00  13697.94  14483.94   -843.77   -457.13  -1136.44   -442.24       0     427     435     327
83840  10  00   100  99999.00  99999.00  16200.71  16822.43   -927.73   -523.93  -1182.88   -527.56       0     401     414     315
83840  10  00    80  99999.00  99999.00  99999.00  99999.00  99999.00  99999.00  99999.00  99999.00       0       0      42      30
83840  10  00    70  99999.00  99999.00  18342.80  18892.28   -853.42   -513.58  -1225.48   -449.44       0     333     342     279
83840  10  00    60  99999.00  99999.00  99999.00  99999.00  99999.00  99999.00  99999.00  99999.00       0       0      33      25
83840  10  00    50  99999.00  99999.00  20342.12  20996.60   -760.74   -487.62  -1287.15   -366.87       0     298     308     248
83840  10  00    40  99999.00  99999.00  99999.00  99999.00  99999.00  99999.00  99999.00  99999.00       0       0      35      23
83840  10  00    30  99999.00  99999.00  23396.98  24362.74   -707.83   -435.31  -1234.39   -365.71       0     145     157     110
83840  10  00    20  99999.00  99999.00  99999.00  99999.00  99999.00  99999.00  99999.00  99999.00       0      38      41      10
83840  10  00    15  99999.00  99999.00  99999.00  99999.00  99999.00  99999.00  99999.00  99999.00       0       0       9       0
83840  10  00    10  99999.00  99999.00  99999.00  99999.00  99999.00  99999.00  99999.00  99999.00       0      15      15       0
83840  10  00     7  99999.00  99999.00  99999.00  99999.00  99999.00  99999.00  99999.00  99999.00       0       0       4       0
83840  10  00     5  99999.00  99999.00  99999.00  99999.00  99999.00  99999.00  99999.00  99999.00       0       0       1       0
83840  10  00     3  99999.00  99999.00  99999.00  99999.00  99999.00  99999.00  99999.00  99999.00       0       0       0       0
83840  10  00     2  99999.00  99999.00  99999.00  99999.00  99999.00  99999.00  99999.00  99999.00       0       0       0       0
83840  10  00     1  99999.00  99999.00  99999.00  99999.00  99999.00  99999.00  99999.00  99999.00       0       0       0       0
83840  11  00  9999    891.91    932.23  99999.00  99999.00      1.05    333.57   -123.17    159.43     443       0     443     443
83840  11  00  1000  99999.00  99999.00  99999.00  99999.00  99999.00  99999.00  99999.00  99999.00       0       0       0       0
83840  11  00   925  99999.00  99999.00  99999.00  99999.00  99999.00  99999.00  99999.00  99999.00       0       0       0       0
83840  11  00   900  99999.00  99999.00  99999.00  99999.00  99999.00  99999.00  99999.00  99999.00       0       0      10      10
83840  11  00   850  99999.00  99999.00   1351.64   1667.84    -79.86    375.90   -119.89    341.75       0     460     460     459
83840  11  00   800  99999.00  99999.00  99999.00  99999.00  99999.00  99999.00  99999.00  99999.00       0       0      22      22
83840  11  00   700  99999.00  99999.00   2982.93   3283.29    -73.70    211.18   -805.66    699.26       0     456     457     451
83840  11  00   600  99999.00  99999.00  99999.00  99999.00  99999.00  99999.00  99999.00  99999.00       0       0      17      17
83840  11  00   500  99999.00  99999.00   5607.25   6039.97   -218.51     52.33  -1101.11    501.61       0     454     457     448
83840  11  00   400  99999.00  99999.00   7236.79   7798.63   -353.18    -42.50  -1215.03    404.37       0     445     452     449
83840  11  00   300  99999.00  99999.00   9216.69   9967.05   -507.87   -181.35  -1249.81    202.91       0     443     450     447
83840  11  00   250  99999.00  99999.00  10408.70  11276.18   -572.59   -297.43  -1236.91     21.29       0     435     444     353
83840  11  00   200  99999.00  99999.00  11842.79  12772.31   -676.64   -402.20  -1144.46   -252.38       0     429     443     339
83840  11  00   150  99999.00  99999.00  13676.19  14540.91   -844.26   -436.38  -1157.93   -423.77       0     422     434     331
83840  11  00   100  99999.00  99999.00  16170.94  16901.86   -932.36   -529.88  -1201.26   -530.58       0     400     413     313
83840  11  00    80  99999.00  99999.00  99999.00  99999.00  99999.00  99999.00  99999.00  99999.00       0       0      49      34
83840  11  00    70  99999.00  99999.00  18358.44  18903.48  -5126.24   3606.64  -1199.01   -517.53       0     312     326     265
83840  11  00    60  99999.00  99999.00  99999.00  99999.00  99999.00  99999.00  99999.00  99999.00       0       0      43      35
83840  11  00    50  99999.00  99999.00  20362.79  20969.27   -758.38   -510.58  -1297.51   -389.59       0     292     304     247
83840  11  00    40  99999.00  99999.00  99999.00  99999.00  99999.00  99999.00  99999.00  99999.00       0       0      33      24
83840  11  00    30  99999.00  99999.00  23465.21  24244.73  -4672.07   3433.09  -1250.46   -368.10       0     173     195     147
83840  11  00    20  99999.00  99999.00  99999.00  99999.00  99999.00  99999.00  99999.00  99999.00       0      44      50      13
83840  11  00    15  99999.00  99999.00  99999.00  99999.00  99999.00  99999.00  99999.00  99999.00       0       0      12       2
83840  11  00    10  99999.00  99999.00  99999.00  99999.00  99999.00  99999.00  99999.00  99999.00       0      15      18       0
83840  11  00     7  99999.00  99999.00  99999.00  99999.00  99999.00  99999.00  99999.00  99999.00       0       0       3       0
83840  11  00     5  99999.00  99999.00  99999.00  99999.00  99999.00  99999.00  99999.00  99999.00       0       0       0       0
83840  11  00     3  99999.00  99999.00  99999.00  99999.00  99999.00  99999.00  99999.00  99999.00       0       0       0       0
83840  11  00     2  99999.00  99999.00  99999.00  99999.00  99999.00  99999.00  99999.00  99999.00       0       0       0       0
83840  11  00     1  99999.00  99999.00  99999.00  99999.00  99999.00  99999.00  99999.00  99999.00       0       0       0       0
83840  12  00  9999    893.11    928.87  99999.00  99999.00     23.96    350.24    -92.66    131.14     428       0     427     427
83840  12  00  1000  99999.00  99999.00  99999.00  99999.00  99999.00  99999.00  99999.00  99999.00       0       0       0       0
83840  12  00   925  99999.00  99999.00  99999.00  99999.00  99999.00  99999.00  99999.00  99999.00       0       0       0       0
83840  12  00   900  99999.00  99999.00  99999.00  99999.00  99999.00  99999.00  99999.00  99999.00       0       0       7       7
83840  12  00   850  99999.00  99999.00   1346.98   1658.50    -41.31    369.81    -55.47    317.61       0     432     432     431
83840  12  00   800  99999.00  99999.00  99999.00  99999.00  99999.00  99999.00  99999.00  99999.00       0       0      15      15
83840  12  00   700  99999.00  99999.00   2969.28   3301.20    -39.29    201.67   -695.07    662.49       0     428     429     428
83840  12  00   600  99999.00  99999.00  99999.00  99999.00  99999.00  99999.00  99999.00  99999.00       0       0      22      22
83840  12  00   500  99999.00  99999.00   5610.14   6067.58   -188.96     50.92  -1175.69    655.27       0     422     422     416
83840  12  00   400  99999.00  99999.00   7267.51   7823.23   -319.61    -38.33  -1259.92    538.76       0     417     423     419
83840  12  00   300  99999.00  99999.00   9264.34  10004.02   -483.65   -169.37  -1301.49    309.27       0     407     419     417
83840  12  00   250  99999.00  99999.00  10468.72  11317.84   -556.00   -286.48  -1330.61    162.07       0     396     413     353
83840  12  00   200  99999.00  99999.00  11899.00  12835.12   -653.57   -409.73  -1200.69   -163.77       0     388     408     334
83840  12  00   150  99999.00  99999.00  13709.29  14629.81   -824.22   -469.26  -1141.77   -418.53       0     375     394     324
83840  12  00   100  99999.00  99999.00  16214.69  16945.49   -934.44   -562.68  -1233.80   -505.52       0     350     371     313
83840  12  00    80  99999.00  99999.00  99999.00  99999.00  99999.00  99999.00  99999.00  99999.00       0       0      31      26
83840  12  00    70  99999.00  99999.00  18394.25  18899.33  -5418.45   3819.27  -1201.75   -529.63       0     262     289     263
83840  12  00    60  99999.00  99999.00  99999.00  99999.00  99999.00  99999.00  99999.00  99999.00       0       0      25      20
83840  12  00    50  99999.00  99999.00  20371.66  20942.62   -784.89   -523.29  -1235.11   -447.79       0     231     251     230
83840  12  00    40  99999.00  99999.00  99999.00  99999.00  99999.00  99999.00  99999.00  99999.00       0       0      28      27
83840  12  00    30  99999.00  99999.00  23423.51  24248.63   -698.97   -440.97  -1208.75   -413.75       0     117     134     115
83840  12  00    20  99999.00  99999.00  99999.00  99999.00  99999.00  99999.00  99999.00  99999.00       0      17      17       4
83840  12  00    15  99999.00  99999.00  99999.00  99999.00  99999.00  99999.00  99999.00  99999.00       0       0       4       1
83840  12  00    10  99999.00  99999.00  99999.00  99999.00  99999.00  99999.00  99999.00  99999.00       0       4       4       0
83840  12  00     7  99999.00  99999.00  99999.00  99999.00  99999.00  99999.00  99999.00  99999.00       0       0       0       0
83840  12  00     5  99999.00  99999.00  99999.00  99999.00  99999.00  99999.00  99999.00  99999.00       0       0       0       0
83840  12  00     3  99999.00  99999.00  99999.00  99999.00  99999.00  99999.00  99999.00  99999.00       0       0       0       0
83840  12  00     2  99999.00  99999.00  99999.00  99999.00  99999.00  99999.00  99999.00  99999.00       0       0       0       0
83840  12  00     1  99999.00  99999.00  99999.00  99999.00  99999.00  99999.00  99999.00  99999.00       0       0       0       0
