23472  01  00  9999    932.48   1100.12  99999.00  99999.00   -901.45    392.15    -33.03    103.89     951       0     951     950
23472  01  00  1000  99999.00  99999.00   -313.69    663.83   -781.61    289.03   -859.39    297.89       0     865     868     862
23472  01  00   925  99999.00  99999.00    161.46   1305.06   -601.67    202.21   -682.22    218.26       0     626     633     632
23472  01  00   900  99999.00  99999.00  99999.00  99999.00  99999.00  99999.00  99999.00  99999.00       0       0      24      24
23472  01  00   850  99999.00  99999.00  -1786.02   4450.98  -3108.33   2670.75   -628.37    170.35       0     992     991     987
23472  01  00   800  99999.00  99999.00  99999.00  99999.00  99999.00  99999.00  99999.00  99999.00       0       0      15      15
23472  01  00   700  99999.00  99999.00   2088.83   3487.79   -546.57     63.03   -673.47     91.17       0     991     992     987
23472  01  00   600  99999.00  99999.00  99999.00  99999.00  99999.00  99999.00  99999.00  99999.00       0       0      10      10
23472  01  00   500  99999.00  99999.00   2134.00   8182.00  -2247.13   1461.47   -750.50   -105.62       0     987     990     924
23472  01  00   400  99999.00  99999.00   5694.04   7657.60   -710.80   -255.64   -800.51   -252.59       0     985     982     832
23472  01  00   300  99999.00  99999.00   7453.92   9588.12   -752.57   -430.13   -835.52   -429.56       0     976     979     825
23472  01  00   250  99999.00  99999.00   8608.21  10695.13   -871.74   -385.86   -940.06   -402.94       0     961     963     816
23472  01  00   200  99999.00  99999.00  10046.81  11998.61  -2284.41    994.95  -1027.39   -338.23       0     944     948     802
23472  01  00   150  99999.00  99999.00  11807.85  13769.85  -2529.84   1229.88  -1030.31   -352.07       0     914     916     776
23472  01  00   100  99999.00  99999.00  14142.66  16371.90  -3112.78   1742.78  -1086.48   -356.88       0     839     841     712
23472  01  00    80  99999.00  99999.00  99999.00  99999.00  99999.00  99999.00  99999.00  99999.00       0       0      11       9
23472  01  00    70  99999.00  99999.00  16031.34  18811.38  -1072.67   -288.11  -1127.11   -351.31       0     685     690     590
23472  01  00    60  99999.00  99999.00  99999.00  99999.00  99999.00  99999.00  99999.00  99999.00       0       0      21      18
23472  01  00    50  99999.00  99999.00  17781.94  21172.90  -1149.39   -203.19  -1192.00   -285.52       0     542     545     452
23472  01  00    40  99999.00  99999.00  99999.00  99999.00  99999.00  99999.00  99999.00  99999.00       0       0      19      16
23472  01  00    30  99999.00  99999.00  20284.48  24989.32  -1352.23     94.49  -1339.39    -64.39       0     319     332     272
23472  01  00    20  99999.00  99999.00  22216.28  28264.40  -1418.64    277.08  -1334.01      6.63       0     207     217     169
23472  01  00    15  99999.00  99999.00  99999.00  99999.00  99999.00  99999.00  99999.00  99999.00       0       0      25      18
23472  01  00    10  99999.00  99999.00  25570.89  33961.89  -1356.55    433.97  99999.00  99999.00       0      72      87      57
23472  01  00     7  99999.00  99999.00  99999.00  99999.00  99999.00  99999.00  99999.00  99999.00       0       0      18       9
23472  01  00     5  99999.00  99999.00  99999.00  99999.00  99999.00  99999.00  99999.00  99999.00       0       0      12       5
23472  01  00     3  99999.00  99999.00  99999.00  99999.00  99999.00  99999.00  99999.00  99999.00       0       0       4       1
23472  01  00     2  99999.00  99999.00  99999.00  99999.00  99999.00  99999.00  99999.00  99999.00       0       0       1       1
23472  01  00     1  99999.00  99999.00  99999.00  99999.00  99999.00  99999.00  99999.00  99999.00       0       0       0       0
23472  02  00  9999    933.80   1098.08  99999.00  99999.00   -844.40    356.56    -35.15    104.89     881       0     880     877
23472  02  00  1000  99999.00  99999.00   -316.28    662.08  -3049.22   2533.54   -785.85    249.63       0     808     810     805
23472  02  00   925  99999.00  99999.00    144.66   1304.34  -2364.32   1944.64   -656.50    200.30       0     596     605     603
23472  02  00   900  99999.00  99999.00  99999.00  99999.00  99999.00  99999.00  99999.00  99999.00       0       0      11      11
23472  02  00   850  99999.00  99999.00  -1890.34   4551.98  -1951.58   1548.46   -604.87    146.21       0     927     925     918
23472  02  00   800  99999.00  99999.00  99999.00  99999.00  99999.00  99999.00  99999.00  99999.00       0       0      11      11
23472  02  00   700  99999.00  99999.00   2091.22   3481.78   -550.73     62.35   -638.91     57.33       0     924     925     919
23472  02  00   600  99999.00  99999.00  99999.00  99999.00  99999.00  99999.00  99999.00  99999.00       0       0       5       5
23472  02  00   500  99999.00  99999.00   2023.04   8285.00   -670.30    -98.74   -751.68   -106.32       0     917     918     856
23472  02  00   400  99999.00  99999.00   5668.94   7673.78  -2179.77   1193.07   -797.37   -260.01       0     912     912     771
23472  02  00   300  99999.00  99999.00   7407.33   9629.01  -2269.82   1076.74   -835.91   -426.47       0     900     897     752
23472  02  00   250  99999.00  99999.00   8565.16  10741.60  -2318.14   1061.90   -940.20   -386.88       0     882     884     741
23472  02  00   200  99999.00  99999.00  10006.34  12052.70   -966.99   -276.99  -1022.50   -320.50       0     869     869     727
23472  02  00   150  99999.00  99999.00  11766.64  13848.16   -972.97   -275.53  -1042.32   -319.08       0     831     832     705
23472  02  00   100  99999.00  99999.00  14024.46  16575.78  -1052.70   -228.54  -1112.70   -296.82       0     767     769     652
23472  02  00    80  99999.00  99999.00  99999.00  99999.00  99999.00  99999.00  99999.00  99999.00       0       0      13       8
23472  02  00    70  99999.00  99999.00  15900.47  19097.15  -1125.93   -159.45  -1170.71   -256.55       0     658     661     560
23472  02  00    60  99999.00  99999.00  99999.00  99999.00  99999.00  99999.00  99999.00  99999.00       0       0      16      15
23472  02  00    50  99999.00  99999.00  17585.07  21605.07  -3136.03   1848.05  -1217.85   -194.01       0     532     536     451
23472  02  00    40  99999.00  99999.00  99999.00  99999.00  99999.00  99999.00  99999.00  99999.00       0       0      11      10
23472  02  00    30  99999.00  99999.00  20342.34  25390.02  -1187.53     29.51  -1189.05   -153.21       0     377     381     313
23472  02  00    20  99999.00  99999.00  12241.57  38541.13  -3579.60   2458.80  -1250.86    -24.58       0     275     289     235
23472  02  00    15  99999.00  99999.00  99999.00  99999.00  99999.00  99999.00  99999.00  99999.00       0       0      32      25
23472  02  00    10  99999.00  99999.00  26064.12  33958.32  -1246.42    366.38  -1307.32    195.32       0      90     102      64
23472  02  00     7  99999.00  99999.00  99999.00  99999.00  99999.00  99999.00  99999.00  99999.00       0       0      29      11
23472  02  00     5  99999.00  99999.00  99999.00  99999.00  99999.00  99999.00  99999.00  99999.00       0       0      18       9
23472  02  00     3  99999.00  99999.00  99999.00  99999.00  99999.00  99999.00  99999.00  99999.00       0       0       4       0
23472  02  00     2  99999.00  99999.00  99999.00  99999.00  99999.00  99999.00  99999.00  99999.00       0       0       1       0
23472  02  00     1  99999.00  99999.00  99999.00  99999.00  99999.00  99999.00  99999.00  99999.00       0       0       0       0
23472  03  00  9999    938.99   1087.55  99999.00  99999.00   -806.62    442.46    -68.10    135.66     919       0     919     918
23472  03  00  1000  99999.00  99999.00   -268.42    578.90   -717.70    373.22   -769.22    359.02       0     841     841     837
23472  03  00   925  99999.00  99999.00    221.60   1228.28  -3206.36   2865.88   -599.44    246.56       0     598     607     606
23472  03  00   900  99999.00  99999.00  99999.00  99999.00  99999.00  99999.00  99999.00  99999.00       0       0      10      10
23472  03  00   850  99999.00  99999.00  -1796.56   4475.96  -1884.54   1547.34   -600.14    194.62       0     974     973     967
23472  03  00   800  99999.00  99999.00  99999.00  99999.00  99999.00  99999.00  99999.00  99999.00       0       0      12      12
23472  03  00   700  99999.00  99999.00   2182.99   3436.63   -546.58    105.74   -663.72    110.16       0     972     971     964
23472  03  00   600  99999.00  99999.00  99999.00  99999.00  99999.00  99999.00  99999.00  99999.00       0       0      10      10
23472  03  00   500  99999.00  99999.00   4386.12   6047.04   -667.23    -57.75   -767.08    -61.84       0     962     959     926
23472  03  00   400  99999.00  99999.00   5765.35   7699.99   -716.57   -209.81   -812.26   -210.58       0     956     956     810
23472  03  00   300  99999.00  99999.00   7531.47   9662.07   -781.14   -349.26   -838.62   -385.50       0     944     944     776
23472  03  00   250  99999.00  99999.00   8691.88  10796.08   -915.95   -269.39   -939.80   -340.40       0     933     933     766
23472  03  00   200  99999.00  99999.00  10147.18  12133.66  -2288.89   1088.27   -994.94   -294.26       0     918     920     763
23472  03  00   150  99999.00  99999.00  11921.09  13968.29  -3140.85   1926.63   -956.27   -345.59       0     902     901     745
23472  03  00   100  99999.00  99999.00  14202.99  16768.35  -2353.02   1135.86  -1001.00   -343.88       0     859     857     710
23472  03  00    80  99999.00  99999.00  99999.00  99999.00  99999.00  99999.00  99999.00  99999.00       0       0      10       8
23472  03  00    70  99999.00  99999.00  16106.68  19327.72  -4161.99   2885.73  -1059.43   -310.75       0     777     778     645
23472  03  00    60  99999.00  99999.00  99999.00  99999.00  99999.00  99999.00  99999.00  99999.00       0       0      19      14
23472  03  00    50  99999.00  99999.00  17877.81  21782.13  -2528.13   1317.39  -1099.38   -270.30       0     712     715     590
23472  03  00    40  99999.00  99999.00  99999.00  99999.00  99999.00  99999.00  99999.00  99999.00       0       0      30      22
23472  03  00    30  99999.00  99999.00  20621.92  25489.24  -1089.85    -41.89  -1116.67   -223.87       0     615     619     504
23472  03  00    20  99999.00  99999.00  15898.18  35278.18  -1092.56     24.88  -1141.14   -158.10       0     531     544     442
23472  03  00    15  99999.00  99999.00  99999.00  99999.00 -10496.94   8936.58  99999.00  99999.00       0       0      68      57
23472  03  00    10  99999.00  99999.00  26906.87  33597.35  -1106.82    211.26  -1165.02    -33.66       0     246     295     200
23472  03  00     7  99999.00  99999.00  99999.00  99999.00  99999.00  99999.00  99999.00  99999.00       0       0      47      27
23472  03  00     5  99999.00  99999.00  99999.00  99999.00  99999.00  99999.00  99999.00  99999.00       0       0      41      17
23472  03  00     3  99999.00  99999.00  99999.00  99999.00  99999.00  99999.00  99999.00  99999.00       0       0       7       1
23472  03  00     2  99999.00  99999.00  99999.00  99999.00  99999.00  99999.00  99999.00  99999.00       0       0       1       0
23472  03  00     1  99999.00  99999.00  99999.00  99999.00  99999.00  99999.00  99999.00  99999.00       0       0       0       0
23472  04  00  9999    944.76   1072.56  99999.00  99999.00   -714.56    485.80   -111.21    193.35     960       0     960     960
23472  04  00  1000  99999.00  99999.00   -217.62    477.42   -688.96    458.96   -717.92    403.12       0     818     816     815
23472  04  00   925  99999.00  99999.00    257.40   1158.96   -544.79    353.05   -586.93    305.39       0     648     654     652
23472  04  00   900  99999.00  99999.00  99999.00  99999.00  99999.00  99999.00  99999.00  99999.00       0       0      18      18
23472  04  00   850  99999.00  99999.00    849.86   1857.50   -521.76    273.84   -608.14    268.70       0    1010    1010    1007
23472  04  00   800  99999.00  99999.00  99999.00  99999.00  99999.00  99999.00  99999.00  99999.00       0       0      20      20
23472  04  00   700  99999.00  99999.00   2215.24   3421.96   -545.24    161.68   -685.05    188.07       0    1009    1010    1007
23472  04  00   600  99999.00  99999.00  99999.00  99999.00  99999.00  99999.00  99999.00  99999.00       0       0       6       6
23472  04  00   500  99999.00  99999.00   4405.87   6098.83   -671.28     -2.76   -760.60    -22.96       0    1004    1004     983
23472  04  00   400  99999.00  99999.00   5773.51   7793.71   -719.41   -154.45   -806.98   -166.66       0    1000     999     881
23472  04  00   300  99999.00  99999.00   7555.10   9795.02   -757.22   -300.38   -816.44   -347.12       0     986     990     826
23472  04  00   250  99999.00  99999.00   8749.44  10941.60   -874.73   -210.17   -899.88   -300.36       0     982     983     820
23472  04  00   200  99999.00  99999.00  10244.69  12311.57   -894.93   -170.01   -914.90   -287.30       0     972     974     811
23472  04  00   150  99999.00  99999.00  12086.11  14179.51   -847.93   -211.45   -906.32   -323.36       0     951     953     786
23472  04  00   100  99999.00  99999.00  14546.60  16937.48   -862.74   -213.54   -945.45   -327.09       0     919     921     757
23472  04  00    80  99999.00  99999.00  99999.00  99999.00  99999.00  99999.00  99999.00  99999.00       0       0      10       9
23472  04  00    70  99999.00  99999.00  16674.83  19395.47   -888.21   -191.61   -969.19   -322.63       0     868     868     711
23472  04  00    60  99999.00  99999.00  99999.00  99999.00  99999.00  99999.00  99999.00  99999.00       0       0      19      17
23472  04  00    50  99999.00  99999.00  18610.54  21782.62   -880.63   -186.79   -975.56   -316.16       0     846     848     689
23472  04  00    40  99999.00  99999.00  99999.00  99999.00  99999.00  99999.00  99999.00  99999.00       0       0      30      29
23472  04  00    30  99999.00  99999.00  21591.53  25410.17   -824.95   -203.95   -957.38   -317.90       0     764     766     615
23472  04  00    20  99999.00  99999.00  24053.49  28245.21   -818.80   -152.32   -986.46   -257.94       0     688     700     550
23472  04  00    15  99999.00  99999.00  99999.00  99999.00 -13416.24  11556.48  -1052.30   -162.74       0       0     101      83
23472  04  00    10  99999.00  99999.00  28393.55  33170.15   -839.97      0.75  -1098.42    -85.02       0     325     382     243
23472  04  00     7  99999.00  99999.00  99999.00  99999.00 -16710.46  14460.62  99999.00  99999.00       0       0      77      40
23472  04  00     5  99999.00  99999.00  99999.00  99999.00  99999.00  99999.00  99999.00  99999.00       0       0      49      23
23472  04  00     3  99999.00  99999.00  99999.00  99999.00  99999.00  99999.00  99999.00  99999.00       0       0      12       6
23472  04  00     2  99999.00  99999.00  99999.00  99999.00  99999.00  99999.00  99999.00  99999.00       0       0       2       2
23472  04  00     1  99999.00  99999.00  99999.00  99999.00  99999.00  99999.00  99999.00  99999.00       0       0       1       1
23472  05  00  9999    955.13   1058.69  99999.00  99999.00   -380.72    353.92   -135.65    232.75     879       0     879     879
23472  05  00  1000  99999.00  99999.00   -182.74    414.86   -390.09    357.15   -420.46    281.66       0     743     743     737
23472  05  00   925  99999.00  99999.00    308.63   1117.67   -450.54    388.74   -460.66    292.34       0     671     676     676
23472  05  00   900  99999.00  99999.00  99999.00  99999.00  99999.00  99999.00  99999.00  99999.00       0       0      12      12
23472  05  00   850  99999.00  99999.00   -896.78   3623.26   -439.77    320.19   -518.75    291.97       0     948     949     942
23472  05  00   800  99999.00  99999.00  99999.00  99999.00  99999.00  99999.00  99999.00  99999.00       0       0      12      12
23472  05  00   700  99999.00  99999.00   2327.20   3426.04   -459.98    197.50   -652.01    254.59       0     948     948     940
23472  05  00   600  99999.00  99999.00  99999.00  99999.00  99999.00  99999.00  99999.00  99999.00       0       0       7       7
23472  05  00   500  99999.00  99999.00   4591.33   6143.77   -596.39     34.45   -764.30     59.62       0     947     947     938
23472  05  00   400  99999.00  99999.00   5993.63   7876.67   -660.11   -113.99   -792.68   -104.00       0     942     944     894
23472  05  00   300  99999.00  99999.00   7798.54   9923.86   -722.74   -262.90   -809.85   -300.69       0     929     935     796
23472  05  00   250  99999.00  99999.00   9037.64  11063.84   -824.51   -182.87   -858.85   -290.41       0     922     927     782
23472  05  00   200  99999.00  99999.00  10607.70  12417.78   -774.80   -189.20   -841.73   -301.37       0     914     916     765
23472  05  00   150  99999.00  99999.00  12551.76  14271.96   -672.52   -281.08   -865.75   -311.11       0     897     899     744
23472  05  00   100  99999.00  99999.00  15206.48  16955.84  -2430.74   1437.10   -887.61   -336.57       0     876     877     712
23472  05  00    80  99999.00  99999.00  99999.00  99999.00  99999.00  99999.00  99999.00  99999.00       0       0       9       5
23472  05  00    70  99999.00  99999.00  17520.36  19328.16  -2256.01   1262.03   -915.59   -328.79       0     826     827     657
23472  05  00    60  99999.00  99999.00  99999.00  99999.00  99999.00  99999.00  99999.00  99999.00       0       0       8       6
23472  05  00    50  99999.00  99999.00  19683.60  21594.84  -3046.19   2036.77   -923.36   -328.52       0     786     789     613
23472  05  00    40  99999.00  99999.00  99999.00  99999.00  99999.00  99999.00  99999.00  99999.00       0       0      24      19
23472  05  00    30  99999.00  99999.00  22948.08  25057.08  -2629.26   1655.46   -946.31   -306.71       0     709     715     553
23472  05  00    20  99999.00  99999.00  14082.42  39066.78  -2479.41   1551.15   -954.09   -277.53       0     625     636     475
23472  05  00    15  99999.00  99999.00  99999.00  99999.00  99999.00  99999.00  99999.00  99999.00       0       0      52      37
23472  05  00    10  99999.00  99999.00  30171.77  32591.93   -613.04   -165.80  -1004.35   -153.31       0     276     339     215
23472  05  00     7  99999.00  99999.00  99999.00  99999.00  99999.00  99999.00  99999.00  99999.00       0       0      58      34
23472  05  00     5  99999.00  99999.00  99999.00  99999.00  99999.00  99999.00  99999.00  99999.00       0       0      33      14
23472  05  00     3  99999.00  99999.00  99999.00  99999.00  99999.00  99999.00  99999.00  99999.00       0       0      12       7
23472  05  00     2  99999.00  99999.00  99999.00  99999.00  99999.00  99999.00  99999.00  99999.00       0       0       4       2
23472  05  00     1  99999.00  99999.00  99999.00  99999.00  99999.00  99999.00  99999.00  99999.00       0       0       0       0
23472  06  00  9999    961.99   1046.35  99999.00  99999.00   -243.61    427.31   -147.75    254.13     883       0     883     883
23472  06  00  1000  99999.00  99999.00   -142.19    334.93   -269.17    444.83   -291.10    351.86       0     708     708     700
23472  06  00   925  99999.00  99999.00    359.87   1065.23   -357.10    500.90   -337.69    347.87       0     598     605     601
23472  06  00   900  99999.00  99999.00  99999.00  99999.00  99999.00  99999.00  99999.00  99999.00       0       0      10      10
23472  06  00   850  99999.00  99999.00   1018.32   1792.68   -366.46    429.38   -412.18    349.58       0     954     955     945
23472  06  00   800  99999.00  99999.00  99999.00  99999.00  99999.00  99999.00  99999.00  99999.00       0       0      11      11
23472  06  00   700  99999.00  99999.00   2437.22   3476.06   -362.16    260.52   -592.67    341.05       0     951     951     938
23472  06  00   600  99999.00  99999.00  99999.00  99999.00  99999.00  99999.00  99999.00  99999.00       0       0       8       8
23472  06  00   500  99999.00  99999.00   2385.59   8632.91  -2149.77   1720.83   -695.49    118.59       0     944     944     930
23472  06  00   400  99999.00  99999.00   6220.34   8061.26   -601.56    -34.08   -733.55    -49.19       0     941     940     916
23472  06  00   300  99999.00  99999.00   8030.34  10201.86   -652.35   -246.27   -743.30   -287.30       0     925     926     768
23472  06  00   250  99999.00  99999.00   9251.15  11392.91   -780.64   -194.44   -797.10   -325.50       0     922     922     752
23472  06  00   200  99999.00  99999.00  10865.53  12714.25   -831.88   -121.36   -853.35   -284.67       0     910     911     736
23472  06  00   150  99999.00  99999.00  12913.65  14477.97   -648.10   -281.74   -778.75   -376.75       0     896     899     724
23472  06  00   100  99999.00  99999.00  15676.38  17081.94   -611.18   -342.62   -833.18   -382.46       0     882     885     706
23472  06  00    80  99999.00  99999.00  99999.00  99999.00  99999.00  99999.00  99999.00  99999.00       0       0      18      13
23472  06  00    70  99999.00  99999.00  18067.87  19401.79   -586.33   -365.29   -859.03   -372.91       0     833     836     665
23472  06  00    60  99999.00  99999.00  99999.00  99999.00  99999.00  99999.00  99999.00  99999.00       0       0      13       9
23472  06  00    50  99999.00  99999.00  20297.44  21623.68   -560.65   -375.25   -870.33   -360.57       0     797     805     628
23472  06  00    40  99999.00  99999.00  99999.00  99999.00  99999.00  99999.00  99999.00  99999.00       0       0      19      18
23472  06  00    30  99999.00  99999.00  23668.16  25047.80  -2340.95   1413.13   -881.69   -340.85       0     727     729     545
23472  06  00    20  99999.00  99999.00  26334.54  27813.42   -555.40   -294.04   -910.26   -280.14       0     659     663     477
23472  06  00    15  99999.00  99999.00  99999.00  99999.00  -6761.24   5745.40   -851.27   -301.43       0       0      85      62
23472  06  00    10  99999.00  99999.00  30934.85  32730.17   -533.22   -157.38   -941.24   -158.96       0     311     355     202
23472  06  00     7  99999.00  99999.00  99999.00  99999.00  -6933.57   6076.59  99999.00  99999.00       0       1      80      44
23472  06  00     5  99999.00  99999.00  99999.00  99999.00  99999.00  99999.00  99999.00  99999.00       0       0      40      16
23472  06  00     3  99999.00  99999.00  99999.00  99999.00  99999.00  99999.00  99999.00  99999.00       0       0       6       2
23472  06  00     2  99999.00  99999.00  99999.00  99999.00  99999.00  99999.00  99999.00  99999.00       0       0       3       1
23472  06  00     1  99999.00  99999.00  99999.00  99999.00  99999.00  99999.00  99999.00  99999.00       0       0       0       0
23472  07  00  9999    964.79   1043.15  99999.00  99999.00    -95.14    364.34   -109.14    192.90     799       0     799     799
23472  07  00  1000  99999.00  99999.00   -122.61    310.47   -116.46    382.62   -157.64    328.72       0     647     648     638
23472  07  00   925  99999.00  99999.00    405.94   1055.74   -213.18    449.58   -229.61    334.99       0     524     527     524
23472  07  00   900  99999.00  99999.00  99999.00  99999.00  99999.00  99999.00  99999.00  99999.00       0       0      10       9
23472  07  00   850  99999.00  99999.00   1074.30   1780.98   -216.22    370.10   -301.85    333.55       0     877     876     857
23472  07  00   800  99999.00  99999.00  99999.00  99999.00  99999.00  99999.00  99999.00  99999.00       0       0       7       7
23472  07  00   700  99999.00  99999.00   2571.35   3436.43   -233.53    217.19   -486.65    316.39       0     874     872     855
23472  07  00   600  99999.00  99999.00  99999.00  99999.00  99999.00  99999.00  99999.00  99999.00       0       0       9       8
23472  07  00   500  99999.00  99999.00   5033.98   6198.34   -380.37     58.23   -651.75    141.81       0     868     868     850
23472  07  00   400  99999.00  99999.00   6568.74   7949.22   -490.57    -61.21   -693.98    -22.22       0     865     865     844
23472  07  00   300  99999.00  99999.00   8449.95  10079.43   -594.34   -251.02   -727.54   -248.50       0     858     859     757
23472  07  00   250  99999.00  99999.00   9654.54  11302.62   -727.71   -249.15   -759.84   -348.60       0     849     849     700
23472  07  00   200  99999.00  99999.00  11257.62  12618.30   -847.51   -130.15   -862.50   -273.06       0     838     838     688
23472  07  00   150  99999.00  99999.00  13285.78  14394.34   -645.50   -288.26   -797.89   -348.37       0     826     823     671
23472  07  00   100  99999.00  99999.00  16058.88  16990.80   -597.93   -353.61   -840.18   -360.42       0     804     802     651
23472  07  00    80  99999.00  99999.00  99999.00  99999.00  99999.00  99999.00  99999.00  99999.00       0       0      11       9
23472  07  00    70  99999.00  99999.00  18455.26  19308.10   -569.77   -373.93   -861.52   -352.12       0     755     760     609
23472  07  00    60  99999.00  99999.00  99999.00  99999.00  99999.00  99999.00  99999.00  99999.00       0       0      10       8
23472  07  00    50  99999.00  99999.00  14113.92  28025.16  -2602.09   1647.35   -873.38   -342.74       0     723     726     575
23472  07  00    40  99999.00  99999.00  99999.00  99999.00  99999.00  99999.00  99999.00  99999.00       0       0      26      19
23472  07  00    30  99999.00  99999.00  24056.96  24974.84   -544.66   -350.50   -913.29   -297.69       0     666     661     510
23472  07  00    20  99999.00  99999.00  26720.27  27770.87  -2534.35   1671.17   -914.25   -262.17       0     594     586     432
23472  07  00    15  99999.00  99999.00  99999.00  99999.00 -14034.99  12211.05  99999.00  99999.00       0       0      74      55
23472  07  00    10  99999.00  99999.00  31237.90  32794.90   -527.97   -148.77   -953.11   -134.11       0     300     345     205
23472  07  00     7  99999.00  99999.00  99999.00  99999.00 -10132.61   8985.79  99999.00  99999.00       0       0      73      38
23472  07  00     5  99999.00  99999.00  99999.00  99999.00  99999.00  99999.00  99999.00  99999.00       0       0      51      22
23472  07  00     3  99999.00  99999.00  99999.00  99999.00  99999.00  99999.00  99999.00  99999.00       0       0      15       2
23472  07  00     2  99999.00  99999.00  99999.00  99999.00  99999.00  99999.00  99999.00  99999.00       0       0       0       0
23472  07  00     1  99999.00  99999.00  99999.00  99999.00  99999.00  99999.00  99999.00  99999.00       0       0       0       0
23472  08  00  9999    959.91   1048.71  99999.00  99999.00   -134.81    336.79    -84.38    133.06     907       0     906     905
23472  08  00  1000  99999.00  99999.00   -152.41    348.59   -140.31    344.01   -168.26    316.18       0     741     742     740
23472  08  00   925  99999.00  99999.00    351.34   1090.42   -217.43    391.09   -215.40    306.36       0     642     645     644
23472  08  00   900  99999.00  99999.00  99999.00  99999.00  99999.00  99999.00  99999.00  99999.00       0       0       4       4
23472  08  00   850  99999.00  99999.00   1031.45   1801.73   -227.92    323.72   -286.19    301.57       0     984     986     982
23472  08  00   800  99999.00  99999.00  99999.00  99999.00  99999.00  99999.00  99999.00  99999.00       0       0      15      15
23472  08  00   700  99999.00  99999.00   2511.48   3440.16   -275.07    202.65   -468.80    275.68       0     985     986     981
23472  08  00   600  99999.00  99999.00  99999.00  99999.00  99999.00  99999.00  99999.00  99999.00       0       0      12      11
23472  08  00   500  99999.00  99999.00   4931.73   6185.13   -434.00     51.88   -649.13    107.71       0     979     981     975
23472  08  00   400  99999.00  99999.00   6427.98   7937.46   -548.99    -64.43   -702.00    -51.60       0     969     974     967
23472  08  00   300  99999.00  99999.00   8258.53  10066.81   -642.45   -259.29   -757.07   -262.91       0     959     963     817
23472  08  00   250  99999.00  99999.00   9436.02  11290.98   -752.21   -254.93   -774.49   -351.61       0     952     952     799
23472  08  00   200  99999.00  99999.00  11015.76  12625.08   -833.65   -140.29   -830.10   -294.54       0     942     942     793
23472  08  00   150  99999.00  99999.00  13015.33  14425.33   -655.30   -285.10   -777.95   -370.19       0     923     923     775
23472  08  00   100  99999.00  99999.00  15774.42  17032.74   -597.19   -352.51   -836.56   -362.44       0     905     903     754
23472  08  00    80  99999.00  99999.00  99999.00  99999.00  99999.00  99999.00  99999.00  99999.00       0       0       5       5
23472  08  00    70  99999.00  99999.00  18152.28  19368.12   -575.20   -377.20   -872.28   -354.60       0     845     845     705
23472  08  00    60  99999.00  99999.00  99999.00  99999.00  99999.00  99999.00  99999.00  99999.00       0       0      13      12
23472  08  00    50  99999.00  99999.00  20356.83  21609.99  -3171.97   2175.47   -904.15   -340.15       0     810     813     672
23472  08  00    40  99999.00  99999.00  99999.00  99999.00  99999.00  99999.00  99999.00  99999.00       0       0      19      16
23472  08  00    30  99999.00  99999.00  23669.54  25052.90   -582.07   -349.27   -935.15   -309.11       0     739     744     603
23472  08  00    20  99999.00  99999.00  26280.48  27841.44   -583.77   -300.45   -973.42   -248.50       0     665     676     531
23472  08  00    15  99999.00  99999.00  99999.00  99999.00 -13317.91  11549.33  99999.00  99999.00       0       0      62      50
23472  08  00    10  99999.00  99999.00  30683.59  32830.75   -573.96   -184.80  -1032.07   -129.55       0     318     369     247
23472  08  00     7  99999.00  99999.00  99999.00  99999.00  99999.00  99999.00  99999.00  99999.00       0       0      55      39
23472  08  00     5  99999.00  99999.00  99999.00  99999.00  99999.00  99999.00  99999.00  99999.00       0       0      33      14
23472  08  00     3  99999.00  99999.00  99999.00  99999.00  99999.00  99999.00  99999.00  99999.00       0       0       5       0
23472  08  00     2  99999.00  99999.00  99999.00  99999.00  99999.00  99999.00  99999.00  99999.00       0       0       0       0
23472  08  00     1  99999.00  99999.00  99999.00  99999.00  99999.00  99999.00  99999.00  99999.00       0       0       0       0
23472  09  00  9999    949.97   1064.93  99999.00  99999.00   -236.34    314.22    -90.66    139.62     848       0     848     848
23472  09  00  1000  99999.00  99999.00   -195.88    449.00   -243.55    320.33   -282.57    305.67       0     704     704     703
23472  09  00   925  99999.00  99999.00    249.75   1202.91   -294.22    322.46   -314.35    279.29       0     572     574     570
23472  09  00   900  99999.00  99999.00  99999.00  99999.00  99999.00  99999.00  99999.00  99999.00       0       0       8       8
23472  09  00   850  99999.00  99999.00    930.75   1883.79   -330.60    293.16   -382.24    277.76       0     904     904     896
23472  09  00   800  99999.00  99999.00  99999.00  99999.00  99999.00  99999.00  99999.00  99999.00       0       0       8       8
23472  09  00   700  99999.00  99999.00   2370.12   3491.40   -390.88    201.44   -541.61    238.99       0     901     901     892
23472  09  00   600  99999.00  99999.00  99999.00  99999.00  99999.00  99999.00  99999.00  99999.00       0       0      15      15
23472  09  00   500  99999.00  99999.00   4695.81   6216.33   -536.95     43.25   -666.74     45.22       0     896     895     886
23472  09  00   400  99999.00  99999.00   6129.74   7959.86   -630.62    -87.50   -729.70    -99.82       0     892     894     862
23472  09  00   300  99999.00  99999.00   7919.00  10047.20   -689.21   -295.25   -756.70   -333.82       0     885     886     721
23472  09  00   250  99999.00  99999.00   9079.36  11250.04   -795.51   -272.67   -824.53   -349.09       0     870     870     713
23472  09  00   200  99999.00  99999.00  10644.35  12565.07   -856.62   -175.26   -905.95   -260.11       0     855     856     703
23472  09  00   150  99999.00  99999.00  12632.07  14319.75   -708.93   -292.53   -860.24   -320.60       0     838     839     687
23472  09  00   100  99999.00  99999.00  15305.57  16937.93   -666.19   -345.79   -884.64   -343.92       0     805     807     660
23472  09  00    80  99999.00  99999.00  99999.00  99999.00  99999.00  99999.00  99999.00  99999.00       0       0       7       6
23472  09  00    70  99999.00  99999.00  17580.23  19305.23   -652.97   -372.77   -910.42   -352.90       0     754     757     617
23472  09  00    60  99999.00  99999.00  99999.00  99999.00  99999.00  99999.00  99999.00  99999.00       0       0       7       6
23472  09  00    50  99999.00  99999.00  19707.18  21544.98   -660.82   -380.14   -944.53   -346.33       0     719     726     586
23472  09  00    40  99999.00  99999.00  99999.00  99999.00  99999.00  99999.00  99999.00  99999.00       0       0      19      15
23472  09  00    30  99999.00  99999.00  22853.59  25007.95   -688.24   -353.56   -956.14   -350.02       0     646     651     527
23472  09  00    20  99999.00  99999.00  25341.98  27785.78  -2881.03   1841.93   -950.46   -331.86       0     577     586     467
23472  09  00    15  99999.00  99999.00  99999.00  99999.00 -10796.14   9222.38  99999.00  99999.00       0       0      64      53
23472  09  00    10  99999.00  99999.00  29583.15  32681.67   -721.26   -169.50   -987.93   -236.85       0     294     341     246
23472  09  00     7  99999.00  99999.00  99999.00  99999.00  99999.00  99999.00  99999.00  99999.00       0       0      52      30
23472  09  00     5  99999.00  99999.00  99999.00  99999.00  99999.00  99999.00  99999.00  99999.00       0       0      36      16
23472  09  00     3  99999.00  99999.00  99999.00  99999.00  99999.00  99999.00  99999.00  99999.00       0       0       2       1
23472  09  00     2  99999.00  99999.00  99999.00  99999.00  99999.00  99999.00  99999.00  99999.00       0       0       1       1
23472  09  00     1  99999.00  99999.00  99999.00  99999.00  99999.00  99999.00  99999.00  99999.00       0       0       1       1
23472  10  00  9999    941.89   1074.01  99999.00  99999.00   -502.82    394.06    -69.63    115.89     859       0     858     858
23472  10  00  1000  99999.00  99999.00   -250.38    508.38   -498.37    371.51   -544.91    370.45       0     706     706     704
23472  10  00   925  99999.00  99999.00    227.50   1183.06   -394.33    258.23   -456.03    273.69       0     557     563     557
23472  10  00   900  99999.00  99999.00  99999.00  99999.00  99999.00  99999.00  99999.00  99999.00       0       0      11      11
23472  10  00   850  99999.00  99999.00    854.58   1868.46   -423.30    234.18   -508.45    259.43       0     931     929     920
23472  10  00   800  99999.00  99999.00  99999.00  99999.00  99999.00  99999.00  99999.00  99999.00       0       0      13      13
23472  10  00   700  99999.00  99999.00   2248.02   3442.38   -492.70    171.62   -632.35    209.21       0     931     930     919
23472  10  00   600  99999.00  99999.00  99999.00  99999.00  99999.00  99999.00  99999.00  99999.00       0       0      11      10
23472  10  00   500  99999.00  99999.00   4494.34   6126.70   -638.73     32.79   -750.48     36.72       0     928     926     910
23472  10  00   400  99999.00  99999.00   5868.62   7859.42   -708.22   -104.98   -803.61   -102.81       0     920     922     812
23472  10  00   300  99999.00  99999.00   7608.99   9931.71   -731.75   -319.43   -803.31   -346.71       0     914     915     722
23472  10  00   250  99999.00  99999.00   8754.47  11121.47   -796.95   -311.91   -867.95   -345.71       0     896     895     709
23472  10  00   200  99999.00  99999.00  10264.45  12457.57   -839.94   -250.14   -936.21   -278.37       0     882     882     696
23472  10  00   150  99999.00  99999.00  12201.54  14208.78   -735.66   -344.94   -926.35   -308.35       0     860     860     681
23472  10  00   100  99999.00  99999.00  14822.66  16768.82   -721.28   -391.64   -972.10   -320.38       0     817     813     645
23472  10  00    80  99999.00  99999.00  99999.00  99999.00  99999.00  99999.00  99999.00  99999.00       0       0      10       7
23472  10  00    70  99999.00  99999.00  17040.02  19082.54   -744.15   -405.27  -1012.19   -330.35       0     740     743     588
23472  10  00    60  99999.00  99999.00  99999.00  99999.00  99999.00  99999.00  99999.00  99999.00       0       0      15      12
23472  10  00    50  99999.00  99999.00  19048.72  21318.04   -788.76   -392.40  -1036.66   -344.74       0     687     688     547
23472  10  00    40  99999.00  99999.00  99999.00  99999.00  99999.00  99999.00  99999.00  99999.00       0       0      25      22
23472  10  00    30  99999.00  99999.00  22081.95  24698.31   -829.94   -366.02  -1044.19   -359.11       0     537     545     429
23472  10  00    20  99999.00  99999.00  24441.36  27456.12   -880.29   -288.57  -1065.55   -318.07       0     420     431     325
23472  10  00    15  99999.00  99999.00  99999.00  99999.00  99999.00  99999.00  99999.00  99999.00       0       0      59      48
23472  10  00    10  99999.00  99999.00  28495.86  32297.22   -891.66   -150.06  -1004.78   -281.90       0     193     221     130
23472  10  00     7  99999.00  99999.00  99999.00  99999.00  99999.00  99999.00  99999.00  99999.00       0       0      49      25
23472  10  00     5  99999.00  99999.00  99999.00  99999.00  99999.00  99999.00  99999.00  99999.00       0       0      29      13
23472  10  00     3  99999.00  99999.00  99999.00  99999.00  99999.00  99999.00  99999.00  99999.00       0       0       4       1
23472  10  00     2  99999.00  99999.00  99999.00  99999.00  99999.00  99999.00  99999.00  99999.00       0       0       0       0
23472  10  00     1  99999.00  99999.00  99999.00  99999.00  99999.00  99999.00  99999.00  99999.00       0       0       0       0
23472  11  00  9999    930.66   1092.30  99999.00  99999.00   -832.17    452.07    -41.22    101.94     877       0     877     877
23472  11  00  1000  99999.00  99999.00   -296.89    599.39   -730.60    344.12   -797.48    351.16       0     750     749     746
23472  11  00   925  99999.00  99999.00    136.25   1287.53   -542.71    236.69   -627.46    261.02       0     592     600     599
23472  11  00   900  99999.00  99999.00  99999.00  99999.00  99999.00  99999.00  99999.00  99999.00       0       0      15      15
23472  11  00   850  99999.00  99999.00    767.49   1920.21   -511.33    197.39   -603.81    217.23       0     940     941     936
23472  11  00   800  99999.00  99999.00  99999.00  99999.00  99999.00  99999.00  99999.00  99999.00       0       0       6       6
23472  11  00   700  99999.00  99999.00   2145.47   3443.39   -541.16    118.12   -665.73    144.39       0     940     940     936
23472  11  00   600  99999.00  99999.00  99999.00  99999.00  99999.00  99999.00  99999.00  99999.00       0       0       9       9
23472  11  00   500  99999.00  99999.00   4369.36   6054.40   -680.17    -19.57   -787.06    -11.62       0     934     932     906
23472  11  00   400  99999.00  99999.00   5741.22   7730.58   -739.32   -159.00   -842.43   -150.87       0     929     926     793
23472  11  00   300  99999.00  99999.00   7475.13   9743.37   -742.22   -374.18   -842.66   -370.22       0     920     918     750
23472  11  00   250  99999.00  99999.00   8632.33  10884.61   -824.60   -352.16   -903.70   -369.70       0     909     910     745
23472  11  00   200  99999.00  99999.00  10103.93  12209.81   -873.00   -302.64   -958.87   -327.31       0     891     893     733
23472  11  00   150  99999.00  99999.00  11943.44  13981.40   -814.93   -362.77   -962.68   -348.64       0     868     866     709
23472  11  00   100  99999.00  99999.00  14474.21  16507.73   -838.36   -392.92  -1005.99   -376.71       0     827     825     673
23472  11  00    80  99999.00  99999.00  99999.00  99999.00  99999.00  99999.00  99999.00  99999.00       0       0      10       9
23472  11  00    70  99999.00  99999.00  16551.05  18819.05  -3431.71   2095.13  -1057.54   -390.70       0     736     738     605
23472  11  00    60  99999.00  99999.00  99999.00  99999.00  99999.00  99999.00  99999.00  99999.00       0       0      17      15
23472  11  00    50  99999.00  99999.00  18417.44  21045.56  -4405.69   2981.39  -1106.36   -398.72       0     632     639     517
23472  11  00    40  99999.00  99999.00  99999.00  99999.00  99999.00  99999.00  99999.00  99999.00       0       0      37      30
23472  11  00    30  99999.00  99999.00  21223.84  24425.56  -3176.63   1759.93  -1122.06   -423.54       0     385     404     317
23472  11  00    20  99999.00  99999.00     76.34  49553.06  -1013.84   -358.28  -1166.48   -380.84       0     219     232     169
23472  11  00    15  99999.00  99999.00  99999.00  99999.00  99999.00  99999.00  99999.00  99999.00       0       0      25      19
23472  11  00    10  99999.00  99999.00  99999.00  99999.00  -1084.36   -202.00  99999.00  99999.00       0      55      66      30
23472  11  00     7  99999.00  99999.00  99999.00  99999.00  99999.00  99999.00  99999.00  99999.00       0       0      10       3
23472  11  00     5  99999.00  99999.00  99999.00  99999.00  99999.00  99999.00  99999.00  99999.00       0       0       3       2
23472  11  00     3  99999.00  99999.00  99999.00  99999.00  99999.00  99999.00  99999.00  99999.00       0       0       1       0
23472  11  00     2  99999.00  99999.00  99999.00  99999.00  99999.00  99999.00  99999.00  99999.00       0       0       0       0
23472  11  00     1  99999.00  99999.00  99999.00  99999.00  99999.00  99999.00  99999.00  99999.00       0       0       0       0
23472  12  00  9999    930.86   1096.34  99999.00  99999.00   -912.34    435.74    -42.51    112.53     956       0     955     955
23472  12  00  1000  99999.00  99999.00   -310.58    632.26  -2123.83   1635.29   -881.11    346.01       0     840     840     837
23472  12  00   925  99999.00  99999.00    152.29   1298.77  -2275.99   1860.41   -679.17    225.03       0     653     661     661
23472  12  00   900  99999.00  99999.00  99999.00  99999.00  99999.00  99999.00  99999.00  99999.00       0       0      13      13
23472  12  00   850  99999.00  99999.00  -2448.28   5062.88  -2558.67   2153.49   -638.25    197.19       0    1008    1007    1004
23472  12  00   800  99999.00  99999.00  99999.00  99999.00  99999.00  99999.00  99999.00  99999.00       0       0      12      12
23472  12  00   700  99999.00  99999.00   -732.73   6238.55  -1914.77   1430.59   -674.95    109.49       0    1005    1004    1001
23472  12  00   600  99999.00  99999.00  99999.00  99999.00  99999.00  99999.00  99999.00  99999.00       0       0       7       7
23472  12  00   500  99999.00  99999.00     60.88  10197.16  -2033.26   1268.78   -786.13    -53.77       0     997     995     932
23472  12  00   400  99999.00  99999.00   5648.81   7717.73   -740.49   -205.05   -831.81   -205.29       0     989     988     852
23472  12  00   300  99999.00  99999.00   7396.61   9679.85   -756.28   -398.08   -843.75   -402.63       0     987     985     836
23472  12  00   250  99999.00  99999.00   8547.83  10810.67  -2228.55    992.25   -931.13   -386.45       0     974     974     830
23472  12  00   200  99999.00  99999.00  10016.49  12106.17   -920.31   -309.63  -1010.44   -329.44       0     954     955     817
23472  12  00   150  99999.00  99999.00  11869.78  13814.50   -872.67   -364.11  -1025.43   -338.43       0     928     930     798
23472  12  00   100  99999.00  99999.00  14311.87  16358.35  -2565.88   1248.56  -1083.91   -352.15       0     879     882     755
23472  12  00    80  99999.00  99999.00  99999.00  99999.00  99999.00  99999.00  99999.00  99999.00       0       0       4       3
23472  12  00    70  99999.00  99999.00  16334.43  18656.43  -2718.67   1342.25  -1140.64   -358.36       0     775     776     663
23472  12  00    60  99999.00  99999.00  99999.00  99999.00  99999.00  99999.00  99999.00  99999.00       0       0      15      15
23472  12  00    50  99999.00  99999.00  18188.59  20859.67  -3475.53   2043.27  -1179.41   -352.37       0     635     645     539
23472  12  00    40  99999.00  99999.00  99999.00  99999.00  99999.00  99999.00  99999.00  99999.00       0       0      27      18
23472  12  00    30  99999.00  99999.00  20648.05  24600.37  -1194.97   -173.89  -1228.89   -297.45       0     380     390     315
23472  12  00    20  99999.00  99999.00   9861.11  40091.27  -4589.02   3214.34  -1371.67   -102.43       0     199     214     161
23472  12  00    15  99999.00  99999.00  99999.00  99999.00  99999.00  99999.00  99999.00  99999.00       0       0      24      18
23472  12  00    10  99999.00  99999.00  99999.00  99999.00  99999.00  99999.00  99999.00  99999.00       0      49      60      31
23472  12  00     7  99999.00  99999.00  99999.00  99999.00  99999.00  99999.00  99999.00  99999.00       0       0       7       1
23472  12  00     5  99999.00  99999.00  99999.00  99999.00  99999.00  99999.00  99999.00  99999.00       0       0       8       0
23472  12  00     3  99999.00  99999.00  99999.00  99999.00  99999.00  99999.00  99999.00  99999.00       0       0       2       0
23472  12  00     2  99999.00  99999.00  99999.00  99999.00  99999.00  99999.00  99999.00  99999.00       0       0       1       1
23472  12  00     1  99999.00  99999.00  99999.00  99999.00  99999.00  99999.00  99999.00  99999.00       0       0       0       0
