82193  01  00  9999    999.47   1017.95  99999.00  99999.00    179.88    333.36    -64.41    104.31     347       0     346     346
82193  01  00  1000  99999.00  99999.00      7.61    172.37    179.48    327.80     63.55    397.75       0     341     339     339
82193  01  00   925  99999.00  99999.00    683.93    864.29    166.93    274.93     22.02    364.26       0     304     304     304
82193  01  00   900  99999.00  99999.00  99999.00  99999.00  99999.00  99999.00  99999.00  99999.00       0       0       5       5
82193  01  00   850  99999.00  99999.00   1423.18   1590.34    133.70    224.30    -31.27    339.53       0     341     337     337
82193  01  00   800  99999.00  99999.00  99999.00  99999.00  99999.00  99999.00  99999.00  99999.00       0       0      11      11
82193  01  00   700  99999.00  99999.00   3059.61   3236.73     29.65    161.05   -214.37    303.91       0     341     341     340
82193  01  00   600  99999.00  99999.00  99999.00  99999.00  99999.00  99999.00  99999.00  99999.00       0       0      12      12
82193  01  00   500  99999.00  99999.00   5759.96   5980.76   -125.20     17.36   -599.66    366.22       0     337     339     339
82193  01  00   400  99999.00  99999.00   7454.83   7723.03   -233.52    -82.92   -788.70    299.58       0     336     337     336
82193  01  00   300  99999.00  99999.00   9525.64   9865.84   -368.58   -247.74   -928.91    124.09       0     333     337     337
82193  01  00   250  99999.00  99999.00  10744.87  11176.63   -468.33   -350.37  -1027.18      4.82       0     332     337     304
82193  01  00   200  99999.00  99999.00  12183.05  12694.61   -611.45   -454.25  -1057.03   -223.75       0     326     331     280
82193  01  00   150  99999.00  99999.00  13935.19  14524.87   -783.72   -565.80  -1071.40   -464.20       0     323     329     274
82193  01  00   100  99999.00  99999.00  16286.33  16883.93   -938.12   -686.84  -1168.44   -594.84       0     320     326     270
82193  01  00    80  99999.00  99999.00  99999.00  99999.00  99999.00  99999.00  99999.00  99999.00       0       0      32      30
82193  01  00    70  99999.00  99999.00  18353.57  18835.25  -1028.49   -521.61  -1199.43   -528.63       0     254     260     217
82193  01  00    60  99999.00  99999.00  99999.00  99999.00  99999.00  99999.00  99999.00  99999.00       0       0      35      32
82193  01  00    50  99999.00  99999.00  20282.73  20844.33   -915.82   -479.26  -1212.51   -474.51       0     207     212     182
82193  01  00    40  99999.00  99999.00  99999.00  99999.00  99999.00  99999.00  99999.00  99999.00       0       0      36      34
82193  01  00    30  99999.00  99999.00  23331.03  24068.79   -808.98   -359.46  -1298.82   -356.94       0     107     116     107
82193  01  00    20  99999.00  99999.00  99999.00  99999.00  99999.00  99999.00  99999.00  99999.00       0       7      13      12
82193  01  00    15  99999.00  99999.00  99999.00  99999.00  99999.00  99999.00  99999.00  99999.00       0       0       0       0
82193  01  00    10  99999.00  99999.00  99999.00  99999.00  99999.00  99999.00  99999.00  99999.00       0       0       0       0
82193  01  00     7  99999.00  99999.00  99999.00  99999.00  99999.00  99999.00  99999.00  99999.00       0       0       0       0
82193  01  00     5  99999.00  99999.00  99999.00  99999.00  99999.00  99999.00  99999.00  99999.00       0       0       0       0
82193  01  00     3  99999.00  99999.00  99999.00  99999.00  99999.00  99999.00  99999.00  99999.00       0       0       0       0
82193  01  00     2  99999.00  99999.00  99999.00  99999.00  99999.00  99999.00  99999.00  99999.00       0       0       0       0
82193  01  00     1  99999.00  99999.00  99999.00  99999.00  99999.00  99999.00  99999.00  99999.00       0       0       0       0
82193  02  00  9999   1000.74   1016.94  99999.00  99999.00    182.83    324.07    -59.87     92.65     341       0     340     340
82193  02  00  1000  99999.00  99999.00     24.78    157.02    180.38    320.90    160.47    308.55       0     320     322     322
82193  02  00   925  99999.00  99999.00    699.60    849.36    162.71    273.59    112.38    283.50       0     288     294     294
82193  02  00   900  99999.00  99999.00  99999.00  99999.00  99999.00  99999.00  99999.00  99999.00       0       0       2       2
82193  02  00   850  99999.00  99999.00   1430.13   1582.05    128.25    227.97     45.41    265.85       0     321     323     322
82193  02  00   800  99999.00  99999.00  99999.00  99999.00  99999.00  99999.00  99999.00  99999.00       0       0      12      12
82193  02  00   700  99999.00  99999.00   3069.12   3226.68     31.83    157.83   -192.07    290.81       0     321     326     326
82193  02  00   600  99999.00  99999.00  99999.00  99999.00  99999.00  99999.00  99999.00  99999.00       0       0       7       7
82193  02  00   500  99999.00  99999.00   5770.29   5969.97   -117.46      8.90   -475.90    283.94       0     313     320     320
82193  02  00   400  99999.00  99999.00   7467.56   7712.24   -225.73    -87.49   -788.81    335.71       0     315     321     321
82193  02  00   300  99999.00  99999.00   9538.93   9858.13   -376.36   -237.88   -845.79     80.37       0     312     319     319
82193  02  00   250  99999.00  99999.00  10747.33  11182.57   -472.51   -345.31   -924.45    -64.65       0     313     319     284
82193  02  00   200  99999.00  99999.00  12182.10  12702.78   -604.82   -464.78   -978.15   -273.51       0     307     315     267
82193  02  00   150  99999.00  99999.00  13951.27  14512.15   -778.76   -576.68  -1026.39   -495.51       0     305     308     260
82193  02  00   100  99999.00  99999.00  16295.11  16873.27   -924.71   -702.83  -1130.63   -623.75       0     272     279     232
82193  02  00    80  99999.00  99999.00  99999.00  99999.00  99999.00  99999.00  99999.00  99999.00       0       0      27      24
82193  02  00    70  99999.00  99999.00  18294.42  18885.78  -1022.85   -534.57  -1158.71   -560.75       0     205     211     173
82193  02  00    60  99999.00  99999.00  99999.00  99999.00  99999.00  99999.00  99999.00  99999.00       0       0      23      23
82193  02  00    50  99999.00  99999.00  20219.66  20892.98   -896.90   -496.10  -1174.70   -501.74       0     155     157     134
82193  02  00    40  99999.00  99999.00  99999.00  99999.00  99999.00  99999.00  99999.00  99999.00       0       0      19      18
82193  02  00    30  99999.00  99999.00  23055.30  24340.38   -824.03   -344.27  -1353.39   -244.47       0      74      78      73
82193  02  00    20  99999.00  99999.00  99999.00  99999.00  99999.00  99999.00  99999.00  99999.00       0       4       8       7
82193  02  00    15  99999.00  99999.00  99999.00  99999.00  99999.00  99999.00  99999.00  99999.00       0       0       0       0
82193  02  00    10  99999.00  99999.00  99999.00  99999.00  99999.00  99999.00  99999.00  99999.00       0       0       0       0
82193  02  00     7  99999.00  99999.00  99999.00  99999.00  99999.00  99999.00  99999.00  99999.00       0       0       0       0
82193  02  00     5  99999.00  99999.00  99999.00  99999.00  99999.00  99999.00  99999.00  99999.00       0       0       0       0
82193  02  00     3  99999.00  99999.00  99999.00  99999.00  99999.00  99999.00  99999.00  99999.00       0       0       0       0
82193  02  00     2  99999.00  99999.00  99999.00  99999.00  99999.00  99999.00  99999.00  99999.00       0       0       0       0
82193  02  00     1  99999.00  99999.00  99999.00  99999.00  99999.00  99999.00  99999.00  99999.00       0       0       0       0
82193  03  00  9999   1001.20   1017.04  99999.00  99999.00    189.85    317.17    -57.98     90.94     481       0     478     478
82193  03  00  1000  99999.00  99999.00     27.22    160.30    190.08    311.16    157.47    311.79       0     476     473     473
82193  03  00   925  99999.00  99999.00    708.16    846.76    167.82    267.30    124.94    272.54       0     414     416     416
82193  03  00   900  99999.00  99999.00  99999.00  99999.00  99999.00  99999.00  99999.00  99999.00       0       0       6       6
82193  03  00   850  99999.00  99999.00   1438.82   1580.30    128.21    226.61     57.98    254.66       0     474     473     473
82193  03  00   800  99999.00  99999.00  99999.00  99999.00  99999.00  99999.00  99999.00  99999.00       0       0      18      18
82193  03  00   700  99999.00  99999.00   3076.34   3226.10     40.55    151.07    -99.96    215.52       0     473     477     477
82193  03  00   600  99999.00  99999.00  99999.00  99999.00  99999.00  99999.00  99999.00  99999.00       0       0      19      19
82193  03  00   500  99999.00  99999.00   5772.47   5974.55   -109.03      0.53   -359.09    171.91       0     473     472     472
82193  03  00   400  99999.00  99999.00   7476.17   7710.05   -219.11    -93.59   -750.04    299.84       0     472     472     471
82193  03  00   300  99999.00  99999.00   9552.23   9854.39   -362.77   -245.41   -838.59     86.61       0     468     470     469
82193  03  00   250  99999.00  99999.00  10789.71  11155.23   -462.13   -348.25   -935.10    -34.98       0     466     470     429
82193  03  00   200  99999.00  99999.00  12225.46  12677.62   -595.51   -466.51   -988.22   -253.34       0     466     468     386
82193  03  00   150  99999.00  99999.00  13978.34  14505.74   -771.94   -584.98  -1024.45   -491.65       0     455     457     376
82193  03  00   100  99999.00  99999.00  16299.84  16878.84   -946.87   -686.47  -1161.35   -594.71       0     425     428     346
82193  03  00    80  99999.00  99999.00  99999.00  99999.00  99999.00  99999.00  99999.00  99999.00       0       0      49      41
82193  03  00    70  99999.00  99999.00  18297.43  18911.11   -977.40   -558.72  -1192.08   -511.68       0     314     317     253
82193  03  00    60  99999.00  99999.00  99999.00  99999.00  99999.00  99999.00  99999.00  99999.00       0       0      41      39
82193  03  00    50  99999.00  99999.00  20266.82  20896.70   -894.39   -485.43  -1211.78   -462.98       0     250     255     209
82193  03  00    40  99999.00  99999.00  99999.00  99999.00  99999.00  99999.00  99999.00  99999.00       0       0      33      29
82193  03  00    30  99999.00  99999.00  23322.25  24148.45  -5734.64   4426.00  -1361.09   -255.17       0     114     124      96
82193  03  00    20  99999.00  99999.00  99999.00  99999.00  99999.00  99999.00  99999.00  99999.00       0      13      14       6
82193  03  00    15  99999.00  99999.00  99999.00  99999.00  99999.00  99999.00  99999.00  99999.00       0       0       0       0
82193  03  00    10  99999.00  99999.00  99999.00  99999.00  99999.00  99999.00  99999.00  99999.00       0       0       0       0
82193  03  00     7  99999.00  99999.00  99999.00  99999.00  99999.00  99999.00  99999.00  99999.00       0       0       0       0
82193  03  00     5  99999.00  99999.00  99999.00  99999.00  99999.00  99999.00  99999.00  99999.00       0       0       0       0
82193  03  00     3  99999.00  99999.00  99999.00  99999.00  99999.00  99999.00  99999.00  99999.00       0       0       0       0
82193  03  00     2  99999.00  99999.00  99999.00  99999.00  99999.00  99999.00  99999.00  99999.00       0       0       0       0
82193  03  00     1  99999.00  99999.00  99999.00  99999.00  99999.00  99999.00  99999.00  99999.00       0       0       0       0
82193  04  00  9999   1001.69   1017.05  99999.00  99999.00    193.31    313.67    -55.18     86.42     456       0     453     453
82193  04  00  1000  99999.00  99999.00     32.74    159.34    192.07    308.95    157.35    312.15       0     474     470     470
82193  04  00   925  99999.00  99999.00    713.81    847.61    171.06    268.02    122.16    277.20       0     400     398     398
82193  04  00   900  99999.00  99999.00  99999.00  99999.00  99999.00  99999.00  99999.00  99999.00       0       0       6       6
82193  04  00   850  99999.00  99999.00   1443.24   1582.20    133.46    224.30     64.52    251.48       0     472     469     469
82193  04  00   800  99999.00  99999.00  99999.00  99999.00  99999.00  99999.00  99999.00  99999.00       0       0      13      13
82193  04  00   700  99999.00  99999.00   3078.50   3231.38     38.77    154.69   -119.02    237.50       0     469     473     471
82193  04  00   600  99999.00  99999.00  99999.00  99999.00  99999.00  99999.00  99999.00  99999.00       0       0      14      14
82193  04  00   500  99999.00  99999.00   5784.51   5973.63   -101.59     -3.43   -361.13    184.15       0     461     464     462
82193  04  00   400  99999.00  99999.00   7492.14   7709.70   -215.59    -92.23   -648.59    221.53       0     458     459     458
82193  04  00   300  99999.00  99999.00   9562.29   9863.61   -355.80   -245.16   -709.82    -24.26       0     457     460     457
82193  04  00   250  99999.00  99999.00  10802.21  11164.61   -454.67   -347.15   -783.80   -161.84       0     455     459     439
82193  04  00   200  99999.00  99999.00  12240.83  12688.19   -594.82   -458.26   -935.35   -285.67       0     448     448     355
82193  04  00   150  99999.00  99999.00  14009.24  14507.72   -773.20   -580.12   -992.08   -513.04       0     440     442     343
82193  04  00   100  99999.00  99999.00  16335.50  16881.02   -941.80   -697.24  -1108.32   -638.88       0     403     410     313
82193  04  00    80  99999.00  99999.00  99999.00  99999.00  99999.00  99999.00  99999.00  99999.00       0       0      39      34
82193  04  00    70  99999.00  99999.00  18361.56  18886.68  -3898.34   2320.42  -1110.72   -562.92       0     313     319     252
82193  04  00    60  99999.00  99999.00  99999.00  99999.00  99999.00  99999.00  99999.00  99999.00       0       0      44      36
82193  04  00    50  99999.00  99999.00  20319.23  20904.23   -843.03   -518.79  -1253.03   -406.55       0     231     232     178
82193  04  00    40  99999.00  99999.00  99999.00  99999.00  99999.00  99999.00  99999.00  99999.00       0       0      35      29
82193  04  00    30  99999.00  99999.00  23421.45  24114.45   -788.11   -355.03  -1371.13   -218.05       0     112     115      82
82193  04  00    20  99999.00  99999.00  99999.00  99999.00  99999.00  99999.00  99999.00  99999.00       0      21      22       7
82193  04  00    15  99999.00  99999.00  99999.00  99999.00  99999.00  99999.00  99999.00  99999.00       0       0       1       0
82193  04  00    10  99999.00  99999.00  99999.00  99999.00  99999.00  99999.00  99999.00  99999.00       0       0       0       0
82193  04  00     7  99999.00  99999.00  99999.00  99999.00  99999.00  99999.00  99999.00  99999.00       0       0       0       0
82193  04  00     5  99999.00  99999.00  99999.00  99999.00  99999.00  99999.00  99999.00  99999.00       0       0       0       0
82193  04  00     3  99999.00  99999.00  99999.00  99999.00  99999.00  99999.00  99999.00  99999.00       0       0       0       0
82193  04  00     2  99999.00  99999.00  99999.00  99999.00  99999.00  99999.00  99999.00  99999.00       0       0       0       0
82193  04  00     1  99999.00  99999.00  99999.00  99999.00  99999.00  99999.00  99999.00  99999.00       0       0       0       0
82193  05  00  9999   1002.35   1017.71  99999.00  99999.00    184.84    323.20    -59.03     95.77     426       0     425     425
82193  05  00  1000  99999.00  99999.00     33.80    171.08    185.68    318.64    158.09    307.61       0     453     452     452
82193  05  00   925  99999.00  99999.00    712.80    862.08    171.92    274.16    113.04    286.08       0     398     396     396
82193  05  00   900  99999.00  99999.00  99999.00  99999.00  99999.00  99999.00  99999.00  99999.00       0       0       4       4
82193  05  00   850  99999.00  99999.00   1447.49   1593.41    133.88    225.68     72.34    247.54       0     452     445     445
82193  05  00   800  99999.00  99999.00  99999.00  99999.00  99999.00  99999.00  99999.00  99999.00       0       0       7       7
82193  05  00   700  99999.00  99999.00   3089.46   3234.90     42.07    149.83   -177.30    292.62       0     446     446     446
82193  05  00   600  99999.00  99999.00  99999.00  99999.00  99999.00  99999.00  99999.00  99999.00       0       0      11      11
82193  05  00   500  99999.00  99999.00   5796.80   5972.36   -112.42      6.14   -490.24    285.56       0     443     446     445
82193  05  00   400  99999.00  99999.00   7499.94   7711.86   -221.00    -85.52   -859.63    366.29       0     441     444     444
82193  05  00   300  99999.00  99999.00   9567.63   9867.87   -362.75   -240.71   -983.02    180.62       0     439     441     440
82193  05  00   250  99999.00  99999.00  10808.59  11169.55   -459.97   -344.41  -1023.50     22.54       0     432     437     398
82193  05  00   200  99999.00  99999.00  12237.40  12699.76   -595.60   -459.76   -988.12   -261.16       0     430     435     343
82193  05  00   150  99999.00  99999.00  14013.81  14512.05   -778.73   -574.73   -985.94   -526.46       0     430     434     342
82193  05  00   100  99999.00  99999.00  16323.02  16906.82   -965.58   -656.82  -1106.85   -635.73       0     415     423     333
82193  05  00    80  99999.00  99999.00  99999.00  99999.00  99999.00  99999.00  99999.00  99999.00       0       0      53      48
82193  05  00    70  99999.00  99999.00  18355.04  18932.24   -951.86   -550.94  -1134.17   -550.01       0     324     328     267
82193  05  00    60  99999.00  99999.00  99999.00  99999.00  99999.00  99999.00  99999.00  99999.00       0       0      50      45
82193  05  00    50  99999.00  99999.00  20357.77  20916.13   -872.72   -463.64  -1270.36   -387.88       0     262     272     218
82193  05  00    40  99999.00  99999.00  99999.00  99999.00  99999.00  99999.00  99999.00  99999.00       0       0      40      35
82193  05  00    30  99999.00  99999.00  23423.40  24190.20   -758.63   -362.63  -1287.73   -297.97       0     128     140     121
82193  05  00    20  99999.00  99999.00  99999.00  99999.00  99999.00  99999.00  99999.00  99999.00       0      10      15       9
82193  05  00    15  99999.00  99999.00  99999.00  99999.00  99999.00  99999.00  99999.00  99999.00       0       0       0       0
82193  05  00    10  99999.00  99999.00  99999.00  99999.00  99999.00  99999.00  99999.00  99999.00       0       0       0       0
82193  05  00     7  99999.00  99999.00  99999.00  99999.00  99999.00  99999.00  99999.00  99999.00       0       0       0       0
82193  05  00     5  99999.00  99999.00  99999.00  99999.00  99999.00  99999.00  99999.00  99999.00       0       0       0       0
82193  05  00     3  99999.00  99999.00  99999.00  99999.00  99999.00  99999.00  99999.00  99999.00       0       0       0       0
82193  05  00     2  99999.00  99999.00  99999.00  99999.00  99999.00  99999.00  99999.00  99999.00       0       0       0       0
82193  05  00     1  99999.00  99999.00  99999.00  99999.00  99999.00  99999.00  99999.00  99999.00       0       0       0       0
82193  06  00  9999   1002.77   1019.21  99999.00  99999.00    173.19    339.15    -84.78    136.98     424       0     424     424
82193  06  00  1000  99999.00  99999.00     41.88    179.40    176.37    333.33    151.25    302.21       0     435     433     432
82193  06  00   925  99999.00  99999.00    717.71    876.95    175.34    272.18     93.16    297.40       0     372     372     372
82193  06  00   900  99999.00  99999.00  99999.00  99999.00  99999.00  99999.00  99999.00  99999.00       0       0       9       9
82193  06  00   850  99999.00  99999.00   1459.74   1597.50    135.87    217.35     66.60    242.76       0     435     431     431
82193  06  00   800  99999.00  99999.00  99999.00  99999.00  99999.00  99999.00  99999.00  99999.00       0       0       5       5
82193  06  00   700  99999.00  99999.00   3097.08   3238.56     33.92    148.52   -239.53    322.43       0     432     433     433
82193  06  00   600  99999.00  99999.00  99999.00  99999.00  99999.00  99999.00  99999.00  99999.00       0       0      20      20
82193  06  00   500  99999.00  99999.00   5798.50   5971.90   -115.58      0.94   -756.10    451.22       0     429     432     431
82193  06  00   400  99999.00  99999.00   7500.68   7704.32   -220.64    -98.72  -1010.52    420.24       0     428     429     429
82193  06  00   300  99999.00  99999.00   9577.84   9838.96   -366.16   -253.60  -1120.90    240.50       0     424     425     424
82193  06  00   250  99999.00  99999.00  10815.33  11134.65   -464.23   -355.87  -1124.30     59.26       0     419     422     372
82193  06  00   200  99999.00  99999.00  12260.77  12642.61   -606.95   -457.19  -1069.11   -238.71       0     419     420     311
82193  06  00   150  99999.00  99999.00  14002.36  14485.72   -780.99   -562.71  -1033.28   -501.80       0     411     412     302
82193  06  00   100  99999.00  99999.00  16321.57  16897.69   -935.86   -644.02  -1125.94   -599.14       0     399     401     295
82193  06  00    80  99999.00  99999.00  99999.00  99999.00  99999.00  99999.00  99999.00  99999.00       0       0      33      28
82193  06  00    70  99999.00  99999.00  18383.03  18946.79   -928.52   -529.52  -1121.31   -562.95       0     352     358     274
82193  06  00    60  99999.00  99999.00  99999.00  99999.00  99999.00  99999.00  99999.00  99999.00       0       0      46      38
82193  06  00    50  99999.00  99999.00  20373.58  20982.22   -845.33   -465.77  -1298.76   -383.88       0     300     307     234
82193  06  00    40  99999.00  99999.00  99999.00  99999.00  99999.00  99999.00  99999.00  99999.00       0       0      44      40
82193  06  00    30  99999.00  99999.00  23455.01  24271.01   -727.22   -393.50  -1274.44   -349.36       0     183     193     143
82193  06  00    20  99999.00  99999.00  99999.00  99999.00  99999.00  99999.00  99999.00  99999.00       0      24      30      14
82193  06  00    15  99999.00  99999.00  99999.00  99999.00  99999.00  99999.00  99999.00  99999.00       0       0       0       0
82193  06  00    10  99999.00  99999.00  99999.00  99999.00  99999.00  99999.00  99999.00  99999.00       0       0       0       0
82193  06  00     7  99999.00  99999.00  99999.00  99999.00  99999.00  99999.00  99999.00  99999.00       0       0       0       0
82193  06  00     5  99999.00  99999.00  99999.00  99999.00  99999.00  99999.00  99999.00  99999.00       0       0       0       0
82193  06  00     3  99999.00  99999.00  99999.00  99999.00  99999.00  99999.00  99999.00  99999.00       0       0       0       0
82193  06  00     2  99999.00  99999.00  99999.00  99999.00  99999.00  99999.00  99999.00  99999.00       0       0       0       0
82193  06  00     1  99999.00  99999.00  99999.00  99999.00  99999.00  99999.00  99999.00  99999.00       0       0       0       0
82193  07  00  9999   1003.54   1019.02  99999.00  99999.00    166.11    348.63    -86.81    145.51     456       0     454     454
82193  07  00  1000  99999.00  99999.00     45.43    179.95    170.98    338.26    121.89    321.57       0     493     490     488
82193  07  00   925  99999.00  99999.00    732.36    866.04    176.33    271.73     83.58    298.38       0     394     401     401
82193  07  00   900  99999.00  99999.00  99999.00  99999.00  99999.00  99999.00  99999.00  99999.00       0       0       5       5
82193  07  00   850  99999.00  99999.00   1467.02   1593.38    134.87    213.11     -9.65    307.75       0     493     487     487
82193  07  00   800  99999.00  99999.00  99999.00  99999.00  99999.00  99999.00  99999.00  99999.00       0       0      15      15
82193  07  00   700  99999.00  99999.00   3101.90   3232.22     26.88    147.48   -344.22    394.02       0     488     490     488
82193  07  00   600  99999.00  99999.00  99999.00  99999.00  99999.00  99999.00  99999.00  99999.00       0       0      27      27
82193  07  00   500  99999.00  99999.00   5795.05   5964.61   -127.26      5.70   -911.58    525.42       0     477     483     482
82193  07  00   400  99999.00  99999.00   7492.75   7695.79   -224.01   -103.77  -1094.87    440.65       0     478     483     481
82193  07  00   300  99999.00  99999.00   9559.69   9829.09   -370.69   -262.81  -1260.66    301.98       0     469     478     474
82193  07  00   250  99999.00  99999.00  10796.12  11116.04   -473.65   -361.69  -1273.29    121.23       0     467     473     374
82193  07  00   200  99999.00  99999.00  12243.90  12615.66   -611.21   -463.73  -1131.02   -214.70       0     462     464     343
82193  07  00   150  99999.00  99999.00  13990.40  14446.40   -773.58   -573.78  -1066.91   -490.19       0     463     463     340
82193  07  00   100  99999.00  99999.00  16327.25  16852.01   -944.33   -604.61  -1172.86   -549.82       0     439     447     323
82193  07  00    80  99999.00  99999.00  99999.00  99999.00  99999.00  99999.00  99999.00  99999.00       0       0      21      18
82193  07  00    70  99999.00  99999.00  18429.19  18909.19   -892.85   -508.01  -1160.46   -521.10       0     405     407     310
82193  07  00    60  99999.00  99999.00  99999.00  99999.00  99999.00  99999.00  99999.00  99999.00       0       0      43      37
82193  07  00    50  99999.00  99999.00  20403.29  20994.05   -836.25   -458.85  -1288.70   -401.90       0     360     362     279
82193  07  00    40  99999.00  99999.00  99999.00  99999.00  99999.00  99999.00  99999.00  99999.00       0       0      51      44
82193  07  00    30  99999.00  99999.00  23477.35  24293.59   -745.04   -396.56  -1250.57   -412.97       0     234     253     191
82193  07  00    20  99999.00  99999.00  99999.00  99999.00  99999.00  99999.00  99999.00  99999.00       0      48      60      30
82193  07  00    15  99999.00  99999.00  99999.00  99999.00  99999.00  99999.00  99999.00  99999.00       0       0       1       0
82193  07  00    10  99999.00  99999.00  99999.00  99999.00  99999.00  99999.00  99999.00  99999.00       0       0       0       0
82193  07  00     7  99999.00  99999.00  99999.00  99999.00  99999.00  99999.00  99999.00  99999.00       0       0       0       0
82193  07  00     5  99999.00  99999.00  99999.00  99999.00  99999.00  99999.00  99999.00  99999.00       0       0       0       0
82193  07  00     3  99999.00  99999.00  99999.00  99999.00  99999.00  99999.00  99999.00  99999.00       0       0       0       0
82193  07  00     2  99999.00  99999.00  99999.00  99999.00  99999.00  99999.00  99999.00  99999.00       0       0       0       0
82193  07  00     1  99999.00  99999.00  99999.00  99999.00  99999.00  99999.00  99999.00  99999.00       0       0       0       0
82193  08  00  9999   1002.94   1018.90  99999.00  99999.00    178.00    346.00    -75.99    142.17     483       0     481     480
82193  08  00  1000  99999.00  99999.00     44.14    175.66    185.83    331.03    132.42    316.62       0     501     500     500
82193  08  00   925  99999.00  99999.00    730.08    862.92    174.78    276.06    108.02    282.98       0     414     414     414
82193  08  00   900  99999.00  99999.00  99999.00  99999.00  99999.00  99999.00  99999.00  99999.00       0       0      11      11
82193  08  00   850  99999.00  99999.00   1466.02   1590.82    135.06    217.02     51.87    255.15       0     500     498     498
82193  08  00   800  99999.00  99999.00  99999.00  99999.00  99999.00  99999.00  99999.00  99999.00       0       0      23      23
82193  08  00   700  99999.00  99999.00   3105.23   3226.91     27.05    150.77   -394.94    414.94       0     498     499     496
82193  08  00   600  99999.00  99999.00  99999.00  99999.00  99999.00  99999.00  99999.00  99999.00       0       0      21      21
82193  08  00   500  99999.00  99999.00   5807.20   5950.84   -124.43      7.33  -1046.73    544.11       0     494     493     493
82193  08  00   400  99999.00  99999.00   7506.62   7682.54   -223.74    -99.78  -1123.54    366.02       0     489     491     488
82193  08  00   300  99999.00  99999.00   9586.44   9806.76   -367.02   -264.06  -1275.34    248.78       0     483     488     487
82193  08  00   250  99999.00  99999.00  10829.43  11088.99   -467.43   -364.23  -1293.08     87.28       0     480     490     398
82193  08  00   200  99999.00  99999.00  12272.06  12593.18   -608.80   -462.04  -1156.34   -213.86       0     477     482     362
82193  08  00   150  99999.00  99999.00  14016.56  14432.00   -776.37   -565.17  -1083.15   -475.11       0     474     479     357
82193  08  00   100  99999.00  99999.00  16337.68  16855.60   -941.51   -605.27  -1201.29   -522.69       0     456     461     343
82193  08  00    80  99999.00  99999.00  99999.00  99999.00  99999.00  99999.00  99999.00  99999.00       0       0      53      45
82193  08  00    70  99999.00  99999.00  18429.33  18930.33   -860.18   -539.06  -1161.15   -525.87       0     417     422     328
82193  08  00    60  99999.00  99999.00  99999.00  99999.00  99999.00  99999.00  99999.00  99999.00       0       0      57      44
82193  08  00    50  99999.00  99999.00  20409.09  21005.25   -824.12   -472.52  -1298.77   -383.29       0     385     390     307
82193  08  00    40  99999.00  99999.00  99999.00  99999.00 -16225.37  13598.47  99999.00  99999.00       0       0      67      57
82193  08  00    30  99999.00  99999.00  23503.05  24264.81   -741.85   -417.37  -1259.74   -376.66       0     295     308     229
82193  08  00    20  99999.00  99999.00  26031.26  26995.82   -801.49   -211.57  99999.00  99999.00       0      65      81      26
82193  08  00    15  99999.00  99999.00  99999.00  99999.00  99999.00  99999.00  99999.00  99999.00       0       0       2       1
82193  08  00    10  99999.00  99999.00  99999.00  99999.00  99999.00  99999.00  99999.00  99999.00       0       0       0       0
82193  08  00     7  99999.00  99999.00  99999.00  99999.00  99999.00  99999.00  99999.00  99999.00       0       0       0       0
82193  08  00     5  99999.00  99999.00  99999.00  99999.00  99999.00  99999.00  99999.00  99999.00       0       0       0       0
82193  08  00     3  99999.00  99999.00  99999.00  99999.00  99999.00  99999.00  99999.00  99999.00       0       0       0       0
82193  08  00     2  99999.00  99999.00  99999.00  99999.00  99999.00  99999.00  99999.00  99999.00       0       0       0       0
82193  08  00     1  99999.00  99999.00  99999.00  99999.00  99999.00  99999.00  99999.00  99999.00       0       0       0       0
82193  09  00  9999   1001.79   1018.59  99999.00  99999.00    192.35    335.51    -68.43    134.73     490       0     488     488
82193  09  00  1000  99999.00  99999.00     30.74    175.70    205.92    314.64    133.19    319.19       0     506     506     506
82193  09  00   925  99999.00  99999.00    705.63    873.87    177.74    271.46     55.25    335.21       0     410     413     412
82193  09  00   900  99999.00  99999.00  99999.00  99999.00  99999.00  99999.00  99999.00  99999.00       0       0      12      12
82193  09  00   850  99999.00  99999.00   1445.98   1597.66    138.39    220.35     54.73    260.29       0     504     501     501
82193  09  00   800  99999.00  99999.00  99999.00  99999.00  99999.00  99999.00  99999.00  99999.00       0       0      10      10
82193  09  00   700  99999.00  99999.00   3088.92   3236.16     32.18    155.54   -475.66    451.58       0     503     502     500
82193  09  00   600  99999.00  99999.00  99999.00  99999.00  99999.00  99999.00  99999.00  99999.00       0       0      29      29
82193  09  00   500  99999.00  99999.00   5793.02   5962.22   -120.90      8.10  -1079.40    521.16       0     500     500     500
82193  09  00   400  99999.00  99999.00   7496.43   7692.27   -221.11    -99.67  -1120.22    338.02       0     499     501     500
82193  09  00   300  99999.00  99999.00   9573.98   9820.46   -362.93   -264.29  -1210.48    194.60       0     492     490     487
82193  09  00   250  99999.00  99999.00  10815.13  11106.97   -465.71   -360.47  -1253.16     74.64       0     485     492     403
82193  09  00   200  99999.00  99999.00  12260.54  12610.58   -599.61   -465.93  -1148.21   -218.09       0     480     483     356
82193  09  00   150  99999.00  99999.00  14016.43  14441.11   -771.41   -571.01  -1107.72   -455.04       0     465     472     344
82193  09  00   100  99999.00  99999.00  16355.58  16842.54   -942.61   -607.93  -1243.64   -493.16       0     448     459     332
82193  09  00    80  99999.00  99999.00  99999.00  99999.00  99999.00  99999.00  99999.00  99999.00       0       0      43      40
82193  09  00    70  99999.00  99999.00  18441.14  18908.30   -893.19   -521.07  -1186.94   -513.38       0     394     398     301
82193  09  00    60  99999.00  99999.00  99999.00  99999.00  99999.00  99999.00  99999.00  99999.00       0       0      37      32
82193  09  00    50  99999.00  99999.00  20423.30  20968.10  -3609.61   2256.95  -1280.53   -414.73       0     358     367     279
82193  09  00    40  99999.00  99999.00  99999.00  99999.00  99999.00  99999.00  99999.00  99999.00       0       0      45      38
82193  09  00    30  99999.00  99999.00  23485.28  24244.64   -739.92   -411.00  -1212.59   -438.23       0     258     278     203
82193  09  00    20  99999.00  99999.00  26046.13  27001.33   -736.07   -264.47  99999.00  99999.00       0      67      77      24
82193  09  00    15  99999.00  99999.00  99999.00  99999.00  99999.00  99999.00  99999.00  99999.00       0       0       3       0
82193  09  00    10  99999.00  99999.00  99999.00  99999.00  99999.00  99999.00  99999.00  99999.00       0       0       0       0
82193  09  00     7  99999.00  99999.00  99999.00  99999.00  99999.00  99999.00  99999.00  99999.00       0       0       0       0
82193  09  00     5  99999.00  99999.00  99999.00  99999.00  99999.00  99999.00  99999.00  99999.00       0       0       0       0
82193  09  00     3  99999.00  99999.00  99999.00  99999.00  99999.00  99999.00  99999.00  99999.00       0       0       0       0
82193  09  00     2  99999.00  99999.00  99999.00  99999.00  99999.00  99999.00  99999.00  99999.00       0       0       0       0
82193  09  00     1  99999.00  99999.00  99999.00  99999.00  99999.00  99999.00  99999.00  99999.00       0       0       0       0
82193  10  00  9999   1000.96   1017.16  99999.00  99999.00    201.99    332.43    -68.89    145.43     486       0     485     485
82193  10  00  1000  99999.00  99999.00     26.93    160.73    215.30    310.46    132.41    315.77       0     513     507     507
82193  10  00   925  99999.00  99999.00    705.21    854.97    180.89    273.53     68.61    309.93       0     400     405     405
82193  10  00   900  99999.00  99999.00  99999.00  99999.00  99999.00  99999.00  99999.00  99999.00       0       0       6       6
82193  10  00   850  99999.00  99999.00   1448.73   1577.25    140.02    223.18     64.08    253.44       0     509     501     501
82193  10  00   800  99999.00  99999.00  99999.00  99999.00  99999.00  99999.00  99999.00  99999.00       0       0      14      14
82193  10  00   700  99999.00  99999.00   3088.08   3222.24     31.01    162.65   -474.41    457.03       0     507     508     506
82193  10  00   600  99999.00  99999.00  99999.00  99999.00  99999.00  99999.00  99999.00  99999.00       0       0      25      25
82193  10  00   500  99999.00  99999.00   5787.57   5961.09   -116.95     12.89   -928.64    428.20       0     501     505     505
82193  10  00   400  99999.00  99999.00   7497.59   7690.19   -218.89    -95.65  -1055.89    341.99       0     499     499     496
82193  10  00   300  99999.00  99999.00   9578.04   9822.96   -358.17   -258.09  -1117.50    132.06       0     495     499     497
82193  10  00   250  99999.00  99999.00  10820.20  11113.48   -458.20   -358.72  -1128.42    -19.14       0     487     492     408
82193  10  00   200  99999.00  99999.00  12264.91  12623.83   -593.34   -465.06  -1032.61   -295.21       0     485     488     342
82193  10  00   150  99999.00  99999.00  14039.49  14439.93   -761.94   -580.74  -1050.23   -500.87       0     483     486     341
82193  10  00   100  99999.00  99999.00  16356.97  16839.85   -975.84   -614.88  -1169.80   -579.64       0     458     464     320
82193  10  00    80  99999.00  99999.00  99999.00  99999.00  99999.00  99999.00  99999.00  99999.00       0       0      33      26
82193  10  00    70  99999.00  99999.00  18398.37  18891.45   -919.47   -545.19  -1137.93   -555.45       0     403     405     295
82193  10  00    60  99999.00  99999.00  99999.00  99999.00  99999.00  99999.00  99999.00  99999.00       0       0      48      38
82193  10  00    50  99999.00  99999.00  20336.02  20960.86  -3589.96   2203.64  -1254.18   -443.70       0     371     375     276
82193  10  00    40  99999.00  99999.00  99999.00  99999.00  99999.00  99999.00  99999.00  99999.00       0       0      54      40
82193  10  00    30  99999.00  99999.00  23309.02  24281.86   -802.29   -359.25  -1328.98   -296.14       0     272     281     202
82193  10  00    20  99999.00  99999.00  25949.87  26966.63   -749.33   -264.41  99999.00  99999.00       0      63      78      32
82193  10  00    15  99999.00  99999.00  99999.00  99999.00  99999.00  99999.00  99999.00  99999.00       0       0       1       0
82193  10  00    10  99999.00  99999.00  99999.00  99999.00  99999.00  99999.00  99999.00  99999.00       0       0       0       0
82193  10  00     7  99999.00  99999.00  99999.00  99999.00  99999.00  99999.00  99999.00  99999.00       0       0       0       0
82193  10  00     5  99999.00  99999.00  99999.00  99999.00  99999.00  99999.00  99999.00  99999.00       0       0       0       0
82193  10  00     3  99999.00  99999.00  99999.00  99999.00  99999.00  99999.00  99999.00  99999.00       0       0       0       0
82193  10  00     2  99999.00  99999.00  99999.00  99999.00  99999.00  99999.00  99999.00  99999.00       0       0       0       0
82193  10  00     1  99999.00  99999.00  99999.00  99999.00  99999.00  99999.00  99999.00  99999.00       0       0       0       0
82193  11  00  9999   1000.23   1015.83  99999.00  99999.00    206.31    332.43    -62.93    135.55     417       0     416     416
82193  11  00  1000  99999.00  99999.00     18.50    151.46    219.12    311.04    127.65    326.37       0     432     429     429
82193  11  00   925  99999.00  99999.00    703.05    838.17    182.03    274.67     73.63    307.51       0     361     367     367
82193  11  00   900  99999.00  99999.00  99999.00  99999.00  99999.00  99999.00  99999.00  99999.00       0       0       8       8
82193  11  00   850  99999.00  99999.00   1436.80   1574.20    146.25    220.29     57.65    267.29       0     432     430     430
82193  11  00   800  99999.00  99999.00  99999.00  99999.00  99999.00  99999.00  99999.00  99999.00       0       0       8       8
82193  11  00   700  99999.00  99999.00   3080.21   3217.49     40.05    158.13   -381.98    395.86       0     429     430     429
82193  11  00   600  99999.00  99999.00  99999.00  99999.00  99999.00  99999.00  99999.00  99999.00       0       0      20      20
82193  11  00   500  99999.00  99999.00   5788.20   5958.36   -106.71      8.73   -782.18    392.38       0     427     429     427
82193  11  00   400  99999.00  99999.00   7500.01   7688.53   -211.13    -95.33  -1057.72    372.20       0     424     424     422
82193  11  00   300  99999.00  99999.00   9583.53   9825.21   -350.27   -258.71  -1104.61    151.91       0     419     418     417
82193  11  00   250  99999.00  99999.00  10834.67  11112.95   -451.57   -360.01  -1118.29     10.43       0     409     424     388
82193  11  00   200  99999.00  99999.00  12291.65  12616.37   -587.50   -468.22  -1065.77   -249.65       0     406     413     332
82193  11  00   150  99999.00  99999.00  14046.94  14449.90   -760.48   -583.72  -1059.20   -485.96       0     400     405     325
82193  11  00   100  99999.00  99999.00  16349.51  16845.95   -949.12   -683.80  -1165.69   -617.17       0     375     385     302
82193  11  00    80  99999.00  99999.00  99999.00  99999.00  99999.00  99999.00  99999.00  99999.00       0       0      41      33
82193  11  00    70  99999.00  99999.00  18370.76  18868.04   -959.56   -552.64  -1163.39   -555.59       0     335     340     273
82193  11  00    60  99999.00  99999.00  99999.00  99999.00  99999.00  99999.00  99999.00  99999.00       0       0      45      37
82193  11  00    50  99999.00  99999.00  20282.03  20927.39   -875.67   -492.63  -1222.25   -483.53       0     312     317     256
82193  11  00    40  99999.00  99999.00  99999.00  99999.00  99999.00  99999.00  99999.00  99999.00       0       0      47      42
82193  11  00    30  99999.00  99999.00  23271.02  24236.18   -790.95   -360.03  -1320.18   -308.34       0     222     232     188
82193  11  00    20  99999.00  99999.00  99999.00  99999.00  99999.00  99999.00  99999.00  99999.00       0      38      46      24
82193  11  00    15  99999.00  99999.00  99999.00  99999.00  99999.00  99999.00  99999.00  99999.00       0       0       3       1
82193  11  00    10  99999.00  99999.00  99999.00  99999.00  99999.00  99999.00  99999.00  99999.00       0       0       0       0
82193  11  00     7  99999.00  99999.00  99999.00  99999.00  99999.00  99999.00  99999.00  99999.00       0       0       0       0
82193  11  00     5  99999.00  99999.00  99999.00  99999.00  99999.00  99999.00  99999.00  99999.00       0       0       0       0
82193  11  00     3  99999.00  99999.00  99999.00  99999.00  99999.00  99999.00  99999.00  99999.00       0       0       0       0
82193  11  00     2  99999.00  99999.00  99999.00  99999.00  99999.00  99999.00  99999.00  99999.00       0       0       0       0
82193  11  00     1  99999.00  99999.00  99999.00  99999.00  99999.00  99999.00  99999.00  99999.00       0       0       0       0
82193  12  00  9999    999.78   1016.46  99999.00  99999.00    181.04    347.36    -78.02    140.38     349       0     348     348
82193  12  00  1000  99999.00  99999.00     12.44    158.72    190.82    332.78    143.80    314.32       0     350     348     348
82193  12  00   925  99999.00  99999.00    691.74    851.22    173.72    279.56     77.13    301.53       0     304     305     305
82193  12  00   900  99999.00  99999.00  99999.00  99999.00  99999.00  99999.00  99999.00  99999.00       0       0       5       5
82193  12  00   850  99999.00  99999.00   1433.64   1576.44    137.09    226.01     46.69    270.37       0     353     350     350
82193  12  00   800  99999.00  99999.00  99999.00  99999.00  99999.00  99999.00  99999.00  99999.00       0       0      11      11
82193  12  00   700  99999.00  99999.00   3074.40   3219.84     33.28    158.56   -277.82    340.78       0     352     352     352
82193  12  00   600  99999.00  99999.00  99999.00  99999.00  99999.00  99999.00  99999.00  99999.00       0       0      16      16
82193  12  00   500  99999.00  99999.00   5787.16   5952.16   -108.99      7.65   -713.21    404.35       0     348     349     348
82193  12  00   400  99999.00  99999.00   7500.33   7682.37   -211.94    -96.74   -931.73    354.79       0     340     346     344
82193  12  00   300  99999.00  99999.00   9580.54   9818.50   -360.18   -254.82  -1038.78    177.78       0     334     343     343
82193  12  00   250  99999.00  99999.00  10826.12  11108.00   -462.14   -353.54  -1017.18    -30.30       0     326     344     312
82193  12  00   200  99999.00  99999.00  12279.39  12612.63   -597.26   -462.98  -1016.34   -264.90       0     321     343     282
82193  12  00   150  99999.00  99999.00  14036.22  14443.14   -763.90   -579.22  -1023.35   -503.03       0     315     337     275
82193  12  00   100  99999.00  99999.00  16360.94  16827.38   -937.34   -699.50  -1134.80   -631.88       0     305     322     265
82193  12  00    80  99999.00  99999.00  99999.00  99999.00  99999.00  99999.00  99999.00  99999.00       0       0      41      36
82193  12  00    70  99999.00  99999.00  18382.15  18818.35   -979.17   -555.33  -1131.92   -569.72       0     243     251     206
82193  12  00    60  99999.00  99999.00  99999.00  99999.00  99999.00  99999.00  99999.00  99999.00       0       0      30      29
82193  12  00    50  99999.00  99999.00  20345.74  20806.30   -896.78   -476.06  -1193.40   -493.20       0     206     213     180
82193  12  00    40  99999.00  99999.00  99999.00  99999.00  99999.00  99999.00  99999.00  99999.00       0       0      32      27
82193  12  00    30  99999.00  99999.00  23362.88  24074.12   -810.68   -336.68  -1289.86   -353.02       0     133     142     122
82193  12  00    20  99999.00  99999.00  99999.00  99999.00  99999.00  99999.00  99999.00  99999.00       0      23      32      20
82193  12  00    15  99999.00  99999.00  99999.00  99999.00  99999.00  99999.00  99999.00  99999.00       0       0       2       0
82193  12  00    10  99999.00  99999.00  99999.00  99999.00  99999.00  99999.00  99999.00  99999.00       0       0       0       0
82193  12  00     7  99999.00  99999.00  99999.00  99999.00  99999.00  99999.00  99999.00  99999.00       0       0       0       0
82193  12  00     5  99999.00  99999.00  99999.00  99999.00  99999.00  99999.00  99999.00  99999.00       0       0       0       0
82193  12  00     3  99999.00  99999.00  99999.00  99999.00  99999.00  99999.00  99999.00  99999.00       0       0       0       0
82193  12  00     2  99999.00  99999.00  99999.00  99999.00  99999.00  99999.00  99999.00  99999.00       0       0       0       0
82193  12  00     1  99999.00  99999.00  99999.00  99999.00  99999.00  99999.00  99999.00  99999.00       0       0       0       0
