34009  01  12  9999    918.70   1055.98  99999.00  99999.00   -429.50    321.46    -93.77    148.27     824       0     824     824
34009  01  12  1000  99999.00  99999.00     85.76    487.40   -411.12    211.32   -517.06    234.02       0     138     138     136
34009  01  12   925  99999.00  99999.00    224.10   1302.42   -372.43    252.65   -505.53    317.55       0     521     542     537
34009  01  12   900  99999.00  99999.00  99999.00  99999.00  99999.00  99999.00  99999.00  99999.00       0       0      59      59
34009  01  12   850  99999.00  99999.00    896.24   1941.08   -379.50    232.86   -549.86    300.46       0     846     851     847
34009  01  12   800  99999.00  99999.00  99999.00  99999.00   -387.86    215.98   -624.05    303.67       0       0      63      63
34009  01  12   700  99999.00  99999.00   2332.60   3494.92   -433.05    159.99   -681.00    250.56       0     849     854     850
34009  01  12   600  99999.00  99999.00  99999.00  99999.00  99999.00  99999.00  99999.00  99999.00       0       0      43      43
34009  01  12   500  99999.00  99999.00   4630.46   6159.98   -578.32     -5.32   -791.62     52.34       0     843     850     846
34009  01  12   400  99999.00  99999.00   6055.82   7852.94   -655.47   -148.11   -820.34   -124.22       0     842     847     840
34009  01  12   300  99999.00  99999.00   7845.16   9873.64   -717.84   -343.44   -847.38   -341.22       0     835     842     836
34009  01  12   250  99999.00  99999.00   8997.27  11037.27   -821.22   -346.26   -912.94   -379.78       0     823     827     818
34009  01  12   200  99999.00  99999.00  10451.74  12377.02   -914.28   -270.12   -984.49   -330.49       0     805     807     798
34009  01  12   150  99999.00  99999.00  12280.35  14165.07   -852.66   -303.66   -938.89   -363.01       0     789     794     784
34009  01  12   100  99999.00  99999.00  14702.77  16836.61   -854.07   -336.63   -956.45   -393.89       0     770     774     765
34009  01  12    80  99999.00  99999.00  99999.00  99999.00  99999.00  99999.00  99999.00  99999.00       0       0      21      21
34009  01  12    70  99999.00  99999.00  16733.35  19245.67   -899.91   -327.75  -1002.23   -391.43       0     749     751     744
34009  01  12    60  99999.00  99999.00  99999.00  99999.00  99999.00  99999.00  99999.00  99999.00       0       0      23      23
34009  01  12    50  99999.00  99999.00  18600.40  21542.56   -945.03   -308.19  -1038.31   -384.79       0     714     715     708
34009  01  12    40  99999.00  99999.00  99999.00  99999.00  99999.00  99999.00  99999.00  99999.00       0       0      22      22
34009  01  12    30  99999.00  99999.00  21402.87  25042.83  -1015.96   -246.76  -1089.28   -354.16       0     624     632     626
34009  01  12    20  99999.00  99999.00  23610.12  27822.36  -1081.50   -157.02  -1138.21   -293.17       0     532     540     531
34009  01  12    15  99999.00  99999.00  99999.00  99999.00  -8787.50   7197.94  -1247.28   -156.84       0       0      99      99
34009  01  12    10  99999.00  99999.00  27374.34  32731.62  -1203.75    104.49  -1225.32   -114.12       0     181     222     219
34009  01  12     7  99999.00  99999.00  99999.00  99999.00  99999.00  99999.00  99999.00  99999.00       0       0      44      44
34009  01  12     5  99999.00  99999.00  99999.00  99999.00  99999.00  99999.00  99999.00  99999.00       0       0      16      16
34009  01  12     3  99999.00  99999.00  99999.00  99999.00  99999.00  99999.00  99999.00  99999.00       0       0       0       0
34009  01  12     2  99999.00  99999.00  99999.00  99999.00  99999.00  99999.00  99999.00  99999.00       0       0       0       0
34009  01  12     1  99999.00  99999.00  99999.00  99999.00  99999.00  99999.00  99999.00  99999.00       0       0       0       0
34009  02  12  9999    917.75   1057.79  99999.00  99999.00   -396.19    298.61   -109.28    180.28     749       0     749     748
34009  02  12  1000  99999.00  99999.00     81.91    501.79   -378.02    199.78   -483.65    202.39       0     128     129     128
34009  02  12   925  99999.00  99999.00    239.36   1270.40   -398.23    270.65   -516.89    317.59       0     477     499     494
34009  02  12   900  99999.00  99999.00  99999.00  99999.00   -414.63    266.13   -674.64    399.72       0       0      79      79
34009  02  12   850  99999.00  99999.00    893.06   1948.22   -399.07    249.89   -610.20    342.48       0     789     790     788
34009  02  12   800  99999.00  99999.00  99999.00  99999.00  99999.00  99999.00  99999.00  99999.00       0       0      53      53
34009  02  12   700  99999.00  99999.00   2332.14   3498.90   -446.67    170.61   -693.26    251.74       0     793     799     796
34009  02  12   600  99999.00  99999.00  99999.00  99999.00  99999.00  99999.00  99999.00  99999.00       0       0      40      40
34009  02  12   500  99999.00  99999.00   4630.88   6161.60   -585.23      1.09   -755.51     15.97       0     788     791     786
34009  02  12   400  99999.00  99999.00   6058.30   7849.78   -654.42   -151.50   -789.49   -156.37       0     787     787     784
34009  02  12   300  99999.00  99999.00   7861.25   9857.45   -722.71   -337.99   -834.65   -353.57       0     782     783     777
34009  02  12   250  99999.00  99999.00   9035.27  11004.11   -855.93   -303.69   -922.32   -362.76       0     770     775     769
34009  02  12   200  99999.00  99999.00  10530.86  12311.42   -958.22   -205.70  -1003.68   -294.12       0     762     764     758
34009  02  12   150  99999.00  99999.00  12390.53  14085.05   -886.68   -246.00   -940.81   -344.65       0     750     756     748
34009  02  12   100  99999.00  99999.00  14823.61  16781.53   -887.79   -274.35   -961.68   -370.32       0     727     729     722
34009  02  12    80  99999.00  99999.00  99999.00  99999.00  99999.00  99999.00  99999.00  99999.00       0       0      10      10
34009  02  12    70  99999.00  99999.00  16862.85  19223.01   -932.66   -250.58  -1006.30   -357.58       0     686     686     680
34009  02  12    60  99999.00  99999.00  99999.00  99999.00  99999.00  99999.00  99999.00  99999.00       0       0      16      16
34009  02  12    50  99999.00  99999.00  18747.23  21549.59   -974.63   -224.99  -1048.01   -340.73       0     648     657     648
34009  02  12    40  99999.00  99999.00  99999.00  99999.00  99999.00  99999.00  99999.00  99999.00       0       0      20      19
34009  02  12    30  99999.00  99999.00  21503.58  25178.70  -1028.73   -169.41  -1096.68   -304.20       0     568     573     561
34009  02  12    20  99999.00  99999.00  23695.74  28059.42  -1034.66   -124.46  -1120.37   -258.77       0     480     496     483
34009  02  12    15  99999.00  99999.00  99999.00  99999.00  -7288.32   5922.48  -1172.68   -164.80       0       0      74      73
34009  02  12    10  99999.00  99999.00  27639.46  32854.06  -1043.55     21.69  -1132.96   -162.76       0     216     250     243
34009  02  12     7  99999.00  99999.00  99999.00  99999.00  99999.00  99999.00  99999.00  99999.00       0       0      49      47
34009  02  12     5  99999.00  99999.00  99999.00  99999.00  99999.00  99999.00  99999.00  99999.00       0       0      14      14
34009  02  12     3  99999.00  99999.00  99999.00  99999.00  99999.00  99999.00  99999.00  99999.00       0       0       2       1
34009  02  12     2  99999.00  99999.00  99999.00  99999.00  99999.00  99999.00  99999.00  99999.00       0       0       0       0
34009  02  12     1  99999.00  99999.00  99999.00  99999.00  99999.00  99999.00  99999.00  99999.00       0       0       0       0
34009  03  12  9999    922.02   1051.14  99999.00  99999.00   -312.67    333.05   -179.23    297.89     828       0     828     828
34009  03  12  1000  99999.00  99999.00     79.15    484.87   -362.70    326.10   -442.94    260.86       0     101     102     101
34009  03  12   925  99999.00  99999.00    247.43   1249.19   -335.60    283.00   -426.24    266.40       0     528     537     529
34009  03  12   900  99999.00  99999.00  99999.00  99999.00   -362.10    287.46   -564.97    372.11       0       0      84      84
34009  03  12   850  99999.00  99999.00    915.68   1942.28   -382.73    277.87   -572.28    335.88       0     854     859     854
34009  03  12   800  99999.00  99999.00  99999.00  99999.00   -377.31    235.05   -694.34    354.46       0       0      64      64
34009  03  12   700  99999.00  99999.00   2344.83   3523.35   -436.66    196.46   -717.88    279.20       0     858     859     856
34009  03  12   600  99999.00  99999.00  99999.00  99999.00  99999.00  99999.00  99999.00  99999.00       0       0      46      46
34009  03  12   500  99999.00  99999.00   4640.04   6227.76   -564.48     17.40   -790.08     60.60       0     856     858     850
34009  03  12   400  99999.00  99999.00   6071.51   7934.63   -638.80   -133.84   -817.60   -112.84       0     857     858     854
34009  03  12   300  99999.00  99999.00   7876.36   9967.12   -707.31   -327.27   -838.29   -337.89       0     846     850     845
34009  03  12   250  99999.00  99999.00   9042.48  11132.16   -823.57   -314.65   -899.23   -378.31       0     831     831     826
34009  03  12   200  99999.00  99999.00  10534.90  12460.54   -915.96   -220.80   -971.11   -315.19       0     820     821     814
34009  03  12   150  99999.00  99999.00  12421.57  14238.85   -811.01   -289.97   -899.43   -373.59       0     811     813     805
34009  03  12   100  99999.00  99999.00  14945.55  16880.31   -787.06   -342.58   -919.76   -401.48       0     792     793     789
34009  03  12    80  99999.00  99999.00  99999.00  99999.00  99999.00  99999.00  99999.00  99999.00       0       0       9       9
34009  03  12    70  99999.00  99999.00  17067.68  19266.20   -810.66   -342.78   -959.64   -396.12       0     748     747     741
34009  03  12    60  99999.00  99999.00  99999.00  99999.00  99999.00  99999.00  99999.00  99999.00       0       0      19      19
34009  03  12    50  99999.00  99999.00  19068.72  21510.24   -835.93   -328.69   -989.07   -386.43       0     711     712     706
34009  03  12    40  99999.00  99999.00  99999.00  99999.00  99999.00  99999.00  99999.00  99999.00       0       0      22      22
34009  03  12    30  99999.00  99999.00  22070.30  24938.18   -878.51   -281.87  -1049.04   -337.44       0     649     652     643
34009  03  12    20  99999.00  99999.00  24468.36  27675.00   -909.61   -212.53  -1094.62   -271.54       0     554     567     557
34009  03  12    15  99999.00  99999.00  99999.00  99999.00 -10935.14   9265.54  -1126.46   -204.38       0       0      93      93
34009  03  12    10  99999.00  99999.00  28639.85  32435.57   -953.69    -59.09  -1138.28   -167.24       0     253     294     290
34009  03  12     7  99999.00  99999.00  99999.00  99999.00  99999.00  99999.00  99999.00  99999.00       0       0      51      51
34009  03  12     5  99999.00  99999.00  99999.00  99999.00  99999.00  99999.00  99999.00  99999.00       0       0      21      21
34009  03  12     3  99999.00  99999.00  99999.00  99999.00  99999.00  99999.00  99999.00  99999.00       0       0       2       2
34009  03  12     2  99999.00  99999.00  99999.00  99999.00  99999.00  99999.00  99999.00  99999.00       0       0       0       0
34009  03  12     1  99999.00  99999.00  99999.00  99999.00  99999.00  99999.00  99999.00  99999.00       0       0       0       0
34009  04  12  9999    939.73   1031.77  99999.00  99999.00   -243.84    460.92   -262.59    462.93     854       0     854     854
34009  04  12  1000  99999.00  99999.00  99999.00  99999.00  99999.00  99999.00  99999.00  99999.00       0      23      24      24
34009  04  12   925  99999.00  99999.00    374.00   1176.32   -260.52    379.32   -360.13    303.95       0     545     553     549
34009  04  12   900  99999.00  99999.00  99999.00  99999.00  99999.00  99999.00  99999.00  99999.00       0       0      51      51
34009  04  12   850  99999.00  99999.00   1047.06   1867.26   -281.98    296.30   -404.00    287.56       0     885     887     882
34009  04  12   800  99999.00  99999.00  99999.00  99999.00   -307.42    260.66   -493.50    295.02       0       0      71      71
34009  04  12   700  99999.00  99999.00   2518.44   3462.24   -332.51    175.21   -612.09    289.11       0     881     883     878
34009  04  12   600  99999.00  99999.00  99999.00  99999.00  99999.00  99999.00  99999.00  99999.00       0       0      45      45
34009  04  12   500  99999.00  99999.00   4901.56   6156.88   -473.64      1.20   -727.90     67.70       0     875     878     874
34009  04  12   400  99999.00  99999.00   6388.74   7853.94   -565.51   -141.31   -768.21   -102.93       0     874     878     875
34009  04  12   300  99999.00  99999.00   8229.48   9896.40   -663.57   -324.57   -822.27   -309.87       0     871     873     868
34009  04  12   250  99999.00  99999.00   9409.45  11065.81   -788.26   -317.98   -869.44   -375.64       0     863     864     860
34009  04  12   200  99999.00  99999.00  10910.87  12399.11   -866.35   -241.63   -930.32   -328.04       0     845     850     846
34009  04  12   150  99999.00  99999.00  12818.42  14178.50   -746.90   -321.50   -859.73   -384.29       0     835     837     833
34009  04  12   100  99999.00  99999.00  15378.76  16819.24   -744.72   -352.80   -898.98   -397.86       0     812     814     811
34009  04  12    80  99999.00  99999.00  99999.00  99999.00  99999.00  99999.00  99999.00  99999.00       0       0       7       7
34009  04  12    70  99999.00  99999.00  17557.06  19182.34   -761.33   -354.17   -930.76   -398.92       0     756     758     748
34009  04  12    60  99999.00  99999.00  99999.00  99999.00  99999.00  99999.00  99999.00  99999.00       0       0       9       9
34009  04  12    50  99999.00  99999.00  19592.77  21426.49   -763.37   -355.61   -949.03   -395.11       0     727     728     719
34009  04  12    40  99999.00  99999.00  99999.00  99999.00  99999.00  99999.00  99999.00  99999.00       0       0      32      32
34009  04  12    30  99999.00  99999.00  22660.57  24864.61   -776.72   -325.40   -983.09   -363.89       0     668     670     660
34009  04  12    20  99999.00  99999.00  25116.36  27611.76   -798.78   -258.06  -1011.45   -310.29       0     566     579     571
34009  04  12    15  99999.00  99999.00  99999.00  99999.00  -6552.52   5357.72  -1048.61   -224.45       0       0      92      91
34009  04  12    10  99999.00  99999.00  29320.29  32408.85   -803.74   -132.70  -1060.09   -202.93       0     258     299     295
34009  04  12     7  99999.00  99999.00  99999.00  99999.00  99999.00  99999.00  99999.00  99999.00       0       0      47      47
34009  04  12     5  99999.00  99999.00  99999.00  99999.00  99999.00  99999.00  99999.00  99999.00       0       0      29      28
34009  04  12     3  99999.00  99999.00  99999.00  99999.00  99999.00  99999.00  99999.00  99999.00       0       0       2       2
34009  04  12     2  99999.00  99999.00  99999.00  99999.00  99999.00  99999.00  99999.00  99999.00       0       0       0       0
34009  04  12     1  99999.00  99999.00  99999.00  99999.00  99999.00  99999.00  99999.00  99999.00       0       0       0       0
34009  05  12  9999    950.90   1020.86  99999.00  99999.00   -151.89    522.87   -226.77    472.35     935       0     935     935
34009  05  12  1000  99999.00  99999.00  99999.00  99999.00  99999.00  99999.00  99999.00  99999.00       0       7       7       7
34009  05  12   925  99999.00  99999.00    461.08   1111.24   -205.51    469.73   -307.24    353.48       0     610     613     608
34009  05  12   900  99999.00  99999.00  99999.00  99999.00  99999.00  99999.00  99999.00  99999.00       0       0      27      27
34009  05  12   850  99999.00  99999.00   1147.00   1829.92   -231.04    368.48   -307.03    297.29       0     962     963     957
34009  05  12   800  99999.00  99999.00  99999.00  99999.00  99999.00  99999.00  99999.00  99999.00       0       0      51      51
34009  05  12   700  99999.00  99999.00   2624.66   3479.30   -276.43    214.97   -550.83    323.85       0     963     964     958
34009  05  12   600  99999.00  99999.00  99999.00  99999.00  99999.00  99999.00  99999.00  99999.00       0       0      53      53
34009  05  12   500  99999.00  99999.00   5043.71   6225.95   -421.23     37.65   -692.13    103.71       0     954     954     949
34009  05  12   400  99999.00  99999.00   6547.60   7962.28   -537.27    -85.23   -745.43    -56.15       0     949     950     946
34009  05  12   300  99999.00  99999.00   8378.64  10080.96   -646.31   -277.91   -792.32   -281.84       0     940     942     939
34009  05  12   250  99999.00  99999.00   9543.83  11295.83   -728.61   -341.01   -839.01   -371.61       0     927     928     926
34009  05  12   200  99999.00  99999.00  11038.15  12649.99   -852.84   -253.56   -930.00   -325.80       0     918     918     913
34009  05  12   150  99999.00  99999.00  12993.13  14388.13   -719.70   -333.06   -848.03   -383.75       0     900     900     894
34009  05  12   100  99999.00  99999.00  15647.17  16961.65   -690.32   -380.60   -899.15   -380.51       0     875     880     874
34009  05  12    80  99999.00  99999.00  99999.00  99999.00  99999.00  99999.00  99999.00  99999.00       0       0       5       5
34009  05  12    70  99999.00  99999.00  17944.55  19238.51   -685.34   -399.86   -936.29   -375.41       0     833     832     824
34009  05  12    60  99999.00  99999.00  99999.00  99999.00  99999.00  99999.00  99999.00  99999.00       0       0      13      13
34009  05  12    50  99999.00  99999.00  20086.37  21410.57   -678.89   -400.97   -962.83   -359.47       0     815     816     808
34009  05  12    40  99999.00  99999.00  99999.00  99999.00  99999.00  99999.00  99999.00  99999.00       0       0      41      41
34009  05  12    30  99999.00  99999.00  23298.88  24768.04   -669.30   -375.54   -969.26   -341.30       0     735     746     734
34009  05  12    20  99999.00  99999.00  25842.15  27509.79   -667.03   -308.71   -981.44   -290.12       0     640     652     641
34009  05  12    15  99999.00  99999.00  99999.00  99999.00 -14490.81  12472.23  -1044.35   -194.51       0       0      69      69
34009  05  12    10  99999.00  99999.00  30301.90  32285.50   -630.46   -182.62   -997.80   -196.92       0     295     329     321
34009  05  12     7  99999.00  99999.00  99999.00  99999.00 -16815.32  14557.24  -1084.85   -114.65       0       0      76      76
34009  05  12     5  99999.00  99999.00  99999.00  99999.00  99999.00  99999.00  99999.00  99999.00       0       0      45      45
34009  05  12     3  99999.00  99999.00  99999.00  99999.00  99999.00  99999.00  99999.00  99999.00       0       0       8       8
34009  05  12     2  99999.00  99999.00  99999.00  99999.00  99999.00  99999.00  99999.00  99999.00       0       0       0       0
34009  05  12     1  99999.00  99999.00  99999.00  99999.00  99999.00  99999.00  99999.00  99999.00       0       0       0       0
34009  06  12  9999    952.68   1013.88  99999.00  99999.00    -75.27    502.29   -206.83    419.69     902       0     902     902
34009  06  12  1000  99999.00  99999.00  99999.00  99999.00  99999.00  99999.00  99999.00  99999.00       0       0       0       0
34009  06  12   925  99999.00  99999.00    496.54   1045.66   -105.73    420.11   -197.44    322.16       0     585     591     588
34009  06  12   900  99999.00  99999.00  99999.00  99999.00  99999.00  99999.00  99999.00  99999.00       0       0      32      32
34009  06  12   850  99999.00  99999.00   1174.36   1782.76   -150.02    345.46   -206.14    277.82       0     930     930     925
34009  06  12   800  99999.00  99999.00  99999.00  99999.00  99999.00  99999.00  99999.00  99999.00       0       0      52      52
34009  06  12   700  99999.00  99999.00   2678.78   3440.06   -213.28    211.40   -460.63    312.53       0     932     933     929
34009  06  12   600  99999.00  99999.00  99999.00  99999.00   -264.11    122.53   -583.87    273.29       0       0      68      68
34009  06  12   500  99999.00  99999.00   5159.15   6191.75   -359.05     45.47   -644.07    131.13       0     928     929     924
34009  06  12   400  99999.00  99999.00   6695.85   7942.53   -490.34    -58.70   -700.89    -28.77       0     919     920     915
34009  06  12   300  99999.00  99999.00   8571.58  10074.34   -615.90   -238.14   -760.52   -243.68       0     906     908     901
34009  06  12   250  99999.00  99999.00   9735.86  11326.82   -710.41   -291.25   -812.46   -331.62       0     902     905     898
34009  06  12   200  99999.00  99999.00  11256.00  12695.64   -854.65   -193.81   -910.19   -291.95       0     887     887     879
34009  06  12   150  99999.00  99999.00  13228.91  14459.87   -700.03   -309.43   -833.92   -362.68       0     874     875     866
34009  06  12   100  99999.00  99999.00  15913.61  17042.81   -666.32   -379.28   -892.21   -367.81       0     853     856     845
34009  06  12    80  99999.00  99999.00  99999.00  99999.00  99999.00  99999.00  99999.00  99999.00       0       0      13      13
34009  06  12    70  99999.00  99999.00  18236.04  19322.04   -659.66   -403.10   -907.38   -383.70       0     801     805     792
34009  06  12    60  99999.00  99999.00  99999.00  99999.00  99999.00  99999.00  99999.00  99999.00       0       0      12      12
34009  06  12    50  99999.00  99999.00  20386.05  21515.01   -647.09   -396.65   -926.97   -359.13       0     770     772     760
34009  06  12    40  99999.00  99999.00  99999.00  99999.00  99999.00  99999.00  99999.00  99999.00       0       0      23      22
34009  06  12    30  99999.00  99999.00  23610.73  24933.73   -627.50   -362.78   -911.79   -347.31       0     704     712     696
34009  06  12    20  99999.00  99999.00  26193.99  27700.35   -615.91   -289.75   -916.51   -291.19       0     629     643     626
34009  06  12    15  99999.00  99999.00  99999.00  99999.00  99999.00  99999.00  99999.00  99999.00       0       0      56      54
34009  06  12    10  99999.00  99999.00  30779.04  32496.60   -560.05   -177.97   -914.56   -195.52       0     321     355     345
34009  06  12     7  99999.00  99999.00  99999.00  99999.00 -11441.45  10105.15   -942.60   -122.28       0       0      85      84
34009  06  12     5  99999.00  99999.00  99999.00  99999.00  99999.00  99999.00  99999.00  99999.00       0       0      45      45
34009  06  12     3  99999.00  99999.00  99999.00  99999.00  99999.00  99999.00  99999.00  99999.00       0       0       5       4
34009  06  12     2  99999.00  99999.00  99999.00  99999.00  99999.00  99999.00  99999.00  99999.00       0       0       1       1
34009  06  12     1  99999.00  99999.00  99999.00  99999.00  99999.00  99999.00  99999.00  99999.00       0       0       0       0
34009  07  12  9999    954.02   1013.42  99999.00  99999.00    -34.68    505.20   -205.01    412.27     910       0     908     908
34009  07  12  1000  99999.00  99999.00  99999.00  99999.00  99999.00  99999.00  99999.00  99999.00       0       0       0       0
34009  07  12   925  99999.00  99999.00    493.52   1068.68    -71.33    439.75   -130.42    315.74       0     598     600     591
34009  07  12   900  99999.00  99999.00  99999.00  99999.00  99999.00  99999.00  99999.00  99999.00       0       0      22      21
34009  07  12   850  99999.00  99999.00   1193.67   1791.87   -115.84    353.36   -150.00    266.52       0     943     942     934
34009  07  12   800  99999.00  99999.00  99999.00  99999.00  99999.00  99999.00  99999.00  99999.00       0       0      59      59
34009  07  12   700  99999.00  99999.00   2721.30   3449.70   -177.51    217.05   -434.68    324.56       0     945     944     940
34009  07  12   600  99999.00  99999.00  99999.00  99999.00  99999.00  99999.00  99999.00  99999.00       0       0      53      53
34009  07  12   500  99999.00  99999.00   5234.73   6211.41   -322.37     54.55   -642.34    153.02       0     942     944     936
34009  07  12   400  99999.00  99999.00   6800.03   7964.03   -450.18    -50.70   -694.75     -5.83       0     939     940     932
34009  07  12   300  99999.00  99999.00   8695.40  10115.96   -586.09   -219.37   -753.22   -216.94       0     926     930     921
34009  07  12   250  99999.00  99999.00   9876.57  11376.09   -676.42   -281.50   -796.11   -314.79       0     915     915     906
34009  07  12   200  99999.00  99999.00  11386.36  12787.84   -796.10   -200.78   -862.56   -303.00       0     902     900     888
34009  07  12   150  99999.00  99999.00  13348.61  14595.53   -667.18   -323.98   -845.62   -352.30       0     887     887     873
34009  07  12   100  99999.00  99999.00  16076.64  17139.84   -674.99   -375.35   -909.55   -370.39       0     876     875     861
34009  07  12    80  99999.00  99999.00  99999.00  99999.00  99999.00  99999.00  99999.00  99999.00       0       0      23      23
34009  07  12    70  99999.00  99999.00  18418.17  19397.73   -653.33   -403.49   -926.39   -375.59       0     815     815     800
34009  07  12    60  99999.00  99999.00  99999.00  99999.00  99999.00  99999.00  99999.00  99999.00       0       0      22      21
34009  07  12    50  99999.00  99999.00  20602.96  21566.80   -627.02   -402.02   -933.51   -357.03       0     791     792     777
34009  07  12    40  99999.00  99999.00  99999.00  99999.00  99999.00  99999.00  99999.00  99999.00       0       0      20      19
34009  07  12    30  99999.00  99999.00  23886.80  24951.68   -615.09   -353.01   -946.41   -312.57       0     728     730     713
34009  07  12    20  99999.00  99999.00  26494.71  27717.99   -597.80   -284.36   -937.10   -268.58       0     638     651     631
34009  07  12    15  99999.00  99999.00  99999.00  99999.00 -14203.05  12340.71   -981.41   -178.37       0       0      90      87
34009  07  12    10  99999.00  99999.00  31087.60  32513.92  -3410.58   2616.66   -968.83   -169.87       0     329     369     359
34009  07  12     7  99999.00  99999.00  99999.00  99999.00 -14631.37  12833.75   -994.60   -119.20       0       0      85      83
34009  07  12     5  99999.00  99999.00  99999.00  99999.00  99999.00  99999.00  99999.00  99999.00       0       0      58      50
34009  07  12     3  99999.00  99999.00  99999.00  99999.00  99999.00  99999.00  99999.00  99999.00       0       0       6       6
34009  07  12     2  99999.00  99999.00  99999.00  99999.00  99999.00  99999.00  99999.00  99999.00       0       0       1       1
34009  07  12     1  99999.00  99999.00  99999.00  99999.00  99999.00  99999.00  99999.00  99999.00       0       0       0       0
34009  08  12  9999    954.50   1014.74  99999.00  99999.00    -74.06    528.70   -232.90    456.98     871       0     870     870
34009  08  12  1000  99999.00  99999.00  99999.00  99999.00  99999.00  99999.00  99999.00  99999.00       0       0       0       0
34009  08  12   925  99999.00  99999.00    520.27   1056.43   -103.41    460.11   -167.62    321.86       0     562     565     555
34009  08  12   900  99999.00  99999.00  99999.00  99999.00  99999.00  99999.00  99999.00  99999.00       0       0      29      29
34009  08  12   850  99999.00  99999.00   1200.03   1795.23   -142.50    365.34   -174.92    266.44       0     895     895     889
34009  08  12   800  99999.00  99999.00  99999.00  99999.00  99999.00  99999.00  99999.00  99999.00       0       0      36      36
34009  08  12   700  99999.00  99999.00   2718.02   3457.82   -186.39    220.77   -474.33    332.55       0     902     905     901
34009  08  12   600  99999.00  99999.00  99999.00  99999.00   -250.64    127.48   -679.29    344.19       0       0      66      66
34009  08  12   500  99999.00  99999.00   5226.63   6219.15   -323.00     50.80   -642.77    143.83       0     894     899     893
34009  08  12   400  99999.00  99999.00   6788.55   7972.23   -444.33    -60.09   -694.40    -15.68       0     895     898     891
34009  08  12   300  99999.00  99999.00   8694.97  10112.05   -585.72   -226.80   -753.09   -224.01       0     889     887     878
34009  08  12   250  99999.00  99999.00   9862.06  11380.78   -651.86   -322.34   -784.92   -341.64       0     881     887     879
34009  08  12   200  99999.00  99999.00  11341.97  12802.01   -793.67   -242.27   -861.74   -334.70       0     874     875     867
34009  08  12   150  99999.00  99999.00  13297.36  14583.64   -699.95   -326.27   -841.42   -376.54       0     859     858     850
34009  08  12   100  99999.00  99999.00  16017.48  17107.20   -693.25   -367.93   -894.49   -382.45       0     834     831     822
34009  08  12    80  99999.00  99999.00  99999.00  99999.00  99999.00  99999.00  99999.00  99999.00       0       0      14      14
34009  08  12    70  99999.00  99999.00  18366.89  19352.21   -672.99   -387.51   -908.11   -382.99       0     797     797     784
34009  08  12    60  99999.00  99999.00  99999.00  99999.00  99999.00  99999.00  99999.00  99999.00       0       0      12      12
34009  08  12    50  99999.00  99999.00  20532.36  21533.52   -647.50   -393.70   -911.02   -376.78       0     766     769     757
34009  08  12    40  99999.00  99999.00  99999.00  99999.00  99999.00  99999.00  99999.00  99999.00       0       0      15      14
34009  08  12    30  99999.00  99999.00  23772.44  24943.76   -631.43   -357.11   -925.11   -339.03       0     706     710     696
34009  08  12    20  99999.00  99999.00  26340.04  27727.24   -611.04   -299.88   -926.86   -293.86       0     607     627     615
34009  08  12    15  99999.00  99999.00  99999.00  99999.00   -659.53   -180.61   -993.54   -187.86       0       0      69      67
34009  08  12    10  99999.00  99999.00  30942.66  32462.10   -558.29   -221.09   -923.91   -226.83       0     248     290     286
34009  08  12     7  99999.00  99999.00  99999.00  99999.00  99999.00  99999.00  99999.00  99999.00       0       0      54      54
34009  08  12     5  99999.00  99999.00  99999.00  99999.00  99999.00  99999.00  99999.00  99999.00       0       0      38      37
34009  08  12     3  99999.00  99999.00  99999.00  99999.00  99999.00  99999.00  99999.00  99999.00       0       0       5       5
34009  08  12     2  99999.00  99999.00  99999.00  99999.00  99999.00  99999.00  99999.00  99999.00       0       0       0       0
34009  08  12     1  99999.00  99999.00  99999.00  99999.00  99999.00  99999.00  99999.00  99999.00       0       0       0       0
34009  09  12  9999    946.40   1026.92  99999.00  99999.00   -133.55    463.81   -203.88    378.00     797       0     796     796
34009  09  12  1000  99999.00  99999.00  99999.00  99999.00  99999.00  99999.00  99999.00  99999.00       0      16      16      16
34009  09  12   925  99999.00  99999.00    424.28   1168.64   -167.01    395.43   -215.95    302.93       0     499     502     494
34009  09  12   900  99999.00  99999.00  99999.00  99999.00  99999.00  99999.00  99999.00  99999.00       0       0      33      33
34009  09  12   850  99999.00  99999.00   1121.61   1859.97   -207.68    328.36   -280.24    292.88       0     815     816     806
34009  09  12   800  99999.00  99999.00  99999.00  99999.00  99999.00  99999.00  99999.00  99999.00       0       0      53      53
34009  09  12   700  99999.00  99999.00   2610.65   3504.29   -267.05    233.95   -563.95    347.33       0     821     825     819
34009  09  12   600  99999.00  99999.00  99999.00  99999.00  99999.00  99999.00  99999.00  99999.00       0       0      47      47
34009  09  12   500  99999.00  99999.00   5039.41   6281.17   -416.30     78.22   -702.60    155.52       0     815     818     809
34009  09  12   400  99999.00  99999.00   6539.42   8054.42   -533.23    -36.79   -758.33      4.15       0     811     809     798
34009  09  12   300  99999.00  99999.00   8378.15  10209.71   -628.69   -234.85   -800.60   -219.80       0     799     799     786
34009  09  12   250  99999.00  99999.00   9545.51  11454.83   -688.68   -321.36   -826.57   -332.17       0     786     787     772
34009  09  12   200  99999.00  99999.00  11048.25  12828.93   -841.99   -237.67   -919.59   -314.43       0     773     773     759
34009  09  12   150  99999.00  99999.00  13024.42  14549.38   -770.59   -301.03   -895.12   -357.04       0     756     757     738
34009  09  12   100  99999.00  99999.00  15707.51  17063.63   -720.25   -371.65   -916.42   -380.50       0     729     728     706
34009  09  12    80  99999.00  99999.00  99999.00  99999.00  99999.00  99999.00  99999.00  99999.00       0       0       3       3
34009  09  12    70  99999.00  99999.00  18005.78  19318.22   -691.63   -401.83   -930.04   -387.04       0     705     706     686
34009  09  12    60  99999.00  99999.00  99999.00  99999.00  99999.00  99999.00  99999.00  99999.00       0       0       9       9
34009  09  12    50  99999.00  99999.00  20127.33  21502.17   -681.40   -407.80   -951.39   -378.87       0     669     670     653
34009  09  12    40  99999.00  99999.00  99999.00  99999.00  99999.00  99999.00  99999.00  99999.00       0       0      33      30
34009  09  12    30  99999.00  99999.00  23307.88  24874.00   -678.26   -382.22   -974.88   -352.44       0     606     611     592
34009  09  12    20  99999.00  99999.00  25818.65  27612.65   -688.47   -317.67   -995.66   -301.94       0     542     551     531
34009  09  12    15  99999.00  99999.00  99999.00  99999.00  99999.00  99999.00  99999.00  99999.00       0       0      59      55
34009  09  12    10  99999.00  99999.00  30133.98  32401.02   -655.23   -227.67  -1030.23   -211.11       0     232     275     267
34009  09  12     7  99999.00  99999.00  99999.00  99999.00  99999.00  99999.00  99999.00  99999.00       0       0      48      48
34009  09  12     5  99999.00  99999.00  99999.00  99999.00  99999.00  99999.00  99999.00  99999.00       0       0      24      24
34009  09  12     3  99999.00  99999.00  99999.00  99999.00  99999.00  99999.00  99999.00  99999.00       0       0       3       3
34009  09  12     2  99999.00  99999.00  99999.00  99999.00  99999.00  99999.00  99999.00  99999.00       0       0       0       0
34009  09  12     1  99999.00  99999.00  99999.00  99999.00  99999.00  99999.00  99999.00  99999.00       0       0       0       0
34009  10  12  9999    936.43   1042.87  99999.00  99999.00   -204.66    389.22   -176.11    292.13     716       0     716     716
34009  10  12  1000  99999.00  99999.00    119.97    425.49   -227.32    394.52   -292.27    290.93       0     116     115     112
34009  10  12   925  99999.00  99999.00    364.93   1232.17   -260.05    359.51   -330.26    342.58       0     416     429     421
34009  10  12   900  99999.00  99999.00  99999.00  99999.00   -265.81    349.91   -493.49    444.55       0       0      78      78
34009  10  12   850  99999.00  99999.00   1049.63   1928.51   -304.53    344.31   -492.56    397.00       0     753     753     747
34009  10  12   800  99999.00  99999.00  99999.00  99999.00   -321.02    324.46   -689.86    495.74       0       0      65      65
34009  10  12   700  99999.00  99999.00   2515.74   3559.50   -342.22    251.66   -671.28    379.92       0     759     762     755
34009  10  12   600  99999.00  99999.00  99999.00  99999.00  99999.00  99999.00  99999.00  99999.00       0       0      44      44
34009  10  12   500  99999.00  99999.00   4891.55   6334.79   -472.07     79.57   -746.31    154.05       0     756     760     753
34009  10  12   400  99999.00  99999.00   6374.72   8088.80   -572.28    -49.44   -784.92     -7.20       0     751     753     746
34009  10  12   300  99999.00  99999.00   8207.01  10210.89   -641.28   -269.16   -811.60   -246.40       0     743     745     738
34009  10  12   250  99999.00  99999.00   9373.67  11436.35   -713.47   -342.31   -846.43   -349.99       0     730     736     727
34009  10  12   200  99999.00  99999.00  10868.52  12790.68   -862.36   -276.88   -933.96   -346.92       0     717     719     708
34009  10  12   150  99999.00  99999.00  12825.43  14470.15   -820.84   -319.12   -917.02   -379.90       0     694     696     689
34009  10  12   100  99999.00  99999.00  15491.63  16928.39   -767.21   -388.01   -921.32   -408.92       0     661     662     654
34009  10  12    80  99999.00  99999.00  99999.00  99999.00  99999.00  99999.00  99999.00  99999.00       0       0       8       8
34009  10  12    70  99999.00  99999.00  17762.29  19148.65   -748.57   -412.69   -940.62   -412.26       0     636     636     630
34009  10  12    60  99999.00  99999.00  99999.00  99999.00  99999.00  99999.00  99999.00  99999.00       0       0      10      10
34009  10  12    50  99999.00  99999.00  19848.21  21298.05   -750.55   -418.03   -961.86   -408.90       0     606     609     603
34009  10  12    40  99999.00  99999.00  99999.00  99999.00  99999.00  99999.00  99999.00  99999.00       0       0      28      27
34009  10  12    30  99999.00  99999.00  22921.56  24654.36   -774.75   -379.23   -997.46   -377.78       0     558     561     550
34009  10  12    20  99999.00  99999.00  25321.35  27378.99   -792.22   -324.82  -1021.47   -338.67       0     467     481     471
34009  10  12    15  99999.00  99999.00  99999.00  99999.00 -13799.30  11731.66  -1073.90   -261.02       0       0      76      74
34009  10  12    10  99999.00  99999.00  29300.02  32274.70   -822.41   -196.13  -1105.11   -225.27       0     182     211     204
34009  10  12     7  99999.00  99999.00  99999.00  99999.00  99999.00  99999.00  99999.00  99999.00       0       0      37      36
34009  10  12     5  99999.00  99999.00  99999.00  99999.00  99999.00  99999.00  99999.00  99999.00       0       0      16      16
34009  10  12     3  99999.00  99999.00  99999.00  99999.00  99999.00  99999.00  99999.00  99999.00       0       0       0       0
34009  10  12     2  99999.00  99999.00  99999.00  99999.00  99999.00  99999.00  99999.00  99999.00       0       0       0       0
34009  10  12     1  99999.00  99999.00  99999.00  99999.00  99999.00  99999.00  99999.00  99999.00       0       0       0       0
34009  11  12  9999    924.53   1051.73  99999.00  99999.00   -293.74    313.82   -132.13    195.35     690       0     690     690
34009  11  12  1000  99999.00  99999.00     67.42    493.18   -409.26    360.66   -410.60    243.28       0     101     101     100
34009  11  12   925  99999.00  99999.00    274.38   1282.26   -332.50    314.42   -434.04    346.92       0     435     456     452
34009  11  12   900  99999.00  99999.00  99999.00  99999.00  99999.00  99999.00  99999.00  99999.00       0       0      57      57
34009  11  12   850  99999.00  99999.00    947.06   1950.26   -364.21    310.55   -540.29    359.23       0     715     719     715
34009  11  12   800  99999.00  99999.00  99999.00  99999.00  99999.00  99999.00  99999.00  99999.00       0       0      51      51
34009  11  12   700  99999.00  99999.00   2377.62   3563.94   -421.81    244.07   -702.58    331.70       0     718     723     719
34009  11  12   600  99999.00  99999.00  99999.00  99999.00  99999.00  99999.00  99999.00  99999.00       0       0      42      42
34009  11  12   500  99999.00  99999.00   4677.32   6323.72   -553.80     67.44   -763.47     99.21       0     717     717     714
34009  11  12   400  99999.00  99999.00   6107.57   8070.05   -631.80    -80.04   -804.88    -66.76       0     715     713     710
34009  11  12   300  99999.00  99999.00   7909.93  10150.69   -685.92   -297.72   -824.19   -301.47       0     702     702     699
34009  11  12   250  99999.00  99999.00   9070.20  11341.80   -780.99   -325.23   -875.49   -368.13       0     695     697     694
34009  11  12   200  99999.00  99999.00  10558.58  12672.02   -907.83   -256.23   -973.27   -331.63       0     687     689     681
34009  11  12   150  99999.00  99999.00  12481.11  14375.43   -822.20   -328.76   -922.88   -383.72       0     671     672     667
34009  11  12   100  99999.00  99999.00  15089.08  16875.16   -780.39   -401.55   -921.23   -431.39       0     646     647     645
34009  11  12    80  99999.00  99999.00  99999.00  99999.00  99999.00  99999.00  99999.00  99999.00       0       0      10      10
34009  11  12    70  99999.00  99999.00  17295.07  19113.91   -786.85   -424.33   -939.73   -451.21       0     608     608     603
34009  11  12    60  99999.00  99999.00  99999.00  99999.00  99999.00  99999.00  99999.00  99999.00       0       0      11      11
34009  11  12    50  99999.00  99999.00  19326.28  21257.32   -810.34   -426.70   -989.11   -436.27       0     566     569     564
34009  11  12    40  99999.00  99999.00  99999.00  99999.00  99999.00  99999.00  99999.00  99999.00       0       0      21      20
34009  11  12    30  99999.00  99999.00  22300.31  24593.03   -876.07   -380.95  -1012.59   -444.03       0     499     501     495
34009  11  12    20  99999.00  99999.00  24598.88  27301.40   -913.81   -335.53  -1049.86   -411.46       0     427     436     432
34009  11  12    15  99999.00  99999.00  99999.00  99999.00  99999.00  99999.00  99999.00  99999.00       0       0      54      53
34009  11  12    10  99999.00  99999.00  28606.55  31878.95   -922.57   -278.41  -1080.01   -369.01       0     189     215     211
34009  11  12     7  99999.00  99999.00  99999.00  99999.00  99999.00  99999.00  99999.00  99999.00       0       0      53      52
34009  11  12     5  99999.00  99999.00  99999.00  99999.00  99999.00  99999.00  99999.00  99999.00       0       0       7       7
34009  11  12     3  99999.00  99999.00  99999.00  99999.00  99999.00  99999.00  99999.00  99999.00       0       0       1       1
34009  11  12     2  99999.00  99999.00  99999.00  99999.00  99999.00  99999.00  99999.00  99999.00       0       0       0       0
34009  11  12     1  99999.00  99999.00  99999.00  99999.00  99999.00  99999.00  99999.00  99999.00       0       0       0       0
34009  12  12  9999    922.03   1051.75  99999.00  99999.00   -350.34    279.18    -90.96    137.64     750       0     750     749
34009  12  12  1000  99999.00  99999.00    130.71    431.19   -391.98    229.38   -460.61    219.19       0     100     100     100
34009  12  12   925  99999.00  99999.00    305.31   1224.27   -362.41    264.95   -451.55    301.45       0     500     516     513
34009  12  12   900  99999.00  99999.00  99999.00  99999.00   -378.13    299.15   -470.83    283.97       0       0      61      61
34009  12  12   850  99999.00  99999.00    931.98   1915.86   -367.73    256.15   -555.52    335.00       0     771     779     775
34009  12  12   800  99999.00  99999.00  99999.00  99999.00  99999.00  99999.00  99999.00  99999.00       0       0      54      54
34009  12  12   700  99999.00  99999.00   2368.39   3489.67   -439.08    204.36   -688.82    287.38       0     771     773     767
34009  12  12   600  99999.00  99999.00  99999.00  99999.00  99999.00  99999.00  99999.00  99999.00       0       0      47      47
34009  12  12   500  99999.00  99999.00   1993.21   8832.25   -565.84     26.96   -768.21     64.35       0     772     775     769
34009  12  12   400  99999.00  99999.00   6088.89   7919.49   -639.49   -125.05   -791.95   -116.83       0     766     767     763
34009  12  12   300  99999.00  99999.00   7869.15   9979.83   -700.58   -327.38   -819.90   -338.46       0     760     765     760
34009  12  12   250  99999.00  99999.00   9037.60  11145.76   -797.88   -343.08   -878.12   -389.96       0     752     755     749
34009  12  12   200  99999.00  99999.00  10521.47  12465.35   -916.77   -262.17   -983.53   -327.13       0     743     751     743
34009  12  12   150  99999.00  99999.00  12429.81  14174.85   -854.76   -300.36   -936.37   -364.81       0     725     728     721
34009  12  12   100  99999.00  99999.00  14969.10  16737.30   -841.04   -344.60   -935.90   -412.46       0     706     712     706
34009  12  12    80  99999.00  99999.00  99999.00  99999.00  99999.00  99999.00  99999.00  99999.00       0       0      11      11
34009  12  12    70  99999.00  99999.00  17088.37  19063.81   -876.26   -347.30   -974.60   -419.48       0     676     681     675
34009  12  12    60  99999.00  99999.00  99999.00  99999.00  99999.00  99999.00  99999.00  99999.00       0       0      23      23
34009  12  12    50  99999.00  99999.00  19004.75  21312.95   -922.88   -331.64  -1015.37   -415.49       0     634     640     632
34009  12  12    40  99999.00  99999.00  99999.00  99999.00  99999.00  99999.00  99999.00  99999.00       0       0      31      31
34009  12  12    30  99999.00  99999.00  21856.97  24741.77   -974.80   -314.92  -1065.94   -407.26       0     554     556     550
34009  12  12    20  99999.00  99999.00  24024.68  27525.92  -1022.81   -267.77  -1122.73   -360.13       0     464     473     465
34009  12  12    15  99999.00  99999.00  99999.00  99999.00  -1077.56   -191.24  -1153.86   -307.74       0       0      77      76
34009  12  12    10  99999.00  99999.00  27712.00  32199.76  -1061.67   -197.43  -1126.09   -349.45       0     177     218     213
34009  12  12     7  99999.00  99999.00  99999.00  99999.00  99999.00  99999.00  99999.00  99999.00       0       0      29      28
34009  12  12     5  99999.00  99999.00  99999.00  99999.00  99999.00  99999.00  99999.00  99999.00       0       0       5       5
34009  12  12     3  99999.00  99999.00  99999.00  99999.00  99999.00  99999.00  99999.00  99999.00       0       0       0       0
34009  12  12     2  99999.00  99999.00  99999.00  99999.00  99999.00  99999.00  99999.00  99999.00       0       0       0       0
34009  12  12     1  99999.00  99999.00  99999.00  99999.00  99999.00  99999.00  99999.00  99999.00       0       0       0       0
