94821  01  00  9999    972.26   1040.90  99999.00  99999.00    -53.70    409.14   -210.10    364.70     962       0     934     934
94821  01  00  1000  99999.00  99999.00    -79.48    349.16    -55.50    380.46   -125.17    302.39       0     872     856     855
94821  01  00   925  99999.00  99999.00    529.44   1038.24   -255.92    535.60   -301.57    392.63       0     482     491     489
94821  01  00   900  99999.00  99999.00  99999.00  99999.00  99999.00  99999.00  99999.00  99999.00       0       0      28      28
94821  01  00   850  99999.00  99999.00  -2910.82   5802.26  -3769.22   3917.62   -675.85    597.47       0    1003    1003     992
94821  01  00   800  99999.00  99999.00  99999.00  99999.00  99999.00  99999.00  99999.00  99999.00       0       0      21      20
94821  01  00   700  99999.00  99999.00  -2518.39   8578.61  -4254.14   4245.94   -859.17    554.67       0    1003    1004     974
94821  01  00   600  99999.00  99999.00  99999.00  99999.00  99999.00  99999.00  99999.00  99999.00       0       0      17      17
94821  01  00   500  99999.00  99999.00   -292.21  11675.03  -3908.67   3591.33   -959.47    329.93       0    1002     999     952
94821  01  00   400  99999.00  99999.00   1606.12  13138.48  -3480.57   2948.79  -1000.61    169.63       0     994     998     947
94821  01  00   300  99999.00  99999.00   2961.29  15843.41  -3586.37   2749.75  -1059.27    -35.55       0     996     996     930
94821  01  00   250  99999.00  99999.00   3772.07  17478.47  -3644.23   2637.29  -1096.91   -188.87       0     995     996     904
94821  01  00   200  99999.00  99999.00   3578.34  20516.34  -4186.04   3013.24  -1110.76   -379.00       0     990     994     835
94821  01  00   150  99999.00  99999.00   5915.08  21843.04  -3743.93   2481.19  -1145.19   -571.71       0     984     987     336
94821  01  00   100  99999.00  99999.00   7551.50  25167.74  -3791.37   2419.71  -1182.37   -612.25       0     975     982      72
94821  01  00    80  99999.00  99999.00  99999.00  99999.00   -909.84   -410.76  99999.00  99999.00       0       0      73       4
94821  01  00    70  99999.00  99999.00   8794.85  28246.73  -3852.49   2505.83  99999.00  99999.00       0     934     938      54
94821  01  00    60  99999.00  99999.00  99999.00  99999.00 -13300.74  11129.34  99999.00  99999.00       0       0     122      17
94821  01  00    50  99999.00  99999.00  11882.16  29357.76  -3290.65   2047.19  -1078.24   -708.88       0     888     895     154
94821  01  00    40  99999.00  99999.00  99999.00  99999.00 -15403.18  12994.94  99999.00  99999.00       0       0      75      22
94821  01  00    30  99999.00  99999.00  13407.79  34256.11  -3454.70   2334.70   -998.41   -727.45       0     762     770     351
94821  01  00    20  99999.00  99999.00  17620.37  35361.17  -3717.23   2696.77   -934.98   -710.46       0     612     634     328
94821  01  00    15  99999.00  99999.00  99999.00  99999.00  -7732.59   6543.21   -898.87   -692.83       0       0     128      75
94821  01  00    10  99999.00  99999.00  99999.00  99999.00  99999.00  99999.00  99999.00  99999.00       0       1       1       0
94821  01  00     7  99999.00  99999.00  99999.00  99999.00  99999.00  99999.00  99999.00  99999.00       0       0       3       0
94821  01  00     5  99999.00  99999.00  99999.00  99999.00  99999.00  99999.00  99999.00  99999.00       0       0       1       0
94821  01  00     3  99999.00  99999.00  99999.00  99999.00  99999.00  99999.00  99999.00  99999.00       0       0       1       0
94821  01  00     2  99999.00  99999.00  99999.00  99999.00  99999.00  99999.00  99999.00  99999.00       0       0       2       1
94821  01  00     1  99999.00  99999.00  99999.00  99999.00  99999.00  99999.00  99999.00  99999.00       0       0       3       3
94821  02  00  9999    976.69   1039.57  99999.00  99999.00    -64.39    416.69   -222.57    363.63     886       0     872     872
94821  02  00  1000  99999.00  99999.00    -87.31    371.09    -65.30    390.70   -123.42    310.62       0     858     848     845
94821  02  00   925  99999.00  99999.00    544.87   1054.63   -232.23    518.37   -314.91    411.57       0     443     451     451
94821  02  00   900  99999.00  99999.00  99999.00  99999.00  99999.00  99999.00  99999.00  99999.00       0       0      22      22
94821  02  00   850  99999.00  99999.00  -1727.03   4690.45  -2730.77   2930.95   -684.99    596.49       0     931     933     925
94821  02  00   800  99999.00  99999.00  99999.00  99999.00  99999.00  99999.00  99999.00  99999.00       0       0      17      16
94821  02  00   700  99999.00  99999.00   -570.25   6740.87  -2771.01   2824.23   -885.15    568.41       0     934     932     894
94821  02  00   600  99999.00  99999.00  99999.00  99999.00  99999.00  99999.00  99999.00  99999.00       0       0      19      18
94821  02  00   500  99999.00  99999.00   1335.16  10145.44  -2897.34   2623.62   -990.39    333.45       0     932     926     876
94821  02  00   400  99999.00  99999.00   2524.85  12292.73  -2979.25   2471.99  -1028.25    200.19       0     929     929     871
94821  02  00   300  99999.00  99999.00   3978.50  14911.34  -3087.09   2280.39  -1080.20    -13.64       0     928     930     865
94821  02  00   250  99999.00  99999.00   4850.71  16493.59  -3158.00   2180.44  -1111.58   -173.90       0     926     924     849
94821  02  00   200  99999.00  99999.00   5882.80  18361.48  -3202.87   2078.57  -1138.81   -371.29       0     923     930     789
94821  02  00   150  99999.00  99999.00   7182.91  20688.67  -3258.98   2009.86  -1125.17   -606.65       0     919     920     286
94821  02  00   100  99999.00  99999.00   8901.76  23922.52  -3318.26   1948.78  -1179.07   -645.91       0     898     912      69
94821  02  00    80  99999.00  99999.00  99999.00  99999.00   -930.72   -406.20  99999.00  99999.00       0       0      70       3
94821  02  00    70  99999.00  99999.00   8539.87  28533.67  -3943.88   2584.36  99999.00  99999.00       0     885     888      47
94821  02  00    60  99999.00  99999.00  99999.00  99999.00 -11271.69   9372.03  99999.00  99999.00       0       0      87      11
94821  02  00    50  99999.00  99999.00  11722.21  29551.57  -3355.39   2106.65  -1035.97   -754.33       0     854     854     156
94821  02  00    40  99999.00  99999.00  99999.00  99999.00 -14434.69  12195.71  99999.00  99999.00       0       0      86      29
94821  02  00    30  99999.00  99999.00  13297.12  34407.64  -4153.00   3011.60  -1003.75   -712.75       0     744     753     336
94821  02  00    20  99999.00  99999.00  17318.55  35712.75  -4575.91   3526.49   -943.72   -692.56       0     570     595     305
94821  02  00    15  99999.00  99999.00  99999.00  99999.00 -13415.44  11577.80   -903.93   -685.17       0       0     121      66
94821  02  00    10  99999.00  99999.00  99999.00  99999.00  99999.00  99999.00  99999.00  99999.00       0       0       1       0
94821  02  00     7  99999.00  99999.00  99999.00  99999.00  99999.00  99999.00  99999.00  99999.00       0       0       1       1
94821  02  00     5  99999.00  99999.00  99999.00  99999.00  99999.00  99999.00  99999.00  99999.00       0       0       1       1
94821  02  00     3  99999.00  99999.00  99999.00  99999.00  99999.00  99999.00  99999.00  99999.00       0       0       0       0
94821  02  00     2  99999.00  99999.00  99999.00  99999.00  99999.00  99999.00  99999.00  99999.00       0       0       2       2
94821  02  00     1  99999.00  99999.00  99999.00  99999.00  99999.00  99999.00  99999.00  99999.00       0       0       0       0
94821  03  00  9999    976.58   1045.22  99999.00  99999.00    -57.61    385.07   -218.69    337.87     927       0     923     923
94821  03  00  1000  99999.00  99999.00    -83.36    411.04    -59.57    362.23   -108.44    287.20       0     900     895     895
94821  03  00   925  99999.00  99999.00    538.80   1093.80   -211.01    460.75   -262.69    347.99       0     490     500     499
94821  03  00   900  99999.00  99999.00  99999.00  99999.00  99999.00  99999.00  99999.00  99999.00       0       0      14      14
94821  03  00   850  99999.00  99999.00  -1713.88   4707.92  -2748.20   2902.48   -565.04    509.20       0     933     930     920
94821  03  00   800  99999.00  99999.00  99999.00  99999.00  99999.00  99999.00  99999.00  99999.00       0       0      17      17
94821  03  00   700  99999.00  99999.00   -566.68   6745.16  -2779.88   2799.76   -876.38    533.14       0     934     934     917
94821  03  00   600  99999.00  99999.00  99999.00  99999.00  99999.00  99999.00  99999.00  99999.00       0       0      19      19
94821  03  00   500  99999.00  99999.00   1329.87  10129.47  -2896.75   2592.17   -976.05    307.83       0     933     934     923
94821  03  00   400  99999.00  99999.00   2509.54  12264.94  -2989.04   2447.56  -1026.21    174.15       0     929     930     914
94821  03  00   300  99999.00  99999.00   3957.42  14859.66  -3100.98   2256.54  -1055.36    -66.56       0     929     929     904
94821  03  00   250  99999.00  99999.00   4814.61  16437.33  -3170.47   2157.05  -1087.79   -212.27       0     924     924     893
94821  03  00   200  99999.00  99999.00   5826.40  18302.92  -3226.62   2077.02  -1121.52   -387.36       0     917     921     777
94821  03  00   150  99999.00  99999.00   7109.33  20637.77  -3271.75   2027.57  -1158.73   -568.21       0     910     910     363
94821  03  00   100  99999.00  99999.00   8890.35  23832.75  -3287.93   1943.59  -1170.38   -633.74       0     904     925     115
94821  03  00    80  99999.00  99999.00  99999.00  99999.00 -13927.19  11614.21  99999.00  99999.00       0       0      74       9
94821  03  00    70  99999.00  99999.00  12847.66  24279.10  -3303.91   1990.85  -1060.02   -752.34       0     905     904     101
94821  03  00    60  99999.00  99999.00  99999.00  99999.00 -11731.46   9783.70  99999.00  99999.00       0       0      80      14
94821  03  00    50  99999.00  99999.00  14377.73  26909.45  -2525.45   1307.95  -1027.97   -754.25       0     865     870     216
94821  03  00    40  99999.00  99999.00  99999.00  99999.00 -11811.34   9954.50  99999.00  99999.00       0       0      79      38
94821  03  00    30  99999.00  99999.00  16380.87  31352.07  -3496.49   2370.79   -987.64   -732.88       0     740     749     384
94821  03  00    20  99999.00  99999.00  17415.76  35541.76  -2813.85   1805.31   -949.07   -704.27       0     586     612     344
94821  03  00    15  99999.00  99999.00  99999.00  99999.00 -12055.70  10371.22   -920.41   -702.25       0       0     126      72
94821  03  00    10  99999.00  99999.00  99999.00  99999.00  99999.00  99999.00  99999.00  99999.00       0       1       3       3
94821  03  00     7  99999.00  99999.00  99999.00  99999.00  99999.00  99999.00  99999.00  99999.00       0       0       0       0
94821  03  00     5  99999.00  99999.00  99999.00  99999.00  99999.00  99999.00  99999.00  99999.00       0       0       0       0
94821  03  00     3  99999.00  99999.00  99999.00  99999.00  99999.00  99999.00  99999.00  99999.00       0       0       0       0
94821  03  00     2  99999.00  99999.00  99999.00  99999.00  99999.00  99999.00  99999.00  99999.00       0       0       0       0
94821  03  00     1  99999.00  99999.00  99999.00  99999.00  99999.00  99999.00  99999.00  99999.00       0       0       0       0
94821  04  00  9999    973.35   1052.91  99999.00  99999.00    -28.75    305.33   -177.89    265.03     912       0     912     912
94821  04  00  1000  99999.00  99999.00   -117.09    479.91    -41.69    307.99   -132.02    285.58       0     906     906     906
94821  04  00   925  99999.00  99999.00    492.90   1173.42   -156.48    363.00   -268.85    333.19       0     474     485     485
94821  04  00   900  99999.00  99999.00  99999.00  99999.00  99999.00  99999.00  99999.00  99999.00       0       0      18      18
94821  04  00   850  99999.00  99999.00  -2433.64   5418.44  -3389.06   3470.26   -588.76    510.20       0     936     935     933
94821  04  00   800  99999.00  99999.00  99999.00  99999.00  99999.00  99999.00  99999.00  99999.00       0       0      16      16
94821  04  00   700  99999.00  99999.00  -1401.72   7533.48  -3428.90   3368.26   -840.13    483.23       0     935     936     931
94821  04  00   600  99999.00  99999.00  99999.00  99999.00  99999.00  99999.00  99999.00  99999.00       0       0      16      16
94821  04  00   500  99999.00  99999.00    311.70  11036.58  -3540.19   3152.81   -968.47    271.73       0     935     934     923
94821  04  00   400  99999.00  99999.00   1371.89  13247.33  -3626.55   3001.29  -1009.52    122.92       0     931     930     915
94821  04  00   300  99999.00  99999.00   2666.26  15939.22  -3736.84   2807.00  -1066.75    -92.23       0     928     924     905
94821  04  00   250  99999.00  99999.00   3429.94  17573.26  -3795.49   2696.99  -1077.64   -255.28       0     922     922     901
94821  04  00   200  99999.00  99999.00   4340.57  19499.81  -3845.71   2629.97  -1107.50   -416.18       0     916     918     653
94821  04  00   150  99999.00  99999.00   5501.28  21942.84  -3867.92   2623.72  -1147.83   -565.71       0     909     909     443
94821  04  00   100  99999.00  99999.00   7076.05  25389.13  -3900.76   2588.24  -1141.57   -628.09       0     893     903     200
94821  04  00    80  99999.00  99999.00  99999.00  99999.00  99999.00  99999.00  99999.00  99999.00       0       0      50      11
94821  04  00    70  99999.00  99999.00  18148.61  18898.61   -786.98   -444.14  -1085.42   -692.42       0     864     866     158
94821  04  00    60  99999.00  99999.00  99999.00  99999.00 -11734.20   9818.40  99999.00  99999.00       0       0      80      21
94821  04  00    50  99999.00  99999.00  20304.66  20938.98  -2587.07   1383.37  -1030.97   -743.33       0     806     812     265
94821  04  00    40  99999.00  99999.00  99999.00  99999.00  -7370.90   5960.62  99999.00  99999.00       0       0      72      30
94821  04  00    30  99999.00  99999.00  23545.01  24161.57  -2749.93   1627.79   -995.01   -736.41       0     668     673     342
94821  04  00    20  99999.00  99999.00  26132.51  26792.87   -628.07   -397.31   -984.12   -698.16       0     543     567     320
94821  04  00    15  99999.00  99999.00  99999.00  99999.00 -14371.45  12287.63   -976.34   -680.18       0       0     139      95
94821  04  00    10  99999.00  99999.00  99999.00  99999.00  99999.00  99999.00  99999.00  99999.00       0       2       8       5
94821  04  00     7  99999.00  99999.00  99999.00  99999.00  99999.00  99999.00  99999.00  99999.00       0       0       0       0
94821  04  00     5  99999.00  99999.00  99999.00  99999.00  99999.00  99999.00  99999.00  99999.00       0       0       0       0
94821  04  00     3  99999.00  99999.00  99999.00  99999.00  99999.00  99999.00  99999.00  99999.00       0       0       1       1
94821  04  00     2  99999.00  99999.00  99999.00  99999.00  99999.00  99999.00  99999.00  99999.00       0       0       1       1
94821  04  00     1  99999.00  99999.00  99999.00  99999.00  99999.00  99999.00  99999.00  99999.00       0       0       0       0
94821  05  00  9999    968.65   1057.69  99999.00  99999.00    -36.65    256.63   -147.92    199.72     946       0     946     946
94821  05  00  1000  99999.00  99999.00   -124.48    494.60    -16.32    242.40   -124.47    265.41       0     909     909     908
94821  05  00   925  99999.00  99999.00    464.84   1186.28   -115.51    282.17   -267.84    329.52       0     481     488     488
94821  05  00   900  99999.00  99999.00  99999.00  99999.00  99999.00  99999.00  99999.00  99999.00       0       0      15      15
94821  05  00   850  99999.00  99999.00  -1670.12   4661.56  -2725.30   2783.42   -601.26    516.54       0     965     963     958
94821  05  00   800  99999.00  99999.00  99999.00  99999.00  99999.00  99999.00  99999.00  99999.00       0       0      27      27
94821  05  00   700  99999.00  99999.00   -538.59   6653.49  -2772.11   2687.65   -879.44    487.00       0     965     965     947
94821  05  00   600  99999.00  99999.00  99999.00  99999.00  99999.00  99999.00  99999.00  99999.00       0       0      21      21
94821  05  00   500  99999.00  99999.00   1325.78   9959.66  -2898.49   2475.95   -972.68    256.60       0     963     963     948
94821  05  00   400  99999.00  99999.00   2486.92  12033.52  -2989.50   2326.50  -1025.68    110.84       0     961     961     943
94821  05  00   300  99999.00  99999.00   3884.37  14576.85  -3106.32   2143.32  -1081.89   -125.97       0     953     954     913
94821  05  00   250  99999.00  99999.00   4737.26  16098.98  -3166.86   2047.74  -1099.60   -277.12       0     951     952     903
94821  05  00   200  99999.00  99999.00   5764.30  17894.98  -3204.39   2000.25  -1107.76   -446.08       0     950     954     556
94821  05  00   150  99999.00  99999.00   7065.17  20214.17  -3203.86   2014.58  -1134.65   -572.93       0     943     945     533
94821  05  00   100  99999.00  99999.00   8876.59  23482.27  -3221.80   1982.60  -1090.20   -672.24       0     933     943     368
94821  05  00    80  99999.00  99999.00  99999.00  99999.00  99999.00  99999.00  99999.00  99999.00       0       0      59      21
94821  05  00    70  99999.00  99999.00  12663.02  24193.46  -2513.21   1291.75  -1038.60   -740.16       0     882     885     254
94821  05  00    60  99999.00  99999.00  99999.00  99999.00 -10195.29   8487.63  99999.00  99999.00       0       0      72      23
94821  05  00    50  99999.00  99999.00  14099.92  26964.88  -2569.06   1376.66  -1016.32   -753.76       0     816     824     325
94821  05  00    40  99999.00  99999.00  99999.00  99999.00 -14276.63  12058.09  99999.00  99999.00       0       0      88      38
94821  05  00    30  99999.00  99999.00  15668.91  31837.11  -2811.56   1678.84  -1004.97   -729.81       0     631     640     329
94821  05  00    20  99999.00  99999.00  25928.33  26881.37   -701.51   -354.47   -996.24   -702.72       0     468     490     282
94821  05  00    15  99999.00  99999.00  99999.00  99999.00 -17736.04  14997.20  -1000.93   -680.77       0       0     100      65
94821  05  00    10  99999.00  99999.00  99999.00  99999.00  99999.00  99999.00  99999.00  99999.00       0       1       8       8
94821  05  00     7  99999.00  99999.00  99999.00  99999.00  99999.00  99999.00  99999.00  99999.00       0       0       0       0
94821  05  00     5  99999.00  99999.00  99999.00  99999.00  99999.00  99999.00  99999.00  99999.00       0       0       0       0
94821  05  00     3  99999.00  99999.00  99999.00  99999.00  99999.00  99999.00  99999.00  99999.00       0       0       1       1
94821  05  00     2  99999.00  99999.00  99999.00  99999.00  99999.00  99999.00  99999.00  99999.00       0       0       2       2
94821  05  00     1  99999.00  99999.00  99999.00  99999.00  99999.00  99999.00  99999.00  99999.00       0       0       1       0
94821  06  00  9999    958.50   1066.26  99999.00  99999.00    -57.63    232.65   -106.47    145.89     890       0     889     889
94821  06  00  1000  99999.00  99999.00   -164.70    534.66    -13.31    201.01   -116.29    231.23       0     830     831     830
94821  06  00   925  99999.00  99999.00    353.64   1271.40    -83.11    214.73   -272.19    308.01       0     454     462     462
94821  06  00   900  99999.00  99999.00  99999.00  99999.00  99999.00  99999.00  99999.00  99999.00       0       0      15      15
94821  06  00   850  99999.00  99999.00   -823.87   3805.01  -1967.41   2005.91   -585.02    478.78       0     922     925     918
94821  06  00   800  99999.00  99999.00  99999.00  99999.00  99999.00  99999.00  99999.00  99999.00       0       0      21      21
94821  06  00   700  99999.00  99999.00    417.14   5664.50  -2029.21   1916.99   -872.50    444.26       0     923     923     906
94821  06  00   600  99999.00  99999.00  99999.00  99999.00  99999.00  99999.00  99999.00  99999.00       0       0      30      29
94821  06  00   500  99999.00  99999.00   2463.51   8743.83  -2169.29   1715.59   -997.60    229.40       0     924     922     903
94821  06  00   400  99999.00  99999.00   3731.12  10681.88  -2268.94   1573.10  -1066.10     88.18       0     920     921     904
94821  06  00   300  99999.00  99999.00   5279.77  13036.33  -2385.28   1401.20  -1136.14   -135.94       0     919     919     884
94821  06  00   250  99999.00  99999.00   6220.07  14458.19  -2446.22   1332.58  -1121.35   -308.35       0     916     914     847
94821  06  00   200  99999.00  99999.00   7364.69  16146.65  -2468.09   1320.91  -1143.24   -436.92       0     913     917     665
94821  06  00   150  99999.00  99999.00   8855.67  18319.47  -2449.69   1323.23  -1138.09   -557.77       0     914     914     557
94821  06  00   100  99999.00  99999.00  10874.25  21437.01  -2482.85   1301.11  -1117.50   -626.22       0     894     901     460
94821  06  00    80  99999.00  99999.00  99999.00  99999.00  99999.00  99999.00  99999.00  99999.00       0       0      43      14
94821  06  00    70  99999.00  99999.00  17970.55  18891.43   -746.17   -426.37  -1065.46   -705.34       0     828     830     293
94821  06  00    60  99999.00  99999.00  99999.00  99999.00 -12030.15  10117.89  99999.00  99999.00       0       0      76      27
94821  06  00    50  99999.00  99999.00  20076.20  21024.80   -733.66   -420.34  -1009.21   -759.25       0     739     745     289
94821  06  00    40  99999.00  99999.00  99999.00  99999.00 -13699.83  11586.09  99999.00  99999.00       0       0      77      36
94821  06  00    30  99999.00  99999.00  23224.73  24369.53   -730.01   -373.13  -1014.01   -727.93       0     533     547     276
94821  06  00    20  99999.00  99999.00  25695.28  27095.68  -3465.88   2345.00  -1011.09   -707.61       0     354     384     221
94821  06  00    15  99999.00  99999.00  99999.00  99999.00  -7044.26   5760.58  99999.00  99999.00       0       0      79      48
94821  06  00    10  99999.00  99999.00  99999.00  99999.00  99999.00  99999.00  99999.00  99999.00       0       1       5       5
94821  06  00     7  99999.00  99999.00  99999.00  99999.00  99999.00  99999.00  99999.00  99999.00       0       0       0       0
94821  06  00     5  99999.00  99999.00  99999.00  99999.00  99999.00  99999.00  99999.00  99999.00       0       0       0       0
94821  06  00     3  99999.00  99999.00  99999.00  99999.00  99999.00  99999.00  99999.00  99999.00       0       0       1       1
94821  06  00     2  99999.00  99999.00  99999.00  99999.00  99999.00  99999.00  99999.00  99999.00       0       0       1       1
94821  06  00     1  99999.00  99999.00  99999.00  99999.00  99999.00  99999.00  99999.00  99999.00       0       0       1       1
94821  07  00  9999    957.15   1065.51  99999.00  99999.00    -46.85    209.35    -91.57    132.47     899       0     898     898
94821  07  00  1000  99999.00  99999.00   -175.23    528.81     -9.01    182.51   -113.05    211.91       0     824     824     823
94821  07  00   925  99999.00  99999.00    381.66   1233.18    -85.03    202.49   -234.51    260.13       0     467     473     473
94821  07  00   900  99999.00  99999.00  99999.00  99999.00  99999.00  99999.00  99999.00  99999.00       0       0      15      15
94821  07  00   850  99999.00  99999.00   1053.78   1922.58   -144.24    179.76   -493.27    395.93       0     939     941     941
94821  07  00   800  99999.00  99999.00  99999.00  99999.00  99999.00  99999.00  99999.00  99999.00       0       0      35      35
94821  07  00   700  99999.00  99999.00   2559.12   3507.84   -221.72    104.44   -885.25    443.75       0     939     941     936
94821  07  00   600  99999.00  99999.00  99999.00  99999.00  99999.00  99999.00  99999.00  99999.00       0       0      22      22
94821  07  00   500  99999.00  99999.00   5017.04   6154.52   -418.09    -39.97  -1029.17    220.27       0     940     940     926
94821  07  00   400  99999.00  99999.00   6530.01   7835.61   -546.30   -148.98  -1105.54     76.82       0     936     938     927
94821  07  00   300  99999.00  99999.00   8380.45   9881.17   -684.86   -279.14  -1167.78   -147.66       0     937     937     916
94821  07  00   250  99999.00  99999.00   9561.62  11072.78   -798.01   -260.05  -1152.06   -307.38       0     936     936     896
94821  07  00   200  99999.00  99999.00  11051.75  12452.03   -837.36   -231.84  -1152.99   -433.35       0     935     934     786
94821  07  00   150  99999.00  99999.00  12972.64  14231.56   -754.96   -333.28  -1118.10   -572.70       0     927     926     644
94821  07  00   100  99999.00  99999.00  15646.65  16712.85   -761.86   -391.06  -1092.99   -653.67       0     915     919     542
94821  07  00    80  99999.00  99999.00  99999.00  99999.00   -783.11   -390.47  99999.00  99999.00       0       0      66      24
94821  07  00    70  99999.00  99999.00  17926.64  18924.08   -753.07   -414.91  -1034.19   -735.99       0     851     856     351
94821  07  00    60  99999.00  99999.00  99999.00  99999.00  -9026.31   7462.89  99999.00  99999.00       0       0      93      36
94821  07  00    50  99999.00  99999.00  20031.74  21062.42   -750.26   -398.78  -1009.36   -752.68       0     734     739     312
94821  07  00    40  99999.00  99999.00  99999.00  99999.00   -751.55   -378.11  99999.00  99999.00       0       0      83      40
94821  07  00    30  99999.00  99999.00  23128.73  24467.33  -3932.46   2768.22  -1023.11   -703.43       0     507     511     273
94821  07  00    20  99999.00  99999.00  25539.28  27268.60   -812.75   -239.75  -1037.19   -662.07       0     322     345     219
94821  07  00    15  99999.00  99999.00  99999.00  99999.00 -17374.86  14715.66  99999.00  99999.00       0       0      70      50
94821  07  00    10  99999.00  99999.00  99999.00  99999.00  99999.00  99999.00  99999.00  99999.00       0       1       2       2
94821  07  00     7  99999.00  99999.00  99999.00  99999.00  99999.00  99999.00  99999.00  99999.00       0       0       0       0
94821  07  00     5  99999.00  99999.00  99999.00  99999.00  99999.00  99999.00  99999.00  99999.00       0       0       0       0
94821  07  00     3  99999.00  99999.00  99999.00  99999.00  99999.00  99999.00  99999.00  99999.00       0       0       1       1
94821  07  00     2  99999.00  99999.00  99999.00  99999.00  99999.00  99999.00  99999.00  99999.00       0       0       2       2
94821  07  00     1  99999.00  99999.00  99999.00  99999.00  99999.00  99999.00  99999.00  99999.00       0       0       1       1
94821  08  00  9999    954.95   1065.35  99999.00  99999.00    -30.86    217.18   -110.50    167.90     909       0     909     908
94821  08  00  1000  99999.00  99999.00   -182.03    521.53    -24.70    207.74   -126.68    224.68       0     831     831     830
94821  08  00   925  99999.00  99999.00    364.73   1231.85   -119.13    241.95   -236.27    253.81       0     465     470     469
94821  08  00   900  99999.00  99999.00  99999.00  99999.00  99999.00  99999.00  99999.00  99999.00       0       0      10      10
94821  08  00   850  99999.00  99999.00   -816.31   3754.73  -1956.22   1972.70   -492.17    384.31       0     945     946     944
94821  08  00   800  99999.00  99999.00  99999.00  99999.00  99999.00  99999.00  99999.00  99999.00       0       0      19      19
94821  08  00   700  99999.00  99999.00    420.49   5606.41  -2018.48   1882.96   -883.04    438.40       0     944     944     939
94821  08  00   600  99999.00  99999.00  99999.00  99999.00  99999.00  99999.00  99999.00  99999.00       0       0      18      18
94821  08  00   500  99999.00  99999.00   2453.58   8675.70  -2156.49   1680.99   -997.82    187.54       0     942     945     932
94821  08  00   400  99999.00  99999.00   3716.13  10605.33  -2256.41   1543.99  -1081.60     62.12       0     938     941     925
94821  08  00   300  99999.00  99999.00   5269.01  12950.81  -2366.20   1391.72  -1164.41   -139.85       0     938     937     911
94821  08  00   250  99999.00  99999.00   6229.44  14370.00  -2410.25   1352.11  -1147.30   -302.26       0     938     938     891
94821  08  00   200  99999.00  99999.00   7394.19  16090.47  -2403.53   1348.39  -1153.34   -412.22       0     933     941     838
94821  08  00   150  99999.00  99999.00   8908.91  18292.55  -2413.82   1325.74  -1160.26   -506.38       0     934     934     664
94821  08  00   100  99999.00  99999.00  10957.32  21412.92  -2445.24   1292.04  -1123.09   -598.93       0     916     930     558
94821  08  00    80  99999.00  99999.00  99999.00  99999.00  99999.00  99999.00  99999.00  99999.00       0       0      58      28
94821  08  00    70  99999.00  99999.00  17983.69  18966.61  -2510.31   1356.45  -1067.11   -677.47       0     857     866     392
94821  08  00    60  99999.00  99999.00  99999.00  99999.00 -12519.56  10589.44  99999.00  99999.00       0       0      70      26
94821  08  00    50  99999.00  99999.00  13843.88  27308.00  -2639.58   1509.30  -1025.99   -711.59       0     749     752     370
94821  08  00    40  99999.00  99999.00  99999.00  99999.00 -11346.82   9607.10  99999.00  99999.00       0       0      86      44
94821  08  00    30  99999.00  99999.00  23262.25  24534.49  -4644.99   3500.13  -1003.65   -700.89       0     564     584     333
94821  08  00    20  99999.00  99999.00  15151.75  37709.47   -717.37   -287.17   -980.32   -691.60       0     379     405     273
94821  08  00    15  99999.00  99999.00  99999.00  99999.00 -11108.25   9494.07   -998.86   -651.70       0       0      90      71
94821  08  00    10  99999.00  99999.00  99999.00  99999.00  99999.00  99999.00  99999.00  99999.00       0       0       4       3
94821  08  00     7  99999.00  99999.00  99999.00  99999.00  99999.00  99999.00  99999.00  99999.00       0       0       0       0
94821  08  00     5  99999.00  99999.00  99999.00  99999.00  99999.00  99999.00  99999.00  99999.00       0       0       0       0
94821  08  00     3  99999.00  99999.00  99999.00  99999.00  99999.00  99999.00  99999.00  99999.00       0       0       1       1
94821  08  00     2  99999.00  99999.00  99999.00  99999.00  99999.00  99999.00  99999.00  99999.00       0       0       1       1
94821  08  00     1  99999.00  99999.00  99999.00  99999.00  99999.00  99999.00  99999.00  99999.00       0       0       0       0
94821  09  00  9999    955.89   1061.85  99999.00  99999.00    -19.80    246.84   -150.65    233.47     865       0     864     864
94821  09  00  1000  99999.00  99999.00   -157.38    479.58    -37.61    245.95   -124.62    233.82       0     769     769     768
94821  09  00   925  99999.00  99999.00    357.56   1208.84   -173.41    318.47   -272.41    295.91       0     443     450     450
94821  09  00   900  99999.00  99999.00  99999.00  99999.00  99999.00  99999.00  99999.00  99999.00       0       0      16      16
94821  09  00   850  99999.00  99999.00   -894.12   3818.40  -2020.79   2066.89   -606.88    480.68       0     882     882     881
94821  09  00   800  99999.00  99999.00  99999.00  99999.00  99999.00  99999.00  99999.00  99999.00       0       0      21      21
94821  09  00   700  99999.00  99999.00    345.04   5685.76  -2069.98   1966.94   -932.14    500.30       0     885     886     878
94821  09  00   600  99999.00  99999.00  99999.00  99999.00  99999.00  99999.00  99999.00  99999.00       0       0      20      20
94821  09  00   500  99999.00  99999.00   2371.72   8796.64  -2213.28   1773.96  -1013.80    257.12       0     879     877     871
94821  09  00   400  99999.00  99999.00   3645.22  10742.38  -2304.64   1630.64  -1079.04    103.08       0     879     879     870
94821  09  00   300  99999.00  99999.00   5187.15  13127.07  -2420.86   1470.74  -1146.46   -116.02       0     873     874     861
94821  09  00   250  99999.00  99999.00   6150.56  14551.64  -2464.31   1416.13  -1131.67   -283.75       0     876     879     855
94821  09  00   200  99999.00  99999.00   7310.35  16278.79  -2463.91   1406.45  -1138.54   -423.22       0     873     885     776
94821  09  00   150  99999.00  99999.00   8811.00  18495.84  -2474.80   1387.28  -1123.78   -543.46       0     874     876     631
94821  09  00   100  99999.00  99999.00  10851.89  21629.21  -2489.18   1347.22  -1088.32   -633.04       0     862     881     562
94821  09  00    80  99999.00  99999.00  99999.00  99999.00  99999.00  99999.00  99999.00  99999.00       0       0      57      34
94821  09  00    70  99999.00  99999.00  18140.40  18938.88   -720.29   -390.53  -1056.09   -679.17       0     841     841     462
94821  09  00    60  99999.00  99999.00  99999.00  99999.00 -14779.94  12538.90  99999.00  99999.00       0       0      82      45
94821  09  00    50  99999.00  99999.00  20257.55  21125.39   -693.22   -382.54  -1008.40   -707.32       0     774     783     442
94821  09  00    40  99999.00  99999.00  99999.00  99999.00 -13005.72  11058.24  99999.00  99999.00       0       0      86      54
94821  09  00    30  99999.00  99999.00  23419.55  24569.87  -2759.48   1710.76   -992.71   -685.63       0     646     653     404
94821  09  00    20  99999.00  99999.00  25930.67  27361.91  -3069.04   2056.64   -972.73   -673.57       0     463     499     357
94821  09  00    15  99999.00  99999.00  99999.00  99999.00  -8879.73   7542.39   -958.64   -663.80       0       0      96      83
94821  09  00    10  99999.00  99999.00  99999.00  99999.00  99999.00  99999.00  99999.00  99999.00       0       0       1       1
94821  09  00     7  99999.00  99999.00  99999.00  99999.00  99999.00  99999.00  99999.00  99999.00       0       0       0       0
94821  09  00     5  99999.00  99999.00  99999.00  99999.00  99999.00  99999.00  99999.00  99999.00       0       0       0       0
94821  09  00     3  99999.00  99999.00  99999.00  99999.00  99999.00  99999.00  99999.00  99999.00       0       0       2       2
94821  09  00     2  99999.00  99999.00  99999.00  99999.00  99999.00  99999.00  99999.00  99999.00       0       0       0       0
94821  09  00     1  99999.00  99999.00  99999.00  99999.00  99999.00  99999.00  99999.00  99999.00       0       0       1       1
94821  10  00  9999    963.50   1054.10  99999.00  99999.00    -42.22    310.94   -167.74    286.70     894       0     892     892
94821  10  00  1000  99999.00  99999.00   -141.07    452.93    -60.70    301.34   -138.17    251.83       0     813     812     810
94821  10  00   925  99999.00  99999.00    425.42   1159.46   -219.76    385.64   -300.22    318.98       0     446     456     456
94821  10  00   900  99999.00  99999.00  99999.00  99999.00  99999.00  99999.00  99999.00  99999.00       0       0      22      22
94821  10  00   850  99999.00  99999.00  -1807.45   4720.79  -2829.47   2883.25   -588.70    468.98       0     901     901     900
94821  10  00   800  99999.00  99999.00  99999.00  99999.00  99999.00  99999.00  99999.00  99999.00       0       0      23      23
94821  10  00   700  99999.00  99999.00    387.92   5675.96  -2042.71   1974.89   -942.09    519.99       0     901     900     897
94821  10  00   600  99999.00  99999.00  99999.00  99999.00  99999.00  99999.00  99999.00  99999.00       0       0      19      19
94821  10  00   500  99999.00  99999.00   2440.12   8800.12  -2167.32   1773.00  -1043.54    311.14       0     901     903     896
94821  10  00   400  99999.00  99999.00   3724.55  10762.55  -2264.12   1633.48  -1044.82    120.02       0     900     901     895
94821  10  00   300  99999.00  99999.00   5293.38  13154.34  -2378.32   1459.28  -1115.31    -93.99       0     899     900     873
94821  10  00   250  99999.00  99999.00   6254.12  14589.08  -2436.74   1387.54  -1111.26   -263.94       0     899     899     861
94821  10  00   200  99999.00  99999.00   7411.71  16310.07  -2451.91   1369.97  -1121.94   -430.50       0     894     906     760
94821  10  00   150  99999.00  99999.00   8905.55  18512.15  -2463.40   1353.44  -1108.89   -577.05       0     893     894     600
94821  10  00   100  99999.00  99999.00  10946.05  21621.49  -2469.39   1307.49  -1069.32   -666.48       0     881     908     492
94821  10  00    80  99999.00  99999.00  99999.00  99999.00  99999.00  99999.00  99999.00  99999.00       0       0      54      24
94821  10  00    70  99999.00  99999.00   8388.68  28558.28  -3920.48   2729.20  -1024.30   -722.86       0     866     870     405
94821  10  00    60  99999.00  99999.00  99999.00  99999.00 -13965.43  11826.41  99999.00  99999.00       0       0      74      30
94821  10  00    50  99999.00  99999.00   9352.44  31852.92  -5062.35   3855.93   -998.42   -734.54       0     804     806     425
94821  10  00    40  99999.00  99999.00  99999.00  99999.00  99999.00  99999.00  99999.00  99999.00       0       0      58      28
94821  10  00    30  99999.00  99999.00  10173.43  37538.71  -5471.62   4295.30   -995.91   -698.91       0     666     675     399
94821  10  00    20  99999.00  99999.00  16261.79  36862.55  -3082.62   2049.30   -977.27   -684.23       0     457     495     326
94821  10  00    15  99999.00  99999.00  99999.00  99999.00  -7070.05   5868.71  99999.00  99999.00       0       0      78      59
94821  10  00    10  99999.00  99999.00  99999.00  99999.00  99999.00  99999.00  99999.00  99999.00       0       0       0       0
94821  10  00     7  99999.00  99999.00  99999.00  99999.00  99999.00  99999.00  99999.00  99999.00       0       0       0       0
94821  10  00     5  99999.00  99999.00  99999.00  99999.00  99999.00  99999.00  99999.00  99999.00       0       0       0       0
94821  10  00     3  99999.00  99999.00  99999.00  99999.00  99999.00  99999.00  99999.00  99999.00       0       0       0       0
94821  10  00     2  99999.00  99999.00  99999.00  99999.00  99999.00  99999.00  99999.00  99999.00       0       0       0       0
94821  10  00     1  99999.00  99999.00  99999.00  99999.00  99999.00  99999.00  99999.00  99999.00       0       0       1       1
94821  11  00  9999    968.38   1047.70  99999.00  99999.00    -73.52    377.56   -180.01    309.59     871       0     863     863
94821  11  00  1000  99999.00  99999.00   -112.91    406.57    -86.11    360.17   -145.13    285.43       0     805     803     801
94821  11  00   925  99999.00  99999.00    486.03   1100.79   -249.47    470.17   -412.50    448.02       0     434     440     439
94821  11  00   900  99999.00  99999.00  99999.00  99999.00  99999.00  99999.00  99999.00  99999.00       0       0      16      16
94821  11  00   850  99999.00  99999.00   -837.51   3786.21  -1972.42   2104.34   -607.49    503.83       0     906     907     900
94821  11  00   800  99999.00  99999.00  99999.00  99999.00  99999.00  99999.00  99999.00  99999.00       0       0      27      27
94821  11  00   700  99999.00  99999.00    415.71   5689.35  -2015.43   2000.73   -936.86    562.18       0     905     905     881
94821  11  00   600  99999.00  99999.00  99999.00  99999.00  99999.00  99999.00  99999.00  99999.00       0       0      22      22
94821  11  00   500  99999.00  99999.00   2488.97   8844.53  -2148.62   1803.22  -1004.50    326.18       0     903     901     878
94821  11  00   400  99999.00  99999.00   3783.79  10827.67  -2241.78   1659.30  -1014.63    141.57       0     900     903     875
94821  11  00   300  99999.00  99999.00   5368.69  13239.61  -2362.58   1477.42  -1073.19    -84.15       0     900     901     843
94821  11  00   250  99999.00  99999.00   6326.11  14689.99  -2430.40   1385.60  -1080.64   -248.56       0     898     898     838
94821  11  00   200  99999.00  99999.00   7476.35  16400.99  -2466.67   1338.89  -1122.48   -394.92       0     895     907     688
94821  11  00   150  99999.00  99999.00   8951.70  18584.46  -2481.56   1330.48  -1160.85   -525.93       0     892     893     480
94821  11  00   100  99999.00  99999.00  10976.95  21650.11  -2498.58   1282.50  -1102.29   -645.09       0     883     901     302
94821  11  00    80  99999.00  99999.00  99999.00  99999.00  -7686.58   6214.58  99999.00  99999.00       0       0      66      18
94821  11  00    70  99999.00  99999.00  18220.66  18923.74   -758.78   -427.34  -1081.43   -685.19       0     853     858     229
94821  11  00    60  99999.00  99999.00  99999.00  99999.00  99999.00  99999.00  99999.00  99999.00       0       0      53      13
94821  11  00    50  99999.00  99999.00  20336.05  21039.25  -5563.23   4271.97  -1062.92   -700.76       0     780     789     313
94821  11  00    40  99999.00  99999.00  99999.00  99999.00  99999.00  99999.00  99999.00  99999.00       0       0      58      27
94821  11  00    30  99999.00  99999.00  23507.30  24364.58  -2812.66   1695.38  -1033.25   -697.73       0     626     635     327
94821  11  00    20  99999.00  99999.00  26048.01  27031.77  -3139.05   2070.99   -993.85   -694.81       0     450     478     284
94821  11  00    15  99999.00  99999.00  99999.00  99999.00  -6949.45   5722.91  99999.00  99999.00       0       0      81      58
94821  11  00    10  99999.00  99999.00  99999.00  99999.00  99999.00  99999.00  99999.00  99999.00       0       0       1       0
94821  11  00     7  99999.00  99999.00  99999.00  99999.00  99999.00  99999.00  99999.00  99999.00       0       0       2       1
94821  11  00     5  99999.00  99999.00  99999.00  99999.00  99999.00  99999.00  99999.00  99999.00       0       0       1       1
94821  11  00     3  99999.00  99999.00  99999.00  99999.00  99999.00  99999.00  99999.00  99999.00       0       0       0       0
94821  11  00     2  99999.00  99999.00  99999.00  99999.00  99999.00  99999.00  99999.00  99999.00       0       0       1       1
94821  11  00     1  99999.00  99999.00  99999.00  99999.00  99999.00  99999.00  99999.00  99999.00       0       0       1       1
94821  12  00  9999    969.79   1042.51  99999.00  99999.00    -58.77    391.11   -201.43    349.13     935       0     919     919
94821  12  00  1000  99999.00  99999.00    -96.48    364.32    -61.52    364.00   -124.78    282.38       0     828     819     818
94821  12  00   925  99999.00  99999.00    485.30   1069.82   -227.83    467.33   -339.76    399.56       0     475     485     483
94821  12  00   900  99999.00  99999.00  99999.00  99999.00  99999.00  99999.00  99999.00  99999.00       0       0      20      20
94821  12  00   850  99999.00  99999.00  -2370.58   5259.38  -3301.59   3423.81   -608.25    531.27       0     982     981     972
94821  12  00   800  99999.00  99999.00  99999.00  99999.00  99999.00  99999.00  99999.00  99999.00       0       0      22      22
94821  12  00   700  99999.00  99999.00  -1313.36   7373.92  -3335.20   3318.32   -834.09    511.47       0     984     982     961
94821  12  00   600  99999.00  99999.00  99999.00  99999.00  99999.00  99999.00  99999.00  99999.00       0       0      29      29
94821  12  00   500  99999.00  99999.00    435.80  10879.76  -3438.31   3093.53   -954.83    309.37       0     985     985     950
94821  12  00   400  99999.00  99999.00   1528.05  13086.45  -3516.77   2938.27   -976.28    135.16       0     984     985     954
94821  12  00   300  99999.00  99999.00   2854.16  15783.08  -3620.83   2739.17  -1033.00    -83.32       0     981     983     928
94821  12  00   250  99999.00  99999.00   3643.02  17416.02  -3687.03   2637.45  -1060.21   -236.77       0     976     977     916
94821  12  00   200  99999.00  99999.00   4591.41  19334.25  -3730.75   2559.17  -1088.36   -409.28       0     973     978     771
94821  12  00   150  99999.00  99999.00   7269.50  20331.62  -3180.50   1970.98  -1126.50   -574.86       0     969     968     455
94821  12  00   100  99999.00  99999.00  11192.96  21488.84  -2462.04   1184.04  -1125.90   -643.74       0     953     965     171
94821  12  00    80  99999.00  99999.00  99999.00  99999.00  99999.00  99999.00  99999.00  99999.00       0       0      56       9
94821  12  00    70  99999.00  99999.00  18216.83  18910.91   -824.07   -422.67  -1110.10   -674.50       0     922     924     114
94821  12  00    60  99999.00  99999.00  99999.00  99999.00 -14184.51  11910.33  99999.00  99999.00       0       0      89      16
94821  12  00    50  99999.00  99999.00  20357.28  20952.48   -744.57   -440.49  -1051.75   -729.43       0     862     864     236
94821  12  00    40  99999.00  99999.00  99999.00  99999.00 -12031.54  10139.18  99999.00  99999.00       0       0      76      25
94821  12  00    30  99999.00  99999.00  23567.21  24207.53  -4786.35   3591.33  -1003.07   -730.43       0     718     731     349
94821  12  00    20  99999.00  99999.00  26179.92  26823.72   -619.11   -376.59   -965.10   -696.78       0     528     561     310
94821  12  00    15  99999.00  99999.00  99999.00  99999.00   -595.27   -336.91   -914.39   -698.87       0       0      98      64
94821  12  00    10  99999.00  99999.00  99999.00  99999.00  99999.00  99999.00  99999.00  99999.00       0       0       0       0
94821  12  00     7  99999.00  99999.00  99999.00  99999.00  99999.00  99999.00  99999.00  99999.00       0       0       7       0
94821  12  00     5  99999.00  99999.00  99999.00  99999.00  99999.00  99999.00  99999.00  99999.00       0       0       1       0
94821  12  00     3  99999.00  99999.00  99999.00  99999.00  99999.00  99999.00  99999.00  99999.00       0       0       1       0
94821  12  00     2  99999.00  99999.00  99999.00  99999.00  99999.00  99999.00  99999.00  99999.00       0       0       0       0
94821  12  00     1  99999.00  99999.00  99999.00  99999.00  99999.00  99999.00  99999.00  99999.00       0       0       0       0
