43041  01  00  9999    940.26    964.38  99999.00  99999.00    -60.62    311.98   -105.01    142.91     575       0     563     562
43041  01  00  1000  99999.00  99999.00  99999.00  99999.00  99999.00  99999.00  99999.00  99999.00       0       0       0       0
43041  01  00   925  99999.00  99999.00    676.42    927.46    -23.13    349.71   -227.30    420.10       0     399     403     394
43041  01  00   900  99999.00  99999.00  99999.00  99999.00  99999.00  99999.00  99999.00  99999.00       0       0      15      15
43041  01  00   850  99999.00  99999.00   1408.24   1634.56    -18.97    308.63   -426.63    492.81       0     620     610     573
43041  01  00   800  99999.00  99999.00  99999.00  99999.00  99999.00  99999.00  99999.00  99999.00       0       0      10      10
43041  01  00   700  99999.00  99999.00   2977.82   3298.94   -110.32    261.08   -565.60    395.72       0     624     619     310
43041  01  00   600  99999.00  99999.00  99999.00  99999.00   -157.66    179.18   -616.31    275.41       0       0     519     151
43041  01  00   500  99999.00  99999.00   5571.72   6093.48   -252.79    103.61   -692.86    221.54       0     588     589     108
43041  01  00   400  99999.00  99999.00   7188.43   7876.63   -387.68     17.68   -667.74     36.42       0     558     559      79
43041  01  00   300  99999.00  99999.00   9131.25  10109.97   -549.73   -101.77  99999.00  99999.00       0     512     514      42
43041  01  00   250  99999.00  99999.00  10316.71  11441.35   -651.00   -192.96  99999.00  99999.00       0     453     457      16
43041  01  00   200  99999.00  99999.00  11685.89  13015.13   -763.90   -307.90  99999.00  99999.00       0     392     395       7
43041  01  00   150  99999.00  99999.00  13408.00  14902.48   -910.54   -411.58  99999.00  99999.00       0     294     298       2
43041  01  00   100  99999.00  99999.00  15580.82  17474.06  -1027.63   -504.55  99999.00  99999.00       0     195     200       2
43041  01  00    80  99999.00  99999.00  99999.00  99999.00  99999.00  99999.00  99999.00  99999.00       0       0      13       0
43041  01  00    70  99999.00  99999.00  17467.63  19773.55  -1042.27   -405.19  99999.00  99999.00       0     187     196       0
43041  01  00    60  99999.00  99999.00  99999.00  99999.00  99999.00  99999.00  99999.00  99999.00       0       0      11       0
43041  01  00    50  99999.00  99999.00  19413.47  21855.47   -955.34   -288.14  99999.00  99999.00       0     150     155       0
43041  01  00    40  99999.00  99999.00  99999.00  99999.00  99999.00  99999.00  99999.00  99999.00       0       0       7       0
43041  01  00    30  99999.00  99999.00  22298.72  25435.76   -846.58   -219.70  99999.00  99999.00       0     127     129       0
43041  01  00    20  99999.00  99999.00  24810.22  28123.90   -816.44   -181.52  99999.00  99999.00       0      92      95       1
43041  01  00    15  99999.00  99999.00  99999.00  99999.00  99999.00  99999.00  99999.00  99999.00       0       0      12       0
43041  01  00    10  99999.00  99999.00  99999.00  99999.00  99999.00  99999.00  99999.00  99999.00       0      32      40       0
43041  01  00     7  99999.00  99999.00  99999.00  99999.00  99999.00  99999.00  99999.00  99999.00       0       0       4       0
43041  01  00     5  99999.00  99999.00  99999.00  99999.00  99999.00  99999.00  99999.00  99999.00       0       0       6       0
43041  01  00     3  99999.00  99999.00  99999.00  99999.00  99999.00  99999.00  99999.00  99999.00       0       0       0       0
43041  01  00     2  99999.00  99999.00  99999.00  99999.00  99999.00  99999.00  99999.00  99999.00       0       0       1       0
43041  01  00     1  99999.00  99999.00  99999.00  99999.00  99999.00  99999.00  99999.00  99999.00       0       0       0       0
43041  02  00  9999    938.06    963.26  99999.00  99999.00    -26.32    338.96    -93.14    153.46     544       0     534     532
43041  02  00  1000  99999.00  99999.00  99999.00  99999.00  99999.00  99999.00  99999.00  99999.00       0       0       0       0
43041  02  00   925  99999.00  99999.00    664.83    916.11     24.79    354.07   -201.02    440.98       0     364     370     361
43041  02  00   900  99999.00  99999.00  99999.00  99999.00  99999.00  99999.00  99999.00  99999.00       0       0       8       8
43041  02  00   850  99999.00  99999.00   1397.51   1632.23      8.18    330.74   -368.29    475.31       0     591     583     556
43041  02  00   800  99999.00  99999.00  99999.00  99999.00  99999.00  99999.00  99999.00  99999.00       0       0       5       5
43041  02  00   700  99999.00  99999.00   2990.43   3283.59   -103.53    243.99   -533.21    404.95       0     578     574     394
43041  02  00   600  99999.00  99999.00  99999.00  99999.00   -154.43    171.85   -689.59    375.29       0       0     471     178
43041  02  00   500  99999.00  99999.00   5595.79   6061.51   -247.26     93.66   -704.00    225.28       0     557     554     113
43041  02  00   400  99999.00  99999.00   7218.89   7838.57   -394.89     18.27   -803.02    139.82       0     534     532      70
43041  02  00   300  99999.00  99999.00   9179.97  10044.09   -559.33    -99.49  99999.00  99999.00       0     502     503      32
43041  02  00   250  99999.00  99999.00  10341.35  11387.15   -658.59   -191.19  99999.00  99999.00       0     466     469      14
43041  02  00   200  99999.00  99999.00  11745.45  12928.53   -770.13   -304.29  99999.00  99999.00       0     422     422       5
43041  02  00   150  99999.00  99999.00  13404.53  14854.13   -944.34   -379.26  99999.00  99999.00       0     316     317       1
43041  02  00   100  99999.00  99999.00  15503.55  17486.19  -1039.62   -493.74  99999.00  99999.00       0     197     200       1
43041  02  00    80  99999.00  99999.00  99999.00  99999.00  99999.00  99999.00  99999.00  99999.00       0       0      10       0
43041  02  00    70  99999.00  99999.00  17474.22  19688.34  -1084.52   -366.68  99999.00  99999.00       0     188     196       0
43041  02  00    60  99999.00  99999.00  99999.00  99999.00  99999.00  99999.00  99999.00  99999.00       0       0       6       0
43041  02  00    50  99999.00  99999.00  19397.10  21776.46   -992.39   -250.79  99999.00  99999.00       0     149     157       1
43041  02  00    40  99999.00  99999.00  99999.00  99999.00  99999.00  99999.00  99999.00  99999.00       0       0      12       0
43041  02  00    30  99999.00  99999.00  22361.05  25244.89   -811.88   -248.00  99999.00  99999.00       0     111     115       0
43041  02  00    20  99999.00  99999.00  24811.96  27978.04   -794.94   -194.58  99999.00  99999.00       0      78      82       0
43041  02  00    15  99999.00  99999.00  99999.00  99999.00  99999.00  99999.00  99999.00  99999.00       0       0       8       0
43041  02  00    10  99999.00  99999.00  99999.00  99999.00  99999.00  99999.00  99999.00  99999.00       0      15      25       0
43041  02  00     7  99999.00  99999.00  99999.00  99999.00  99999.00  99999.00  99999.00  99999.00       0       0       2       0
43041  02  00     5  99999.00  99999.00  99999.00  99999.00  99999.00  99999.00  99999.00  99999.00       0       0       0       0
43041  02  00     3  99999.00  99999.00  99999.00  99999.00  99999.00  99999.00  99999.00  99999.00       0       0       0       0
43041  02  00     2  99999.00  99999.00  99999.00  99999.00  99999.00  99999.00  99999.00  99999.00       0       0       1       0
43041  02  00     1  99999.00  99999.00  99999.00  99999.00  99999.00  99999.00  99999.00  99999.00       0       0       0       0
43041  03  00  9999    935.34    962.46  99999.00  99999.00     32.94    359.70   -114.18    201.54     631       0     622     621
43041  03  00  1000  99999.00  99999.00  99999.00  99999.00  99999.00  99999.00  99999.00  99999.00       0       0       0       0
43041  03  00   925  99999.00  99999.00    646.00    910.48     49.20    392.88   -212.98    468.74       0     441     443     435
43041  03  00   900  99999.00  99999.00  99999.00  99999.00  99999.00  99999.00  99999.00  99999.00       0       0      16      16
43041  03  00   850  99999.00  99999.00   1390.41   1631.25     30.54    375.18   -346.24    466.64       0     673     667     636
43041  03  00   800  99999.00  99999.00  99999.00  99999.00  99999.00  99999.00  99999.00  99999.00       0       0      10      10
43041  03  00   700  99999.00  99999.00   2999.77   3293.41    -75.13    226.79   -410.03    327.61       0     666     664     604
43041  03  00   600  99999.00  99999.00  99999.00  99999.00   -173.53    181.43   -574.43    313.69       0       0     552     329
43041  03  00   500  99999.00  99999.00   5597.75   6076.79   -252.85    105.95   -684.71    229.81       0     629     630     198
43041  03  00   400  99999.00  99999.00   7217.67   7858.95   -384.36     15.12   -709.17     68.91       0     593     595      98
43041  03  00   300  99999.00  99999.00   9185.72  10065.20   -556.79    -95.99  99999.00  99999.00       0     549     547      59
43041  03  00   250  99999.00  99999.00  10351.73  11418.77   -654.49   -184.57  99999.00  99999.00       0     512     518      23
43041  03  00   200  99999.00  99999.00  11699.82  13018.98   -756.79   -301.15  99999.00  99999.00       0     466     473      13
43041  03  00   150  99999.00  99999.00  13436.38  14874.58   -891.86   -404.54  99999.00  99999.00       0     365     362       0
43041  03  00   100  99999.00  99999.00  15671.74  17405.86  -1019.14   -500.14  99999.00  99999.00       0     251     255       1
43041  03  00    80  99999.00  99999.00  99999.00  99999.00  99999.00  99999.00  99999.00  99999.00       0       0      12       0
43041  03  00    70  99999.00  99999.00  17549.66  19660.82  -1083.86   -364.22  99999.00  99999.00       0     229     233       0
43041  03  00    60  99999.00  99999.00  99999.00  99999.00  99999.00  99999.00  99999.00  99999.00       0       0      10       0
43041  03  00    50  99999.00  99999.00  19533.55  21721.39  -1004.56   -229.60  99999.00  99999.00       0     186     192       0
43041  03  00    40  99999.00  99999.00  99999.00  99999.00  99999.00  99999.00  99999.00  99999.00       0       0      13       0
43041  03  00    30  99999.00  99999.00  22492.81  25229.53   -881.54   -151.70  99999.00  99999.00       0     154     156       0
43041  03  00    20  99999.00  99999.00  25007.13  27917.97   -808.07   -151.67  99999.00  99999.00       0     106     113       0
43041  03  00    15  99999.00  99999.00  99999.00  99999.00  99999.00  99999.00  99999.00  99999.00       0       0       6       0
43041  03  00    10  99999.00  99999.00  99999.00  99999.00  99999.00  99999.00  99999.00  99999.00       0      23      39       1
43041  03  00     7  99999.00  99999.00  99999.00  99999.00  99999.00  99999.00  99999.00  99999.00       0       0       1       0
43041  03  00     5  99999.00  99999.00  99999.00  99999.00  99999.00  99999.00  99999.00  99999.00       0       0       1       0
43041  03  00     3  99999.00  99999.00  99999.00  99999.00  99999.00  99999.00  99999.00  99999.00       0       0       1       0
43041  03  00     2  99999.00  99999.00  99999.00  99999.00  99999.00  99999.00  99999.00  99999.00       0       0       0       0
43041  03  00     1  99999.00  99999.00  99999.00  99999.00  99999.00  99999.00  99999.00  99999.00       0       0       0       0
43041  04  00  9999    934.01    959.33  99999.00  99999.00    103.67    356.27   -139.57    236.99     561       0     553     550
43041  04  00  1000  99999.00  99999.00  99999.00  99999.00  99999.00  99999.00  99999.00  99999.00       0       0       0       0
43041  04  00   925  99999.00  99999.00    644.60    879.44    106.19    386.03   -115.22    450.10       0     377     374     370
43041  04  00   900  99999.00  99999.00  99999.00  99999.00  99999.00  99999.00  99999.00  99999.00       0       0      12      12
43041  04  00   850  99999.00  99999.00   1382.01   1617.45     62.56    401.80   -288.81    457.35       0     600     588     572
43041  04  00   800  99999.00  99999.00  99999.00  99999.00  99999.00  99999.00  99999.00  99999.00       0       0       5       5
43041  04  00   700  99999.00  99999.00   3010.58   3297.02    -60.85    263.75   -339.89    306.55       0     587     576     548
43041  04  00   600  99999.00  99999.00  99999.00  99999.00   -158.46    174.06   -524.85    324.75       0       0     504     418
43041  04  00   500  99999.00  99999.00   5605.96   6100.24   -249.50    116.38   -685.12    276.44       0     549     555     274
43041  04  00   400  99999.00  99999.00   7228.88   7895.72   -356.55      6.57   -719.41    105.59       0     527     523     171
43041  04  00   300  99999.00  99999.00   9199.51  10115.83   -516.39   -115.59   -778.68    -64.20       0     490     493     101
43041  04  00   250  99999.00  99999.00  10378.02  11462.34   -623.63   -196.91  99999.00  99999.00       0     451     450      49
43041  04  00   200  99999.00  99999.00  11774.06  13015.10   -745.92   -300.12  99999.00  99999.00       0     406     410      18
43041  04  00   150  99999.00  99999.00  13492.15  14900.35   -866.42   -426.86  99999.00  99999.00       0     328     336       0
43041  04  00   100  99999.00  99999.00  15680.61  17509.17  -1009.25   -518.33  99999.00  99999.00       0     233     245       2
43041  04  00    80  99999.00  99999.00  99999.00  99999.00  99999.00  99999.00  99999.00  99999.00       0       0      10       0
43041  04  00    70  99999.00  99999.00  17616.72  19705.56  -1091.67   -341.55  99999.00  99999.00       0     210     214       1
43041  04  00    60  99999.00  99999.00  99999.00  99999.00  99999.00  99999.00  99999.00  99999.00       0       0       9       0
43041  04  00    50  99999.00  99999.00  19667.30  21732.26   -973.94   -235.34  99999.00  99999.00       0     181     182       1
43041  04  00    40  99999.00  99999.00  99999.00  99999.00  99999.00  99999.00  99999.00  99999.00       0       0       1       0
43041  04  00    30  99999.00  99999.00  22686.32  25202.00   -888.12   -126.48  99999.00  99999.00       0     137     140       0
43041  04  00    20  99999.00  99999.00  25180.05  28027.65  -6442.38   5313.90  99999.00  99999.00       0      91      95       0
43041  04  00    15  99999.00  99999.00  99999.00  99999.00  99999.00  99999.00  99999.00  99999.00       0       0      11       0
43041  04  00    10  99999.00  99999.00  99999.00  99999.00  99999.00  99999.00  99999.00  99999.00       0      26      34       0
43041  04  00     7  99999.00  99999.00  99999.00  99999.00  99999.00  99999.00  99999.00  99999.00       0       0       1       0
43041  04  00     5  99999.00  99999.00  99999.00  99999.00  99999.00  99999.00  99999.00  99999.00       0       0       3       0
43041  04  00     3  99999.00  99999.00  99999.00  99999.00  99999.00  99999.00  99999.00  99999.00       0       0       0       0
43041  04  00     2  99999.00  99999.00  99999.00  99999.00  99999.00  99999.00  99999.00  99999.00       0       0       0       0
43041  04  00     1  99999.00  99999.00  99999.00  99999.00  99999.00  99999.00  99999.00  99999.00       0       0       0       0
43041  05  00  9999    929.14    958.06  99999.00  99999.00    129.90    370.26   -164.75    256.57     613       0     602     600
43041  05  00  1000  99999.00  99999.00  99999.00  99999.00  99999.00  99999.00  99999.00  99999.00       0       0       0       0
43041  05  00   925  99999.00  99999.00    602.72    860.84    106.61    411.29    -48.97    426.95       0     442     444     441
43041  05  00   900  99999.00  99999.00  99999.00  99999.00  99999.00  99999.00  99999.00  99999.00       0       0      16      14
43041  05  00   850  99999.00  99999.00  -1225.67   4140.37  -2188.06   2642.30   -234.37    466.67       0     660     651     637
43041  05  00   800  99999.00  99999.00  99999.00  99999.00  99999.00  99999.00  99999.00  99999.00       0       0       8       8
43041  05  00   700  99999.00  99999.00   2972.77   3303.49    -43.52    282.64   -338.78    369.34       0     652     648     635
43041  05  00   600  99999.00  99999.00  99999.00  99999.00   -131.22    166.38   -385.80    266.76       0       0     569     543
43041  05  00   500  99999.00  99999.00   5600.81   6102.89   -222.56    107.56   -606.67    280.01       0     628     623     467
43041  05  00   400  99999.00  99999.00   7245.98   7893.98   -319.06     21.86   -652.51    140.45       0     594     583     268
43041  05  00   300  99999.00  99999.00   9276.30  10105.50   -485.62    -89.50   -742.49    -27.05       0     555     549     155
43041  05  00   250  99999.00  99999.00  10465.55  11473.67   -603.13   -164.65   -840.77   -100.37       0     519     521      99
43041  05  00   200  99999.00  99999.00  11871.99  13053.87   -725.93   -278.93  99999.00  99999.00       0     467     476      48
43041  05  00   150  99999.00  99999.00  13549.08  14991.12   -891.78   -396.90  99999.00  99999.00       0     392     398       4
43041  05  00   100  99999.00  99999.00  15699.43  17623.27  -1009.29   -524.25  99999.00  99999.00       0     292     288       2
43041  05  00    80  99999.00  99999.00  99999.00  99999.00  99999.00  99999.00  99999.00  99999.00       0       0      19       0
43041  05  00    70  99999.00  99999.00  17639.97  19833.69  -1127.88   -269.16  99999.00  99999.00       0     243     245       0
43041  05  00    60  99999.00  99999.00  99999.00  99999.00  99999.00  99999.00  99999.00  99999.00       0       0      15       0
43041  05  00    50  99999.00  99999.00   7451.33  33818.69  -4667.53   3396.11  99999.00  99999.00       0     198     198       0
43041  05  00    40  99999.00  99999.00  99999.00  99999.00  99999.00  99999.00  99999.00  99999.00       0       0       7       0
43041  05  00    30  99999.00  99999.00  22553.81  25521.29   -842.91   -147.51  99999.00  99999.00       0     151     155       0
43041  05  00    20  99999.00  99999.00  25221.70  28002.22  -5776.71   4665.45  99999.00  99999.00       0      92      94       1
43041  05  00    15  99999.00  99999.00  99999.00  99999.00  99999.00  99999.00  99999.00  99999.00       0       0      10       0
43041  05  00    10  99999.00  99999.00  99999.00  99999.00  99999.00  99999.00  99999.00  99999.00       0      16      30       0
43041  05  00     7  99999.00  99999.00  99999.00  99999.00  99999.00  99999.00  99999.00  99999.00       0       0       0       0
43041  05  00     5  99999.00  99999.00  99999.00  99999.00  99999.00  99999.00  99999.00  99999.00       0       0       1       0
43041  05  00     3  99999.00  99999.00  99999.00  99999.00  99999.00  99999.00  99999.00  99999.00       0       0       1       0
43041  05  00     2  99999.00  99999.00  99999.00  99999.00  99999.00  99999.00  99999.00  99999.00       0       0       0       0
43041  05  00     1  99999.00  99999.00  99999.00  99999.00  99999.00  99999.00  99999.00  99999.00       0       0       0       0
43041  06  00  9999    926.89    955.33  99999.00  99999.00    140.61    353.85   -144.20    200.92     529       0     523     523
43041  06  00  1000  99999.00  99999.00  99999.00  99999.00  99999.00  99999.00  99999.00  99999.00       0       0       0       0
43041  06  00   925  99999.00  99999.00    562.02    855.42    106.36    391.00      3.47    408.35       0     357     359     355
43041  06  00   900  99999.00  99999.00  99999.00  99999.00  99999.00  99999.00  99999.00  99999.00       0       0      11      11
43041  06  00   850  99999.00  99999.00   1305.90   1588.14     37.42    396.82    -91.67    407.65       0     587     574     566
43041  06  00   800  99999.00  99999.00  99999.00  99999.00  99999.00  99999.00  99999.00  99999.00       0       0       3       3
43041  06  00   700  99999.00  99999.00   2912.80   3289.96    -21.10    251.30   -182.92    311.60       0     577     572     560
43041  06  00   600  99999.00  99999.00  99999.00  99999.00   -106.13    180.43   -323.20    300.08       0       0     460     454
43041  06  00   500  99999.00  99999.00   5587.29   6075.81   -194.29    118.91   -528.77    323.71       0     534     528     503
43041  06  00   400  99999.00  99999.00   7276.73   7856.33   -273.12     11.40   -575.93    152.95       0     505     476     414
43041  06  00   300  99999.00  99999.00   9322.51  10090.03   -448.51    -88.39   -692.19    -19.71       0     472     468     315
43041  06  00   250  99999.00  99999.00  10557.51  11426.55   -554.61   -180.45   -741.11   -158.75       0     444     448     224
43041  06  00   200  99999.00  99999.00  11978.88  13012.92   -700.73   -284.69   -948.01   -175.93       0     403     407      71
43041  06  00   150  99999.00  99999.00  13661.70  14965.62   -866.68   -415.60  99999.00  99999.00       0     342     346       8
43041  06  00   100  99999.00  99999.00  15826.93  17579.29  -1007.35   -544.63  99999.00  99999.00       0     241     243       2
43041  06  00    80  99999.00  99999.00  99999.00  99999.00  99999.00  99999.00  99999.00  99999.00       0       0       7       0
43041  06  00    70  99999.00  99999.00  17879.99  19671.11  -1106.03   -293.03  99999.00  99999.00       0     173     181       0
43041  06  00    60  99999.00  99999.00  99999.00  99999.00  99999.00  99999.00  99999.00  99999.00       0       0       7       0
43041  06  00    50  99999.00  99999.00  19748.22  21871.50   -927.23   -263.15  99999.00  99999.00       0     141     145       1
43041  06  00    40  99999.00  99999.00  99999.00  99999.00  99999.00  99999.00  99999.00  99999.00       0       0       6       0
43041  06  00    30  99999.00  99999.00  22334.50  25834.78   -840.38   -160.94  99999.00  99999.00       0      97     100       0
43041  06  00    20  99999.00  99999.00  24838.62  28587.18   -781.53   -155.13  99999.00  99999.00       0      62      69       0
43041  06  00    15  99999.00  99999.00  99999.00  99999.00  99999.00  99999.00  99999.00  99999.00       0       0      11       0
43041  06  00    10  99999.00  99999.00  99999.00  99999.00  99999.00  99999.00  99999.00  99999.00       0      13      18       1
43041  06  00     7  99999.00  99999.00  99999.00  99999.00  99999.00  99999.00  99999.00  99999.00       0       0       3       0
43041  06  00     5  99999.00  99999.00  99999.00  99999.00  99999.00  99999.00  99999.00  99999.00       0       1       3       0
43041  06  00     3  99999.00  99999.00  99999.00  99999.00  99999.00  99999.00  99999.00  99999.00       0       0       0       0
43041  06  00     2  99999.00  99999.00  99999.00  99999.00  99999.00  99999.00  99999.00  99999.00       0       0       0       0
43041  06  00     1  99999.00  99999.00  99999.00  99999.00  99999.00  99999.00  99999.00  99999.00       0       0       0       0
43041  07  00  9999    926.86    955.66  99999.00  99999.00    181.92    285.12    -94.35    115.29     569       0     559     559
43041  07  00  1000  99999.00  99999.00  99999.00  99999.00  99999.00  99999.00  99999.00  99999.00       0       0       0       0
43041  07  00   925  99999.00  99999.00    558.31    859.63    143.26    317.86    107.38    324.34       0     430     433     431
43041  07  00   900  99999.00  99999.00  99999.00  99999.00  99999.00  99999.00  99999.00  99999.00       0       0      13      13
43041  07  00   850  99999.00  99999.00   1303.21   1584.61     76.29    314.49     -3.22    350.66       0     639     631     626
43041  07  00   800  99999.00  99999.00  99999.00  99999.00  99999.00  99999.00  99999.00  99999.00       0       0       3       3
43041  07  00   700  99999.00  99999.00   2911.08   3269.52    -14.00    231.04    -97.71    261.57       0     639     630     623
43041  07  00   600  99999.00  99999.00  99999.00  99999.00    -86.67    176.13   -253.23    258.93       0       0     547     545
43041  07  00   500  99999.00  99999.00   5575.72   6080.68   -163.99    105.77   -382.43    219.97       0     609     607     597
43041  07  00   400  99999.00  99999.00   7249.82   7881.98   -265.47     11.37   -521.18    128.50       0     563     528     492
43041  07  00   300  99999.00  99999.00   9305.64  10110.36   -438.60    -92.28   -665.82    -44.82       0     535     537     422
43041  07  00   250  99999.00  99999.00  10508.60  11489.84   -568.82   -161.18   -765.64   -140.56       0     511     517     321
43041  07  00   200  99999.00  99999.00  11967.03  13019.31   -705.91   -280.27   -924.90   -240.54       0     467     468     134
43041  07  00   150  99999.00  99999.00  13632.62  14981.42   -898.39   -394.39  99999.00  99999.00       0     382     387       6
43041  07  00   100  99999.00  99999.00  15766.91  17606.75  -1050.21   -486.33  99999.00  99999.00       0     240     247       2
43041  07  00    80  99999.00  99999.00  99999.00  99999.00  99999.00  99999.00  99999.00  99999.00       0       0       6       0
43041  07  00    70  99999.00  99999.00  17850.62  19734.02  -1030.90   -293.86  99999.00  99999.00       0     177     182       0
43041  07  00    60  99999.00  99999.00  99999.00  99999.00  99999.00  99999.00  99999.00  99999.00       0       0       8       0
43041  07  00    50  99999.00  99999.00  19889.13  21818.49   -907.73   -260.45  99999.00  99999.00       0     134     137       1
43041  07  00    40  99999.00  99999.00  99999.00  99999.00  99999.00  99999.00  99999.00  99999.00       0       0       6       0
43041  07  00    30  99999.00  99999.00  22778.11  25363.99   -826.84   -223.12  99999.00  99999.00       0      76      85       0
43041  07  00    20  99999.00  99999.00  99999.00  99999.00  99999.00  99999.00  99999.00  99999.00       0      47      50       0
43041  07  00    15  99999.00  99999.00  99999.00  99999.00  99999.00  99999.00  99999.00  99999.00       0       0       3       0
43041  07  00    10  99999.00  99999.00  99999.00  99999.00  99999.00  99999.00  99999.00  99999.00       0       5      11       0
43041  07  00     7  99999.00  99999.00  99999.00  99999.00  99999.00  99999.00  99999.00  99999.00       0       0       2       0
43041  07  00     5  99999.00  99999.00  99999.00  99999.00  99999.00  99999.00  99999.00  99999.00       0       0       0       0
43041  07  00     3  99999.00  99999.00  99999.00  99999.00  99999.00  99999.00  99999.00  99999.00       0       0       0       0
43041  07  00     2  99999.00  99999.00  99999.00  99999.00  99999.00  99999.00  99999.00  99999.00       0       0       0       0
43041  07  00     1  99999.00  99999.00  99999.00  99999.00  99999.00  99999.00  99999.00  99999.00       0       0       0       0
43041  08  00  9999    926.22    957.90  99999.00  99999.00    180.88    280.84    -21.26     37.78     558       0     549     548
43041  08  00  1000  99999.00  99999.00  99999.00  99999.00  99999.00  99999.00  99999.00  99999.00       0       0       0       0
43041  08  00   925  99999.00  99999.00    566.56    871.60    150.36    304.68    109.02    319.50       0     382     381     380
43041  08  00   900  99999.00  99999.00  99999.00  99999.00  99999.00  99999.00  99999.00  99999.00       0       0       8       8
43041  08  00   850  99999.00  99999.00   1298.78   1602.98     79.46    304.82     12.82    331.42       0     614     602     601
43041  08  00   800  99999.00  99999.00  99999.00  99999.00  99999.00  99999.00  99999.00  99999.00       0       0       6       6
43041  08  00   700  99999.00  99999.00   2913.89   3279.41    -20.61    234.99   -126.16    284.72       0     606     590     585
43041  08  00   600  99999.00  99999.00  99999.00  99999.00    -90.47    181.09   -253.63    260.21       0       0     517     508
43041  08  00   500  99999.00  99999.00   5569.70   6100.10   -170.47    111.29   -378.48    212.04       0     575     571     554
43041  08  00   400  99999.00  99999.00   7241.24   7901.84   -266.08     10.64   -517.76    107.68       0     540     512     479
43041  08  00   300  99999.00  99999.00   9297.35  10123.91   -431.43   -105.51   -702.85    -17.77       0     522     518     370
43041  08  00   250  99999.00  99999.00  10523.73  11483.73   -557.76   -180.00   -774.64   -130.24       0     501     504     255
43041  08  00   200  99999.00  99999.00  11974.64  13017.32   -704.68   -291.16   -886.94   -278.54       0     462     471      97
43041  08  00   150  99999.00  99999.00  13659.49  14971.57   -896.23   -404.59  99999.00  99999.00       0     387     392       4
43041  08  00   100  99999.00  99999.00  15857.16  17554.56  -1031.11   -477.79  99999.00  99999.00       0     256     266       4
43041  08  00    80  99999.00  99999.00  99999.00  99999.00  99999.00  99999.00  99999.00  99999.00       0       0       8       0
43041  08  00    70  99999.00  99999.00  17900.89  19743.25   -984.93   -315.57  99999.00  99999.00       0     217     219       0
43041  08  00    60  99999.00  99999.00  99999.00  99999.00  99999.00  99999.00  99999.00  99999.00       0       0       9       0
43041  08  00    50  99999.00  99999.00  19924.50  21870.18   -854.13   -304.29  99999.00  99999.00       0     177     177       1
43041  08  00    40  99999.00  99999.00  99999.00  99999.00  99999.00  99999.00  99999.00  99999.00       0       0       7       0
43041  08  00    30  99999.00  99999.00  22951.67  25339.55   -793.93   -237.85  99999.00  99999.00       0     123     122       0
43041  08  00    20  99999.00  99999.00  25334.23  28155.91   -787.47   -172.95  99999.00  99999.00       0      75      78       0
43041  08  00    15  99999.00  99999.00  99999.00  99999.00  99999.00  99999.00  99999.00  99999.00       0       0       8       0
43041  08  00    10  99999.00  99999.00  99999.00  99999.00  99999.00  99999.00  99999.00  99999.00       0      16      23       0
43041  08  00     7  99999.00  99999.00  99999.00  99999.00  99999.00  99999.00  99999.00  99999.00       0       0       1       0
43041  08  00     5  99999.00  99999.00  99999.00  99999.00  99999.00  99999.00  99999.00  99999.00       0       0       0       0
43041  08  00     3  99999.00  99999.00  99999.00  99999.00  99999.00  99999.00  99999.00  99999.00       0       0       0       0
43041  08  00     2  99999.00  99999.00  99999.00  99999.00  99999.00  99999.00  99999.00  99999.00       0       0       0       0
43041  08  00     1  99999.00  99999.00  99999.00  99999.00  99999.00  99999.00  99999.00  99999.00       0       0       0       0
43041  09  00  9999    929.65    959.41  99999.00  99999.00    172.99    284.95    -18.99     35.97     597       0     589     588
43041  09  00  1000  99999.00  99999.00  99999.00  99999.00  99999.00  99999.00  99999.00  99999.00       0       0       0       0
43041  09  00   925  99999.00  99999.00    580.45    894.97    147.97    307.45     53.86    368.50       0     431     427     423
43041  09  00   900  99999.00  99999.00  99999.00  99999.00  99999.00  99999.00  99999.00  99999.00       0       0      15      14
43041  09  00   850  99999.00  99999.00   1329.90   1618.26     91.52    293.84    -53.64    376.92       0     647     630     627
43041  09  00   800  99999.00  99999.00  99999.00  99999.00  99999.00  99999.00  99999.00  99999.00       0       0      11      11
43041  09  00   700  99999.00  99999.00   2942.73   3291.69    -13.55    217.93   -276.73    378.47       0     651     642     633
43041  09  00   600  99999.00  99999.00  99999.00  99999.00    -90.06    162.30   -344.75    303.13       0       0     575     552
43041  09  00   500  99999.00  99999.00   2001.07   9639.19   -172.11     94.65   -478.83    257.01       0     622     610     571
43041  09  00   400  99999.00  99999.00   7291.66   7859.14   -271.37     -4.25   -599.34    139.98       0     589     560     487
43041  09  00   300  99999.00  99999.00   9321.29  10084.73   -450.91   -109.39   -719.80    -31.96       0     565     556     302
43041  09  00   250  99999.00  99999.00  10548.66  11417.94   -568.65   -196.05   -801.02   -136.94       0     528     529     176
43041  09  00   200  99999.00  99999.00  11962.22  12985.94   -720.65   -298.25   -911.89   -290.53       0     492     501      66
43041  09  00   150  99999.00  99999.00  13648.79  14902.31   -914.40   -410.64  99999.00  99999.00       0     420     424       1
43041  09  00   100  99999.00  99999.00  15842.87  17455.07  -1039.68   -472.32  99999.00  99999.00       0     302     304       1
43041  09  00    80  99999.00  99999.00  99999.00  99999.00  99999.00  99999.00  99999.00  99999.00       0       0      17       0
43041  09  00    70  99999.00  99999.00  17781.97  19732.45   -976.70   -348.26  99999.00  99999.00       0     258     260       2
43041  09  00    60  99999.00  99999.00  99999.00  99999.00  99999.00  99999.00  99999.00  99999.00       0       0      18       0
43041  09  00    50  99999.00  99999.00  19825.26  21840.90   -886.77   -278.73  99999.00  99999.00       0     224     223       0
43041  09  00    40  99999.00  99999.00  99999.00  99999.00  99999.00  99999.00  99999.00  99999.00       0       0      19       0
43041  09  00    30  99999.00  99999.00  22847.51  25367.03   -858.31   -162.91  99999.00  99999.00       0     165     169       2
43041  09  00    20  99999.00  99999.00  25101.20  28350.80   -821.53   -130.09  99999.00  99999.00       0     130     135       0
43041  09  00    15  99999.00  99999.00  99999.00  99999.00  99999.00  99999.00  99999.00  99999.00       0       0      13       0
43041  09  00    10  99999.00  99999.00  99999.00  99999.00  99999.00  99999.00  99999.00  99999.00       0      21      42       0
43041  09  00     7  99999.00  99999.00  99999.00  99999.00  99999.00  99999.00  99999.00  99999.00       0       0       8       0
43041  09  00     5  99999.00  99999.00  99999.00  99999.00  99999.00  99999.00  99999.00  99999.00       0       0       5       0
43041  09  00     3  99999.00  99999.00  99999.00  99999.00  99999.00  99999.00  99999.00  99999.00       0       0       0       0
43041  09  00     2  99999.00  99999.00  99999.00  99999.00  99999.00  99999.00  99999.00  99999.00       0       0       0       0
43041  09  00     1  99999.00  99999.00  99999.00  99999.00  99999.00  99999.00  99999.00  99999.00       0       0       0       0
43041  10  00  9999    931.71    964.95  99999.00  99999.00     62.90    350.54   -106.40    129.88     681       0     669     669
43041  10  00  1000  99999.00  99999.00  99999.00  99999.00  99999.00  99999.00  99999.00  99999.00       0       0       0       0
43041  10  00   925  99999.00  99999.00    611.57    933.53     99.86    328.82    -62.03    426.73       0     536     534     527
43041  10  00   900  99999.00  99999.00  99999.00  99999.00  99999.00  99999.00  99999.00  99999.00       0       0       8       8
43041  10  00   850  99999.00  99999.00   1349.85   1657.05     63.43    302.35   -240.26    478.06       0     734     721     711
43041  10  00   800  99999.00  99999.00  99999.00  99999.00  99999.00  99999.00  99999.00  99999.00       0       0       8       8
43041  10  00   700  99999.00  99999.00   2966.95   3311.23    -46.09    228.47   -426.83    442.21       0     731     723     652
43041  10  00   600  99999.00  99999.00  99999.00  99999.00    -97.80    155.76   -502.09    378.71       0       0     598     472
43041  10  00   500  99999.00  99999.00   5629.19   6080.63   -185.46     87.78   -615.03    302.49       0     690     689     470
43041  10  00   400  99999.00  99999.00   7295.12   7855.76   -292.10    -12.26   -665.78    145.06       0     653     651     363
43041  10  00   300  99999.00  99999.00   9315.94  10058.98   -471.60   -125.16   -737.98    -50.14       0     607     606     200
43041  10  00   250  99999.00  99999.00  10521.85  11393.17   -587.05   -213.73   -817.63   -172.15       0     579     583     123
43041  10  00   200  99999.00  99999.00  11912.83  12964.75   -726.42   -323.34  99999.00  99999.00       0     538     542      55
43041  10  00   150  99999.00  99999.00  13598.23  14859.31   -902.32   -439.12  99999.00  99999.00       0     431     438       3
43041  10  00   100  99999.00  99999.00  15795.09  17383.53  -1087.93   -448.57  99999.00  99999.00       0     320     326       2
43041  10  00    80  99999.00  99999.00  99999.00  99999.00  99999.00  99999.00  99999.00  99999.00       0       0      17       0
43041  10  00    70  99999.00  99999.00  17753.89  19606.69  -1040.05   -298.45  99999.00  99999.00       0     279     282       1
43041  10  00    60  99999.00  99999.00  99999.00  99999.00  99999.00  99999.00  99999.00  99999.00       0       0       7       0
43041  10  00    50  99999.00  99999.00  19750.05  21763.29   -934.07   -240.47  99999.00  99999.00       0     246     255       0
43041  10  00    40  99999.00  99999.00  99999.00  99999.00  99999.00  99999.00  99999.00  99999.00       0       0      12       0
43041  10  00    30  99999.00  99999.00  22681.21  25312.93   -880.90   -143.14  99999.00  99999.00       0     188     191       0
43041  10  00    20  99999.00  99999.00  25001.79  28227.39   -867.20    -84.08  99999.00  99999.00       0     135     143       1
43041  10  00    15  99999.00  99999.00  99999.00  99999.00  99999.00  99999.00  99999.00  99999.00       0       0      18       0
43041  10  00    10  99999.00  99999.00  99999.00  99999.00  99999.00  99999.00  99999.00  99999.00       0      34      53       0
43041  10  00     7  99999.00  99999.00  99999.00  99999.00  99999.00  99999.00  99999.00  99999.00       0       0       2       0
43041  10  00     5  99999.00  99999.00  99999.00  99999.00  99999.00  99999.00  99999.00  99999.00       0       0       3       0
43041  10  00     3  99999.00  99999.00  99999.00  99999.00  99999.00  99999.00  99999.00  99999.00       0       0       0       0
43041  10  00     2  99999.00  99999.00  99999.00  99999.00  99999.00  99999.00  99999.00  99999.00       0       0       0       0
43041  10  00     1  99999.00  99999.00  99999.00  99999.00  99999.00  99999.00  99999.00  99999.00       0       0       0       0
43041  11  00  9999    938.19    964.23  99999.00  99999.00    -67.33    386.87    -41.73     66.75     659       0     651     650
43041  11  00  1000  99999.00  99999.00  99999.00  99999.00  99999.00  99999.00  99999.00  99999.00       0       0       0       0
43041  11  00   925  99999.00  99999.00    676.48    912.16     10.32    358.08   -174.80    445.36       0     493     490     479
43041  11  00   900  99999.00  99999.00  99999.00  99999.00  99999.00  99999.00  99999.00  99999.00       0       0      10       9
43041  11  00   850  99999.00  99999.00   1406.19   1630.11     11.04    309.72   -389.55    526.77       0     722     712     682
43041  11  00   800  99999.00  99999.00  99999.00  99999.00  99999.00  99999.00  99999.00  99999.00       0       0      10      10
43041  11  00   700  99999.00  99999.00   3004.35   3285.39    -65.19    246.81   -575.84    502.12       0     707     707     445
43041  11  00   600  99999.00  99999.00  99999.00  99999.00   -120.48    171.24   -615.46    408.26       0       0     591     290
43041  11  00   500  99999.00  99999.00   2171.42   9492.38   -209.02     94.94   -717.76    342.92       0     678     682     234
43041  11  00   400  99999.00  99999.00   7256.44   7880.80   -320.18     -7.58   -767.03    192.97       0     653     642     172
43041  11  00   300  99999.00  99999.00   9254.60  10088.48   -501.99   -116.19   -793.19    -21.95       0     599     596      92
43041  11  00   250  99999.00  99999.00  10436.78  11437.58   -628.63   -190.27  99999.00  99999.00       0     563     566      60
43041  11  00   200  99999.00  99999.00  11819.94  13001.34   -768.12   -294.36  99999.00  99999.00       0     512     520      33
43041  11  00   150  99999.00  99999.00  13459.51  14939.71   -923.04   -412.56  99999.00  99999.00       0     413     417       2
43041  11  00   100  99999.00  99999.00   7366.33  25602.61  -1026.78   -503.22  99999.00  99999.00       0     309     312       0
43041  11  00    80  99999.00  99999.00  99999.00  99999.00  99999.00  99999.00  99999.00  99999.00       0       0      12       0
43041  11  00    70  99999.00  99999.00  17604.98  19707.14  -1066.70   -301.10  99999.00  99999.00       0     269     270       1
43041  11  00    60  99999.00  99999.00  99999.00  99999.00  99999.00  99999.00  99999.00  99999.00       0       0      12       0
43041  11  00    50  99999.00  99999.00  19496.21  21911.09   -951.58   -227.02  99999.00  99999.00       0     222     221       1
43041  11  00    40  99999.00  99999.00  99999.00  99999.00  99999.00  99999.00  99999.00  99999.00       0       0       9       0
43041  11  00    30  99999.00  99999.00  22466.77  25434.25   -920.86    -93.70  99999.00  99999.00       0     178     185       0
43041  11  00    20  99999.00  99999.00  24711.58  28412.98   -877.80    -65.88  99999.00  99999.00       0     123     128       0
43041  11  00    15  99999.00  99999.00  99999.00  99999.00  99999.00  99999.00  99999.00  99999.00       0       0       8       0
43041  11  00    10  99999.00  99999.00  99999.00  99999.00  99999.00  99999.00  99999.00  99999.00       0      40      57       2
43041  11  00     7  99999.00  99999.00  99999.00  99999.00  99999.00  99999.00  99999.00  99999.00       0       0       2       0
43041  11  00     5  99999.00  99999.00  99999.00  99999.00  99999.00  99999.00  99999.00  99999.00       0       0       6       1
43041  11  00     3  99999.00  99999.00  99999.00  99999.00  99999.00  99999.00  99999.00  99999.00       0       0       1       0
43041  11  00     2  99999.00  99999.00  99999.00  99999.00  99999.00  99999.00  99999.00  99999.00       0       0       1       0
43041  11  00     1  99999.00  99999.00  99999.00  99999.00  99999.00  99999.00  99999.00  99999.00       0       0       1       0
43041  12  00  9999    940.76    964.52  99999.00  99999.00    -70.14    315.78    -27.76     55.64     672       0     654     653
43041  12  00  1000  99999.00  99999.00  99999.00  99999.00  99999.00  99999.00  99999.00  99999.00       0       0       0       0
43041  12  00   925  99999.00  99999.00    679.15    927.79    -16.22    333.58   -199.93    391.07       0     487     493     488
43041  12  00   900  99999.00  99999.00  99999.00  99999.00  99999.00  99999.00  99999.00  99999.00       0       0      12      12
43041  12  00   850  99999.00  99999.00   1403.94   1642.50    -13.83    299.97   -444.77    498.79       0     725     717     672
43041  12  00   800  99999.00  99999.00  99999.00  99999.00  99999.00  99999.00  99999.00  99999.00       0       0       5       5
43041  12  00   700  99999.00  99999.00   2990.68   3296.44    -74.64    247.08   -605.92    469.64       0     723     727     311
43041  12  00   600  99999.00  99999.00  99999.00  99999.00   -125.76    166.80   -687.18    400.14       0       0     608     171
43041  12  00   500  99999.00  99999.00   5605.24   6087.64   -214.61     81.67   -760.18    321.86       0     671     672     159
43041  12  00   400  99999.00  99999.00   7243.56   7858.56   -361.09      3.59   -760.06    128.30       0     648     647     112
43041  12  00   300  99999.00  99999.00   9204.25  10075.33   -535.59   -118.35   -773.82    -83.46       0     581     588      76
43041  12  00   250  99999.00  99999.00  10395.52  11399.32   -651.37   -200.89  99999.00  99999.00       0     531     541      36
43041  12  00   200  99999.00  99999.00  11746.30  12981.22   -767.43   -322.35  99999.00  99999.00       0     481     488      17
43041  12  00   150  99999.00  99999.00  13431.47  14868.35   -894.64   -444.52  99999.00  99999.00       0     349     355       2
43041  12  00   100  99999.00  99999.00  15612.16  17419.96  -1005.19   -525.07  99999.00  99999.00       0     254     257       1
43041  12  00    80  99999.00  99999.00  99999.00  99999.00  99999.00  99999.00  99999.00  99999.00       0       0      17       0
43041  12  00    70  99999.00  99999.00  17625.40  19566.16  -1115.98   -303.34  99999.00  99999.00       0     213     217       1
43041  12  00    60  99999.00  99999.00  99999.00  99999.00  99999.00  99999.00  99999.00  99999.00       0       0       6       0
43041  12  00    50  99999.00  99999.00  19497.41  21752.33   -994.87   -223.03  99999.00  99999.00       0     185     190       0
43041  12  00    40  99999.00  99999.00  99999.00  99999.00  99999.00  99999.00  99999.00  99999.00       0       0       7       0
43041  12  00    30  99999.00  99999.00  22555.71  25164.15   -927.18   -114.18  99999.00  99999.00       0     147     150       0
43041  12  00    20  99999.00  99999.00  24900.30  27987.66   -886.21    -92.53  99999.00  99999.00       0      88      97       1
43041  12  00    15  99999.00  99999.00  99999.00  99999.00  99999.00  99999.00  99999.00  99999.00       0       0       7       0
43041  12  00    10  99999.00  99999.00  99999.00  99999.00  99999.00  99999.00  99999.00  99999.00       0      30      38       1
43041  12  00     7  99999.00  99999.00  99999.00  99999.00  99999.00  99999.00  99999.00  99999.00       0       0       1       0
43041  12  00     5  99999.00  99999.00  99999.00  99999.00  99999.00  99999.00  99999.00  99999.00       0       0       0       0
43041  12  00     3  99999.00  99999.00  99999.00  99999.00  99999.00  99999.00  99999.00  99999.00       0       0       0       0
43041  12  00     2  99999.00  99999.00  99999.00  99999.00  99999.00  99999.00  99999.00  99999.00       0       0       0       0
43041  12  00     1  99999.00  99999.00  99999.00  99999.00  99999.00  99999.00  99999.00  99999.00       0       0       0       0
