71082  01  12  9999    933.49   1075.33  99999.00  99999.00   -655.99     36.53    -62.70    135.90     988       0     986     932
71082  01  12  1000  99999.00  99999.00   -191.46    478.86   -623.20     25.04   -659.68     -8.56       0     676     679     657
71082  01  12   925  99999.00  99999.00    174.74   1140.62   -587.64     72.24   -611.52      3.12       0     605     613     613
71082  01  12   900  99999.00  99999.00  99999.00  99999.00  99999.00  99999.00  99999.00  99999.00       0       0      23      23
71082  01  12   850  99999.00  99999.00    742.79   1796.51   -616.11    126.21   -631.86     37.74       0    1056    1053    1046
71082  01  12   800  99999.00  99999.00  99999.00  99999.00  99999.00  99999.00  99999.00  99999.00       0       0      20      20
71082  01  12   700  99999.00  99999.00   2096.88   3267.00   -608.30     72.82   -735.81     43.47       0    1056    1056    1052
71082  01  12   600  99999.00  99999.00  99999.00  99999.00  99999.00  99999.00  99999.00  99999.00       0       0      17      17
71082  01  12   500  99999.00  99999.00   4321.51   5769.79   -674.33   -137.21   -855.75   -114.63       0    1056    1056     977
71082  01  12   400  99999.00  99999.00   5711.12   7356.20   -723.57   -280.89   -877.30   -289.06       0    1052    1053     933
71082  01  12   300  99999.00  99999.00   7463.27   9277.43   -836.66   -351.38   -911.35   -445.99       0    1043    1042     822
71082  01  12   250  99999.00  99999.00   8565.40  10445.20   -958.29   -272.73  -1019.55   -412.95       0    1033    1035     763
71082  01  12   200  99999.00  99999.00   9884.65  11889.01   -999.02   -235.70  -1146.40   -354.88       0    1031    1032     739
71082  01  12   150  99999.00  99999.00  11476.94  13849.10  -1029.46   -235.06  -1222.10   -363.26       0    1028    1026     693
71082  01  12   100  99999.00  99999.00  13564.28  16752.44  -1146.50   -174.50  -1251.05   -422.93       0     917     918     617
71082  01  12    80  99999.00  99999.00  99999.00  99999.00  99999.00  99999.00  99999.00  99999.00       0       0      31      27
71082  01  12    70  99999.00  99999.00  15331.77  19421.25  -1249.33    -94.33  -1162.36   -587.44       0     714     718     496
71082  01  12    60  99999.00  99999.00  99999.00  99999.00  99999.00  99999.00  99999.00  99999.00       0       0      35      25
71082  01  12    50  99999.00  99999.00  16927.63  22099.39  -1331.62      9.74  -1259.07   -503.43       0     522     527     393
71082  01  12    40  99999.00  99999.00  99999.00  99999.00  99999.00  99999.00  99999.00  99999.00       0       0      24      18
71082  01  12    30  99999.00  99999.00  19342.75  26297.71  -1377.38    132.94  -1327.13   -417.17       0     345     356     277
71082  01  12    20  99999.00  99999.00  21597.82  29415.10  -1321.09    169.43  -1347.36   -355.08       0     268     275     219
71082  01  12    15  99999.00  99999.00  99999.00  99999.00  99999.00  99999.00  99999.00  99999.00       0       0      60      53
71082  01  12    10  99999.00  99999.00  25285.58  34880.54  -1305.37    297.35  -1354.80   -279.84       0     186     195     163
71082  01  12     7  99999.00  99999.00  27906.18  37348.02  -1409.47    486.29  -1439.32   -140.80       0     124     147     129
71082  01  12     5  99999.00  99999.00  99999.00  99999.00  -1377.89    521.23  -1473.30    -78.90       0      45      80      77
71082  01  12     3  99999.00  99999.00  99999.00  99999.00  99999.00  99999.00  99999.00  99999.00       0       1       6       4
71082  01  12     2  99999.00  99999.00  99999.00  99999.00  99999.00  99999.00  99999.00  99999.00       0       1       1       0
71082  01  12     1  99999.00  99999.00  99999.00  99999.00  99999.00  99999.00  99999.00  99999.00       0       0       2       1
71082  02  12  9999    939.01   1074.01  99999.00  99999.00   -670.65     28.59    -41.77    117.71     906       0     906     827
71082  02  12  1000  99999.00  99999.00   -204.15    499.89   -638.42     35.86   -670.52     -2.60       0     685     685     660
71082  02  12   925  99999.00  99999.00    216.60   1130.52   -620.51    101.89   -626.16     15.84       0     564     571     571
71082  02  12   900  99999.00  99999.00  99999.00  99999.00  99999.00  99999.00  99999.00  99999.00       0       0      32      32
71082  02  12   850  99999.00  99999.00    773.67   1794.87   -623.44    132.44   -629.88     35.28       0     961     961     958
71082  02  12   800  99999.00  99999.00  99999.00  99999.00  99999.00  99999.00  99999.00  99999.00       0       0      20      20
71082  02  12   700  99999.00  99999.00   2130.75   3261.27   -612.46     73.82   -729.06     37.62       0     962     960     957
71082  02  12   600  99999.00  99999.00  99999.00  99999.00  99999.00  99999.00  99999.00  99999.00       0       0       9       9
71082  02  12   500  99999.00  99999.00   4352.92   5763.88   -669.84   -143.76   -832.31   -137.99       0     960     961     882
71082  02  12   400  99999.00  99999.00   5743.90   7349.02   -715.39   -285.55   -864.91   -294.91       0     959     959     853
71082  02  12   300  99999.00  99999.00   7521.38   9253.46   -867.16   -297.52   -953.70   -403.74       0     950     951     791
71082  02  12   250  99999.00  99999.00   8647.58  10413.38  -1016.90   -175.10  -1091.53   -342.85       0     949     949     739
71082  02  12   200  99999.00  99999.00   9964.52  11888.84  -1079.75   -109.91  -1192.50   -302.58       0     941     941     716
71082  02  12   150  99999.00  99999.00  11511.19  13939.39  -1121.85    -85.65  -1263.82   -291.46       0     928     930     679
71082  02  12   100  99999.00  99999.00  13506.30  17002.62  -1231.18    -12.94  -1288.87   -342.31       0     874     876     596
71082  02  12    80  99999.00  99999.00  99999.00  99999.00  99999.00  99999.00  99999.00  99999.00       0       0      30      27
71082  02  12    70  99999.00  99999.00  15269.48  19803.20  -1267.73     41.23  -1183.57   -521.53       0     700     702     460
71082  02  12    60  99999.00  99999.00  99999.00  99999.00  99999.00  99999.00  99999.00  99999.00       0       0      31      23
71082  02  12    50  99999.00  99999.00  17095.26  22366.50  -1236.37     44.03  -1195.90   -523.06       0     572     575     388
71082  02  12    40  99999.00  99999.00  99999.00  99999.00  99999.00  99999.00  99999.00  99999.00       0       0      41      31
71082  02  12    30  99999.00  99999.00  20138.12  26042.24  -1198.07     58.45  -1270.89   -455.37       0     447     456     323
71082  02  12    20  99999.00  99999.00  22428.66  29007.18  -1214.89    102.11  -1309.72   -418.96       0     384     393     294
71082  02  12    15  99999.00  99999.00  99999.00  99999.00  -1111.34     50.38  99999.00  99999.00       0       0      65      54
71082  02  12    10  99999.00  99999.00  26509.56  33991.08  -1259.64    200.04  -1377.98   -318.62       0     279     291     246
71082  02  12     7  99999.00  99999.00  29169.55  36265.51  -1302.23    284.65  -1413.05   -244.25       0     178     205     192
71082  02  12     5  99999.00  99999.00  31708.06  38631.94  -1272.66    351.90  -1374.16   -218.44       0      82     135     131
71082  02  12     3  99999.00  99999.00  99999.00  99999.00  99999.00  99999.00  99999.00  99999.00       0       0      26      26
71082  02  12     2  99999.00  99999.00  99999.00  99999.00  99999.00  99999.00  99999.00  99999.00       0       0       0       0
71082  02  12     1  99999.00  99999.00  99999.00  99999.00  99999.00  99999.00  99999.00  99999.00       0       1       1       1
71082  03  12  9999    940.47   1078.83  99999.00  99999.00   -674.64     42.12    -47.22    122.82    1006       0    1000     935
71082  03  12  1000  99999.00  99999.00   -213.51    540.09   -662.98     84.02   -673.01     19.87       0     834     826     790
71082  03  12   925  99999.00  99999.00    209.68   1206.64   -611.30    117.70   -622.59     24.21       0     610     623     622
71082  03  12   900  99999.00  99999.00  99999.00  99999.00  99999.00  99999.00  99999.00  99999.00       0       0      25      24
71082  03  12   850  99999.00  99999.00    756.63   1866.27   -609.43    125.33   -635.74     36.02       0    1059    1061    1050
71082  03  12   800  99999.00  99999.00  99999.00  99999.00  99999.00  99999.00  99999.00  99999.00       0       0      23      23
71082  03  12   700  99999.00  99999.00   2075.47   3368.59   -597.21     48.75   -727.64     28.48       0    1060    1061    1052
71082  03  12   600  99999.00  99999.00  99999.00  99999.00  99999.00  99999.00  99999.00  99999.00       0       0      13      12
71082  03  12   500  99999.00  99999.00   4272.35   5886.95   -668.29   -151.93   -831.24   -142.08       0    1060    1059     983
71082  03  12   400  99999.00  99999.00   5662.11   7471.23   -710.63   -290.03   -855.41   -302.33       0    1060    1061     953
71082  03  12   300  99999.00  99999.00   7434.61   9389.77   -841.39   -296.59   -939.03   -404.07       0    1044    1047     920
71082  03  12   250  99999.00  99999.00   8562.77  10569.77   -948.67   -188.59  -1106.20   -307.48       0    1041    1045     899
71082  03  12   200  99999.00  99999.00   9892.77  12074.49   -973.78   -145.90  -1259.61   -216.21       0    1038    1038     880
71082  03  12   150  99999.00  99999.00  11498.29  14127.37  -1012.53   -118.17  -1352.05   -177.25       0    1026    1030     846
71082  03  12   100  99999.00  99999.00  13632.83  17128.19  -1092.40    -65.08  -1384.77   -219.09       0    1005    1009     736
71082  03  12    80  99999.00  99999.00  99999.00  99999.00  99999.00  99999.00  99999.00  99999.00       0       0      43      41
71082  03  12    70  99999.00  99999.00  15503.21  19783.49  -1134.70    -29.38  -1173.36   -539.88       0     968     971     569
71082  03  12    60  99999.00  99999.00  99999.00  99999.00  99999.00  99999.00  99999.00  99999.00       0       0      39      32
71082  03  12    50  99999.00  99999.00  17283.56  22279.40  -1147.48    -14.92  -1162.31   -571.79       0     932     933     548
71082  03  12    40  99999.00  99999.00  99999.00  99999.00  -1058.99    -52.91  99999.00  99999.00       0       0     107      40
71082  03  12    30  99999.00  99999.00  19921.13  26113.25  -1141.68     -5.28  -1222.93   -520.33       0     896     898     537
71082  03  12    20  99999.00  99999.00  22109.30  29097.74  -1149.99     29.73  -1262.79   -475.23       0     843     850     518
71082  03  12    15  99999.00  99999.00  99999.00  99999.00  -1137.39     66.57  -1265.96   -427.76       0       0     161     110
71082  03  12    10  99999.00  99999.00  25956.93  34119.09  -1216.70    166.54  -1303.57   -391.57       0     689     711     465
71082  03  12     7  99999.00  99999.00  28040.02  36524.50  -1237.85    218.23  -1322.25   -349.53       0     500     556     395
71082  03  12     5  99999.00  99999.00  30151.80  38784.12  -1257.13    288.11  -1323.60   -309.72       0     250     371     295
71082  03  12     3  99999.00  99999.00  99999.00  99999.00  -1275.89    323.23  -1335.10   -262.18       0       0      87      83
71082  03  12     2  99999.00  99999.00  99999.00  99999.00  99999.00  99999.00  99999.00  99999.00       0       0       3       0
71082  03  12     1  99999.00  99999.00  99999.00  99999.00  99999.00  99999.00  99999.00  99999.00       0       0       0       0
71082  04  12  9999    952.10   1072.10  99999.00  99999.00   -618.85    138.95    -46.21    120.47     973       0     969     967
71082  04  12  1000  99999.00  99999.00   -173.60    513.88   -594.50    148.54   -613.83     90.93       0     883     883     881
71082  04  12   925  99999.00  99999.00    285.02   1178.66   -523.76    150.16   -540.17     59.11       0     603     612     611
71082  04  12   900  99999.00  99999.00  99999.00  99999.00  99999.00  99999.00  99999.00  99999.00       0       0      23      23
71082  04  12   850  99999.00  99999.00    875.75   1839.83   -525.50    138.34   -559.24     54.20       0    1035    1036    1028
71082  04  12   800  99999.00  99999.00  99999.00  99999.00  99999.00  99999.00  99999.00  99999.00       0       0      21      21
71082  04  12   700  99999.00  99999.00   2226.16   3358.48   -532.67     61.45   -658.14     30.66       0    1036    1036    1028
71082  04  12   600  99999.00  99999.00  99999.00  99999.00  99999.00  99999.00  99999.00  99999.00       0       0      13      13
71082  04  12   500  99999.00  99999.00   4449.20   5924.60   -623.25   -125.97   -783.29   -121.97       0    1035    1035     995
71082  04  12   400  99999.00  99999.00   5855.67   7535.43   -673.04   -266.48   -841.68   -260.04       0    1033    1033     941
71082  04  12   300  99999.00  99999.00   7681.58   9453.62   -800.11   -265.75   -982.02   -322.86       0    1023    1024     925
71082  04  12   250  99999.00  99999.00   8873.17  10615.45   -869.53   -163.57  -1187.01   -190.17       0    1023    1025     919
71082  04  12   200  99999.00  99999.00  10285.90  12112.90   -834.22   -160.30  -1339.09    -98.05       0    1015    1016     907
71082  04  12   150  99999.00  99999.00  12025.72  14141.44   -841.53   -148.65  -1406.14    -67.06       0    1008    1009     895
71082  04  12   100  99999.00  99999.00  14387.22  17085.66   -877.22   -123.02  -1424.23    -96.43       0     999    1003     813
71082  04  12    80  99999.00  99999.00  99999.00  99999.00  99999.00  99999.00  99999.00  99999.00       0       0      49      46
71082  04  12    70  99999.00  99999.00  16419.04  19717.48   -905.56   -101.92  -1128.62   -528.38       0     986     986     590
71082  04  12    60  99999.00  99999.00  99999.00  99999.00  99999.00  99999.00  99999.00  99999.00       0       0      35      33
71082  04  12    50  99999.00  99999.00  18290.52  22234.32   -928.49    -80.81  -1187.35   -470.95       0     970     979     591
71082  04  12    40  99999.00  99999.00  99999.00  99999.00   -882.50   -133.82  99999.00  99999.00       0       0      79      31
71082  04  12    30  99999.00  99999.00  21109.10  26080.46   -943.44    -64.32  -1192.98   -466.50       0     940     943     574
71082  04  12    20  99999.00  99999.00  23383.02  29092.38   -945.57    -47.97  -1188.82   -456.34       0     898     903     558
71082  04  12    15  99999.00  99999.00  99999.00  99999.00  -5354.78   4227.46  -1227.40   -412.48       0       0     143     108
71082  04  12    10  99999.00  99999.00  27329.58  34219.74   -919.86     -2.10  -1160.24   -426.80       0     758     780     523
71082  04  12     7  99999.00  99999.00  29382.03  36864.03   -894.09     35.79  -1122.97   -422.17       0     565     616     456
71082  04  12     5  99999.00  99999.00  31472.00  39034.40   -859.35     52.17  -1079.56   -426.64       0     266     427     343
71082  04  12     3  99999.00  99999.00  99999.00  99999.00   -831.27     69.21  -1049.82   -435.66       0       0      95      85
71082  04  12     2  99999.00  99999.00  99999.00  99999.00  99999.00  99999.00  99999.00  99999.00       0       0       1       0
71082  04  12     1  99999.00  99999.00  99999.00  99999.00  99999.00  99999.00  99999.00  99999.00       0       0       0       0
71082  05  12  9999    962.45   1060.25  99999.00  99999.00   -441.19    207.17    -64.15    118.01     975       0     974     974
71082  05  12  1000  99999.00  99999.00   -156.18    483.18   -432.23    202.45   -439.04    145.84       0     932     931     929
71082  05  12   925  99999.00  99999.00    376.29   1129.41   -416.10    200.82   -452.01    129.39       0     591     600     600
71082  05  12   900  99999.00  99999.00  99999.00  99999.00  99999.00  99999.00  99999.00  99999.00       0       0      19      19
71082  05  12   850  99999.00  99999.00    994.74   1805.46   -413.08    171.68   -489.83    113.29       0    1030    1028    1024
71082  05  12   800  99999.00  99999.00  99999.00  99999.00  99999.00  99999.00  99999.00  99999.00       0       0      17      17
71082  05  12   700  99999.00  99999.00   2391.24   3353.28   -428.31     80.13   -605.69     82.87       0    1029    1029    1024
71082  05  12   600  99999.00  99999.00  99999.00  99999.00  99999.00  99999.00  99999.00  99999.00       0       0      15      15
71082  05  12   500  99999.00  99999.00   4678.15   5971.51   -556.89    -80.73   -724.08    -84.36       0    1030    1029    1020
71082  05  12   400  99999.00  99999.00   6113.86   7622.98   -630.05   -215.09   -801.31   -211.39       0    1027    1028     946
71082  05  12   300  99999.00  99999.00   7949.69   9595.13   -719.22   -277.74   -950.70   -295.98       0    1019    1023     931
71082  05  12   250  99999.00  99999.00   9195.86  10744.46   -736.20   -209.28  -1187.62   -151.90       0    1017    1021     931
71082  05  12   200  99999.00  99999.00  10729.54  12185.02   -626.22   -267.42  -1328.17    -72.25       0    1012    1015     923
71082  05  12   150  99999.00  99999.00  12658.14  14109.90   -586.07   -308.75  -1346.35    -78.43       0    1003    1007     913
71082  05  12   100  99999.00  99999.00  15351.91  16834.39   -588.81   -321.57  -1324.46   -149.06       0     982     986     805
71082  05  12    80  99999.00  99999.00  99999.00  99999.00  99999.00  99999.00  99999.00  99999.00       0       1      43      40
71082  05  12    70  99999.00  99999.00  17694.33  19243.41   -599.93   -309.77  -1018.29   -573.33       0     968     971     579
71082  05  12    60  99999.00  99999.00  99999.00  99999.00  99999.00  99999.00  99999.00  99999.00       0       0      26      23
71082  05  12    50  99999.00  99999.00  19869.90  21559.02   -614.20   -289.60  -1006.18   -582.94       0     961     966     575
71082  05  12    40  99999.00  99999.00  99999.00  99999.00  99999.00  99999.00  99999.00  99999.00       0       0      55      20
71082  05  12    30  99999.00  99999.00  23143.22  25119.02   -631.76   -258.92  -1021.57   -555.97       0     940     949     570
71082  05  12    20  99999.00  99999.00  25698.32  28003.40   -637.75   -227.71  -1015.01   -542.57       0     907     914     562
71082  05  12    15  99999.00  99999.00  99999.00  99999.00   -657.89   -171.65  -1081.83   -448.83       0       0     132      88
71082  05  12    10  99999.00  99999.00  30067.64  33030.08   -592.15   -172.15  -1003.84   -483.88       0     754     775     523
71082  05  12     7  99999.00  99999.00  32415.39  35616.99   -565.20   -109.32   -950.42   -475.82       0     533     605     444
71082  05  12     5  99999.00  99999.00  34231.83  38345.07   -544.66    -47.62   -967.59   -396.63       0     155     368     289
71082  05  12     3  99999.00  99999.00  99999.00  99999.00  99999.00  99999.00  99999.00  99999.00       0       0      22      15
71082  05  12     2  99999.00  99999.00  99999.00  99999.00  99999.00  99999.00  99999.00  99999.00       0       0       2       1
71082  05  12     1  99999.00  99999.00  99999.00  99999.00  99999.00  99999.00  99999.00  99999.00       0       0       1       1
71082  06  12  9999    954.68   1057.52  99999.00  99999.00   -239.38    226.70    -99.01    146.27     924       0     924     922
71082  06  12  1000  99999.00  99999.00   -149.95    433.01   -270.42    245.94   -252.09    166.71       0     760     759     757
71082  06  12   925  99999.00  99999.00    351.58   1124.62   -293.66    266.98   -306.55    174.05       0     565     569     568
71082  06  12   900  99999.00  99999.00  99999.00  99999.00  99999.00  99999.00  99999.00  99999.00       0       0      19      19
71082  06  12   850  99999.00  99999.00    983.67   1827.87   -301.25    212.47   -405.12    195.72       0     996     995     993
71082  06  12   800  99999.00  99999.00  99999.00  99999.00  99999.00  99999.00  99999.00  99999.00       0       0      25      24
71082  06  12   700  99999.00  99999.00   2416.32   3414.84   -357.82    125.54   -569.20    169.04       0     996     994     992
71082  06  12   600  99999.00  99999.00  99999.00  99999.00  99999.00  99999.00  99999.00  99999.00       0       0      31      31
71082  06  12   500  99999.00  99999.00   4777.70   6069.62   -485.74    -44.50   -723.44      1.00       0     995     996     993
71082  06  12   400  99999.00  99999.00   6250.30   7748.50   -577.30   -173.62   -778.95   -148.23       0     993     992     969
71082  06  12   300  99999.00  99999.00   8125.28   9746.00   -680.90   -272.54   -886.62   -300.90       0     977     987     902
71082  06  12   250  99999.00  99999.00   9420.02  10862.30   -786.31   -134.59  -1103.11   -200.35       0     973     983     896
71082  06  12   200  99999.00  99999.00  11028.50  12248.90   -613.51   -240.07  -1288.33    -91.33       0     964     975     889
71082  06  12   150  99999.00  99999.00  13032.17  14129.69   -557.19   -302.67  -1310.51    -96.83       0     963     975     889
71082  06  12   100  99999.00  99999.00  15805.72  16814.44   -538.00   -333.16  -1289.94   -163.38       0     949     959     779
71082  06  12    80  99999.00  99999.00  99999.00  99999.00  99999.00  99999.00  99999.00  99999.00       0       0      34      33
71082  06  12    70  99999.00  99999.00  18207.31  19213.15   -523.85   -339.65  -1023.95   -535.55       0     912     921     547
71082  06  12    60  99999.00  99999.00  99999.00  99999.00  99999.00  99999.00  99999.00  99999.00       0       0      20      16
71082  06  12    50  99999.00  99999.00  20460.11  21499.91   -510.56   -339.32   -965.60   -591.44       0     907     920     537
71082  06  12    40  99999.00  99999.00  99999.00  99999.00  99999.00  99999.00  99999.00  99999.00       0       0      55      22
71082  06  12    30  99999.00  99999.00  23864.81  25011.89   -500.15   -330.23   -955.47   -589.23       0     889     901     535
71082  06  12    20  99999.00  99999.00  26585.30  27812.54   -490.65   -298.53   -949.95   -564.39       0     850     866     523
71082  06  12    15  99999.00  99999.00  99999.00  99999.00   -485.25   -260.97   -883.22   -613.22       0       0     114      65
71082  06  12    10  99999.00  99999.00  31273.41  32729.13   -437.83   -197.71   -888.14   -522.14       0     668     698     487
71082  06  12     7  99999.00  99999.00  33741.40  35350.36   -412.95   -117.15   -854.32   -480.28       0     425     526     400
71082  06  12     5  99999.00  99999.00  99999.00  99999.00   -395.07    -35.55   -794.43   -471.39       0      56     235     183
71082  06  12     3  99999.00  99999.00  99999.00  99999.00  99999.00  99999.00  99999.00  99999.00       0       0       3       1
71082  06  12     2  99999.00  99999.00  99999.00  99999.00  99999.00  99999.00  99999.00  99999.00       0       0       0       0
71082  06  12     1  99999.00  99999.00  99999.00  99999.00  99999.00  99999.00  99999.00  99999.00       0       0       0       0
71082  07  12  9999    955.62   1049.70  99999.00  99999.00   -185.54    251.86   -180.41    238.99     929       0     927     927
71082  07  12  1000  99999.00  99999.00   -125.60    370.60   -196.22    247.90   -119.68    115.04       0     666     664     656
71082  07  12   925  99999.00  99999.00    337.73   1108.97   -217.81    278.39   -194.69    147.91       0     620     626     626
71082  07  12   900  99999.00  99999.00  99999.00  99999.00  99999.00  99999.00  99999.00  99999.00       0       0      18      18
71082  07  12   850  99999.00  99999.00   1010.32   1787.80   -225.37    215.63   -295.17    174.75       0    1029    1027    1020
71082  07  12   800  99999.00  99999.00  99999.00  99999.00  99999.00  99999.00  99999.00  99999.00       0       0      19      19
71082  07  12   700  99999.00  99999.00   2484.83   3374.99   -299.08    136.88   -521.93    201.31       0    1030    1029    1026
71082  07  12   600  99999.00  99999.00  99999.00  99999.00  99999.00  99999.00  99999.00  99999.00       0       0      24      24
71082  07  12   500  99999.00  99999.00   4885.84   6057.28   -443.09    -21.77   -705.71     51.13       0    1026    1025    1020
71082  07  12   400  99999.00  99999.00   6382.06   7755.46   -545.35   -143.83   -756.59   -111.11       0    1027    1027    1017
71082  07  12   300  99999.00  99999.00   8255.53   9792.01   -645.15   -295.95   -818.63   -310.31       0    1023    1023     935
71082  07  12   250  99999.00  99999.00   9529.22  10924.10   -806.56   -137.68  -1009.86   -256.74       0    1025    1027     938
71082  07  12   200  99999.00  99999.00  11167.89  12270.93   -644.11   -210.19  -1246.39   -124.39       0    1020    1023     935
71082  07  12   150  99999.00  99999.00  13198.34  14129.66   -557.81   -293.45  -1282.72   -127.48       0    1021    1022     933
71082  07  12   100  99999.00  99999.00  16015.21  16782.37   -529.44   -329.88  -1266.47   -180.35       0    1013    1014     845
71082  07  12    80  99999.00  99999.00  99999.00  99999.00  99999.00  99999.00  99999.00  99999.00       0       0      39      36
71082  07  12    70  99999.00  99999.00  18458.22  19151.10   -509.81   -340.73  -1058.94   -480.06       0     952     953     618
71082  07  12    60  99999.00  99999.00  99999.00  99999.00  99999.00  99999.00  99999.00  99999.00       0       0      18      17
71082  07  12    50  99999.00  99999.00  20752.06  21407.50   -496.68   -345.48   -983.37   -562.17       0     940     947     600
71082  07  12    40  99999.00  99999.00  99999.00  99999.00   -513.72   -322.68  99999.00  99999.00       0       0      65      36
71082  07  12    30  99999.00  99999.00  24198.99  24882.75   -493.14   -332.10   -975.03   -560.07       0     919     924     591
71082  07  12    20  99999.00  99999.00  26930.12  27680.72   -478.64   -300.92   -970.03   -532.51       0     883     891     579
71082  07  12    15  99999.00  99999.00  99999.00  99999.00   -508.41   -230.73  -1124.74   -315.58       0       0      97      74
71082  07  12    10  99999.00  99999.00  31671.05  32588.45   -421.35   -199.47   -882.30   -514.62       0     734     757     542
71082  07  12     7  99999.00  99999.00  34146.92  35197.76   -400.48   -116.32   -846.58   -476.98       0     440     555     438
71082  07  12     5  99999.00  99999.00  36371.71  37858.99   -419.54     -6.50   -941.03   -303.83       0      86     249     199
71082  07  12     3  99999.00  99999.00  99999.00  99999.00  99999.00  99999.00  99999.00  99999.00       0       0       6       4
71082  07  12     2  99999.00  99999.00  99999.00  99999.00  99999.00  99999.00  99999.00  99999.00       0       0       1       0
71082  07  12     1  99999.00  99999.00  99999.00  99999.00  99999.00  99999.00  99999.00  99999.00       0       0       0       0
71082  08  12  9999    956.35   1047.91  99999.00  99999.00   -235.68    253.56   -124.96    174.68     959       0     959     959
71082  08  12  1000  99999.00  99999.00   -116.17    357.11   -234.54    243.78   -188.76    144.72       0     638     639     636
71082  08  12   925  99999.00  99999.00    337.75   1087.63   -262.69    265.55   -274.96    185.12       0     632     638     637
71082  08  12   900  99999.00  99999.00  99999.00  99999.00  99999.00  99999.00  99999.00  99999.00       0       0      22      22
71082  08  12   850  99999.00  99999.00    999.31   1765.75   -271.50    214.74   -360.75    194.25       0    1051    1051    1046
71082  08  12   800  99999.00  99999.00  99999.00  99999.00  99999.00  99999.00  99999.00  99999.00       0       0      20      20
71082  08  12   700  99999.00  99999.00   2448.10   3354.10   -348.88    146.96   -546.17    186.79       0    1049    1049    1045
71082  08  12   600  99999.00  99999.00  99999.00  99999.00  99999.00  99999.00  99999.00  99999.00       0       0      25      23
71082  08  12   500  99999.00  99999.00   4799.77   6046.21   -492.75    -11.07   -707.92     26.48       0    1049    1049    1045
71082  08  12   400  99999.00  99999.00   6264.38   7751.66   -586.59   -139.23   -767.58   -131.82       0    1045    1044    1019
71082  08  12   300  99999.00  99999.00   8097.50   9797.42   -667.15   -309.07   -814.68   -336.60       0    1044    1041     950
71082  08  12   250  99999.00  99999.00   9336.38  10943.78   -831.72   -155.28   -972.74   -300.74       0    1042    1042     951
71082  08  12   200  99999.00  99999.00  10941.18  12299.10   -669.85   -219.73  -1230.57   -158.01       0    1035    1032     940
71082  08  12   150  99999.00  99999.00  12930.31  14170.27   -587.02   -296.74  -1280.20   -153.04       0    1036    1037     942
71082  08  12   100  99999.00  99999.00  15678.18  16858.38   -560.76   -328.68  -1269.16   -201.16       0    1016    1019     851
71082  08  12    80  99999.00  99999.00  99999.00  99999.00  99999.00  99999.00  99999.00  99999.00       0       0      40      38
71082  08  12    70  99999.00  99999.00  18059.01  19253.13   -556.25   -335.33  -1054.44   -517.32       0     991     991     619
71082  08  12    60  99999.00  99999.00  99999.00  99999.00  99999.00  99999.00  99999.00  99999.00       0       0      23      22
71082  08  12    50  99999.00  99999.00  20263.99  21552.55   -559.45   -336.13  -1027.65   -553.05       0     985     985     610
71082  08  12    40  99999.00  99999.00  99999.00  99999.00  99999.00  99999.00  99999.00  99999.00       0       0      59      27
71082  08  12    30  99999.00  99999.00  23581.08  25066.80   -569.61   -322.29  -1009.89   -568.77       0     956     962     602
71082  08  12    20  99999.00  99999.00  26180.13  27908.97   -578.03   -285.23   -992.31   -569.91       0     917     922     586
71082  08  12    15  99999.00  99999.00  99999.00  99999.00   -601.00   -241.12  -1153.82   -347.78       0       0     129      86
71082  08  12    10  99999.00  99999.00  30623.73  32894.73   -569.09   -177.29   -956.13   -525.69       0     764     788     555
71082  08  12     7  99999.00  99999.00  32882.27  35578.31   -563.09    -97.97   -962.38   -461.74       0     519     605     481
71082  08  12     5  99999.00  99999.00  35033.57  38077.49   -541.20    -39.72   -919.78   -445.18       0     188     360     304
71082  08  12     3  99999.00  99999.00  99999.00  99999.00  99999.00  99999.00  99999.00  99999.00       0       0      26      25
71082  08  12     2  99999.00  99999.00  99999.00  99999.00  99999.00  99999.00  99999.00  99999.00       0       1       1       1
71082  08  12     1  99999.00  99999.00  99999.00  99999.00  99999.00  99999.00  99999.00  99999.00       0       1       1       1
71082  09  12  9999    955.24   1052.92  99999.00  99999.00   -396.89    233.71    -83.32    127.16     930       0     930     930
71082  09  12  1000  99999.00  99999.00   -131.86    389.06   -370.75    213.41   -386.95    175.01       0     688     688     687
71082  09  12   925  99999.00  99999.00    348.16   1055.68   -336.16    189.68   -390.07    159.41       0     590     599     599
71082  09  12   900  99999.00  99999.00  99999.00  99999.00  99999.00  99999.00  99999.00  99999.00       0       0      18      18
71082  09  12   850  99999.00  99999.00    977.21   1744.61   -373.52    185.92   -440.29    155.51       0     999     999     997
71082  09  12   800  99999.00  99999.00  99999.00  99999.00  99999.00  99999.00  99999.00  99999.00       0       0      13      13
71082  09  12   700  99999.00  99999.00   2402.19   3289.71   -424.28    112.84   -551.38    109.10       0     999     999     997
71082  09  12   600  99999.00  99999.00  99999.00  99999.00  99999.00  99999.00  99999.00  99999.00       0       0      13      13
71082  09  12   500  99999.00  99999.00   4706.80   5923.36   -557.30    -48.02   -713.86    -45.58       0     998     997     988
71082  09  12   400  99999.00  99999.00   6141.82   7594.54   -628.16   -187.40   -768.55   -199.15       0     994     993     924
71082  09  12   300  99999.00  99999.00   7952.13   9598.29   -705.94   -331.06   -799.67   -398.99       0     990     989     899
71082  09  12   250  99999.00  99999.00   9171.47  10738.91   -819.41   -203.57   -994.14   -301.86       0     989     989     899
71082  09  12   200  99999.00  99999.00  10709.03  12133.43   -680.55   -264.87  -1239.01   -154.21       0     982     983     893
71082  09  12   150  99999.00  99999.00  12634.42  14018.50   -614.06   -329.90  -1289.73   -156.09       0     979     979     885
71082  09  12   100  99999.00  99999.00  15285.37  16720.45   -618.10   -351.34  -1305.51   -197.79       0     970     969     805
71082  09  12    80  99999.00  99999.00  99999.00  99999.00  99999.00  99999.00  99999.00  99999.00       0       0      33      30
71082  09  12    70  99999.00  99999.00  17568.71  19118.75   -648.16   -351.88  -1197.76   -416.20       0     947     948     604
71082  09  12    60  99999.00  99999.00  99999.00  99999.00  99999.00  99999.00  99999.00  99999.00       0       0      21      21
71082  09  12    50  99999.00  99999.00  19655.26  21413.86   -689.11   -341.23  -1137.77   -517.97       0     938     939     570
71082  09  12    40  99999.00  99999.00  99999.00  99999.00   -715.94   -333.74  99999.00  99999.00       0       0      63      29
71082  09  12    30  99999.00  99999.00  22722.04  24955.12   -743.66   -313.82  -1147.96   -528.04       0     918     922     565
71082  09  12    20  99999.00  99999.00  25081.21  27824.05   -770.59   -285.67  -1146.21   -525.21       0     887     891     560
71082  09  12    15  99999.00  99999.00  99999.00  99999.00   -774.03   -266.67  -1092.45   -566.97       0       0     107      68
71082  09  12    10  99999.00  99999.00  29127.69  32754.33   -789.71   -207.59  -1114.94   -511.82       0     752     780     528
71082  09  12     7  99999.00  99999.00  31169.49  35360.61   -793.70   -153.62  -1107.14   -492.26       0     550     601     444
71082  09  12     5  99999.00  99999.00  33060.51  37814.19   -784.87   -107.59  -1075.33   -486.85       0     302     454     376
71082  09  12     3  99999.00  99999.00  99999.00  99999.00   -768.96    -38.40  -1036.92   -472.08       0       0     147     141
71082  09  12     2  99999.00  99999.00  99999.00  99999.00  99999.00  99999.00  99999.00  99999.00       0       0       1       0
71082  09  12     1  99999.00  99999.00  99999.00  99999.00  99999.00  99999.00  99999.00  99999.00       0       0       0       0
71082  10  12  9999    953.85   1060.89  99999.00  99999.00   -539.30    180.70    -68.23    124.97     986       0     984     984
71082  10  12  1000  99999.00  99999.00   -167.07    454.05   -517.07    187.33   -518.90    123.94       0     830     829     826
71082  10  12   925  99999.00  99999.00    294.75   1132.95   -455.72    156.04   -490.52    106.00       0     617     622     621
71082  10  12   900  99999.00  99999.00  99999.00  99999.00  99999.00  99999.00  99999.00  99999.00       0       0      24      24
71082  10  12   850  99999.00  99999.00    900.62   1790.66   -493.46    162.22   -535.81    111.59       0    1041    1041    1038
71082  10  12   800  99999.00  99999.00  99999.00  99999.00  99999.00  99999.00  99999.00  99999.00       0       0      15      15
71082  10  12   700  99999.00  99999.00   2265.24   3318.60   -523.40     86.80   -649.23     85.05       0    1041    1041    1038
71082  10  12   600  99999.00  99999.00  99999.00  99999.00  99999.00  99999.00  99999.00  99999.00       0       0      20      20
71082  10  12   500  99999.00  99999.00   4483.34   5923.58   -638.24    -77.12   -770.77    -83.05       0    1040    1040    1022
71082  10  12   400  99999.00  99999.00   5872.91   7572.35   -698.27   -213.83   -811.27   -237.43       0    1036    1037     953
71082  10  12   300  99999.00  99999.00   7638.67   9551.71   -748.79   -348.23   -823.93   -422.17       0    1028    1030     939
71082  10  12   250  99999.00  99999.00   8825.70  10696.62   -806.30   -268.34  -1031.44   -289.72       0    1025    1029     935
71082  10  12   200  99999.00  99999.00  10325.51  12083.27   -729.19   -298.75  -1244.62   -163.30       0    1026    1028     928
71082  10  12   150  99999.00  99999.00  12209.05  13934.65   -688.49   -350.93  -1317.59   -161.15       0    1019    1022     921
71082  10  12   100  99999.00  99999.00  14779.05  16594.17   -713.63   -374.03  -1336.23   -231.63       0    1004    1007     818
71082  10  12    80  99999.00  99999.00  99999.00  99999.00  99999.00  99999.00  99999.00  99999.00       0       0      26      23
71082  10  12    70  99999.00  99999.00  16963.37  18954.77   -757.35   -390.75  -1198.39   -505.39       0     983     986     608
71082  10  12    60  99999.00  99999.00  99999.00  99999.00  99999.00  99999.00  99999.00  99999.00       0       0      35      30
71082  10  12    50  99999.00  99999.00  18954.46  21191.14   -804.07   -401.71  -1197.02   -555.14       0     958     961     596
71082  10  12    40  99999.00  99999.00  99999.00  99999.00   -847.37   -396.89  99999.00  99999.00       0       0      67      31
71082  10  12    30  99999.00  99999.00  21911.07  24564.99   -852.55   -419.23  -1230.70   -570.82       0     890     895     576
71082  10  12    20  99999.00  99999.00  24243.35  27215.99   -875.25   -422.13  -1246.80   -571.44       0     816     827     554
71082  10  12    15  99999.00  99999.00  99999.00  99999.00   -915.78   -391.38  -1356.73   -455.65       0       0     113      81
71082  10  12    10  99999.00  99999.00  28200.21  31779.57   -897.18   -388.14  -1270.36   -528.64       0     618     647     504
71082  10  12     7  99999.00  99999.00  30587.71  33930.07   -875.93   -370.97  -1240.58   -530.78       0     422     500     413
71082  10  12     5  99999.00  99999.00  32982.39  35892.99   -828.37   -360.49  -1183.79   -539.63       0     199     317     273
71082  10  12     3  99999.00  99999.00  99999.00  99999.00   -769.86   -281.58  -1043.83   -607.27       0       0      89      85
71082  10  12     2  99999.00  99999.00  99999.00  99999.00  99999.00  99999.00  99999.00  99999.00       0       0       1       0
71082  10  12     1  99999.00  99999.00  99999.00  99999.00  99999.00  99999.00  99999.00  99999.00       0       0       0       0
71082  11  12  9999    945.53   1066.73  99999.00  99999.00   -593.46     92.34    -56.28    123.36     931       0     931     920
71082  11  12  1000  99999.00  99999.00   -158.31    443.13   -570.01     99.95   -566.07     28.05       0     745     742     738
71082  11  12   925  99999.00  99999.00    251.62   1118.86   -525.75    129.45   -528.09     29.31       0     592     597     596
71082  11  12   900  99999.00  99999.00  99999.00  99999.00  99999.00  99999.00  99999.00  99999.00       0       0      28      28
71082  11  12   850  99999.00  99999.00    844.38   1774.26   -528.36    113.40   -573.60     57.96       0    1001    1001     991
71082  11  12   800  99999.00  99999.00  99999.00  99999.00  99999.00  99999.00  99999.00  99999.00       0       0      20      20
71082  11  12   700  99999.00  99999.00   2208.80   3264.32   -542.98     50.54   -685.03     52.13       0    1001    1000     995
71082  11  12   600  99999.00  99999.00  99999.00  99999.00  99999.00  99999.00  99999.00  99999.00       0       0      17      17
71082  11  12   500  99999.00  99999.00   4441.17   5801.85   -651.80   -116.24   -797.68   -113.80       0    1002    1002     949
71082  11  12   400  99999.00  99999.00   5835.41   7412.21   -707.11   -252.07   -842.33   -262.25       0    1002    1002     910
71082  11  12   300  99999.00  99999.00   7607.65   9352.09   -773.47   -362.11   -866.34   -430.62       0     993     993     888
71082  11  12   250  99999.00  99999.00   8783.54  10480.46   -844.53   -296.73  -1023.95   -344.75       0     990     989     868
71082  11  12   200  99999.00  99999.00  10240.06  11859.58   -800.08   -314.92  -1196.66   -249.14       0     985     984     858
71082  11  12   150  99999.00  99999.00  12073.02  13683.78   -788.29   -345.49  -1282.76   -243.20       0     977     978     843
71082  11  12   100  99999.00  99999.00  14532.68  16328.36   -842.79   -355.59  -1303.58   -330.98       0     956     956     720
71082  11  12    80  99999.00  99999.00  99999.00  99999.00  99999.00  99999.00  99999.00  99999.00       0       0      30      29
71082  11  12    70  99999.00  99999.00  16592.31  18696.39   -903.32   -364.64  -1146.40   -610.24       0     901     901     565
71082  11  12    60  99999.00  99999.00  99999.00  99999.00  99999.00  99999.00  99999.00  99999.00       0       0      30      19
71082  11  12    50  99999.00  99999.00  18457.24  20945.80   -960.66   -369.54  -1154.49   -647.13       0     830     833     557
71082  11  12    40  99999.00  99999.00  99999.00  99999.00  99999.00  99999.00  99999.00  99999.00       0       0      49      28
71082  11  12    30  99999.00  99999.00  21293.19  24333.15  -1015.38   -372.78  -1177.45   -675.61       0     634     645     477
71082  11  12    20  99999.00  99999.00  23546.46  27054.18  -1025.08   -377.32  -1186.38   -685.62       0     441     454     379
71082  11  12    15  99999.00  99999.00  99999.00  99999.00  99999.00  99999.00  99999.00  99999.00       0       0      56      51
71082  11  12    10  99999.00  99999.00  27469.62  31704.78   -992.99   -397.31  -1193.40   -691.20       0     218     252     231
71082  11  12     7  99999.00  99999.00  29777.11  34094.83   -974.68   -374.56  -1214.83   -657.55       0      72     127     119
71082  11  12     5  99999.00  99999.00  99999.00  99999.00  99999.00  99999.00  99999.00  99999.00       0       5      27      27
71082  11  12     3  99999.00  99999.00  99999.00  99999.00  99999.00  99999.00  99999.00  99999.00       0       0       0       0
71082  11  12     2  99999.00  99999.00  99999.00  99999.00  99999.00  99999.00  99999.00  99999.00       0       0       0       0
71082  11  12     1  99999.00  99999.00  99999.00  99999.00  99999.00  99999.00  99999.00  99999.00       0       0       0       0
71082  12  12  9999    938.54   1071.74  99999.00  99999.00   -637.85     62.47    -68.91    139.89     913       0     910     891
71082  12  12  1000  99999.00  99999.00   -189.59    477.13   -622.45     77.63   -632.43     21.57       0     652     652     636
71082  12  12   925  99999.00  99999.00    203.20   1130.92   -569.46     96.90   -565.36      3.20       0     558     567     566
71082  12  12   900  99999.00  99999.00  99999.00  99999.00  99999.00  99999.00  99999.00  99999.00       0       0      28      28
71082  12  12   850  99999.00  99999.00    775.72   1795.12   -571.09    115.55   -582.77     24.67       0     983     983     977
71082  12  12   800  99999.00  99999.00  99999.00  99999.00  99999.00  99999.00  99999.00  99999.00       0       0      21      21
71082  12  12   700  99999.00  99999.00   2142.56   3265.40   -566.28     46.08   -689.54     14.98       0     985     985     979
71082  12  12   600  99999.00  99999.00  99999.00  99999.00  99999.00  99999.00  99999.00  99999.00       0       0      16      15
71082  12  12   500  99999.00  99999.00   4381.47   5768.31   -652.61   -144.17   -806.44   -147.88       0     985     984     924
71082  12  12   400  99999.00  99999.00   5783.17   7353.61   -711.03   -276.99   -846.66   -293.58       0     981     981     885
71082  12  12   300  99999.00  99999.00   7545.23   9275.51   -801.76   -372.52   -867.13   -459.85       0     978     977     831
71082  12  12   250  99999.00  99999.00   8669.58  10430.58   -898.93   -306.37   -974.93   -417.41       0     976     976     785
71082  12  12   200  99999.00  99999.00  10025.41  11858.89   -915.26   -282.98  -1129.05   -334.53       0     971     972     764
71082  12  12   150  99999.00  99999.00  11696.94  13771.50   -930.14   -297.02  -1240.88   -310.16       0     970     970     715
71082  12  12   100  99999.00  99999.00  13924.71  16540.11  -1011.65   -289.97  -1297.29   -357.69       0     935     934     622
71082  12  12    80  99999.00  99999.00  99999.00  99999.00  99999.00  99999.00  99999.00  99999.00       0       0      23      19
71082  12  12    70  99999.00  99999.00  15858.54  18983.46  -1080.61   -282.25  -1135.33   -628.93       0     761     767     497
71082  12  12    60  99999.00  99999.00  99999.00  99999.00  99999.00  99999.00  99999.00  99999.00       0       0      23      17
71082  12  12    50  99999.00  99999.00  17639.87  21346.79  -1163.68   -234.52  -1208.00   -596.96       0     591     599     429
71082  12  12    40  99999.00  99999.00  99999.00  99999.00  99999.00  99999.00  99999.00  99999.00       0       0      28      23
71082  12  12    30  99999.00  99999.00  20308.24  25026.88  -1282.35   -117.27  -1362.94   -458.62       0     320     340     265
71082  12  12    20  99999.00  99999.00  22328.01  28178.73  -1348.80     -5.64  -1386.54   -423.54       0     199     214     162
71082  12  12    15  99999.00  99999.00  99999.00  99999.00  99999.00  99999.00  99999.00  99999.00       0       0      35      31
71082  12  12    10  99999.00  99999.00  25674.62  33635.18  -1540.52    341.56  -1539.02   -171.98       0     100     107      88
71082  12  12     7  99999.00  99999.00  99999.00  99999.00  -1552.32    586.32  99999.00  99999.00       0      58      63      57
71082  12  12     5  99999.00  99999.00  99999.00  99999.00  99999.00  99999.00  99999.00  99999.00       0      24      42      42
71082  12  12     3  99999.00  99999.00  99999.00  99999.00  99999.00  99999.00  99999.00  99999.00       0       0       7       7
71082  12  12     2  99999.00  99999.00  99999.00  99999.00  99999.00  99999.00  99999.00  99999.00       0       0       0       0
71082  12  12     1  99999.00  99999.00  99999.00  99999.00  99999.00  99999.00  99999.00  99999.00       0       0       0       0
