40745  01  12  9999    876.33    932.13  99999.00  99999.00   -267.37    407.27   -272.00    478.60     247       0     247     246
40745  01  12  1000  99999.00  99999.00  99999.00  99999.00  99999.00  99999.00  99999.00  99999.00       0       0       0       0
40745  01  12   925  99999.00  99999.00  99999.00  99999.00  99999.00  99999.00  99999.00  99999.00       0       0       0       0
40745  01  12   900  99999.00  99999.00  99999.00  99999.00  99999.00  99999.00  99999.00  99999.00       0       9      15      15
40745  01  12   850  99999.00  99999.00   1264.23   1726.59   -297.98    351.82   -427.06    278.30       0     297     300     297
40745  01  12   800  99999.00  99999.00  99999.00  99999.00  99999.00  99999.00  99999.00  99999.00       0       0      10      10
40745  01  12   700  99999.00  99999.00   2798.23   3283.51   -297.21    177.03   -839.26    466.70       0     300     303     299
40745  01  12   600  99999.00  99999.00  99999.00  99999.00  99999.00  99999.00  99999.00  99999.00       0       0       7       7
40745  01  12   500  99999.00  99999.00   5192.87   5994.71   -444.55     -7.39  -1038.39    276.93       0     298     301     299
40745  01  12   400  99999.00  99999.00   6687.39   7702.71   -549.82   -139.54  -1130.35    136.13       0     293     297     286
40745  01  12   300  99999.00  99999.00   8524.41   9763.17   -674.00   -289.64  -1159.37   -116.09       0     293     296     144
40745  01  12   250  99999.00  99999.00   9688.66  10967.62   -758.99   -322.07  -1162.67   -260.99       0     291     294     121
40745  01  12   200  99999.00  99999.00  11151.06  12349.98   -854.23   -271.39  -1208.88   -353.64       0     287     289      87
40745  01  12   150  99999.00  99999.00  13033.58  14128.94   -787.81   -341.89  -1256.26   -434.74       0     285     288      68
40745  01  12   100  99999.00  99999.00  15601.06  16656.34   -814.19   -397.19  99999.00  99999.00       0     270     277      52
40745  01  12    80  99999.00  99999.00  99999.00  99999.00  99999.00  99999.00  99999.00  99999.00       0       0      15       0
40745  01  12    70  99999.00  99999.00  17697.67  18985.27   -883.56   -351.96  99999.00  99999.00       0     156     156       0
40745  01  12    60  99999.00  99999.00  99999.00  99999.00  99999.00  99999.00  99999.00  99999.00       0       0      17       0
40745  01  12    50  99999.00  99999.00  19677.17  21168.53   -899.93   -307.97  99999.00  99999.00       0     144     148       0
40745  01  12    40  99999.00  99999.00  99999.00  99999.00  99999.00  99999.00  99999.00  99999.00       0       0      25       0
40745  01  12    30  99999.00  99999.00  22968.04  24199.48   -869.89   -277.21  99999.00  99999.00       0     109     116       0
40745  01  12    20  99999.00  99999.00  25285.56  27033.36   -851.76   -216.00  99999.00  99999.00       0      92      95       1
40745  01  12    15  99999.00  99999.00  99999.00  99999.00  99999.00  99999.00  99999.00  99999.00       0       0      36       1
40745  01  12    10  99999.00  99999.00  99999.00  99999.00   -831.98    -68.78  99999.00  99999.00       0      47      61      14
40745  01  12     7  99999.00  99999.00  99999.00  99999.00  99999.00  99999.00  99999.00  99999.00       0       0      16       9
40745  01  12     5  99999.00  99999.00  99999.00  99999.00  99999.00  99999.00  99999.00  99999.00       0       0       1       1
40745  01  12     3  99999.00  99999.00  99999.00  99999.00  99999.00  99999.00  99999.00  99999.00       0       0       0       0
40745  01  12     2  99999.00  99999.00  99999.00  99999.00  99999.00  99999.00  99999.00  99999.00       0       0       0       0
40745  01  12     1  99999.00  99999.00  99999.00  99999.00  99999.00  99999.00  99999.00  99999.00       0       0       0       0
40745  02  12  9999    869.20    936.16  99999.00  99999.00   -278.51    466.09   -268.55    508.21     201       0     201     201
40745  02  12  1000  99999.00  99999.00  99999.00  99999.00  99999.00  99999.00  99999.00  99999.00       0       0       0       0
40745  02  12   925  99999.00  99999.00  99999.00  99999.00  99999.00  99999.00  99999.00  99999.00       0       0       0       0
40745  02  12   900  99999.00  99999.00  99999.00  99999.00  99999.00  99999.00  99999.00  99999.00       0       7      13      13
40745  02  12   850  99999.00  99999.00   1230.95   1742.15   -334.93    417.11   -398.77    288.95       0     256     258     252
40745  02  12   800  99999.00  99999.00  99999.00  99999.00  99999.00  99999.00  99999.00  99999.00       0       0      10      10
40745  02  12   700  99999.00  99999.00   2796.07   3278.71   -337.78    225.50   -793.46    464.14       0     253     255     253
40745  02  12   600  99999.00  99999.00  99999.00  99999.00  99999.00  99999.00  99999.00  99999.00       0       0       3       3
40745  02  12   500  99999.00  99999.00   5189.26   6001.30   -465.38     20.98  -1038.92    290.32       0     252     254     253
40745  02  12   400  99999.00  99999.00   6664.60   7729.60   -563.83   -116.83  -1060.79     90.61       0     248     249     237
40745  02  12   300  99999.00  99999.00   8494.19   9810.47   -660.78   -292.74  -1094.80   -157.84       0     249     250     111
40745  02  12   250  99999.00  99999.00   9651.63  11025.27   -750.63   -325.47  -1115.32   -286.60       0     245     245      84
40745  02  12   200  99999.00  99999.00  11128.23  12398.19   -877.15   -233.59  -1157.01   -408.57       0     246     246      68
40745  02  12   150  99999.00  99999.00  13011.09  14178.09   -789.01   -336.97  99999.00  99999.00       0     244     244      59
40745  02  12   100  99999.00  99999.00  15576.44  16707.44   -823.44   -401.40  99999.00  99999.00       0     237     246      56
40745  02  12    80  99999.00  99999.00  99999.00  99999.00  99999.00  99999.00  99999.00  99999.00       0       0       9       0
40745  02  12    70  99999.00  99999.00  17713.34  18990.98   -891.47   -370.31  99999.00  99999.00       0     139     140       0
40745  02  12    60  99999.00  99999.00  99999.00  99999.00  99999.00  99999.00  99999.00  99999.00       0       0      21       0
40745  02  12    50  99999.00  99999.00  19760.51  21050.03   -924.42   -311.46  99999.00  99999.00       0     129     136       0
40745  02  12    40  99999.00  99999.00  99999.00  99999.00  99999.00  99999.00  99999.00  99999.00       0       0      25       1
40745  02  12    30  99999.00  99999.00  22870.96  24238.96  -5805.60   4478.40  99999.00  99999.00       0     115     121       0
40745  02  12    20  99999.00  99999.00  25249.84  27005.20   -783.59   -298.19  99999.00  99999.00       0     105     111       0
40745  02  12    15  99999.00  99999.00  99999.00  99999.00  99999.00  99999.00  99999.00  99999.00       0       0      39       1
40745  02  12    10  99999.00  99999.00  99999.00  99999.00   -758.26    -60.58  99999.00  99999.00       0      59      71      33
40745  02  12     7  99999.00  99999.00  99999.00  99999.00  99999.00  99999.00  99999.00  99999.00       0       0       8       6
40745  02  12     5  99999.00  99999.00  99999.00  99999.00  99999.00  99999.00  99999.00  99999.00       0       0       0       0
40745  02  12     3  99999.00  99999.00  99999.00  99999.00  99999.00  99999.00  99999.00  99999.00       0       0       0       0
40745  02  12     2  99999.00  99999.00  99999.00  99999.00  99999.00  99999.00  99999.00  99999.00       0       0       0       0
40745  02  12     1  99999.00  99999.00  99999.00  99999.00  99999.00  99999.00  99999.00  99999.00       0       0       0       0
40745  03  12  9999    871.01    932.69  99999.00  99999.00   -275.29    555.83   -382.41    649.23     233       0     233     231
40745  03  12  1000  99999.00  99999.00  99999.00  99999.00  99999.00  99999.00  99999.00  99999.00       0       0       0       0
40745  03  12   925  99999.00  99999.00  99999.00  99999.00  99999.00  99999.00  99999.00  99999.00       0       0       0       0
40745  03  12   900  99999.00  99999.00  99999.00  99999.00  99999.00  99999.00  99999.00  99999.00       0      19      28      28
40745  03  12   850  99999.00  99999.00   1238.87   1733.63   -303.40    478.76   -315.44    272.32       0     297     297     295
40745  03  12   800  99999.00  99999.00  99999.00  99999.00  99999.00  99999.00  99999.00  99999.00       0       0       7       7
40745  03  12   700  99999.00  99999.00   2785.49   3338.33   -307.47    270.69   -642.69    403.83       0     293     293     288
40745  03  12   600  99999.00  99999.00  99999.00  99999.00  99999.00  99999.00  99999.00  99999.00       0       0       2       2
40745  03  12   500  99999.00  99999.00   5178.82   6122.62   -449.88     60.24  -1027.52    335.44       0     292     290     289
40745  03  12   400  99999.00  99999.00   6657.81   7885.41   -557.14    -73.30  -1021.63    108.65       0     286     286     277
40745  03  12   300  99999.00  99999.00   8475.96  10014.96   -669.19   -249.79  -1103.05   -107.65       0     284     283     142
40745  03  12   250  99999.00  99999.00   9633.28  11248.36   -760.41   -289.89  -1089.19   -272.47       0     280     281     107
40745  03  12   200  99999.00  99999.00  11086.36  12647.56   -883.90   -234.94  -1070.65   -430.57       0     280     281      76
40745  03  12   150  99999.00  99999.00  12982.26  14410.62   -800.59   -328.27  -1245.08   -362.24       0     275     277      61
40745  03  12   100  99999.00  99999.00  15592.69  16890.25   -847.27   -377.35  99999.00  99999.00       0     266     276      56
40745  03  12    80  99999.00  99999.00  99999.00  99999.00  99999.00  99999.00  99999.00  99999.00       0       0      13       0
40745  03  12    70  99999.00  99999.00  17881.86  19018.86   -881.00   -377.60  99999.00  99999.00       0     165     165       0
40745  03  12    60  99999.00  99999.00  99999.00  99999.00  99999.00  99999.00  99999.00  99999.00       0       0      32       0
40745  03  12    50  99999.00  99999.00  19810.81  21242.89   -871.92   -350.40  99999.00  99999.00       0     162     162       0
40745  03  12    40  99999.00  99999.00  99999.00  99999.00  99999.00  99999.00  99999.00  99999.00       0       0      32       0
40745  03  12    30  99999.00  99999.00  23219.71  24151.87   -743.56   -379.84  99999.00  99999.00       0     133     134       0
40745  03  12    20  99999.00  99999.00  25721.78  26861.06   -727.91   -288.71  99999.00  99999.00       0     127     127       2
40745  03  12    15  99999.00  99999.00  99999.00  99999.00  99999.00  99999.00  99999.00  99999.00       0       0      41       1
40745  03  12    10  99999.00  99999.00  30055.58  31764.14   -705.71    -97.67  99999.00  99999.00       0      69      87      44
40745  03  12     7  99999.00  99999.00  99999.00  99999.00  99999.00  99999.00  99999.00  99999.00       0       0      13       7
40745  03  12     5  99999.00  99999.00  99999.00  99999.00  99999.00  99999.00  99999.00  99999.00       0       0       0       0
40745  03  12     3  99999.00  99999.00  99999.00  99999.00  99999.00  99999.00  99999.00  99999.00       0       0       0       0
40745  03  12     2  99999.00  99999.00  99999.00  99999.00  99999.00  99999.00  99999.00  99999.00       0       0       0       0
40745  03  12     1  99999.00  99999.00  99999.00  99999.00  99999.00  99999.00  99999.00  99999.00       0       0       0       0
40745  04  12  9999    875.98    926.50  99999.00  99999.00   -141.64    560.60   -353.87    700.93     217       0     217     215
40745  04  12  1000  99999.00  99999.00  99999.00  99999.00  99999.00  99999.00  99999.00  99999.00       0       0       0       0
40745  04  12   925  99999.00  99999.00  99999.00  99999.00  99999.00  99999.00  99999.00  99999.00       0       0       0       0
40745  04  12   900  99999.00  99999.00  99999.00  99999.00  99999.00  99999.00  99999.00  99999.00       0      25      36      36
40745  04  12   850  99999.00  99999.00   1288.64   1695.56   -189.37    487.43   -316.42    325.94       0     308     306     304
40745  04  12   800  99999.00  99999.00  99999.00  99999.00  99999.00  99999.00  99999.00  99999.00       0       0       4       4
40745  04  12   700  99999.00  99999.00   2884.43   3311.03   -221.19    276.57   -498.83    342.13       0     308     312     309
40745  04  12   600  99999.00  99999.00  99999.00  99999.00  99999.00  99999.00  99999.00  99999.00       0       0       4       4
40745  04  12   500  99999.00  99999.00   5376.66   6073.14   -367.97     48.91   -987.27    345.69       0     304     308     304
40745  04  12   400  99999.00  99999.00   6916.84   7817.44   -477.98    -85.94  -1046.12    169.24       0     290     293     288
40745  04  12   300  99999.00  99999.00   8781.90   9947.10   -613.74   -261.06  -1044.17    -85.01       0     289     294     165
40745  04  12   250  99999.00  99999.00   9923.25  11207.25   -679.52   -365.72  -1028.57   -279.17       0     284     286     122
40745  04  12   200  99999.00  99999.00  11350.76  12628.52   -851.17   -296.65  -1026.83   -454.31       0     275     278      98
40745  04  12   150  99999.00  99999.00  13231.78  14383.66   -801.05   -342.29  -1235.31   -408.63       0     276     276      62
40745  04  12   100  99999.00  99999.00  15794.40  16898.52   -806.88   -419.88  99999.00  99999.00       0     268     276      59
40745  04  12    80  99999.00  99999.00  99999.00  99999.00  99999.00  99999.00  99999.00  99999.00       0       0      10       0
40745  04  12    70  99999.00  99999.00  17928.60  19176.36   -848.59   -413.59  99999.00  99999.00       0     153     153       0
40745  04  12    60  99999.00  99999.00  99999.00  99999.00  99999.00  99999.00  99999.00  99999.00       0       0      17       0
40745  04  12    50  99999.00  99999.00  19917.83  21340.31   -837.09   -373.89  99999.00  99999.00       0     150     150       0
40745  04  12    40  99999.00  99999.00  99999.00  99999.00  99999.00  99999.00  99999.00  99999.00       0       0      29       0
40745  04  12    30  99999.00  99999.00  23333.39  24274.55   -738.25   -373.21  99999.00  99999.00       0     126     126       0
40745  04  12    20  99999.00  99999.00  25812.28  27023.32   -718.74   -296.70  99999.00  99999.00       0     118     119       0
40745  04  12    15  99999.00  99999.00  99999.00  99999.00  99999.00  99999.00  99999.00  99999.00       0       0      30       0
40745  04  12    10  99999.00  99999.00  30190.28  31800.20   -620.16   -228.48  99999.00  99999.00       0      63      82      18
40745  04  12     7  99999.00  99999.00  99999.00  99999.00  99999.00  99999.00  99999.00  99999.00       0       0       6       4
40745  04  12     5  99999.00  99999.00  99999.00  99999.00  99999.00  99999.00  99999.00  99999.00       0       0       0       0
40745  04  12     3  99999.00  99999.00  99999.00  99999.00  99999.00  99999.00  99999.00  99999.00       0       0       0       0
40745  04  12     2  99999.00  99999.00  99999.00  99999.00  99999.00  99999.00  99999.00  99999.00       0       0       0       0
40745  04  12     1  99999.00  99999.00  99999.00  99999.00  99999.00  99999.00  99999.00  99999.00       0       0       0       0
40745  05  12  9999    878.07    922.11  99999.00  99999.00    -48.88    568.28   -337.64    758.08     230       0     230     229
40745  05  12  1000  99999.00  99999.00  99999.00  99999.00  99999.00  99999.00  99999.00  99999.00       0       0       0       0
40745  05  12   925  99999.00  99999.00  99999.00  99999.00  99999.00  99999.00  99999.00  99999.00       0       0       0       0
40745  05  12   900  99999.00  99999.00  99999.00  99999.00  99999.00  99999.00  99999.00  99999.00       0      29      37      37
40745  05  12   850  99999.00  99999.00   1306.09   1679.17    -74.85    481.47   -357.78    392.34       0     294     298     295
40745  05  12   800  99999.00  99999.00  99999.00  99999.00  99999.00  99999.00  99999.00  99999.00       0       0       1       1
40745  05  12   700  99999.00  99999.00   2924.62   3325.06   -142.66    282.86   -396.59    302.29       0     298     299     293
40745  05  12   600  99999.00  99999.00  99999.00  99999.00  99999.00  99999.00  99999.00  99999.00       0       0       5       4
40745  05  12   500  99999.00  99999.00   5489.33   6094.85   -257.68     16.64   -940.35    407.13       0     297     298     290
40745  05  12   400  99999.00  99999.00   7090.36   7828.48   -380.64   -102.24  -1029.41    210.19       0     294     295     285
40745  05  12   300  99999.00  99999.00   9018.96   9962.76   -561.45   -233.01  -1038.03    -78.39       0     290     293     234
40745  05  12   250  99999.00  99999.00  10173.39  11255.91   -704.58   -255.18  -1282.78    -68.26       0     288     290     165
40745  05  12   200  99999.00  99999.00  11538.99  12785.79   -826.76   -254.60  -1377.81   -182.49       0     285     286     123
40745  05  12   150  99999.00  99999.00  13335.63  14656.95   -787.49   -356.33  -1405.40   -325.76       0     283     284      96
40745  05  12   100  99999.00  99999.00  15954.90  17086.98   -846.07   -430.75  -1439.18   -452.78       0     278     289      84
40745  05  12    80  99999.00  99999.00  99999.00  99999.00  99999.00  99999.00  99999.00  99999.00       0       0      11       2
40745  05  12    70  99999.00  99999.00  18260.80  19142.20   -866.95   -453.79  99999.00  99999.00       0     147     147      28
40745  05  12    60  99999.00  99999.00  99999.00  99999.00  99999.00  99999.00  99999.00  99999.00       0       0      19       1
40745  05  12    50  99999.00  99999.00  20255.68  21267.88   -821.62   -408.58  99999.00  99999.00       0     146     146      28
40745  05  12    40  99999.00  99999.00  99999.00  99999.00  99999.00  99999.00  99999.00  99999.00       0       0      21       5
40745  05  12    30  99999.00  99999.00  23343.13  24618.73   -716.52   -354.96  99999.00  99999.00       0     140     140      26
40745  05  12    20  99999.00  99999.00  25834.22  27408.26   -645.49   -313.69  99999.00  99999.00       0     137     138      26
40745  05  12    15  99999.00  99999.00  99999.00  99999.00  99999.00  99999.00  99999.00  99999.00       0       0      37       5
40745  05  12    10  99999.00  99999.00  30117.63  32445.39   -581.19   -188.67  99999.00  99999.00       0      73      92      40
40745  05  12     7  99999.00  99999.00  99999.00  99999.00  99999.00  99999.00  99999.00  99999.00       0       0      22       8
40745  05  12     5  99999.00  99999.00  99999.00  99999.00  99999.00  99999.00  99999.00  99999.00       0       0       1       0
40745  05  12     3  99999.00  99999.00  99999.00  99999.00  99999.00  99999.00  99999.00  99999.00       0       0       0       0
40745  05  12     2  99999.00  99999.00  99999.00  99999.00  99999.00  99999.00  99999.00  99999.00       0       0       0       0
40745  05  12     1  99999.00  99999.00  99999.00  99999.00  99999.00  99999.00  99999.00  99999.00       0       0       0       0
40745  06  12  9999    879.21    917.01  99999.00  99999.00     91.91    553.55   -196.06    787.58     234       0     233     231
40745  06  12  1000  99999.00  99999.00  99999.00  99999.00  99999.00  99999.00  99999.00  99999.00       0       0       0       0
40745  06  12   925  99999.00  99999.00  99999.00  99999.00  99999.00  99999.00  99999.00  99999.00       0       0       0       0
40745  06  12   900  99999.00  99999.00  99999.00  99999.00  99999.00  99999.00  99999.00  99999.00       0      28      37      37
40745  06  12   850  99999.00  99999.00   1320.75   1644.03     52.95    459.87   -345.24    351.36       0     299     299     294
40745  06  12   800  99999.00  99999.00  99999.00  99999.00  99999.00  99999.00  99999.00  99999.00       0       0       3       3
40745  06  12   700  99999.00  99999.00   2978.93   3301.97    -74.75    286.45   -404.51    312.01       0     297     296     291
40745  06  12   600  99999.00  99999.00  99999.00  99999.00  99999.00  99999.00  99999.00  99999.00       0       0       7       7
40745  06  12   500  99999.00  99999.00   5618.89   6067.69   -235.12     67.76  -1107.84    484.68       0     292     294     284
40745  06  12   400  99999.00  99999.00   7233.04   7842.40   -409.84     23.36  -1103.57    176.95       0     285     284     261
40745  06  12   300  99999.00  99999.00   9134.81  10106.09   -636.54    -13.50  -1019.60   -181.52       0     286     287     235
40745  06  12   250  99999.00  99999.00  10268.54  11501.42   -715.35    -87.51  -1047.67   -305.23       0     279     279     171
40745  06  12   200  99999.00  99999.00  11644.43  13117.79   -677.54   -282.98  -1343.22   -242.82       0     279     280     116
40745  06  12   150  99999.00  99999.00  13463.76  15020.16   -741.53   -408.65  -1452.38   -332.90       0     276     277      94
40745  06  12   100  99999.00  99999.00  16143.67  17312.47   -928.27   -440.23  -1433.17   -529.09       0     269     284      91
40745  06  12    80  99999.00  99999.00  99999.00  99999.00  99999.00  99999.00  99999.00  99999.00       0       0      14       4
40745  06  12    70  99999.00  99999.00  18425.12  19321.64   -913.00   -476.32  99999.00  99999.00       0     145     146      30
40745  06  12    60  99999.00  99999.00  99999.00  99999.00  99999.00  99999.00  99999.00  99999.00       0       0      20       5
40745  06  12    50  99999.00  99999.00  20418.69  21414.21   -744.43   -495.55  99999.00  99999.00       0     141     139      29
40745  06  12    40  99999.00  99999.00  99999.00  99999.00  99999.00  99999.00  99999.00  99999.00       0       0      14       2
40745  06  12    30  99999.00  99999.00  23702.11  24571.27   -630.00   -431.04  99999.00  99999.00       0     133     134      29
40745  06  12    20  99999.00  99999.00  26282.79  27273.99   -583.53   -372.33  99999.00  99999.00       0     118     123      27
40745  06  12    15  99999.00  99999.00  99999.00  99999.00  99999.00  99999.00  99999.00  99999.00       0       0      25       5
40745  06  12    10  99999.00  99999.00  99999.00  99999.00   -488.79   -285.15  99999.00  99999.00       0      56      65      23
40745  06  12     7  99999.00  99999.00  99999.00  99999.00  99999.00  99999.00  99999.00  99999.00       0       0      16       1
40745  06  12     5  99999.00  99999.00  99999.00  99999.00  99999.00  99999.00  99999.00  99999.00       0       0       1       0
40745  06  12     3  99999.00  99999.00  99999.00  99999.00  99999.00  99999.00  99999.00  99999.00       0       0       0       0
40745  06  12     2  99999.00  99999.00  99999.00  99999.00  99999.00  99999.00  99999.00  99999.00       0       0       0       0
40745  06  12     1  99999.00  99999.00  99999.00  99999.00  99999.00  99999.00  99999.00  99999.00       0       0       0       0
40745  07  12  9999    882.04    911.68  99999.00  99999.00    172.83    517.71    -78.71    722.41     230       0     229     228
40745  07  12  1000  99999.00  99999.00  99999.00  99999.00  99999.00  99999.00  99999.00  99999.00       0       0       0       0
40745  07  12   925  99999.00  99999.00  99999.00  99999.00  99999.00  99999.00  99999.00  99999.00       0       0       0       0
40745  07  12   900  99999.00  99999.00  99999.00  99999.00  99999.00  99999.00  99999.00  99999.00       0      34      43      43
40745  07  12   850  99999.00  99999.00   1337.29   1615.93    126.10    422.62   -260.98    277.34       0     304     302     301
40745  07  12   800  99999.00  99999.00  99999.00  99999.00  99999.00  99999.00  99999.00  99999.00       0       0       2       2
40745  07  12   700  99999.00  99999.00   3002.33   3284.69    -33.15    274.89   -339.53    268.99       0     305     307     302
40745  07  12   600  99999.00  99999.00  99999.00  99999.00  99999.00  99999.00  99999.00  99999.00       0       0       3       3
40745  07  12   500  99999.00  99999.00   5667.68   6075.80   -208.24    115.40  -1097.21    482.71       0     304     306     270
40745  07  12   400  99999.00  99999.00   7313.95   7875.55   -336.41     47.35  -1147.43    218.41       0     297     298     264
40745  07  12   300  99999.00  99999.00   9355.26  10087.98   -395.50   -142.42  -1039.45   -172.33       0     297     300     246
40745  07  12   250  99999.00  99999.00  10624.85  11402.09   -449.50   -256.66  -1029.56   -323.84       0     291     292     216
40745  07  12   200  99999.00  99999.00  12127.48  12937.00   -539.45   -377.33  -1326.11   -258.71       0     286     288     122
40745  07  12   150  99999.00  99999.00  13987.26  14798.22   -672.89   -494.57  -1380.92   -367.52       0     285     285     121
40745  07  12   100  99999.00  99999.00  16492.23  17222.43   -857.65   -569.77  -1464.24   -461.04       0     281     289     118
40745  07  12    80  99999.00  99999.00  99999.00  99999.00  99999.00  99999.00  99999.00  99999.00       0       0      12       2
40745  07  12    70  99999.00  99999.00  18668.61  19264.89   -842.53   -561.73  99999.00  99999.00       0     166     168      31
40745  07  12    60  99999.00  99999.00  99999.00  99999.00  99999.00  99999.00  99999.00  99999.00       0       0      28       3
40745  07  12    50  99999.00  99999.00  20709.84  21304.32   -724.86   -510.18  99999.00  99999.00       0     161     163      30
40745  07  12    40  99999.00  99999.00  99999.00  99999.00  99999.00  99999.00  99999.00  99999.00       0       0      19       1
40745  07  12    30  99999.00  99999.00  23903.95  24569.59   -623.59   -441.67  99999.00  99999.00       0     158     160      28
40745  07  12    20  99999.00  99999.00  26488.06  27271.66   -577.65   -378.21  99999.00  99999.00       0     145     152      27
40745  07  12    15  99999.00  99999.00  99999.00  99999.00  99999.00  99999.00  99999.00  99999.00       0       0      36       4
40745  07  12    10  99999.00  99999.00  99999.00  99999.00   -516.67   -271.75  99999.00  99999.00       0      54      66      16
40745  07  12     7  99999.00  99999.00  99999.00  99999.00  99999.00  99999.00  99999.00  99999.00       0       0       9       0
40745  07  12     5  99999.00  99999.00  99999.00  99999.00  99999.00  99999.00  99999.00  99999.00       0       0       0       0
40745  07  12     3  99999.00  99999.00  99999.00  99999.00  99999.00  99999.00  99999.00  99999.00       0       0       0       0
40745  07  12     2  99999.00  99999.00  99999.00  99999.00  99999.00  99999.00  99999.00  99999.00       0       0       0       0
40745  07  12     1  99999.00  99999.00  99999.00  99999.00  99999.00  99999.00  99999.00  99999.00       0       0       0       0
40745  08  12  9999    882.40    914.80  99999.00  99999.00    140.91    524.19   -207.03    847.17     227       0     227     226
40745  08  12  1000  99999.00  99999.00  99999.00  99999.00  99999.00  99999.00  99999.00  99999.00       0       0       0       0
40745  08  12   925  99999.00  99999.00  99999.00  99999.00  99999.00  99999.00  99999.00  99999.00       0       0       0       0
40745  08  12   900  99999.00  99999.00  99999.00  99999.00    152.16    491.64   -448.72    477.92       0      48      63      63
40745  08  12   850  99999.00  99999.00   1364.56   1618.24     86.42    434.90   -342.84    349.32       0     304     303     301
40745  08  12   800  99999.00  99999.00  99999.00  99999.00  99999.00  99999.00  99999.00  99999.00       0       0       2       2
40745  08  12   700  99999.00  99999.00   3034.75   3268.87    -59.65    286.91   -536.15    426.49       0     302     304     301
40745  08  12   600  99999.00  99999.00  99999.00  99999.00  99999.00  99999.00  99999.00  99999.00       0       0       8       7
40745  08  12   500  99999.00  99999.00   5686.96   6060.16   -207.46     93.86  -1105.55    476.17       0     303     304     290
40745  08  12   400  99999.00  99999.00   7330.12   7847.44   -346.42     32.18  -1049.37     91.95       0     295     297     290
40745  08  12   300  99999.00  99999.00   9331.04  10074.08   -462.84   -105.24  -1030.53   -189.93       0     297     299     277
40745  08  12   250  99999.00  99999.00  10499.70  11473.74   -511.04   -221.36  -1041.91   -318.07       0     296     297     232
40745  08  12   200  99999.00  99999.00  11983.31  13015.31   -568.57   -365.29  -1132.05   -372.33       0     291     291     109
40745  08  12   150  99999.00  99999.00  13819.73  14888.57   -703.53   -472.53  -1191.96   -483.96       0     289     290     104
40745  08  12   100  99999.00  99999.00  16301.71  17335.51   -882.67   -520.75  -1254.42   -600.90       0     288     303      82
40745  08  12    80  99999.00  99999.00  99999.00  99999.00  99999.00  99999.00  99999.00  99999.00       0       0      22       0
40745  08  12    70  99999.00  99999.00  18409.34  19507.58   -886.07   -465.95  99999.00  99999.00       0     175     175       1
40745  08  12    60  99999.00  99999.00  99999.00  99999.00  99999.00  99999.00  99999.00  99999.00       0       0      30       0
40745  08  12    50  99999.00  99999.00  20500.84  21503.08   -802.06   -394.18  99999.00  99999.00       0     158     169       0
40745  08  12    40  99999.00  99999.00  99999.00  99999.00  99999.00  99999.00  99999.00  99999.00       0       0      26       0
40745  08  12    30  99999.00  99999.00  23880.36  24572.28   -612.90   -444.54  99999.00  99999.00       0     144     144       0
40745  08  12    20  99999.00  99999.00  26470.41  27277.41   -579.51   -371.43  99999.00  99999.00       0     133     134       0
40745  08  12    15  99999.00  99999.00  99999.00  99999.00  99999.00  99999.00  99999.00  99999.00       0       0      33       0
40745  08  12    10  99999.00  99999.00  99999.00  99999.00  99999.00  99999.00  99999.00  99999.00       0      20      42      11
40745  08  12     7  99999.00  99999.00  99999.00  99999.00  99999.00  99999.00  99999.00  99999.00       0       0       3       2
40745  08  12     5  99999.00  99999.00  99999.00  99999.00  99999.00  99999.00  99999.00  99999.00       0       0       0       0
40745  08  12     3  99999.00  99999.00  99999.00  99999.00  99999.00  99999.00  99999.00  99999.00       0       0       0       0
40745  08  12     2  99999.00  99999.00  99999.00  99999.00  99999.00  99999.00  99999.00  99999.00       0       0       0       0
40745  08  12     1  99999.00  99999.00  99999.00  99999.00  99999.00  99999.00  99999.00  99999.00       0       0       0       0
40745  09  12  9999    881.22    921.42  99999.00  99999.00     63.09    515.37   -223.24    813.44     201       0     201     201
40745  09  12  1000  99999.00  99999.00  99999.00  99999.00  99999.00  99999.00  99999.00  99999.00       0       0       0       0
40745  09  12   925  99999.00  99999.00  99999.00  99999.00  99999.00  99999.00  99999.00  99999.00       0       0       0       0
40745  09  12   900  99999.00  99999.00  99999.00  99999.00  99999.00  99999.00  99999.00  99999.00       0      33      47      47
40745  09  12   850  99999.00  99999.00   1355.78   1659.26     -3.69    455.31   -344.75    319.45       0     269     270     267
40745  09  12   800  99999.00  99999.00  99999.00  99999.00  99999.00  99999.00  99999.00  99999.00       0       0       2       2
40745  09  12   700  99999.00  99999.00   3028.12   3273.40   -101.82    284.94   -589.49    422.35       0     271     271     267
40745  09  12   600  99999.00  99999.00  99999.00  99999.00  99999.00  99999.00  99999.00  99999.00       0       0       4       4
40745  09  12   500  99999.00  99999.00   5630.57   6058.01   -266.22     95.10  -1094.10    374.34       0     268     270     267
40745  09  12   400  99999.00  99999.00   7217.11   7859.83   -420.05     26.23  -1022.54     93.22       0     262     263     256
40745  09  12   300  99999.00  99999.00   9131.56  10098.28   -598.88    -67.28  -1007.72   -193.52       0     264     263     246
40745  09  12   250  99999.00  99999.00  10275.67  11471.83   -657.05   -163.49  -1010.72   -342.20       0     261     259     170
40745  09  12   200  99999.00  99999.00  11656.76  13069.28   -668.47   -321.07  -1071.18   -433.86       0     258     259     120
40745  09  12   150  99999.00  99999.00  13462.05  14944.65   -735.71   -458.75  -1141.79   -535.19       0     254     253     113
40745  09  12   100  99999.00  99999.00  15981.04  17367.16   -922.35   -444.51  -1150.17   -710.97       0     251     262      75
40745  09  12    80  99999.00  99999.00  99999.00  99999.00  99999.00  99999.00  99999.00  99999.00       0       0      27       1
40745  09  12    70  99999.00  99999.00  18079.28  19606.16   -878.52   -417.24  99999.00  99999.00       0     147     148       2
40745  09  12    60  99999.00  99999.00  99999.00  99999.00  99999.00  99999.00  99999.00  99999.00       0       0      22       0
40745  09  12    50  99999.00  99999.00  20030.84  21821.48  -5315.59   4011.65  99999.00  99999.00       0     146     147       1
40745  09  12    40  99999.00  99999.00  99999.00  99999.00  99999.00  99999.00  99999.00  99999.00       0       0      18       0
40745  09  12    30  99999.00  99999.00  23597.74  24605.50   -626.04   -438.36  99999.00  99999.00       0     117     117       1
40745  09  12    20  99999.00  99999.00  26171.81  27305.33   -592.40   -385.76  99999.00  99999.00       0     105     106       1
40745  09  12    15  99999.00  99999.00  99999.00  99999.00  99999.00  99999.00  99999.00  99999.00       0       0      22       0
40745  09  12    10  99999.00  99999.00  99999.00  99999.00  99999.00  99999.00  99999.00  99999.00       0      41      58       4
40745  09  12     7  99999.00  99999.00  99999.00  99999.00  99999.00  99999.00  99999.00  99999.00       0       0       9       0
40745  09  12     5  99999.00  99999.00  99999.00  99999.00  99999.00  99999.00  99999.00  99999.00       0       0       0       0
40745  09  12     3  99999.00  99999.00  99999.00  99999.00  99999.00  99999.00  99999.00  99999.00       0       0       0       0
40745  09  12     2  99999.00  99999.00  99999.00  99999.00  99999.00  99999.00  99999.00  99999.00       0       0       0       0
40745  09  12     1  99999.00  99999.00  99999.00  99999.00  99999.00  99999.00  99999.00  99999.00       0       0       0       0
40745  10  12  9999    882.22    928.18  99999.00  99999.00   -110.69    555.55   -270.99    728.13     223       0     223     223
40745  10  12  1000  99999.00  99999.00  99999.00  99999.00  99999.00  99999.00  99999.00  99999.00       0       0       0       0
40745  10  12   925  99999.00  99999.00  99999.00  99999.00  99999.00  99999.00  99999.00  99999.00       0       0       0       0
40745  10  12   900  99999.00  99999.00  99999.00  99999.00  99999.00  99999.00  99999.00  99999.00       0       7      17      17
40745  10  12   850  99999.00  99999.00   1355.43   1711.47   -171.07    484.85   -356.88    312.72       0     273     273     270
40745  10  12   800  99999.00  99999.00  99999.00  99999.00  99999.00  99999.00  99999.00  99999.00       0       0       4       4
40745  10  12   700  99999.00  99999.00   2981.18   3309.74   -194.35    281.81   -663.91    443.93       0     270     273     271
40745  10  12   600  99999.00  99999.00  99999.00  99999.00  99999.00  99999.00  99999.00  99999.00       0       0       6       6
40745  10  12   500  99999.00  99999.00   5492.66   6085.94   -320.28     43.32   -957.53    303.79       0     273     272     270
40745  10  12   400  99999.00  99999.00   7049.18   7845.86   -455.81    -60.29   -936.97     80.27       0     254     256     254
40745  10  12   300  99999.00  99999.00   8932.90   9996.94   -617.30   -201.98   -952.21   -191.29       0     262     258     181
40745  10  12   250  99999.00  99999.00  10053.17  11317.85   -724.84   -250.00   -988.88   -305.48       0     247     248     131
40745  10  12   200  99999.00  99999.00  11393.56  12866.68   -796.07   -301.43  -1052.87   -407.51       0     247     248     107
40745  10  12   150  99999.00  99999.00  13136.20  14758.72   -764.97   -425.49  -1201.27   -445.39       0     248     248      86
40745  10  12   100  99999.00  99999.00  15666.16  17236.84   -826.72   -452.68  -1174.07   -632.75       0     247     255      70
40745  10  12    80  99999.00  99999.00  99999.00  99999.00  99999.00  99999.00  99999.00  99999.00       0       0      12       0
40745  10  12    70  99999.00  99999.00  17780.08  19552.48   -853.23   -412.95  99999.00  99999.00       0     148     149       1
40745  10  12    60  99999.00  99999.00  99999.00  99999.00  99999.00  99999.00  99999.00  99999.00       0       0      25       0
40745  10  12    50  99999.00  99999.00  19717.53  21780.57   -861.52   -331.12  99999.00  99999.00       0     147     148       0
40745  10  12    40  99999.00  99999.00  99999.00  99999.00  99999.00  99999.00  99999.00  99999.00       0       0      28       0
40745  10  12    30  99999.00  99999.00  23410.38  24364.98   -687.97   -414.13  99999.00  99999.00       0     112     112       0
40745  10  12    20  99999.00  99999.00  25982.86  27026.86   -664.54   -345.94  99999.00  99999.00       0     105     107       0
40745  10  12    15  99999.00  99999.00  99999.00  99999.00  99999.00  99999.00  99999.00  99999.00       0       0      25       0
40745  10  12    10  99999.00  99999.00  99999.00  99999.00   -606.41   -265.97  99999.00  99999.00       0      54      67       1
40745  10  12     7  99999.00  99999.00  99999.00  99999.00  99999.00  99999.00  99999.00  99999.00       0       0      12       2
40745  10  12     5  99999.00  99999.00  99999.00  99999.00  99999.00  99999.00  99999.00  99999.00       0       0       2       0
40745  10  12     3  99999.00  99999.00  99999.00  99999.00  99999.00  99999.00  99999.00  99999.00       0       0       0       0
40745  10  12     2  99999.00  99999.00  99999.00  99999.00  99999.00  99999.00  99999.00  99999.00       0       0       0       0
40745  10  12     1  99999.00  99999.00  99999.00  99999.00  99999.00  99999.00  99999.00  99999.00       0       0       0       0
40745  11  12  9999    884.05    928.57  99999.00  99999.00   -199.36    478.52   -351.70    642.38     205       0     205     205
40745  11  12  1000  99999.00  99999.00  99999.00  99999.00  99999.00  99999.00  99999.00  99999.00       0       0       0       0
40745  11  12   925  99999.00  99999.00  99999.00  99999.00  99999.00  99999.00  99999.00  99999.00       0       0       0       0
40745  11  12   900  99999.00  99999.00  99999.00  99999.00  99999.00  99999.00  99999.00  99999.00       0       2      11      11
40745  11  12   850  99999.00  99999.00   1344.93   1713.57   -259.23    441.81   -380.00    302.56       0     238     239     238
40745  11  12   800  99999.00  99999.00  99999.00  99999.00  99999.00  99999.00  99999.00  99999.00       0       0       3       3
40745  11  12   700  99999.00  99999.00   2900.49   3322.89   -219.69    216.51   -802.69    521.03       0     238     239     236
40745  11  12   600  99999.00  99999.00  99999.00  99999.00  99999.00  99999.00  99999.00  99999.00       0       0       5       5
40745  11  12   500  99999.00  99999.00   5373.94   6065.98   -353.74      8.42   -961.65    295.23       0     238     240     237
40745  11  12   400  99999.00  99999.00   6903.71   7802.15   -488.31    -96.99  -1000.48    119.84       0     232     232     231
40745  11  12   300  99999.00  99999.00   8774.49   9912.09   -604.48   -278.92  -1036.01   -119.21       0     237     237     109
40745  11  12   250  99999.00  99999.00   9930.66  11160.42   -688.57   -348.85  -1031.05   -292.21       0     231     233      94
40745  11  12   200  99999.00  99999.00  11327.82  12616.26   -800.20   -340.00  -1108.23   -409.23       0     230     232      73
40745  11  12   150  99999.00  99999.00  13139.85  14425.05   -793.24   -395.80  99999.00  99999.00       0     229     229      58
40745  11  12   100  99999.00  99999.00  15669.67  16922.59   -830.85   -431.13  99999.00  99999.00       0     225     232      56
40745  11  12    80  99999.00  99999.00  99999.00  99999.00  99999.00  99999.00  99999.00  99999.00       0       0      10       0
40745  11  12    70  99999.00  99999.00  17822.77  19164.25   -850.90   -407.50  99999.00  99999.00       0     148     148       0
40745  11  12    60  99999.00  99999.00  99999.00  99999.00  99999.00  99999.00  99999.00  99999.00       0       0      20       0
40745  11  12    50  99999.00  99999.00  19804.92  21335.76   -839.01   -392.25  99999.00  99999.00       0     147     149       0
40745  11  12    40  99999.00  99999.00  99999.00  99999.00  99999.00  99999.00  99999.00  99999.00       0       0      28       0
40745  11  12    30  99999.00  99999.00  23254.60  24175.48   -729.25   -406.93  99999.00  99999.00       0     117     121       0
40745  11  12    20  99999.00  99999.00  25770.46  26859.82   -715.80   -324.24  99999.00  99999.00       0     107     108       0
40745  11  12    15  99999.00  99999.00  99999.00  99999.00  99999.00  99999.00  99999.00  99999.00       0       0      30       1
40745  11  12    10  99999.00  99999.00  99999.00  99999.00   -715.20   -188.04  99999.00  99999.00       0      52      77      11
40745  11  12     7  99999.00  99999.00  99999.00  99999.00  99999.00  99999.00  99999.00  99999.00       0       0       9       3
40745  11  12     5  99999.00  99999.00  99999.00  99999.00  99999.00  99999.00  99999.00  99999.00       0       0       0       0
40745  11  12     3  99999.00  99999.00  99999.00  99999.00  99999.00  99999.00  99999.00  99999.00       0       0       0       0
40745  11  12     2  99999.00  99999.00  99999.00  99999.00  99999.00  99999.00  99999.00  99999.00       0       0       0       0
40745  11  12     1  99999.00  99999.00  99999.00  99999.00  99999.00  99999.00  99999.00  99999.00       0       0       0       0
40745  12  12  9999    874.35    937.59  99999.00  99999.00   -252.04    417.68   -268.87    479.09     186       0     186     186
40745  12  12  1000  99999.00  99999.00  99999.00  99999.00  99999.00  99999.00  99999.00  99999.00       0       0       0       0
40745  12  12   925  99999.00  99999.00  99999.00  99999.00  99999.00  99999.00  99999.00  99999.00       0       0       0       0
40745  12  12   900  99999.00  99999.00  99999.00  99999.00  99999.00  99999.00  99999.00  99999.00       0       8      15      15
40745  12  12   850  99999.00  99999.00   1275.50   1749.98   -282.47    374.17   -396.92    271.36       0     236     237     235
40745  12  12   800  99999.00  99999.00  99999.00  99999.00  99999.00  99999.00  99999.00  99999.00       0       0       2       2
40745  12  12   700  99999.00  99999.00   2830.00   3309.52   -291.11    206.65   -773.08    431.48       0     239     242     239
40745  12  12   600  99999.00  99999.00  99999.00  99999.00  99999.00  99999.00  99999.00  99999.00       0       0       5       5
40745  12  12   500  99999.00  99999.00   5256.39   6028.71   -411.61     -2.53  -1074.78    319.86       0     239     239     239
40745  12  12   400  99999.00  99999.00   6762.13   7747.45   -509.26   -137.38  -1092.60    118.08       0     233     233     232
40745  12  12   300  99999.00  99999.00   8625.01   9819.13   -651.51   -278.55  -1054.16   -165.08       0     232     234     121
40745  12  12   250  99999.00  99999.00   9788.01  11042.73   -742.57   -320.05  -1053.98   -310.34       0     229     229     108
40745  12  12   200  99999.00  99999.00  11215.29  12456.81   -852.07   -283.15  -1106.52   -420.00       0     228     230      92
40745  12  12   150  99999.00  99999.00  13063.75  14246.95   -802.47   -353.19  -1137.38   -549.86       0     226     228      71
40745  12  12   100  99999.00  99999.00  15623.62  16757.74   -850.78   -374.50  -1203.21   -601.89       0     219     225      62
40745  12  12    80  99999.00  99999.00  99999.00  99999.00  99999.00  99999.00  99999.00  99999.00       0       0      11       0
40745  12  12    70  99999.00  99999.00  17703.41  19112.33   -873.89   -352.85  99999.00  99999.00       0     136     136       1
40745  12  12    60  99999.00  99999.00  99999.00  99999.00  99999.00  99999.00  99999.00  99999.00       0       0      20       0
40745  12  12    50  99999.00  99999.00  19635.18  21357.42   -914.59   -288.67  99999.00  99999.00       0     135     136       1
40745  12  12    40  99999.00  99999.00  99999.00  99999.00  99999.00  99999.00  99999.00  99999.00       0       0      25       0
40745  12  12    30  99999.00  99999.00  23114.92  24140.08   -834.95   -332.51  99999.00  99999.00       0     100     104       1
40745  12  12    20  99999.00  99999.00  25606.95  26796.51   -796.46   -291.38  99999.00  99999.00       0      81      80       0
40745  12  12    15  99999.00  99999.00  99999.00  99999.00  99999.00  99999.00  99999.00  99999.00       0       0      35       1
40745  12  12    10  99999.00  99999.00  99999.00  99999.00  99999.00  99999.00  99999.00  99999.00       0      42      52       4
40745  12  12     7  99999.00  99999.00  99999.00  99999.00  99999.00  99999.00  99999.00  99999.00       0       0       7       2
40745  12  12     5  99999.00  99999.00  99999.00  99999.00  99999.00  99999.00  99999.00  99999.00       0       0       0       0
40745  12  12     3  99999.00  99999.00  99999.00  99999.00  99999.00  99999.00  99999.00  99999.00       0       0       0       0
40745  12  12     2  99999.00  99999.00  99999.00  99999.00  99999.00  99999.00  99999.00  99999.00       0       0       0       0
40745  12  12     1  99999.00  99999.00  99999.00  99999.00  99999.00  99999.00  99999.00  99999.00       0       0       0       0
