78988  01  00  9999    997.67   1014.11  99999.00  99999.00    206.49    305.73    -39.46    113.30     337       0     334     277
78988  01  00  1000  99999.00  99999.00     37.06    175.78    199.66    303.70    132.64    312.40       0     340     338     282
78988  01  00   925  99999.00  99999.00  99999.00  99999.00  99999.00  99999.00  99999.00  99999.00       0       0       8       8
78988  01  00   900  99999.00  99999.00  99999.00  99999.00  99999.00  99999.00  99999.00  99999.00       0       3       5       2
78988  01  00   850  99999.00  99999.00   1448.49   1583.73     87.19    246.31   -114.51    331.05       0     341     339     279
78988  01  00   800  99999.00  99999.00  99999.00  99999.00  99999.00  99999.00  99999.00  99999.00       0       3      11       8
78988  01  00   700  99999.00  99999.00  -1174.27   7396.97    -14.04    200.52   -649.09    491.51       0     339     341     278
78988  01  00   600  99999.00  99999.00  99999.00  99999.00  99999.00  99999.00  99999.00  99999.00       0       5      11       6
78988  01  00   500  99999.00  99999.00   5751.75   5988.75   -151.72     42.92   -757.57    149.63       0     339     340     279
78988  01  00   400  99999.00  99999.00   7435.04   7738.16   -267.55    -65.59   -885.87     70.05       0     337     342     280
78988  01  00   300  99999.00  99999.00   9489.31   9877.87   -401.95   -240.91  -1087.11     30.93       0     337     336     276
78988  01  00   250  99999.00  99999.00  10724.07  11164.95   -506.15   -337.19  99999.00  99999.00       0     332     332      31
78988  01  00   200  99999.00  99999.00  12161.45  12672.17   -629.42   -444.86  99999.00  99999.00       0     329     333       1
78988  01  00   150  99999.00  99999.00  13918.47  14504.79   -754.75   -572.23  99999.00  99999.00       0     322     323       0
78988  01  00   100  99999.00  99999.00  16255.35  16915.11   -901.47   -685.47  99999.00  99999.00       0     270     274       0
78988  01  00    80  99999.00  99999.00  99999.00  99999.00  99999.00  99999.00  99999.00  99999.00       0       0      20       0
78988  01  00    70  99999.00  99999.00  18254.87  18959.27   -940.18   -593.38  99999.00  99999.00       0     164     165       0
78988  01  00    60  99999.00  99999.00  99999.00  99999.00  99999.00  99999.00  99999.00  99999.00       0       2       7       0
78988  01  00    50  99999.00  99999.00  20226.54  20969.70   -798.38   -520.58  99999.00  99999.00       0     146     147       0
78988  01  00    40  99999.00  99999.00  99999.00  99999.00  99999.00  99999.00  99999.00  99999.00       0       2      16       0
78988  01  00    30  99999.00  99999.00  23303.27  24216.35   -742.86   -423.78  99999.00  99999.00       0     134     136       0
78988  01  00    20  99999.00  99999.00  25804.21  26890.81   -686.79   -348.03  99999.00  99999.00       0     122     123       0
78988  01  00    15  99999.00  99999.00  99999.00  99999.00  99999.00  99999.00  99999.00  99999.00       0       4      18       0
78988  01  00    10  99999.00  99999.00  99999.00  99999.00   -590.90   -302.54  99999.00  99999.00       0      55      61       0
78988  01  00     7  99999.00  99999.00  99999.00  99999.00  99999.00  99999.00  99999.00  99999.00       0       7      10       0
78988  01  00     5  99999.00  99999.00  99999.00  99999.00  99999.00  99999.00  99999.00  99999.00       0       2       4       0
78988  01  00     3  99999.00  99999.00  99999.00  99999.00  99999.00  99999.00  99999.00  99999.00       0       1       1       0
78988  01  00     2  99999.00  99999.00  99999.00  99999.00  99999.00  99999.00  99999.00  99999.00       0       0       0       0
78988  01  00     1  99999.00  99999.00  99999.00  99999.00  99999.00  99999.00  99999.00  99999.00       0       0       0       0
78988  02  00  9999    994.61   1016.33  99999.00  99999.00    209.36    303.92    -42.77    114.55     315       0     313     262
78988  02  00  1000  99999.00  99999.00      7.85    197.45    201.12    303.00    134.59    311.11       0     322     323     268
78988  02  00   925  99999.00  99999.00  99999.00  99999.00  99999.00  99999.00  99999.00  99999.00       0       2       5       4
78988  02  00   900  99999.00  99999.00  99999.00  99999.00  99999.00  99999.00  99999.00  99999.00       0       0       5       5
78988  02  00   850  99999.00  99999.00   1432.75   1592.59     64.32    277.92   -175.70    381.34       0     322     321     266
78988  02  00   800  99999.00  99999.00  99999.00  99999.00  99999.00  99999.00  99999.00  99999.00       0       1       7       6
78988  02  00   700  99999.00  99999.00   3067.60   3228.52    -16.60    204.08   -615.20    456.04       0     323     325     267
78988  02  00   600  99999.00  99999.00  99999.00  99999.00  99999.00  99999.00  99999.00  99999.00       0       1       4       3
78988  02  00   500  99999.00  99999.00   5743.22   5988.38   -156.06     48.90   -744.17    134.23       0     321     326     272
78988  02  00   400  99999.00  99999.00   7423.19   7742.75   -264.58    -66.34   -894.64     89.36       0     315     321     266
78988  02  00   300  99999.00  99999.00   9472.37   9889.61   -410.64   -233.40  -1080.14     59.62       0     314     317     262
78988  02  00   250  99999.00  99999.00  10701.13  11181.25   -510.42   -330.78  99999.00  99999.00       0     311     311      39
78988  02  00   200  99999.00  99999.00  12144.71  12684.35   -628.03   -445.51  99999.00  99999.00       0     302     304       1
78988  02  00   150  99999.00  99999.00  13892.23  14527.39   -769.40   -560.36  99999.00  99999.00       0     295     303       0
78988  02  00   100  99999.00  99999.00  16238.32  16920.16   -898.51   -687.07  99999.00  99999.00       0     247     257       2
78988  02  00    80  99999.00  99999.00  99999.00  99999.00  99999.00  99999.00  99999.00  99999.00       0       2      11       0
78988  02  00    70  99999.00  99999.00  18262.09  18933.73   -920.18   -618.14  99999.00  99999.00       0     161     166       0
78988  02  00    60  99999.00  99999.00  99999.00  99999.00  99999.00  99999.00  99999.00  99999.00       0       2       9       0
78988  02  00    50  99999.00  99999.00  20233.69  20934.01   -809.66   -527.30  99999.00  99999.00       0     147     148       0
78988  02  00    40  99999.00  99999.00  99999.00  99999.00  99999.00  99999.00  99999.00  99999.00       0       1      17       0
78988  02  00    30  99999.00  99999.00  23300.26  24167.14   -729.24   -456.00  99999.00  99999.00       0     135     135       0
78988  02  00    20  99999.00  99999.00  25790.49  26827.53   -657.36   -392.28  99999.00  99999.00       0     120     123       1
78988  02  00    15  99999.00  99999.00  99999.00  99999.00  99999.00  99999.00  99999.00  99999.00       0       3      24       0
78988  02  00    10  99999.00  99999.00  99999.00  99999.00  99999.00  99999.00  99999.00  99999.00       0      50      55       0
78988  02  00     7  99999.00  99999.00  99999.00  99999.00  99999.00  99999.00  99999.00  99999.00       0       4      10       0
78988  02  00     5  99999.00  99999.00  99999.00  99999.00  99999.00  99999.00  99999.00  99999.00       0       0       0       0
78988  02  00     3  99999.00  99999.00  99999.00  99999.00  99999.00  99999.00  99999.00  99999.00       0       0       0       0
78988  02  00     2  99999.00  99999.00  99999.00  99999.00  99999.00  99999.00  99999.00  99999.00       0       0       0       0
78988  02  00     1  99999.00  99999.00  99999.00  99999.00  99999.00  99999.00  99999.00  99999.00       0       0       0       0
78988  03  00  9999    994.80   1015.56  99999.00  99999.00    214.54    304.30    -34.64    112.72     339       0     338     279
78988  03  00  1000  99999.00  99999.00     11.31    189.15    205.88    302.84    131.24    316.76       0     351     349     286
78988  03  00   925  99999.00  99999.00  99999.00  99999.00  99999.00  99999.00  99999.00  99999.00       0       3      11       8
78988  03  00   900  99999.00  99999.00  99999.00  99999.00  99999.00  99999.00  99999.00  99999.00       0       1      11      10
78988  03  00   850  99999.00  99999.00   1439.13   1584.09     52.33    301.33   -170.48    366.76       0     349     351     287
78988  03  00   800  99999.00  99999.00  99999.00  99999.00  99999.00  99999.00  99999.00  99999.00       0       2       7       5
78988  03  00   700  99999.00  99999.00   3074.01   3224.01     -9.11    205.21   -659.34    484.98       0     348     350     288
78988  03  00   600  99999.00  99999.00  99999.00  99999.00  99999.00  99999.00  99999.00  99999.00       0       2       6       4
78988  03  00   500  99999.00  99999.00   5746.44   5999.04   -126.98     26.26   -710.48     88.00       0     349     353     292
78988  03  00   400  99999.00  99999.00   7437.40   7743.76   -251.94    -76.86   -852.66     19.62       0     347     353     290
78988  03  00   300  99999.00  99999.00   9491.20   9890.08   -403.47   -231.03  -1082.57     30.91       0     340     343     283
78988  03  00   250  99999.00  99999.00  10725.84  11180.64   -501.16   -333.64  99999.00  99999.00       0     340     346      54
78988  03  00   200  99999.00  99999.00  12160.47  12694.47   -623.56   -449.92  99999.00  99999.00       0     334     337       0
78988  03  00   150  99999.00  99999.00  13902.46  14534.86   -770.84   -569.72  99999.00  99999.00       0     316     322       0
78988  03  00   100  99999.00  99999.00  16240.33  16938.97   -909.37   -674.77  99999.00  99999.00       0     258     261       0
78988  03  00    80  99999.00  99999.00  99999.00  99999.00  99999.00  99999.00  99999.00  99999.00       0       2      11       0
78988  03  00    70  99999.00  99999.00  18215.61  19023.21   -919.45   -595.09  99999.00  99999.00       0     179     182       0
78988  03  00    60  99999.00  99999.00  99999.00  99999.00  99999.00  99999.00  99999.00  99999.00       0       1       6       0
78988  03  00    50  99999.00  99999.00  20201.21  21021.41   -810.13   -522.25  99999.00  99999.00       0     163     166       0
78988  03  00    40  99999.00  99999.00  99999.00  99999.00  99999.00  99999.00  99999.00  99999.00       0       1      12       0
78988  03  00    30  99999.00  99999.00  23275.88  24245.00   -726.81   -439.89  99999.00  99999.00       0     151     155       0
78988  03  00    20  99999.00  99999.00  25800.56  26922.20   -660.65   -343.37  99999.00  99999.00       0     128     130       0
78988  03  00    15  99999.00  99999.00  99999.00  99999.00  99999.00  99999.00  99999.00  99999.00       0       6      26       1
78988  03  00    10  99999.00  99999.00  99999.00  99999.00  99999.00  99999.00  99999.00  99999.00       0      47      52       0
78988  03  00     7  99999.00  99999.00  99999.00  99999.00  99999.00  99999.00  99999.00  99999.00       0       7      12       0
78988  03  00     5  99999.00  99999.00  99999.00  99999.00  99999.00  99999.00  99999.00  99999.00       0       1       1       0
78988  03  00     3  99999.00  99999.00  99999.00  99999.00  99999.00  99999.00  99999.00  99999.00       0       0       0       0
78988  03  00     2  99999.00  99999.00  99999.00  99999.00  99999.00  99999.00  99999.00  99999.00       0       0       0       0
78988  03  00     1  99999.00  99999.00  99999.00  99999.00  99999.00  99999.00  99999.00  99999.00       0       0       0       0
78988  04  00  9999    995.06   1012.94  99999.00  99999.00    223.59    306.03   -132.44    207.40     316       0     310     252
78988  04  00  1000  99999.00  99999.00      9.57    168.33    212.36    308.72    116.49    350.25       0     328     329     261
78988  04  00   925  99999.00  99999.00  99999.00  99999.00  99999.00  99999.00  99999.00  99999.00       0       3      13      10
78988  04  00   900  99999.00  99999.00  99999.00  99999.00  99999.00  99999.00  99999.00  99999.00       0       2       6       5
78988  04  00   850  99999.00  99999.00   1442.92   1569.88     89.86    291.58   -192.39    417.93       0     329     329     261
78988  04  00   800  99999.00  99999.00  99999.00  99999.00  99999.00  99999.00  99999.00  99999.00       0       0       3       3
78988  04  00   700  99999.00  99999.00   3074.83   3225.19     20.79    178.35   -629.36    544.12       0     326     327     258
78988  04  00   600  99999.00  99999.00  99999.00  99999.00  99999.00  99999.00  99999.00  99999.00       0       2       2       0
78988  04  00   500  99999.00  99999.00   5762.77   5985.73   -120.86     23.74   -836.50    289.82       0     326     328     261
78988  04  00   400  99999.00  99999.00   7460.95   7727.23   -233.09    -86.57   -944.40    156.12       0     320     324     258
78988  04  00   300  99999.00  99999.00   9529.49   9865.37   -387.07   -241.63  -1145.19    146.97       0     317     313     246
78988  04  00   250  99999.00  99999.00  10758.46  11164.30   -487.38   -339.30  99999.00  99999.00       0     313     308      52
78988  04  00   200  99999.00  99999.00  12200.36  12675.20   -609.52   -457.24  99999.00  99999.00       0     305     306       0
78988  04  00   150  99999.00  99999.00  13959.29  14500.01   -755.12   -592.04  99999.00  99999.00       0     298     305       0
78988  04  00   100  99999.00  99999.00  16285.57  16904.65   -890.26   -688.18  99999.00  99999.00       0     223     232       1
78988  04  00    80  99999.00  99999.00  99999.00  99999.00  99999.00  99999.00  99999.00  99999.00       0       4      13       0
78988  04  00    70  99999.00  99999.00  18317.36  18929.00   -899.15   -614.75  99999.00  99999.00       0     148     149       1
78988  04  00    60  99999.00  99999.00  99999.00  99999.00  99999.00  99999.00  99999.00  99999.00       0       0       4       0
78988  04  00    50  99999.00  99999.00  20288.52  20951.04   -775.95   -529.23  99999.00  99999.00       0     133     135       0
78988  04  00    40  99999.00  99999.00  99999.00  99999.00  99999.00  99999.00  99999.00  99999.00       0       2       8       0
78988  04  00    30  99999.00  99999.00  23406.46  24185.62   -715.10   -410.66  99999.00  99999.00       0     118     120       0
78988  04  00    20  99999.00  99999.00  25964.80  26876.08   -628.18   -341.86  99999.00  99999.00       0     101     102       1
78988  04  00    15  99999.00  99999.00  99999.00  99999.00  99999.00  99999.00  99999.00  99999.00       0       4      14       0
78988  04  00    10  99999.00  99999.00  99999.00  99999.00  99999.00  99999.00  99999.00  99999.00       0      40      46       0
78988  04  00     7  99999.00  99999.00  99999.00  99999.00  99999.00  99999.00  99999.00  99999.00       0       8      14       0
78988  04  00     5  99999.00  99999.00  99999.00  99999.00  99999.00  99999.00  99999.00  99999.00       0       0       2       1
78988  04  00     3  99999.00  99999.00  99999.00  99999.00  99999.00  99999.00  99999.00  99999.00       0       1       1       1
78988  04  00     2  99999.00  99999.00  99999.00  99999.00  99999.00  99999.00  99999.00  99999.00       0       1       1       0
78988  04  00     1  99999.00  99999.00  99999.00  99999.00  99999.00  99999.00  99999.00  99999.00       0       0       1       0
78988  05  00  9999    995.31   1012.47  99999.00  99999.00    222.42    316.86    -17.53     90.11     327       0     325     248
78988  05  00  1000  99999.00  99999.00     12.62    165.38    219.15    313.83    103.42    379.18       0     344     339     253
78988  05  00   925  99999.00  99999.00  99999.00  99999.00  99999.00  99999.00  99999.00  99999.00       0       3      11       9
78988  05  00   900  99999.00  99999.00  99999.00  99999.00  99999.00  99999.00  99999.00  99999.00       0       1       6       5
78988  05  00   850  99999.00  99999.00   1442.12   1579.04    112.65    278.85   -121.35    374.97       0     347     342     251
78988  05  00   800  99999.00  99999.00  99999.00  99999.00  99999.00  99999.00  99999.00  99999.00       0       4      12       8
78988  05  00   700  99999.00  99999.00   3078.49   3237.25     31.52    175.16   -499.90    489.02       0     347     348     258
78988  05  00   600  99999.00  99999.00  99999.00  99999.00  99999.00  99999.00  99999.00  99999.00       0       0       6       6
78988  05  00   500  99999.00  99999.00   5776.22   5990.42   -115.80     15.36   -865.97    433.39       0     341     341     255
78988  05  00   400  99999.00  99999.00   7475.22   7730.82   -220.03    -99.19  -1003.71    343.05       0     341     345     258
78988  05  00   300  99999.00  99999.00   9543.26   9871.94   -376.33   -246.97  -1080.66    154.74       0     337     336     249
78988  05  00   250  99999.00  99999.00  10784.57  11162.45   -480.22   -343.42  -1215.43     89.21       0     334     334      61
78988  05  00   200  99999.00  99999.00  12232.72  12666.04   -606.91   -461.83  99999.00  99999.00       0     330     331       0
78988  05  00   150  99999.00  99999.00  13984.35  14495.19   -756.37   -600.25  99999.00  99999.00       0     316     321       2
78988  05  00   100  99999.00  99999.00  16309.18  16895.26   -896.36   -672.08  99999.00  99999.00       0     222     227       0
78988  05  00    80  99999.00  99999.00  99999.00  99999.00  99999.00  99999.00  99999.00  99999.00       0       2       8       0
78988  05  00    70  99999.00  99999.00  18372.20  18928.28   -884.45   -584.21  99999.00  99999.00       0     123     124       0
78988  05  00    60  99999.00  99999.00  99999.00  99999.00  99999.00  99999.00  99999.00  99999.00       0       3       9       0
78988  05  00    50  99999.00  99999.00  20390.57  20947.85   -755.46   -522.78  99999.00  99999.00       0     113     113       0
78988  05  00    40  99999.00  99999.00  99999.00  99999.00  99999.00  99999.00  99999.00  99999.00       0       2       7       0
78988  05  00    30  99999.00  99999.00  23527.94  24213.26   -667.83   -416.91  99999.00  99999.00       0      99     101       0
78988  05  00    20  99999.00  99999.00  26112.25  26898.49   -601.86   -365.82  99999.00  99999.00       0      81      82       1
78988  05  00    15  99999.00  99999.00  99999.00  99999.00  99999.00  99999.00  99999.00  99999.00       0       2      11       1
78988  05  00    10  99999.00  99999.00  99999.00  99999.00  99999.00  99999.00  99999.00  99999.00       0      29      30       0
78988  05  00     7  99999.00  99999.00  99999.00  99999.00  99999.00  99999.00  99999.00  99999.00       0       6       9       0
78988  05  00     5  99999.00  99999.00  99999.00  99999.00  99999.00  99999.00  99999.00  99999.00       0       0       0       0
78988  05  00     3  99999.00  99999.00  99999.00  99999.00  99999.00  99999.00  99999.00  99999.00       0       0       0       0
78988  05  00     2  99999.00  99999.00  99999.00  99999.00  99999.00  99999.00  99999.00  99999.00       0       0       0       0
78988  05  00     1  99999.00  99999.00  99999.00  99999.00  99999.00  99999.00  99999.00  99999.00       0       0       0       0
78988  06  00  9999    996.53   1013.45  99999.00  99999.00    222.82    323.38     -6.23     83.17     323       0     322     247
78988  06  00  1000  99999.00  99999.00     26.77    171.49    220.68    317.76    116.75    372.83       0     334     331     252
78988  06  00   925  99999.00  99999.00  99999.00  99999.00  99999.00  99999.00  99999.00  99999.00       0       3      10       7
78988  06  00   900  99999.00  99999.00  99999.00  99999.00  99999.00  99999.00  99999.00  99999.00       0       3       9       6
78988  06  00   850  99999.00  99999.00   1455.28   1585.72    121.96    261.52    -85.74    338.58       0     333     333     253
78988  06  00   800  99999.00  99999.00  99999.00  99999.00  99999.00  99999.00  99999.00  99999.00       0       2       4       2
78988  06  00   700  99999.00  99999.00   3097.69   3235.21     42.24    162.96   -339.86    344.86       0     331     333     250
78988  06  00   600  99999.00  99999.00  99999.00  99999.00  99999.00  99999.00  99999.00  99999.00       0       1       5       4
78988  06  00   500  99999.00  99999.00   5795.70   5981.82   -117.11      6.85   -769.24    371.48       0     329     329     251
78988  06  00   400  99999.00  99999.00   7494.38   7716.98   -228.50   -101.66   -891.86    257.26       0     329     334     252
78988  06  00   300  99999.00  99999.00   9552.69   9856.53   -393.30   -246.18  -1039.66    102.26       0     324     325     246
78988  06  00   250  99999.00  99999.00  10786.34  11145.14   -494.66   -348.26  99999.00  99999.00       0     320     320      18
78988  06  00   200  99999.00  99999.00  12217.48  12655.12   -623.94   -464.58  99999.00  99999.00       0     318     320       0
78988  06  00   150  99999.00  99999.00  13953.25  14486.65   -773.60   -593.12  99999.00  99999.00       0     313     319       0
78988  06  00   100  99999.00  99999.00  16304.48  16880.84   -915.18   -600.90  99999.00  99999.00       0     246     248       1
78988  06  00    80  99999.00  99999.00  99999.00  99999.00  99999.00  99999.00  99999.00  99999.00       0       4      15       0
78988  06  00    70  99999.00  99999.00  18388.30  18958.78   -853.48   -559.72  99999.00  99999.00       0     184     184       0
78988  06  00    60  99999.00  99999.00  99999.00  99999.00  99999.00  99999.00  99999.00  99999.00       0       2      11       0
78988  06  00    50  99999.00  99999.00  20404.64  21010.28   -740.07   -515.55  99999.00  99999.00       0     168     168       0
78988  06  00    40  99999.00  99999.00  99999.00  99999.00  99999.00  99999.00  99999.00  99999.00       0       3      14       0
78988  06  00    30  99999.00  99999.00  23574.98  24280.22   -653.34   -421.38  99999.00  99999.00       0     149     151       0
78988  06  00    20  99999.00  99999.00  26131.48  26990.20   -627.07   -343.75  99999.00  99999.00       0     116     116       0
78988  06  00    15  99999.00  99999.00  99999.00  99999.00  99999.00  99999.00  99999.00  99999.00       0       7      17       0
78988  06  00    10  99999.00  99999.00  99999.00  99999.00  99999.00  99999.00  99999.00  99999.00       0      43      45       0
78988  06  00     7  99999.00  99999.00  99999.00  99999.00  99999.00  99999.00  99999.00  99999.00       0       5       6       0
78988  06  00     5  99999.00  99999.00  99999.00  99999.00  99999.00  99999.00  99999.00  99999.00       0       1       1       0
78988  06  00     3  99999.00  99999.00  99999.00  99999.00  99999.00  99999.00  99999.00  99999.00       0       0       0       0
78988  06  00     2  99999.00  99999.00  99999.00  99999.00  99999.00  99999.00  99999.00  99999.00       0       0       0       0
78988  06  00     1  99999.00  99999.00  99999.00  99999.00  99999.00  99999.00  99999.00  99999.00       0       0       0       0
78988  07  00  9999    996.33   1014.69  99999.00  99999.00    223.39    324.91    -19.02     91.50     405       0     399     331
78988  07  00  1000  99999.00  99999.00     24.76    181.60    216.76    321.64    169.02    321.54       0     413     412     343
78988  07  00   925  99999.00  99999.00    703.08    876.24    158.11    299.35     61.14    310.26       0      77      86      81
78988  07  00   900  99999.00  99999.00  99999.00  99999.00  99999.00  99999.00  99999.00  99999.00       0       0      11      11
78988  07  00   850  99999.00  99999.00   1449.98   1595.78    130.90    243.22    -56.68    311.12       0     421     421     346
78988  07  00   800  99999.00  99999.00  99999.00  99999.00  99999.00  99999.00  99999.00  99999.00       0       2       6       4
78988  07  00   700  99999.00  99999.00   3090.59   3241.31     43.32    153.48   -355.37    347.71       0     418     419     349
78988  07  00   600  99999.00  99999.00  99999.00  99999.00  99999.00  99999.00  99999.00  99999.00       0       1       6       6
78988  07  00   500  99999.00  99999.00   5790.73   5976.61   -118.98     -0.18   -816.41    398.95       0     409     413     344
78988  07  00   400  99999.00  99999.00   7490.46   7703.82   -231.47   -108.59   -880.65    229.23       0     410     410     341
78988  07  00   300  99999.00  99999.00   9552.35   9829.55   -391.29   -259.05   -968.42     54.70       0     410     407     338
78988  07  00   250  99999.00  99999.00  10787.51  11109.59   -497.73   -356.85  99999.00  99999.00       0     402     401      43
78988  07  00   200  99999.00  99999.00  12224.96  12605.00   -622.29   -477.45  99999.00  99999.00       0     394     395      25
78988  07  00   150  99999.00  99999.00  13970.81  14422.01   -783.62   -580.82  99999.00  99999.00       0     386     394      26
78988  07  00   100  99999.00  99999.00  16327.31  16834.79   -871.15   -619.03  99999.00  99999.00       0     327     338      27
78988  07  00    80  99999.00  99999.00  99999.00  99999.00  99999.00  99999.00  99999.00  99999.00       0       9      19       6
78988  07  00    70  99999.00  99999.00  18420.35  18932.63   -822.22   -562.42  99999.00  99999.00       0     264     268      26
78988  07  00    60  99999.00  99999.00  99999.00  99999.00  99999.00  99999.00  99999.00  99999.00       0       5      17       3
78988  07  00    50  99999.00  99999.00  20432.32  21003.76   -754.46   -499.10  99999.00  99999.00       0     247     250      26
78988  07  00    40  99999.00  99999.00  99999.00  99999.00  99999.00  99999.00  99999.00  99999.00       0       9      27       9
78988  07  00    30  99999.00  99999.00  23558.23  24300.91   -678.37   -408.49  99999.00  99999.00       0     229     234      27
78988  07  00    20  99999.00  99999.00  26082.07  27017.71   -643.40   -348.68  99999.00  99999.00       0     202     207      25
78988  07  00    15  99999.00  99999.00  99999.00  99999.00  99999.00  99999.00  99999.00  99999.00       0       7      27       5
78988  07  00    10  99999.00  99999.00  30314.67  31886.79   -617.59   -255.31  99999.00  99999.00       0      63      69      13
78988  07  00     7  99999.00  99999.00  99999.00  99999.00  99999.00  99999.00  99999.00  99999.00       0       7      20       6
78988  07  00     5  99999.00  99999.00  99999.00  99999.00  99999.00  99999.00  99999.00  99999.00       0       2       5       0
78988  07  00     3  99999.00  99999.00  99999.00  99999.00  99999.00  99999.00  99999.00  99999.00       0       0       0       0
78988  07  00     2  99999.00  99999.00  99999.00  99999.00  99999.00  99999.00  99999.00  99999.00       0       0       0       0
78988  07  00     1  99999.00  99999.00  99999.00  99999.00  99999.00  99999.00  99999.00  99999.00       0       0       0       0
78988  08  00  9999    995.01   1014.33  99999.00  99999.00  -4017.59   4479.61  -3921.37   3902.03     858       0     840     747
78988  08  00  1000  99999.00  99999.00     10.51    181.63    222.01    327.25    141.16    350.32       0     843     841     747
78988  08  00   925  99999.00  99999.00    689.34    873.42    157.46    312.02     25.64    344.48       0     420     423     419
78988  08  00   900  99999.00  99999.00  99999.00  99999.00  99999.00  99999.00  99999.00  99999.00       0       5      13      13
78988  08  00   850  99999.00  99999.00   1442.80   1594.84    131.78    254.90    -37.15    296.69       0     855     856     754
78988  08  00   800  99999.00  99999.00  99999.00  99999.00  99999.00  99999.00  99999.00  99999.00       0       7      18      16
78988  08  00   700  99999.00  99999.00   3088.61   3239.57     48.55    151.51   -329.01    339.15       0     861     865     763
78988  08  00   600  99999.00  99999.00  99999.00  99999.00  99999.00  99999.00  99999.00  99999.00       0      12      42      39
78988  08  00   500  99999.00  99999.00   5795.09   5970.77   -111.27     -2.43   -778.11    370.17       0     850     859     765
78988  08  00   400  99999.00  99999.00   7499.88   7695.48   -224.60   -106.88   -891.05    236.71       0     850     850     753
78988  08  00   300  99999.00  99999.00   9576.29   9813.29   -393.18   -247.50   -964.44     33.48       0     836     842     730
78988  08  00   250  99999.00  99999.00  10813.43  11096.87   -493.64   -349.40   -920.14   -164.86       0     834     832     192
78988  08  00   200  99999.00  99999.00  12252.89  12597.89   -618.33   -467.73   -932.88   -353.88       0     825     825     124
78988  08  00   150  99999.00  99999.00  14008.82  14414.78   -760.83   -591.99   -949.01   -573.53       0     808     816     119
78988  08  00   100  99999.00  99999.00  10508.83  22603.99   -884.90   -625.22  -1019.45   -658.85       0     697     711     110
78988  08  00    80  99999.00  99999.00  99999.00  99999.00  99999.00  99999.00  99999.00  99999.00       0      11      55      10
78988  08  00    70  99999.00  99999.00  18459.66  18909.06   -827.35   -560.95   -973.43   -600.95       0     600     609     115
78988  08  00    60  99999.00  99999.00  99999.00  99999.00   -839.01   -503.73  99999.00  99999.00       0      32      68      26
78988  08  00    50  99999.00  99999.00  20459.56  20990.08   -771.29   -491.57   -945.85   -519.97       0     563     568     113
78988  08  00    40  99999.00  99999.00  99999.00  99999.00  99999.00  99999.00  99999.00  99999.00       0      22      58      14
78988  08  00    30  99999.00  99999.00  14845.15  32867.11   -709.60   -404.56   -927.47   -416.99       0     511     515     100
78988  08  00    20  99999.00  99999.00  26039.76  27025.80   -658.92   -363.24   -955.90   -339.46       0     442     448      90
78988  08  00    15  99999.00  99999.00  99999.00  99999.00  -7301.24   6056.56  99999.00  99999.00       0      17      73      11
78988  08  00    10  99999.00  99999.00  11730.98  49903.70   -635.99   -270.23  99999.00  99999.00       0     167     192      45
78988  08  00     7  99999.00  99999.00  99999.00  99999.00  99999.00  99999.00  99999.00  99999.00       0       8      37      12
78988  08  00     5  99999.00  99999.00  99999.00  99999.00  99999.00  99999.00  99999.00  99999.00       0       2       7       0
78988  08  00     3  99999.00  99999.00  99999.00  99999.00  99999.00  99999.00  99999.00  99999.00       0       0       0       0
78988  08  00     2  99999.00  99999.00  99999.00  99999.00  99999.00  99999.00  99999.00  99999.00       0       0       2       1
78988  08  00     1  99999.00  99999.00  99999.00  99999.00  99999.00  99999.00  99999.00  99999.00       0       0       1       0
78988  09  00  9999    995.23   1011.91  99999.00  99999.00  -1924.73   2463.43  -1993.42   2043.62     809       0     791     705
78988  09  00  1000  99999.00  99999.00     13.38    158.82  -1685.60   2219.56    155.39    342.95       0     791     794     698
78988  09  00   925  99999.00  99999.00    695.36    850.88    150.40    330.16     50.11    325.39       0     384     394     388
78988  09  00   900  99999.00  99999.00  99999.00  99999.00  99999.00  99999.00  99999.00  99999.00       0       6      25      22
78988  09  00   850  99999.00  99999.00   1440.87   1581.75  -1733.21   2107.39    -32.62    293.18       0     805     807     710
78988  09  00   800  99999.00  99999.00  99999.00  99999.00  99999.00  99999.00  99999.00  99999.00       0       3      16      14
78988  09  00   700  99999.00  99999.00   3084.72   3231.12     46.13    154.37   -256.24    288.32       0     807     816     720
78988  09  00   600  99999.00  99999.00  99999.00  99999.00  99999.00  99999.00  99999.00  99999.00       0       3      25      23
78988  09  00   500  99999.00  99999.00   2496.15   9217.47   -112.35     -1.23   -737.21    343.39       0     804     810     718
78988  09  00   400  99999.00  99999.00   4073.64  11068.92   -220.30   -109.42   -877.21    235.55       0     800     810     714
78988  09  00   300  99999.00  99999.00   9564.55   9818.59   -383.66   -250.82   -968.36     49.84       0     787     787     677
78988  09  00   250  99999.00  99999.00  10806.55  11100.79   -487.86   -348.06   -991.00    -89.20       0     786     787     199
78988  09  00   200  99999.00  99999.00  12252.14  12598.46   -613.13   -466.49   -914.61   -355.77       0     777     778     124
78988  09  00   150  99999.00  99999.00  13995.97  14429.29   -764.19   -594.51   -946.47   -570.63       0     756     762     123
78988  09  00   100  99999.00  99999.00  10058.67  23025.63   -908.96   -608.72  -1033.23   -639.51       0     606     620     115
78988  09  00    80  99999.00  99999.00  99999.00  99999.00  99999.00  99999.00  99999.00  99999.00       0      11      44      15
78988  09  00    70  99999.00  99999.00  18444.10  18898.42  -2882.53   1459.67   -989.31   -575.43       0     508     515     117
78988  09  00    60  99999.00  99999.00  99999.00  99999.00  99999.00  99999.00  99999.00  99999.00       0      14      51      14
78988  09  00    50  99999.00  99999.00  20428.84  20983.36   -772.99   -509.23   -940.07   -533.63       0     473     480     111
78988  09  00    40  99999.00  99999.00  99999.00  99999.00  99999.00  99999.00  99999.00  99999.00       0      18      56      17
78988  09  00    30  99999.00  99999.00  23498.47  24295.87   -702.11   -419.27   -922.39   -423.19       0     442     445     111
78988  09  00    20  99999.00  99999.00  15471.52  37334.68   -656.91   -378.15   -957.07   -347.59       0     378     386     105
78988  09  00    15  99999.00  99999.00  99999.00  99999.00   -699.30   -279.66  99999.00  99999.00       0      22      85      25
78988  09  00    10  99999.00  99999.00  11298.75  50270.79   -615.91   -271.63  -1011.59   -226.79       0     160     173      69
78988  09  00     7  99999.00  99999.00  99999.00  99999.00  99999.00  99999.00  99999.00  99999.00       0      10      43      17
78988  09  00     5  99999.00  99999.00  99999.00  99999.00  99999.00  99999.00  99999.00  99999.00       0       0       3       1
78988  09  00     3  99999.00  99999.00  99999.00  99999.00  99999.00  99999.00  99999.00  99999.00       0       0       1       0
78988  09  00     2  99999.00  99999.00  99999.00  99999.00  99999.00  99999.00  99999.00  99999.00       0       0       1       1
78988  09  00     1  99999.00  99999.00  99999.00  99999.00  99999.00  99999.00  99999.00  99999.00       0       0       0       0
78988  10  00  9999    995.02   1011.58  99999.00  99999.00    228.50    326.78    -11.17     81.71     506       0     497     428
78988  10  00  1000  99999.00  99999.00     11.22    156.18    224.20    324.52    183.77    315.89       0     505     511     438
78988  10  00   925  99999.00  99999.00    683.95    856.51    150.08    322.76     56.92    318.88       0     125     135     131
78988  10  00   900  99999.00  99999.00  99999.00  99999.00  99999.00  99999.00  99999.00  99999.00       0       0       7       6
78988  10  00   850  99999.00  99999.00   1437.18   1576.62    124.62    262.02    -42.71    306.37       0     515     516     444
78988  10  00   800  99999.00  99999.00  99999.00  99999.00  99999.00  99999.00  99999.00  99999.00       0       0       2       2
78988  10  00   700  99999.00  99999.00   3077.97   3226.05     40.99    155.83   -277.10    312.46       0     516     519     446
78988  10  00   600  99999.00  99999.00  99999.00  99999.00  99999.00  99999.00  99999.00  99999.00       0       6      20      17
78988  10  00   500  99999.00  99999.00   5778.24   5962.44   -120.24      4.32   -761.34    380.94       0     511     509     433
78988  10  00   400  99999.00  99999.00   7474.12   7696.24   -237.07    -94.87   -936.65    297.31       0     510     511     434
78988  10  00   300  99999.00  99999.00   9528.96   9838.80   -397.35   -240.15  -1074.24    131.64       0     499     500     422
78988  10  00   250  99999.00  99999.00  10759.32  11130.00   -496.98   -343.38  -1098.89     -0.65       0     493     490      66
78988  10  00   200  99999.00  99999.00  12194.65  12635.77   -623.31   -462.03  99999.00  99999.00       0     482     482      36
78988  10  00   150  99999.00  99999.00  13937.99  14461.67   -772.21   -593.53  99999.00  99999.00       0     455     460      35
78988  10  00   100  99999.00  99999.00  16283.50  16832.74   -914.47   -638.47  99999.00  99999.00       0     330     337      32
78988  10  00    80  99999.00  99999.00  99999.00  99999.00  99999.00  99999.00  99999.00  99999.00       0       4      17       5
78988  10  00    70  99999.00  99999.00  18356.89  18905.77   -864.96   -550.56  99999.00  99999.00       0     227     235      36
78988  10  00    60  99999.00  99999.00  99999.00  99999.00  99999.00  99999.00  99999.00  99999.00       0       4      13       4
78988  10  00    50  99999.00  99999.00  20373.18  20944.98   -780.31   -505.99  99999.00  99999.00       0     211     218      35
78988  10  00    40  99999.00  99999.00  99999.00  99999.00  99999.00  99999.00  99999.00  99999.00       0       6      16       6
78988  10  00    30  99999.00  99999.00  23508.66  24172.74   -711.63   -418.83  99999.00  99999.00       0     191     196      32
78988  10  00    20  99999.00  99999.00  26042.81  26835.05   -674.38   -352.42  99999.00  99999.00       0     168     173      32
78988  10  00    15  99999.00  99999.00  99999.00  99999.00  99999.00  99999.00  99999.00  99999.00       0       7      29       8
78988  10  00    10  99999.00  99999.00  30077.72  31931.60   -639.56   -228.56  99999.00  99999.00       0      65      71      18
78988  10  00     7  99999.00  99999.00  99999.00  99999.00  99999.00  99999.00  99999.00  99999.00       0       6      21       5
78988  10  00     5  99999.00  99999.00  99999.00  99999.00  99999.00  99999.00  99999.00  99999.00       0       2       3       0
78988  10  00     3  99999.00  99999.00  99999.00  99999.00  99999.00  99999.00  99999.00  99999.00       0       0       1       1
78988  10  00     2  99999.00  99999.00  99999.00  99999.00  99999.00  99999.00  99999.00  99999.00       0       0       0       0
78988  10  00     1  99999.00  99999.00  99999.00  99999.00  99999.00  99999.00  99999.00  99999.00       0       0       0       0
78988  11  00  9999    996.34   1010.86  99999.00  99999.00    221.25    321.57    -20.27     88.09     325       0     324     269
78988  11  00  1000  99999.00  99999.00     22.68    149.88    215.23    321.67    171.06    319.74       0     343     337     279
78988  11  00   925  99999.00  99999.00  99999.00  99999.00  99999.00  99999.00  99999.00  99999.00       0       2       8       7
78988  11  00   900  99999.00  99999.00  99999.00  99999.00  99999.00  99999.00  99999.00  99999.00       0       0       7       7
78988  11  00   850  99999.00  99999.00   1442.91   1569.63    107.20    261.40    -41.69    309.55       0     340     342     286
78988  11  00   800  99999.00  99999.00  99999.00  99999.00  99999.00  99999.00  99999.00  99999.00       0       0       5       5
78988  11  00   700  99999.00  99999.00   3073.06   3224.74     34.61    159.29   -443.76    447.36       0     338     339     282
78988  11  00   600  99999.00  99999.00  99999.00  99999.00  99999.00  99999.00  99999.00  99999.00       0       1       4       3
78988  11  00   500  99999.00  99999.00   5764.12   5974.12   -129.96     21.00   -858.20    372.88       0     331     335     280
78988  11  00   400  99999.00  99999.00   7454.83   7718.35   -242.62    -86.50   -983.22    234.90       0     333     342     285
78988  11  00   300  99999.00  99999.00   9508.12   9864.76   -396.74   -237.98  -1115.20     85.40       0     332     335     276
78988  11  00   250  99999.00  99999.00  10739.94  11157.90   -490.58   -344.42  99999.00  99999.00       0     329     328      35
78988  11  00   200  99999.00  99999.00  12194.79  12651.63   -605.97   -470.85  99999.00  99999.00       0     318     322       1
78988  11  00   150  99999.00  99999.00  13932.96  14487.96   -761.74   -598.30  99999.00  99999.00       0     313     319       1
78988  11  00   100  99999.00  99999.00  16282.50  16852.74   -916.89   -672.21  99999.00  99999.00       0     226     232       1
78988  11  00    80  99999.00  99999.00  99999.00  99999.00  99999.00  99999.00  99999.00  99999.00       0       2      17       0
78988  11  00    70  99999.00  99999.00  18296.36  18918.80   -908.71   -548.59  99999.00  99999.00       0     132     135       1
78988  11  00    60  99999.00  99999.00  99999.00  99999.00  99999.00  99999.00  99999.00  99999.00       0       2      11       0
78988  11  00    50  99999.00  99999.00  20290.21  20974.21   -790.91   -492.35  99999.00  99999.00       0     121     126       1
78988  11  00    40  99999.00  99999.00  99999.00  99999.00  99999.00  99999.00  99999.00  99999.00       0       1      14       0
78988  11  00    30  99999.00  99999.00  23386.93  24246.37   -695.56   -431.80  99999.00  99999.00       0     113     114       1
78988  11  00    20  99999.00  99999.00  25978.32  26879.28   -650.04   -351.36  99999.00  99999.00       0      98     100       0
78988  11  00    15  99999.00  99999.00  99999.00  99999.00  99999.00  99999.00  99999.00  99999.00       0       1      11       0
78988  11  00    10  99999.00  99999.00  99999.00  99999.00  99999.00  99999.00  99999.00  99999.00       0      37      42       0
78988  11  00     7  99999.00  99999.00  99999.00  99999.00  99999.00  99999.00  99999.00  99999.00       0       5      13       0
78988  11  00     5  99999.00  99999.00  99999.00  99999.00  99999.00  99999.00  99999.00  99999.00       0       1       2       0
78988  11  00     3  99999.00  99999.00  99999.00  99999.00  99999.00  99999.00  99999.00  99999.00       0       1       1       0
78988  11  00     2  99999.00  99999.00  99999.00  99999.00  99999.00  99999.00  99999.00  99999.00       0       0       0       0
78988  11  00     1  99999.00  99999.00  99999.00  99999.00  99999.00  99999.00  99999.00  99999.00       0       0       0       0
78988  12  00  9999    996.31   1014.31  99999.00  99999.00    205.75    319.39    -41.38    111.62     339       0     335     274
78988  12  00  1000  99999.00  99999.00     23.81    179.09    202.26    314.70    146.84    318.20       0     347     345     282
78988  12  00   925  99999.00  99999.00  99999.00  99999.00  99999.00  99999.00  99999.00  99999.00       0       1       9       8
78988  12  00   900  99999.00  99999.00  99999.00  99999.00  99999.00  99999.00  99999.00  99999.00       0       3       6       3
78988  12  00   850  99999.00  99999.00   1444.76   1584.80     89.68    253.96   -120.26    365.74       0     344     347     282
78988  12  00   800  99999.00  99999.00  99999.00  99999.00  99999.00  99999.00  99999.00  99999.00       0       2       6       4
78988  12  00   700  99999.00  99999.00   3071.15   3230.39     -2.76    186.48   -602.35    531.65       0     350     345     274
78988  12  00   600  99999.00  99999.00  99999.00  99999.00  99999.00  99999.00  99999.00  99999.00       0       3       9       6
78988  12  00   500  99999.00  99999.00   5750.18   5989.58   -145.66     36.98   -814.13    267.79       0     347     349     283
78988  12  00   400  99999.00  99999.00   7435.73   7737.65   -251.10    -80.58   -934.88    167.44       0     340     342     278
78988  12  00   300  99999.00  99999.00   9481.04   9889.16   -406.40   -234.44  -1058.30     54.22       0     335     334     273
78988  12  00   250  99999.00  99999.00  10721.99  11169.71   -497.23   -345.55  99999.00  99999.00       0     329     330      15
78988  12  00   200  99999.00  99999.00  12166.65  12670.41   -612.42   -468.54  99999.00  99999.00       0     325     327       0
78988  12  00   150  99999.00  99999.00  13908.05  14506.49   -766.61   -577.49  99999.00  99999.00       0     317     322       0
78988  12  00   100  99999.00  99999.00  16273.71  16870.83   -914.25   -676.17  99999.00  99999.00       0     250     256       0
78988  12  00    80  99999.00  99999.00  99999.00  99999.00  99999.00  99999.00  99999.00  99999.00       0       3      10       0
78988  12  00    70  99999.00  99999.00  18347.75  18844.67   -929.43   -585.75  99999.00  99999.00       0     146     148       0
78988  12  00    60  99999.00  99999.00  99999.00  99999.00  99999.00  99999.00  99999.00  99999.00       0       1      10       0
78988  12  00    50  99999.00  99999.00  20316.14  20886.26   -798.76   -493.96  99999.00  99999.00       0     127     128       0
78988  12  00    40  99999.00  99999.00  99999.00  99999.00  99999.00  99999.00  99999.00  99999.00       0       1       8       0
78988  12  00    30  99999.00  99999.00  23389.89  24167.01   -733.03   -412.39  99999.00  99999.00       0     119     119       0
78988  12  00    20  99999.00  99999.00  25921.95  26840.43   -653.50   -366.34  99999.00  99999.00       0     103     103       0
78988  12  00    15  99999.00  99999.00  99999.00  99999.00  99999.00  99999.00  99999.00  99999.00       0       9      19       0
78988  12  00    10  99999.00  99999.00  99999.00  99999.00  99999.00  99999.00  99999.00  99999.00       0      52      57       0
78988  12  00     7  99999.00  99999.00  99999.00  99999.00  99999.00  99999.00  99999.00  99999.00       0      10      16       0
78988  12  00     5  99999.00  99999.00  99999.00  99999.00  99999.00  99999.00  99999.00  99999.00       0       1       1       0
78988  12  00     3  99999.00  99999.00  99999.00  99999.00  99999.00  99999.00  99999.00  99999.00       0       0       0       0
78988  12  00     2  99999.00  99999.00  99999.00  99999.00  99999.00  99999.00  99999.00  99999.00       0       0       0       0
78988  12  00     1  99999.00  99999.00  99999.00  99999.00  99999.00  99999.00  99999.00  99999.00       0       0       0       0
