01241  01  12  9999    906.44   1103.48  99999.00  99999.00   -248.85    255.27   -376.55    467.89     964       0     964     964
01241  01  12  1000  99999.00  99999.00   -343.00    601.88   -269.06    267.22   -408.92    305.44       0     618     615     594
01241  01  12   925  99999.00  99999.00   -104.64   1434.24   -256.57    222.35   -491.51    332.17       0     640     696     694
01241  01  12   900  99999.00  99999.00  99999.00  99999.00  99999.00  99999.00  99999.00  99999.00       0       0      25      25
01241  01  12   850  99999.00  99999.00    558.01   2113.45   -301.81    189.35   -572.87    340.69       0    1022    1021     981
01241  01  12   800  99999.00  99999.00  99999.00  99999.00  99999.00  99999.00  99999.00  99999.00       0       0      25      24
01241  01  12   700  99999.00  99999.00   2019.67   3647.83   -438.04    149.00   -863.10    383.94       0    1020    1021     982
01241  01  12   600  99999.00  99999.00  99999.00  99999.00   -577.82    117.82   -995.20    310.64       0       0     120     108
01241  01  12   500  99999.00  99999.00   4304.63   6303.47   -634.23     17.13  -1002.12    179.28       0    1020    1021     936
01241  01  12   400  99999.00  99999.00   5694.82   8006.50   -720.44   -120.20   -996.53      4.51       0    1019    1022     598
01241  01  12   300  99999.00  99999.00   7428.43  10056.07   -752.75   -341.39   -986.04   -302.04       0    1015    1017     378
01241  01  12   250  99999.00  99999.00   8561.11  11228.59   -833.69   -359.45  -1018.86   -418.02       0    1007    1009     375
01241  01  12   200  99999.00  99999.00  10015.20  12547.32   -989.85   -235.65  -1102.64   -468.80       0     999    1002     368
01241  01  12   150  99999.00  99999.00  11860.18  14276.38   -968.95   -258.79  -1184.24   -478.28       0     984     991     370
01241  01  12   100  99999.00  99999.00  10442.98  20642.74  -1008.82   -279.34  -1215.92   -527.12       0     969     975     359
01241  01  12    80  99999.00  99999.00  99999.00  99999.00  99999.00  99999.00  99999.00  99999.00       0       0      30      11
01241  01  12    70  99999.00  99999.00  16215.80  19254.92  -1094.62   -256.66  -1255.79   -542.87       0     927     933     340
01241  01  12    60  99999.00  99999.00  99999.00  99999.00  99999.00  99999.00  99999.00  99999.00       0       0      44      15
01241  01  12    50  99999.00  99999.00  17956.77  21548.61  -1166.34   -235.02  -1287.74   -548.54       0     891     893     324
01241  01  12    40  99999.00  99999.00  99999.00  99999.00  99999.00  99999.00  99999.00  99999.00       0       0      53      23
01241  01  12    30  99999.00  99999.00  20433.81  25132.65  -1281.42   -169.02  -1366.96   -500.56       0     773     783     268
01241  01  12    20  99999.00  99999.00  22342.33  28010.17  -1321.25   -128.81  -1436.22   -432.78       0     602     633     199
01241  01  12    15  99999.00  99999.00  99999.00  99999.00  -8472.45   6721.35  99999.00  99999.00       0       0     108      29
01241  01  12    10  99999.00  99999.00  25930.92  32554.80  -1304.81     64.87  99999.00  99999.00       0      63      71       4
01241  01  12     7  99999.00  99999.00  99999.00  99999.00  99999.00  99999.00  99999.00  99999.00       0       0      20       0
01241  01  12     5  99999.00  99999.00  99999.00  99999.00  99999.00  99999.00  99999.00  99999.00       0       0       2       1
01241  01  12     3  99999.00  99999.00  99999.00  99999.00  99999.00  99999.00  99999.00  99999.00       0       0       2       1
01241  01  12     2  99999.00  99999.00  99999.00  99999.00  99999.00  99999.00  99999.00  99999.00       0       0       0       0
01241  01  12     1  99999.00  99999.00  99999.00  99999.00  99999.00  99999.00  99999.00  99999.00       0       0       0       0
01241  02  12  9999    903.56   1111.52  99999.00  99999.00   -233.71    244.37   -363.45    460.23     887       0     886     886
01241  02  12  1000  99999.00  99999.00   -363.19    650.93   -257.70    253.38   -420.86    309.94       0     619     621     605
01241  02  12   925  99999.00  99999.00   -101.90   1455.82   -257.52    209.64   -462.62    305.14       0     589     645     645
01241  02  12   900  99999.00  99999.00  99999.00  99999.00  99999.00  99999.00  99999.00  99999.00       0       0       7       7
01241  02  12   850  99999.00  99999.00    552.83   2158.19   -291.70    171.86   -616.97    369.67       0     933     933     918
01241  02  12   800  99999.00  99999.00  99999.00  99999.00  99999.00  99999.00  99999.00  99999.00       0       0      26      25
01241  02  12   700  99999.00  99999.00   2016.66   3685.74   -427.88    132.64   -872.72    379.84       0     931     933     918
01241  02  12   600  99999.00  99999.00  99999.00  99999.00   -517.89     91.71  -1019.44    339.56       0       0     130     128
01241  02  12   500  99999.00  99999.00   4309.42   6327.82   -629.54      7.78  -1042.12    202.52       0     932     933     864
01241  02  12   400  99999.00  99999.00   5704.36   8023.72   -713.16   -129.96  -1010.92     -2.44       0     928     929     545
01241  02  12   300  99999.00  99999.00   7454.92  10059.04   -761.22   -324.42  -1050.45   -261.45       0     923     927     332
01241  02  12   250  99999.00  99999.00   8605.77  11218.17   -892.29   -281.49  -1060.54   -400.42       0     919     922     331
01241  02  12   200  99999.00  99999.00  10087.41  12528.09  -1037.61   -160.53  -1113.01   -475.93       0     916     918     328
01241  02  12   150  99999.00  99999.00  11926.29  14286.09  -1000.87   -187.63  -1198.20   -479.04       0     906     910     325
01241  02  12   100  99999.00  99999.00  14263.39  16998.19  -1062.36   -173.76  -1229.01   -505.65       0     897     903     321
01241  02  12    80  99999.00  99999.00  99999.00  99999.00  99999.00  99999.00  99999.00  99999.00       0       0      23      10
01241  02  12    70  99999.00  99999.00  16139.38  19504.42  -1152.05   -133.25  -1259.53   -506.17       0     864     871     311
01241  02  12    60  99999.00  99999.00  99999.00  99999.00  99999.00  99999.00  99999.00  99999.00       0       0      30      11
01241  02  12    50  99999.00  99999.00  17791.22  21947.42  -1216.02   -104.82  -1270.21   -526.69       0     829     837     296
01241  02  12    40  99999.00  99999.00  99999.00  99999.00  99999.00  99999.00  99999.00  99999.00       0       0      54      25
01241  02  12    30  99999.00  99999.00  20183.85  25748.25  -1293.30    -48.54  -1336.06   -481.30       0     749     754     259
01241  02  12    20  99999.00  99999.00  21961.57  28802.05  -1310.85    -11.01  -1364.34   -434.46       0     547     576     183
01241  02  12    15  99999.00  99999.00  99999.00  99999.00 -12725.38  10603.34  99999.00  99999.00       0       0     112      33
01241  02  12    10  99999.00  99999.00  99999.00  99999.00  99999.00  99999.00  99999.00  99999.00       0      42      44       3
01241  02  12     7  99999.00  99999.00  99999.00  99999.00  99999.00  99999.00  99999.00  99999.00       0       0      10       0
01241  02  12     5  99999.00  99999.00  99999.00  99999.00  99999.00  99999.00  99999.00  99999.00       0       0       6       2
01241  02  12     3  99999.00  99999.00  99999.00  99999.00  99999.00  99999.00  99999.00  99999.00       0       0       0       0
01241  02  12     2  99999.00  99999.00  99999.00  99999.00  99999.00  99999.00  99999.00  99999.00       0       0       0       0
01241  02  12     1  99999.00  99999.00  99999.00  99999.00  99999.00  99999.00  99999.00  99999.00       0       0       0       0
01241  03  12  9999    921.00   1094.76  99999.00  99999.00   -178.23    229.41   -328.70    446.86     972       0     972     972
01241  03  12  1000  99999.00  99999.00   -338.70    591.18   -195.42    234.18   -376.10    283.54       0     725     723     716
01241  03  12   925  99999.00  99999.00     10.52   1384.76   -247.03    212.09   -503.39    340.93       0     662     718     715
01241  03  12   900  99999.00  99999.00  99999.00  99999.00  99999.00  99999.00  99999.00  99999.00       0       0      17      17
01241  03  12   850  99999.00  99999.00    668.04   2055.24   -290.90    177.10   -655.05    402.87       0    1031    1031    1018
01241  03  12   800  99999.00  99999.00  99999.00  99999.00  99999.00  99999.00  99999.00  99999.00       0       0      27      26
01241  03  12   700  99999.00  99999.00   2113.72   3604.24   -432.04    143.36   -879.22    391.58       0    1031    1033    1010
01241  03  12   600  99999.00  99999.00  99999.00  99999.00   -495.44     76.72   -980.43    347.85       0       0     137     130
01241  03  12   500  99999.00  99999.00   4377.44   6282.20   -642.05     26.71  -1008.29    192.91       0    1031    1031     967
01241  03  12   400  99999.00  99999.00   5758.17   7997.85   -727.17   -108.45  -1012.22      9.94       0    1029    1028     649
01241  03  12   300  99999.00  99999.00   7504.24  10046.20   -755.26   -313.78  -1074.09   -239.49       0    1023    1025     387
01241  03  12   250  99999.00  99999.00   8676.49  11196.49   -893.06   -247.34  -1100.85   -366.81       0    1019    1016     387
01241  03  12   200  99999.00  99999.00  10173.48  12522.60   -990.06   -144.42  -1144.08   -442.92       0    1010    1012     378
01241  03  12   150  99999.00  99999.00  12019.92  14331.24   -928.22   -192.50  -1186.23   -472.47       0    1000    1002     370
01241  03  12   100  99999.00  99999.00  14431.37  17058.17   -959.37   -195.93  -1210.91   -488.87       0     988     994     362
01241  03  12    80  99999.00  99999.00  99999.00  99999.00  99999.00  99999.00  99999.00  99999.00       0       0      25      11
01241  03  12    70  99999.00  99999.00  16434.98  19538.42  -1021.81   -169.33  -1228.46   -505.94       0     951     955     348
01241  03  12    60  99999.00  99999.00  99999.00  99999.00  99999.00  99999.00  99999.00  99999.00       0       0      48      19
01241  03  12    50  99999.00  99999.00  18232.28  21937.52  -1058.95   -156.79  -1247.88   -510.72       0     922     924     336
01241  03  12    40  99999.00  99999.00  99999.00  99999.00 -15795.94  13258.22  99999.00  99999.00       0       0      71      26
01241  03  12    30  99999.00  99999.00  15891.96  30538.44  -1080.68   -153.08  -1268.15   -514.91       0     831     836     287
01241  03  12    20  99999.00  99999.00  22871.10  28579.50  -1102.44   -129.00  -1320.16   -461.68       0     551     593     178
01241  03  12    15  99999.00  99999.00  99999.00  99999.00  -6708.41   5307.91  99999.00  99999.00       0       0      89      27
01241  03  12    10  99999.00  99999.00  99999.00  99999.00  99999.00  99999.00  99999.00  99999.00       0      46      51       1
01241  03  12     7  99999.00  99999.00  99999.00  99999.00  99999.00  99999.00  99999.00  99999.00       0       0       4       0
01241  03  12     5  99999.00  99999.00  99999.00  99999.00  99999.00  99999.00  99999.00  99999.00       0       0       4       2
01241  03  12     3  99999.00  99999.00  99999.00  99999.00  99999.00  99999.00  99999.00  99999.00       0       0       2       0
01241  03  12     2  99999.00  99999.00  99999.00  99999.00  99999.00  99999.00  99999.00  99999.00       0       0       0       0
01241  03  12     1  99999.00  99999.00  99999.00  99999.00  99999.00  99999.00  99999.00  99999.00       0       0       0       0
01241  04  12  9999    947.41   1075.33  99999.00  99999.00   -147.19    276.53   -262.99    396.89     967       0     967     967
01241  04  12  1000  99999.00  99999.00   -277.06    524.30   -160.13    264.43   -275.59    241.13       0     863     864     855
01241  04  12   925  99999.00  99999.00    196.79   1260.95   -236.58    251.34   -340.67    239.53       0     642     689     689
01241  04  12   900  99999.00  99999.00  99999.00  99999.00  99999.00  99999.00  99999.00  99999.00       0       0      22      22
01241  04  12   850  99999.00  99999.00    872.54   1936.10   -294.73    220.07   -533.51    336.37       0    1013    1011     999
01241  04  12   800  99999.00  99999.00  99999.00  99999.00  99999.00  99999.00  99999.00  99999.00       0       0      23      23
01241  04  12   700  99999.00  99999.00   2307.48   3519.00   -416.96    172.36   -821.74    383.30       0    1011    1012     992
01241  04  12   600  99999.00  99999.00  99999.00  99999.00   -517.02    148.50   -928.82    353.62       0       0     138     134
01241  04  12   500  99999.00  99999.00   4574.40   6246.00   -597.30     36.66   -963.53    179.95       0    1012    1013     993
01241  04  12   400  99999.00  99999.00   5979.77   7971.89   -671.21   -113.93   -987.46      7.70       0    1008    1009     766
01241  04  12   300  99999.00  99999.00   7764.97  10019.65   -704.74   -319.90  -1055.12   -235.76       0    1007    1005     395
01241  04  12   250  99999.00  99999.00   8971.48  11160.28   -859.56   -231.48  -1086.11   -361.79       0    1004    1004     397
01241  04  12   200  99999.00  99999.00  10523.16  12468.60   -910.62   -157.02  -1111.30   -468.94       0     994     996     393
01241  04  12   150  99999.00  99999.00  12437.38  14271.94   -796.57   -249.61  -1146.77   -510.17       0     990     991     391
01241  04  12   100  99999.00  99999.00  14992.82  16944.74   -800.02   -274.66  -1137.87   -552.99       0     966     970     381
01241  04  12    80  99999.00  99999.00  99999.00  99999.00  99999.00  99999.00  99999.00  99999.00       0       0      25      13
01241  04  12    70  99999.00  99999.00  17154.12  19357.08   -824.24   -267.68  -1151.64   -559.20       0     931     934     366
01241  04  12    60  99999.00  99999.00  99999.00  99999.00  99999.00  99999.00  99999.00  99999.00       0       0      48      28
01241  04  12    50  99999.00  99999.00  19135.16  21679.88   -846.12   -252.24  -1175.92   -547.12       0     904     908     352
01241  04  12    40  99999.00  99999.00  99999.00  99999.00  99999.00  99999.00  99999.00  99999.00       0       0      46      23
01241  04  12    30  99999.00  99999.00  22070.85  25273.65   -872.13   -225.69  -1193.20   -530.92       0     809     817     304
01241  04  12    20  99999.00  99999.00  24297.00  28226.16   -901.04   -176.48  -1206.38   -512.18       0     545     579     199
01241  04  12    15  99999.00  99999.00  99999.00  99999.00 -15261.41  12980.47  99999.00  99999.00       0       0      92      34
01241  04  12    10  99999.00  99999.00  99999.00  99999.00  99999.00  99999.00  99999.00  99999.00       0      29      35       3
01241  04  12     7  99999.00  99999.00  99999.00  99999.00  99999.00  99999.00  99999.00  99999.00       0       0       3       2
01241  04  12     5  99999.00  99999.00  99999.00  99999.00  99999.00  99999.00  99999.00  99999.00       0       0       8       7
01241  04  12     3  99999.00  99999.00  99999.00  99999.00  99999.00  99999.00  99999.00  99999.00       0       0       1       1
01241  04  12     2  99999.00  99999.00  99999.00  99999.00  99999.00  99999.00  99999.00  99999.00       0       0       0       0
01241  04  12     1  99999.00  99999.00  99999.00  99999.00  99999.00  99999.00  99999.00  99999.00       0       0       0       0
01241  05  12  9999    954.53   1072.61  99999.00  99999.00   -148.00    357.68   -199.27    335.09     997       0     996     996
01241  05  12  1000  99999.00  99999.00   -274.28    542.56   -175.90    356.30   -225.51    253.29       0     942     941     929
01241  05  12   925  99999.00  99999.00    273.20   1236.68   -237.77    310.99   -307.87    260.21       0     658     719     719
01241  05  12   900  99999.00  99999.00  99999.00  99999.00  99999.00  99999.00  99999.00  99999.00       0       0      13      13
01241  05  12   850  99999.00  99999.00    934.57   1947.73   -292.97    286.51   -461.58    330.54       0    1034    1034    1020
01241  05  12   800  99999.00  99999.00  99999.00  99999.00  99999.00  99999.00  99999.00  99999.00       0       0      28      28
01241  05  12   700  99999.00  99999.00   2374.06   3566.26   -373.36    196.76   -760.58    384.10       0    1033    1035    1021
01241  05  12   600  99999.00  99999.00  99999.00  99999.00   -416.13    123.75   -843.74    327.10       0       0     134     129
01241  05  12   500  99999.00  99999.00   4681.85   6318.29   -541.56     46.20   -885.20    170.56       0    1033    1037    1025
01241  05  12   400  99999.00  99999.00   6108.16   8063.68   -633.13    -92.77   -928.55     -0.71       0    1033    1036     891
01241  05  12   300  99999.00  99999.00   7912.19  10138.19   -661.65   -312.57  -1040.21   -195.05       0    1032    1032     411
01241  05  12   250  99999.00  99999.00   9143.40  11282.88   -822.76   -215.68  -1115.30   -293.30       0    1023    1024     414
01241  05  12   200  99999.00  99999.00  10752.38  12570.50   -854.35   -154.63  -1141.46   -404.30       0    1022    1023     414
01241  05  12   150  99999.00  99999.00  12760.40  14329.40   -701.78   -284.90  -1149.12   -478.44       0    1017    1018     407
01241  05  12   100  99999.00  99999.00  15467.05  16920.37   -682.97   -332.45  -1141.17   -519.57       0    1002    1004     398
01241  05  12    80  99999.00  99999.00  99999.00  99999.00  99999.00  99999.00  99999.00  99999.00       0       0      25      11
01241  05  12    70  99999.00  99999.00  17779.76  19246.76   -671.30   -349.94  -1126.02   -540.66       0     965     965     386
01241  05  12    60  99999.00  99999.00  99999.00  99999.00  99999.00  99999.00  99999.00  99999.00       0       0      31      17
01241  05  12    50  99999.00  99999.00  19927.46  21480.98   -663.18   -349.86  -1110.40   -554.92       0     939     941     370
01241  05  12    40  99999.00  99999.00  99999.00  99999.00  99999.00  99999.00  99999.00  99999.00       0       0      41      20
01241  05  12    30  99999.00  99999.00  23153.98  24921.82   -658.93   -332.77  -1100.72   -550.16       0     834     840     308
01241  05  12    20  99999.00  99999.00  25645.68  27755.64   -654.11   -293.03  -1090.88   -530.96       0     497     556     215
01241  05  12    15  99999.00  99999.00  99999.00  99999.00 -11981.43  10327.77  99999.00  99999.00       0       0      77      28
01241  05  12    10  99999.00  99999.00  99999.00  99999.00  99999.00  99999.00  99999.00  99999.00       0      21      22       7
01241  05  12     7  99999.00  99999.00  99999.00  99999.00  99999.00  99999.00  99999.00  99999.00       0       0       1       1
01241  05  12     5  99999.00  99999.00  99999.00  99999.00  99999.00  99999.00  99999.00  99999.00       0       0       3       3
01241  05  12     3  99999.00  99999.00  99999.00  99999.00  99999.00  99999.00  99999.00  99999.00       0       0       0       0
01241  05  12     2  99999.00  99999.00  99999.00  99999.00  99999.00  99999.00  99999.00  99999.00       0       0       0       0
01241  05  12     1  99999.00  99999.00  99999.00  99999.00  99999.00  99999.00  99999.00  99999.00       0       0       0       0
01241  06  12  9999    963.77   1060.25  99999.00  99999.00   -113.37    371.79   -174.57    283.59     962       0     962     962
01241  06  12  1000  99999.00  99999.00   -236.39    472.33   -136.12    366.32   -162.48    266.88       0     937     938     930
01241  06  12   925  99999.00  99999.00    361.49   1143.77   -202.64    337.60   -217.18    250.46       0     642     704     704
01241  06  12   900  99999.00  99999.00  99999.00  99999.00  99999.00  99999.00  99999.00  99999.00       0       0      23      23
01241  06  12   850  99999.00  99999.00   1028.74   1860.46   -242.47    298.97   -395.63    340.09       0    1010    1007    1000
01241  06  12   800  99999.00  99999.00  99999.00  99999.00  99999.00  99999.00  99999.00  99999.00       0       0      28      28
01241  06  12   700  99999.00  99999.00   2506.85   3478.97   -288.78    179.94   -682.19    393.01       0    1010    1011     998
01241  06  12   600  99999.00  99999.00  99999.00  99999.00   -351.21    106.71   -870.19    413.09       0       0     128     127
01241  06  12   500  99999.00  99999.00   4896.24   6221.88   -455.98     36.26   -848.53    206.15       0    1008    1010     995
01241  06  12   400  99999.00  99999.00   6372.38   7967.78   -573.52    -77.32   -906.73     43.43       0    1007    1010     972
01241  06  12   300  99999.00  99999.00   8192.86  10080.82   -649.24   -275.44   -971.96   -177.92       0    1004    1005     410
01241  06  12   250  99999.00  99999.00   9406.08  11267.04   -780.66   -212.94  -1096.46   -261.74       0    1004    1005     407
01241  06  12   200  99999.00  99999.00  11026.45  12576.37   -815.43   -139.71  -1097.69   -429.05       0    1000    1001     410
01241  06  12   150  99999.00  99999.00  13066.24  14345.56   -669.70   -272.86  -1085.80   -524.20       0     995     997     391
01241  06  12   100  99999.00  99999.00  15823.88  16937.84   -639.05   -330.89  -1064.95   -577.15       0     984     986     386
01241  06  12    80  99999.00  99999.00  99999.00  99999.00  99999.00  99999.00  99999.00  99999.00       0       0      22       9
01241  06  12    70  99999.00  99999.00  18192.01  19259.29   -612.20   -360.80  -1074.96   -565.20       0     948     952     370
01241  06  12    60  99999.00  99999.00  99999.00  99999.00  99999.00  99999.00  99999.00  99999.00       0       0      27       9
01241  06  12    50  99999.00  99999.00  20393.92  21489.40   -588.06   -368.94  -1065.33   -564.93       0     924     928     361
01241  06  12    40  99999.00  99999.00  99999.00  99999.00  99999.00  99999.00  99999.00  99999.00       0       0      30      16
01241  06  12    30  99999.00  99999.00  23701.62  24941.70   -568.38   -351.30  -1044.55   -563.11       0     820     834     312
01241  06  12    20  99999.00  99999.00  26301.12  27763.92   -548.23   -307.51   -989.17   -575.41       0     436     476     208
01241  06  12    15  99999.00  99999.00  99999.00  99999.00  99999.00  99999.00  99999.00  99999.00       0       0      52      31
01241  06  12    10  99999.00  99999.00  99999.00  99999.00  99999.00  99999.00  99999.00  99999.00       0      16      16       8
01241  06  12     7  99999.00  99999.00  99999.00  99999.00  99999.00  99999.00  99999.00  99999.00       0       0       5       3
01241  06  12     5  99999.00  99999.00  99999.00  99999.00  99999.00  99999.00  99999.00  99999.00       0       0       1       1
01241  06  12     3  99999.00  99999.00  99999.00  99999.00  99999.00  99999.00  99999.00  99999.00       0       0       0       0
01241  06  12     2  99999.00  99999.00  99999.00  99999.00  99999.00  99999.00  99999.00  99999.00       0       0       0       0
01241  06  12     1  99999.00  99999.00  99999.00  99999.00  99999.00  99999.00  99999.00  99999.00       0       0       0       0
01241  07  12  9999    963.74   1058.78  99999.00  99999.00    -80.68    387.80   -152.68    250.28     966       0     966     964
01241  07  12  1000  99999.00  99999.00   -235.05    461.67    -95.14    376.46    -99.48    266.64       0     925     924     919
01241  07  12   925  99999.00  99999.00    330.02   1180.22   -158.34    359.58   -203.67    296.49       0     634     697     696
01241  07  12   900  99999.00  99999.00  99999.00  99999.00  99999.00  99999.00  99999.00  99999.00       0       0      20      20
01241  07  12   850  99999.00  99999.00   1032.83   1876.55   -184.01    303.43   -320.09    328.87       0    1000    1002     994
01241  07  12   800  99999.00  99999.00  99999.00  99999.00  99999.00  99999.00  99999.00  99999.00       0       0      24      24
01241  07  12   700  99999.00  99999.00   2534.09   3507.17   -221.60    171.16   -618.65    393.91       0    1000    1001     989
01241  07  12   600  99999.00  99999.00  99999.00  99999.00   -300.25    115.19   -835.64    409.24       0       0     154     151
01241  07  12   500  99999.00  99999.00   4989.22   6243.34   -384.30     23.34   -852.11    247.69       0    1000     999     979
01241  07  12   400  99999.00  99999.00   6507.48   7985.52   -510.09    -82.65   -893.75     74.89       0     998     998     982
01241  07  12   300  99999.00  99999.00   8359.82  10108.58   -617.56   -270.40   -890.29   -189.25       0     996     996     410
01241  07  12   250  99999.00  99999.00   9558.65  11319.89   -746.94   -249.54  -1030.53   -256.41       0     994     994     390
01241  07  12   200  99999.00  99999.00  11169.57  12632.25   -818.49   -141.09  -1136.18   -369.62       0     986     989     386
01241  07  12   150  99999.00  99999.00  13228.19  14384.39   -666.20   -270.44  -1115.49   -482.97       0     983     983     369
01241  07  12   100  99999.00  99999.00  16030.83  16944.75   -617.81   -337.49  -1101.46   -520.06       0     974     976     363
01241  07  12    80  99999.00  99999.00  99999.00  99999.00  99999.00  99999.00  99999.00  99999.00       0       0      21       9
01241  07  12    70  99999.00  99999.00  18435.87  19246.47   -584.22   -370.62  -1077.24   -550.32       0     940     941     347
01241  07  12    60  99999.00  99999.00  99999.00  99999.00  99999.00  99999.00  99999.00  99999.00       0       0      18      11
01241  07  12    50  99999.00  99999.00  20672.45  21458.81   -564.63   -375.15  -1080.54   -538.38       0     919     921     341
01241  07  12    40  99999.00  99999.00  99999.00  99999.00  99999.00  99999.00  99999.00  99999.00       0       0      40      20
01241  07  12    30  99999.00  99999.00  24048.00  24874.08   -545.67   -354.27  -1091.23   -498.19       0     825     836     308
01241  07  12    20  99999.00  99999.00  26757.96  27627.36   -522.57   -310.41  -1067.45   -474.53       0     443     487     212
01241  07  12    15  99999.00  99999.00  99999.00  99999.00  -7632.25   6566.03  99999.00  99999.00       0       0      66      48
01241  07  12    10  99999.00  99999.00  99999.00  99999.00  99999.00  99999.00  99999.00  99999.00       0      15      15       9
01241  07  12     7  99999.00  99999.00  99999.00  99999.00  99999.00  99999.00  99999.00  99999.00       0       0       4       4
01241  07  12     5  99999.00  99999.00  99999.00  99999.00  99999.00  99999.00  99999.00  99999.00       0       0       2       2
01241  07  12     3  99999.00  99999.00  99999.00  99999.00  99999.00  99999.00  99999.00  99999.00       0       0       0       0
01241  07  12     2  99999.00  99999.00  99999.00  99999.00  99999.00  99999.00  99999.00  99999.00       0       0       0       0
01241  07  12     1  99999.00  99999.00  99999.00  99999.00  99999.00  99999.00  99999.00  99999.00       0       0       0       0
01241  08  12  9999    962.35   1058.47  99999.00  99999.00    -55.82    362.86   -145.28    248.56     976       0     975     971
01241  08  12  1000  99999.00  99999.00   -216.00    433.20    -66.40    349.40   -108.29    274.75       0     923     926     917
01241  08  12   925  99999.00  99999.00    352.06   1153.66   -143.94    341.70   -162.55    258.41       0     631     697     697
01241  08  12   900  99999.00  99999.00  99999.00  99999.00  99999.00  99999.00  99999.00  99999.00       0       0      17      17
01241  08  12   850  99999.00  99999.00   1025.46   1864.26   -178.59    285.21   -313.95    317.85       0    1021    1022    1017
01241  08  12   800  99999.00  99999.00  99999.00  99999.00  99999.00  99999.00  99999.00  99999.00       0       0      38      38
01241  08  12   700  99999.00  99999.00   2529.55   3484.99   -231.43    168.65   -613.05    385.95       0    1020    1022    1013
01241  08  12   600  99999.00  99999.00  99999.00  99999.00   -314.29    109.19   -856.66    424.94       0       0     152     146
01241  08  12   500  99999.00  99999.00   4973.33   6219.17   -404.54     29.02   -845.55    246.45       0    1021    1021    1005
01241  08  12   400  99999.00  99999.00   6479.74   7963.18   -531.30    -77.34   -900.82     73.70       0    1020    1022    1000
01241  08  12   300  99999.00  99999.00   8309.84  10095.44   -648.45   -258.21   -872.61   -215.13       0    1020    1022     435
01241  08  12   250  99999.00  99999.00   9468.23  11332.31   -731.68   -294.16   -964.06   -316.06       0    1013    1013     393
01241  08  12   200  99999.00  99999.00  11045.06  12658.22   -842.78   -152.18  -1165.02   -347.58       0    1008    1011     391
01241  08  12   150  99999.00  99999.00  13083.29  14402.57   -692.84   -273.56  -1157.48   -445.04       0    1005    1005     388
01241  08  12   100  99999.00  99999.00  15858.20  16962.80   -645.63   -326.79  -1144.72   -477.52       0     996     998     378
01241  08  12    80  99999.00  99999.00  99999.00  99999.00  99999.00  99999.00  99999.00  99999.00       0       0      32      12
01241  08  12    70  99999.00  99999.00  18239.03  19271.99   -610.32   -365.28  -1125.83   -505.31       0     968     971     371
01241  08  12    60  99999.00  99999.00  99999.00  99999.00  99999.00  99999.00  99999.00  99999.00       0       0      24      12
01241  08  12    50  99999.00  99999.00  20437.20  21495.84   -599.44   -375.04  -1120.99   -513.67       0     944     946     361
01241  08  12    40  99999.00  99999.00  99999.00  99999.00  99999.00  99999.00  99999.00  99999.00       0       0      40      18
01241  08  12    30  99999.00  99999.00  23712.40  24939.88   -609.30   -346.14  -1116.08   -511.40       0     874     882     339
01241  08  12    20  99999.00  99999.00  26278.82  27766.10  -2633.36   1708.12  -1075.87   -515.71       0     499     547     252
01241  08  12    15  99999.00  99999.00  99999.00  99999.00 -12555.71  10892.53  99999.00  99999.00       0       0      70      47
01241  08  12    10  99999.00  99999.00  99999.00  99999.00  99999.00  99999.00  99999.00  99999.00       0      23      25      11
01241  08  12     7  99999.00  99999.00  99999.00  99999.00  99999.00  99999.00  99999.00  99999.00       0       0       3       2
01241  08  12     5  99999.00  99999.00  99999.00  99999.00  99999.00  99999.00  99999.00  99999.00       0       0       5       5
01241  08  12     3  99999.00  99999.00  99999.00  99999.00  99999.00  99999.00  99999.00  99999.00       0       0       0       0
01241  08  12     2  99999.00  99999.00  99999.00  99999.00  99999.00  99999.00  99999.00  99999.00       0       0       0       0
01241  08  12     1  99999.00  99999.00  99999.00  99999.00  99999.00  99999.00  99999.00  99999.00       0       0       0       0
01241  09  12  9999    944.92   1074.76  99999.00  99999.00    -56.88    303.00   -124.95    226.17     930       0     930     930
01241  09  12  1000  99999.00  99999.00   -269.38    502.46    -70.32    298.20   -152.28    257.04       0     819     819     813
01241  09  12   925  99999.00  99999.00    195.73   1293.73   -158.21    303.67   -247.67    280.09       0     612     681     680
01241  09  12   900  99999.00  99999.00  99999.00  99999.00  99999.00  99999.00  99999.00  99999.00       0       0      14      14
01241  09  12   850  99999.00  99999.00    885.89   1963.61   -215.50    271.58   -408.18    348.78       0     982     983     971
01241  09  12   800  99999.00  99999.00  99999.00  99999.00  99999.00  99999.00  99999.00  99999.00       0       0      34      34
01241  09  12   700  99999.00  99999.00   2380.38   3565.38   -302.03    193.33   -720.98    428.02       0     982     983     970
01241  09  12   600  99999.00  99999.00  99999.00  99999.00   -387.65    131.95   -829.59    389.25       0       0     130     128
01241  09  12   500  99999.00  99999.00   4771.23   6309.27   -480.14     64.78   -934.11    284.37       0     982     984     966
01241  09  12   400  99999.00  99999.00   6240.28   8065.00   -597.60    -45.36   -934.10     80.62       0     981     983     924
01241  09  12   300  99999.00  99999.00   8039.48  10204.52   -675.16   -251.44   -964.39   -167.11       0     980     982     398
01241  09  12   250  99999.00  99999.00   9194.12  11437.88   -759.97   -277.81  -1038.23   -266.99       0     974     976     382
01241  09  12   200  99999.00  99999.00  10770.52  12744.64   -884.78   -166.94  -1146.11   -351.35       0     967     969     381
01241  09  12   150  99999.00  99999.00  12811.08  14433.00   -772.50   -260.46  -1193.83   -432.19       0     961     959     377
01241  09  12   100  99999.00  99999.00  15567.04  16927.12   -725.29   -321.85  -1196.32   -467.32       0     944     945     370
01241  09  12    80  99999.00  99999.00  99999.00  99999.00  99999.00  99999.00  99999.00  99999.00       0       0      25       9
01241  09  12    70  99999.00  99999.00  17887.19  19215.23   -702.21   -356.61  -1183.59   -493.59       0     914     919     363
01241  09  12    60  99999.00  99999.00  99999.00  99999.00  99999.00  99999.00  99999.00  99999.00       0       0      42      15
01241  09  12    50  99999.00  99999.00  19996.91  21437.51   -706.92   -365.52  -1171.75   -519.91       0     895     894     353
01241  09  12    40  99999.00  99999.00  99999.00  99999.00  99999.00  99999.00  99999.00  99999.00       0       0      52      25
01241  09  12    30  99999.00  99999.00  23118.75  24878.19   -721.56   -351.36  -1171.03   -523.39       0     850     857     341
01241  09  12    20  99999.00  99999.00  25532.60  27693.44   -742.15   -303.67  -1155.17   -526.25       0     623     654     275
01241  09  12    15  99999.00  99999.00  99999.00  99999.00 -11666.70   9948.78  99999.00  99999.00       0       0     108      54
01241  09  12    10  99999.00  99999.00  99999.00  99999.00  99999.00  99999.00  99999.00  99999.00       0      28      30       3
01241  09  12     7  99999.00  99999.00  99999.00  99999.00  99999.00  99999.00  99999.00  99999.00       0       0       4       1
01241  09  12     5  99999.00  99999.00  99999.00  99999.00  99999.00  99999.00  99999.00  99999.00       0       0       7       4
01241  09  12     3  99999.00  99999.00  99999.00  99999.00  99999.00  99999.00  99999.00  99999.00       0       0       4       2
01241  09  12     2  99999.00  99999.00  99999.00  99999.00  99999.00  99999.00  99999.00  99999.00       0       0       0       0
01241  09  12     1  99999.00  99999.00  99999.00  99999.00  99999.00  99999.00  99999.00  99999.00       0       0       0       0
01241  10  12  9999    925.36   1088.32  99999.00  99999.00   -122.10    276.30   -111.41    194.35     956       0     954     954
01241  10  12  1000  99999.00  99999.00   -320.83    557.57   -142.93    285.59   -243.60    273.00       0     703     705     697
01241  10  12   925  99999.00  99999.00     63.82   1343.02   -212.16    290.52   -311.50    276.74       0     626     686     684
01241  10  12   900  99999.00  99999.00  99999.00  99999.00  99999.00  99999.00  99999.00  99999.00       0       0      12      12
01241  10  12   850  99999.00  99999.00    723.52   2040.40   -268.50    263.46   -483.76    360.44       0    1011    1014    1003
01241  10  12   800  99999.00  99999.00  99999.00  99999.00  99999.00  99999.00  99999.00  99999.00       0       0      40      39
01241  10  12   700  99999.00  99999.00   2206.18   3619.18   -384.07    212.21   -773.78    424.90       0    1008    1010     990
01241  10  12   600  99999.00  99999.00  99999.00  99999.00   -431.68    130.88   -911.04    407.76       0       0     134     132
01241  10  12   500  99999.00  99999.00   4529.37   6361.29   -570.55     85.37   -956.40    255.12       0    1011    1012     988
01241  10  12   400  99999.00  99999.00   5951.17   8119.33   -669.65    -41.09   -971.79     73.05       0    1009    1009     875
01241  10  12   300  99999.00  99999.00   7694.64  10264.80   -714.07   -261.55  -1012.01   -173.81       0    1009    1009     427
01241  10  12   250  99999.00  99999.00   8865.96  11462.16   -790.14   -277.86  -1066.11   -291.99       0    1001    1001     408
01241  10  12   200  99999.00  99999.00  10407.61  12780.73   -888.67   -196.15  -1119.21   -401.85       0     991     992     405
01241  10  12   150  99999.00  99999.00  12396.98  14483.90   -799.16   -283.64  -1161.90   -484.86       0     991     990     405
01241  10  12   100  99999.00  99999.00  15097.88  16963.64   -767.48   -349.04  -1188.20   -522.56       0     983     983     401
01241  10  12    80  99999.00  99999.00  99999.00  99999.00  99999.00  99999.00  99999.00  99999.00       0       0      29       8
01241  10  12    70  99999.00  99999.00  17366.42  19219.94   -773.88   -378.96  -1201.77   -546.09       0     953     955     389
01241  10  12    60  99999.00  99999.00  99999.00  99999.00  99999.00  99999.00  99999.00  99999.00       0       0      40      16
01241  10  12    50  99999.00  99999.00  19410.85  21405.25   -811.15   -380.59  -1209.07   -570.19       0     937     939     384
01241  10  12    40  99999.00  99999.00  99999.00  99999.00 -17910.60  14954.88  99999.00  99999.00       0       0      65      28
01241  10  12    30  99999.00  99999.00  22392.09  24778.89   -870.80   -361.40  -1225.73   -583.13       0     889     891     362
01241  10  12    20  99999.00  99999.00  24671.33  27524.69   -911.30   -328.46  -1256.12   -560.00       0     722     758     320
01241  10  12    15  99999.00  99999.00  99999.00  99999.00 -15225.99  12758.49  99999.00  99999.00       0       0     122      48
01241  10  12    10  99999.00  99999.00  99999.00  99999.00  99999.00  99999.00  99999.00  99999.00       0      31      31       3
01241  10  12     7  99999.00  99999.00  99999.00  99999.00  99999.00  99999.00  99999.00  99999.00       0       0       5       0
01241  10  12     5  99999.00  99999.00  99999.00  99999.00  99999.00  99999.00  99999.00  99999.00       0       0       5       0
01241  10  12     3  99999.00  99999.00  99999.00  99999.00  99999.00  99999.00  99999.00  99999.00       0       0       6       0
01241  10  12     2  99999.00  99999.00  99999.00  99999.00  99999.00  99999.00  99999.00  99999.00       0       0       0       0
01241  10  12     1  99999.00  99999.00  99999.00  99999.00  99999.00  99999.00  99999.00  99999.00       0       0       0       0
01241  11  12  9999    922.40   1089.20  99999.00  99999.00   -180.76    251.72   -244.81    328.67     923       0     923     923
01241  11  12  1000  99999.00  99999.00   -334.99    563.33   -201.24    265.68   -305.97    263.31       0     653     656     647
01241  11  12   925  99999.00  99999.00     62.12   1311.20   -247.79    271.21   -386.29    283.55       0     607     668     665
01241  11  12   900  99999.00  99999.00  99999.00  99999.00  99999.00  99999.00  99999.00  99999.00       0       0      22      22
01241  11  12   850  99999.00  99999.00    700.61   2016.41   -292.33    229.07   -522.14    339.58       0     971     974     963
01241  11  12   800  99999.00  99999.00  99999.00  99999.00  99999.00  99999.00  99999.00  99999.00       0       0      31      31
01241  11  12   700  99999.00  99999.00   2167.61   3573.41   -413.94    177.78   -796.95    379.29       0     971     976     953
01241  11  12   600  99999.00  99999.00  99999.00  99999.00   -551.12    154.48   -988.74    379.62       0       0     114     111
01241  11  12   500  99999.00  99999.00   4468.44   6271.08   -616.05     59.79   -950.23    197.45       0     971     979     945
01241  11  12   400  99999.00  99999.00   5864.25   8008.41   -707.45    -72.65   -991.92     39.12       0     970     974     718
01241  11  12   300  99999.00  99999.00   7608.20  10097.36   -739.88   -293.60   -999.20   -253.04       0     969     974     410
01241  11  12   250  99999.00  99999.00   8750.83  11294.59   -804.58   -315.58  -1034.37   -375.81       0     962     965     405
01241  11  12   200  99999.00  99999.00  10250.64  12621.24   -912.94   -228.22  -1105.87   -449.23       0     959     962     404
01241  11  12   150  99999.00  99999.00  12177.61  14336.77   -837.25   -307.45  -1154.21   -499.25       0     957     961     402
01241  11  12   100  99999.00  99999.00  14764.14  16851.42   -828.55   -367.87  -1166.72   -560.24       0     934     942     391
01241  11  12    80  99999.00  99999.00  99999.00  99999.00  99999.00  99999.00  99999.00  99999.00       0       0      36      18
01241  11  12    70  99999.00  99999.00  16896.27  19148.43   -866.70   -385.14  -1206.02   -575.90       0     915     920     387
01241  11  12    60  99999.00  99999.00  99999.00  99999.00  99999.00  99999.00  99999.00  99999.00       0       0      39      17
01241  11  12    50  99999.00  99999.00  18817.49  21349.73   -924.66   -389.10  -1210.97   -616.37       0     897     902     381
01241  11  12    40  99999.00  99999.00  99999.00  99999.00  99999.00  99999.00  99999.00  99999.00       0       0      58      26
01241  11  12    30  99999.00  99999.00  21589.94  24722.30  -1003.73   -388.25  -1258.18   -622.06       0     843     853     352
01241  11  12    20  99999.00  99999.00  23744.56  27389.32  -1049.67   -384.39  -1294.60   -616.84       0     692     729     285
01241  11  12    15  99999.00  99999.00  99999.00  99999.00  -9203.62   7367.78  99999.00  99999.00       0       0     134      59
01241  11  12    10  99999.00  99999.00  27376.20  31854.60  -1092.00   -313.92  99999.00  99999.00       0      63      71       5
01241  11  12     7  99999.00  99999.00  99999.00  99999.00  99999.00  99999.00  99999.00  99999.00       0       0       8       0
01241  11  12     5  99999.00  99999.00  99999.00  99999.00  99999.00  99999.00  99999.00  99999.00       0       0       8       0
01241  11  12     3  99999.00  99999.00  99999.00  99999.00  99999.00  99999.00  99999.00  99999.00       0       0       5       0
01241  11  12     2  99999.00  99999.00  99999.00  99999.00  99999.00  99999.00  99999.00  99999.00       0       0       0       0
01241  11  12     1  99999.00  99999.00  99999.00  99999.00  99999.00  99999.00  99999.00  99999.00       0       0       0       0
01241  12  12  9999    904.75   1104.19  99999.00  99999.00   -242.56    262.52   -372.11    454.33     914       0     913     912
01241  12  12  1000  99999.00  99999.00   -389.40    640.68   -254.79    270.09   -358.71    285.33       0     586     587     579
01241  12  12   925  99999.00  99999.00   -143.78   1483.90   -267.56    244.48   -412.20    282.12       0     631     694     692
01241  12  12   900  99999.00  99999.00  99999.00  99999.00  99999.00  99999.00  99999.00  99999.00       0       0      20      20
01241  12  12   850  99999.00  99999.00    545.71   2123.59   -305.91    202.17   -538.27    326.81       0     976     975     962
01241  12  12   800  99999.00  99999.00  99999.00  99999.00  99999.00  99999.00  99999.00  99999.00       0       0      28      28
01241  12  12   700  99999.00  99999.00   1990.03   3675.79   -448.83    165.93   -812.62    360.50       0     975     982     960
01241  12  12   600  99999.00  99999.00  99999.00  99999.00   -543.73    109.55   -987.68    351.04       0       0     116     114
01241  12  12   500  99999.00  99999.00   4269.74   6344.90   -661.52     48.28   -984.26    185.74       0     974     978     902
01241  12  12   400  99999.00  99999.00   5642.51   8070.83   -744.05    -88.73  -1011.64     24.08       0     969     970     606
01241  12  12   300  99999.00  99999.00   7353.41  10152.29   -766.83   -307.35  -1003.97   -293.93       0     967     970     371
01241  12  12   250  99999.00  99999.00   8471.90  11353.82   -832.45   -323.77  -1016.73   -423.81       0     964     969     363
01241  12  12   200  99999.00  99999.00   9934.61  12689.33   -947.52   -233.88  -1109.38   -468.94       0     956     965     360
01241  12  12   150  99999.00  99999.00  11817.08  14414.84   -925.03   -263.59  -1163.23   -512.95       0     946     951     355
01241  12  12   100  99999.00  99999.00  10397.88  20824.08   -959.68   -286.84  -1196.46   -555.06       0     936     940     348
01241  12  12    80  99999.00  99999.00  99999.00  99999.00  99999.00  99999.00  99999.00  99999.00       0       0      24       8
01241  12  12    70  99999.00  99999.00  16257.42  19380.54  -1026.95   -291.83  -1234.31   -567.11       0     900     904     345
01241  12  12    60  99999.00  99999.00  99999.00  99999.00  99999.00  99999.00  99999.00  99999.00       0       0      32      16
01241  12  12    50  99999.00  99999.00  18040.32  21656.52  -1092.03   -289.71  -1258.09   -589.45       0     869     876     330
01241  12  12    40  99999.00  99999.00  99999.00  99999.00  99999.00  99999.00  99999.00  99999.00       0       0      53      23
01241  12  12    30  99999.00  99999.00  20609.32  25156.96  -1172.10   -280.38  -1299.73   -604.21       0     795     800     293
01241  12  12    20  99999.00  99999.00  22572.28  27972.88  -1196.26   -285.70  -1315.09   -615.85       0     623     647     220
01241  12  12    15  99999.00  99999.00  99999.00  99999.00  -8419.14   6599.46  99999.00  99999.00       0       0     109      38
01241  12  12    10  99999.00  99999.00  25869.99  32976.99  -1279.80   -131.28  99999.00  99999.00       0      63      70       0
01241  12  12     7  99999.00  99999.00  99999.00  99999.00  99999.00  99999.00  99999.00  99999.00       0       0      14       0
01241  12  12     5  99999.00  99999.00  99999.00  99999.00  99999.00  99999.00  99999.00  99999.00       0       0       2       0
01241  12  12     3  99999.00  99999.00  99999.00  99999.00  99999.00  99999.00  99999.00  99999.00       0       0       1       1
01241  12  12     2  99999.00  99999.00  99999.00  99999.00  99999.00  99999.00  99999.00  99999.00       0       0       0       0
01241  12  12     1  99999.00  99999.00  99999.00  99999.00  99999.00  99999.00  99999.00  99999.00       0       0       0       0
