32389  01  00  9999    928.23   1077.87  99999.00  99999.00   -778.95    445.89    -64.69    115.91     832       0     832     830
32389  01  00  1000  99999.00  99999.00   -229.83    452.49   -746.08    396.32   -793.82    397.30       0     553     556     549
32389  01  00   925  99999.00  99999.00    124.71   1188.99   -438.46    190.46   -511.80    209.16       0     523     534     503
32389  01  00   900  99999.00  99999.00  99999.00  99999.00  99999.00  99999.00  99999.00  99999.00       0       0      41      41
32389  01  00   850  99999.00  99999.00    726.50   1851.38   -420.32    117.28   -525.84    159.72       0     882     882     860
32389  01  00   800  99999.00  99999.00  99999.00  99999.00  99999.00  99999.00  99999.00  99999.00       0       0      54      54
32389  01  00   700  99999.00  99999.00   2125.96   3349.36   -493.93     54.71   -622.50     75.18       0     881     880     873
32389  01  00   600  99999.00  99999.00  99999.00  99999.00  99999.00  99999.00  99999.00  99999.00       0       0      46      46
32389  01  00   500  99999.00  99999.00   4353.40   5925.64   -683.06    -56.66   -771.87    -80.43       0     878     878     877
32389  01  00   400  99999.00  99999.00   5718.49   7581.85   -755.39   -182.51   -842.07   -200.55       0     872     873     871
32389  01  00   300  99999.00  99999.00   7467.11   9557.15   -796.94   -330.50   -864.16   -361.36       0     872     875     872
32389  01  00   250  99999.00  99999.00   8620.68  10710.72   -884.94   -254.46   -939.79   -303.91       0     870     870     867
32389  01  00   200  99999.00  99999.00  10082.07  12093.27   -848.96   -225.80   -901.41   -293.73       0     865     868     864
32389  01  00   150  99999.00  99999.00  11908.10  13987.82   -784.36   -233.44   -848.02   -319.30       0     855     855     851
32389  01  00   100  99999.00  99999.00  14469.91  16739.59   -773.56   -194.80   -854.78   -302.42       0     821     823     819
32389  01  00    80  99999.00  99999.00  99999.00  99999.00  99999.00  99999.00  99999.00  99999.00       0       0      20      19
32389  01  00    70  99999.00  99999.00  16687.33  19230.97   -778.30   -162.22   -890.77   -267.49       0     777     778     772
32389  01  00    60  99999.00  99999.00  99999.00  99999.00  99999.00  99999.00  99999.00  99999.00       0       0      34      34
32389  01  00    50  99999.00  99999.00  18828.07  21564.79   -784.51   -145.15   -932.09   -242.09       0     698     706     697
32389  01  00    40  99999.00  99999.00  99999.00  99999.00  99999.00  99999.00  99999.00  99999.00       0       0      41      41
32389  01  00    30  99999.00  99999.00  22015.18  25174.90   -826.92    -87.48  -1002.74   -189.02       0     587     588     579
32389  01  00    20  99999.00  99999.00  24508.34  28112.90   -863.23    -28.39  -1049.28   -151.20       0     484     494     486
32389  01  00    15  99999.00  99999.00  99999.00  99999.00  -9647.20   8317.40  -1166.55    -37.59       0       0      81      76
32389  01  00    10  99999.00  99999.00  28465.94  33372.98   -924.57     64.11  -1109.27    -87.59       0     186     232     225
32389  01  00     7  99999.00  99999.00  99999.00  99999.00  99999.00  99999.00  99999.00  99999.00       0       0      37      36
32389  01  00     5  99999.00  99999.00  99999.00  99999.00  99999.00  99999.00  99999.00  99999.00       0       0      16      16
32389  01  00     3  99999.00  99999.00  99999.00  99999.00  99999.00  99999.00  99999.00  99999.00       0       0       2       2
32389  01  00     2  99999.00  99999.00  99999.00  99999.00  99999.00  99999.00  99999.00  99999.00       0       0       0       0
32389  01  00     1  99999.00  99999.00  99999.00  99999.00  99999.00  99999.00  99999.00  99999.00       0       0       1       1
32389  02  00  9999    934.94   1071.74  99999.00  99999.00   -631.68    349.56    -72.16    133.76     748       0     748     748
32389  02  00  1000  99999.00  99999.00   -219.36    434.88   -612.48    315.48   -665.31    307.65       0     511     510     504
32389  02  00   925  99999.00  99999.00    147.12   1146.72   -428.30    173.62   -527.39    201.13       0     474     486     476
32389  02  00   900  99999.00  99999.00  99999.00  99999.00  99999.00  99999.00  99999.00  99999.00       0       0      42      42
32389  02  00   850  99999.00  99999.00    774.11   1812.71   -433.98    130.62   -541.67    166.09       0     791     793     784
32389  02  00   800  99999.00  99999.00  99999.00  99999.00  99999.00  99999.00  99999.00  99999.00       0       0      56      56
32389  02  00   700  99999.00  99999.00   2161.99   3323.71   -520.74     85.38   -632.29     91.07       0     789     792     785
32389  02  00   600  99999.00  99999.00  99999.00  99999.00  99999.00  99999.00  99999.00  99999.00       0       0      29      29
32389  02  00   500  99999.00  99999.00   4357.33   5938.21   -705.41    -23.93   -783.96    -53.88       0     787     790     787
32389  02  00   400  99999.00  99999.00   5703.68   7619.84   -777.53   -147.89   -840.77   -183.53       0     788     790     787
32389  02  00   300  99999.00  99999.00   7422.48   9636.12   -818.83   -292.27   -869.60   -336.68       0     787     788     785
32389  02  00   250  99999.00  99999.00   8574.08  10797.92   -911.78   -215.66   -945.90   -284.46       0     784     788     788
32389  02  00   200  99999.00  99999.00  10018.14  12204.54   -858.37   -204.73   -903.41   -282.17       0     782     782     780
32389  02  00   150  99999.00  99999.00  11833.70  14121.50   -794.23   -212.47   -860.65   -298.45       0     778     779     778
32389  02  00   100  99999.00  99999.00  14374.91  16903.79   -768.76   -192.40   -874.78   -277.30       0     753     755     753
32389  02  00    80  99999.00  99999.00  99999.00  99999.00  99999.00  99999.00  99999.00  99999.00       0       0      12      12
32389  02  00    70  99999.00  99999.00  16675.97  19322.69   -739.94   -198.26   -901.24   -258.52       0     713     715     712
32389  02  00    60  99999.00  99999.00  99999.00  99999.00  99999.00  99999.00  99999.00  99999.00       0       0      24      24
32389  02  00    50  99999.00  99999.00  18879.04  21582.40   -734.72   -194.24   -916.23   -257.43       0     641     648     643
32389  02  00    40  99999.00  99999.00  99999.00  99999.00  99999.00  99999.00  99999.00  99999.00       0       0      38      38
32389  02  00    30  99999.00  99999.00  22195.09  25053.25   -739.68   -192.00   -944.52   -257.28       0     547     548     540
32389  02  00    20  99999.00  99999.00  24789.72  27824.64   -790.67   -139.55  -1000.46   -218.78       0     465     476     465
32389  02  00    15  99999.00  99999.00  99999.00  99999.00 -11054.63   9500.53  99999.00  99999.00       0       0      61      59
32389  02  00    10  99999.00  99999.00  29015.68  32795.44   -884.63    -34.55  -1043.18   -191.54       0     205     242     236
32389  02  00     7  99999.00  99999.00  99999.00  99999.00  99999.00  99999.00  99999.00  99999.00       0       0      59      59
32389  02  00     5  99999.00  99999.00  99999.00  99999.00  99999.00  99999.00  99999.00  99999.00       0       0      13      13
32389  02  00     3  99999.00  99999.00  99999.00  99999.00  99999.00  99999.00  99999.00  99999.00       0       0       4       4
32389  02  00     2  99999.00  99999.00  99999.00  99999.00  99999.00  99999.00  99999.00  99999.00       0       0       0       0
32389  02  00     1  99999.00  99999.00  99999.00  99999.00  99999.00  99999.00  99999.00  99999.00       0       0       0       0
32389  03  00  9999    931.39   1077.79  99999.00  99999.00   -462.93    301.11    -94.02    175.38     820       0     819     819
32389  03  00  1000  99999.00  99999.00   -232.42    470.54   -467.21    278.83   -536.92    265.28       0     590     590     583
32389  03  00   925  99999.00  99999.00    105.64   1241.44   -382.45    179.99   -496.93    205.79       0     558     564     544
32389  03  00   900  99999.00  99999.00  99999.00  99999.00  99999.00  99999.00  99999.00  99999.00       0       0      39      39
32389  03  00   850  99999.00  99999.00    758.36   1876.88   -398.50    124.22   -518.54    161.14       0     866     869     848
32389  03  00   800  99999.00  99999.00  99999.00  99999.00  99999.00  99999.00  99999.00  99999.00       0       0      54      54
32389  03  00   700  99999.00  99999.00   2165.82   3382.98   -499.25     92.35   -612.06     90.90       0     866     865     855
32389  03  00   600  99999.00  99999.00  99999.00  99999.00  99999.00  99999.00  99999.00  99999.00       0       0      37      37
32389  03  00   500  99999.00  99999.00   4404.82   5982.58   -673.84    -25.36   -759.62    -54.26       0     857     859     858
32389  03  00   400  99999.00  99999.00   5775.75   7661.79   -755.00   -139.64   -821.69   -179.81       0     860     860     859
32389  03  00   300  99999.00  99999.00   7507.94   9687.74   -801.20   -284.72   -849.75   -340.11       0     856     855     855
32389  03  00   250  99999.00  99999.00   8673.71  10849.31   -874.37   -227.93   -908.16   -306.48       0     854     854     851
32389  03  00   200  99999.00  99999.00  10159.66  12227.62   -856.19   -196.67   -888.05   -296.93       0     847     847     845
32389  03  00   150  99999.00  99999.00  12038.87  14081.03   -789.12   -221.04   -849.34   -320.86       0     833     836     831
32389  03  00   100  99999.00  99999.00  14616.38  16801.46   -768.59   -215.39   -868.03   -307.03       0     812     813     812
32389  03  00    80  99999.00  99999.00  99999.00  99999.00  99999.00  99999.00  99999.00  99999.00       0       0      14      14
32389  03  00    70  99999.00  99999.00  16916.90  19194.86   -748.19   -217.79   -885.23   -298.67       0     745     747     741
32389  03  00    60  99999.00  99999.00  99999.00  99999.00  99999.00  99999.00  99999.00  99999.00       0       0      27      27
32389  03  00    50  99999.00  99999.00  19059.52  21488.32   -733.97   -220.97   -905.82   -288.42       0     673     678     673
32389  03  00    40  99999.00  99999.00  99999.00  99999.00  99999.00  99999.00  99999.00  99999.00       0       0      41      41
32389  03  00    30  99999.00  99999.00  22330.01  24958.61   -740.60   -206.48   -945.08   -269.12       0     577     583     577
32389  03  00    20  99999.00  99999.00  24918.70  27723.58   -779.46   -156.42   -990.88   -230.92       0     482     492     487
32389  03  00    15  99999.00  99999.00  99999.00  99999.00 -15088.14  12941.22  -1077.01   -176.41       0       0      79      76
32389  03  00    10  99999.00  99999.00  29153.90  32688.38   -893.50      7.22  -1095.36   -117.12       0     202     246     242
32389  03  00     7  99999.00  99999.00  99999.00  99999.00  99999.00  99999.00  99999.00  99999.00       0       0      40      40
32389  03  00     5  99999.00  99999.00  99999.00  99999.00  99999.00  99999.00  99999.00  99999.00       0       0       5       5
32389  03  00     3  99999.00  99999.00  99999.00  99999.00  99999.00  99999.00  99999.00  99999.00       0       0       2       2
32389  03  00     2  99999.00  99999.00  99999.00  99999.00  99999.00  99999.00  99999.00  99999.00       0       0       0       0
32389  03  00     1  99999.00  99999.00  99999.00  99999.00  99999.00  99999.00  99999.00  99999.00       0       0       0       0
32389  04  00  9999    944.42   1068.38  99999.00  99999.00   -258.43    244.01   -118.03    231.41     751       0     751     751
32389  04  00  1000  99999.00  99999.00   -182.69    422.35   -258.85    223.55   -347.21    191.95       0     603     603     597
32389  04  00   925  99999.00  99999.00    231.15   1178.31   -295.59    180.57   -413.41    196.43       0     531     536     522
32389  04  00   900  99999.00  99999.00  99999.00  99999.00  99999.00  99999.00  99999.00  99999.00       0       0      27      27
32389  04  00   850  99999.00  99999.00    853.30   1859.26   -367.46    177.22   -451.67    166.21       0     774     774     765
32389  04  00   800  99999.00  99999.00  99999.00  99999.00  99999.00  99999.00  99999.00  99999.00       0       0      41      41
32389  04  00   700  99999.00  99999.00   2252.18   3422.78   -470.87    153.13   -626.58    175.74       0     772     773     766
32389  04  00   600  99999.00  99999.00  99999.00  99999.00  99999.00  99999.00  99999.00  99999.00       0       0      30      30
32389  04  00   500  99999.00  99999.00   4497.82   6108.46   -632.24     31.72   -763.90     26.42       0     760     766     763
32389  04  00   400  99999.00  99999.00   5891.52   7826.40   -711.04    -99.76   -818.55   -112.59       0     769     769     765
32389  04  00   300  99999.00  99999.00   7650.34   9885.82   -763.38   -268.14   -844.42   -302.98       0     766     767     763
32389  04  00   250  99999.00  99999.00   8819.09  11063.57   -852.75   -229.11   -907.98   -298.74       0     761     764     759
32389  04  00   200  99999.00  99999.00  10333.27  12424.39   -854.61   -191.37   -894.56   -295.52       0     753     750     747
32389  04  00   150  99999.00  99999.00  12291.04  14201.80   -741.25   -267.49   -841.55   -342.95       0     741     744     741
32389  04  00   100  99999.00  99999.00  14969.46  16816.86   -718.35   -282.27   -874.18   -337.90       0     722     722     717
32389  04  00    80  99999.00  99999.00  99999.00  99999.00  99999.00  99999.00  99999.00  99999.00       0       0      16      15
32389  04  00    70  99999.00  99999.00  17316.75  19132.71   -699.58   -292.18   -902.88   -324.72       0     693     694     689
32389  04  00    60  99999.00  99999.00  99999.00  99999.00  99999.00  99999.00  99999.00  99999.00       0       0      14      14
32389  04  00    50  99999.00  99999.00  19529.77  21326.77   -681.59   -304.19   -939.29   -304.13       0     643     642     634
32389  04  00    40  99999.00  99999.00  99999.00  99999.00  99999.00  99999.00  99999.00  99999.00       0       0      26      25
32389  04  00    30  99999.00  99999.00  22839.20  24719.60   -677.61   -305.13   -958.48   -302.20       0     546     550     537
32389  04  00    20  99999.00  99999.00  25401.42  27477.30   -688.81   -275.65   -987.08   -273.08       0     451     462     445
32389  04  00    15  99999.00  99999.00  99999.00  99999.00 -15018.95  12892.69  -1117.38   -149.34       0       0      64      61
32389  04  00    10  99999.00  99999.00  29764.40  32296.40   -725.02   -170.50  -1049.50   -185.74       0     201     240     231
32389  04  00     7  99999.00  99999.00  99999.00  99999.00 -10645.36   9220.52   -994.97   -196.97       0       0      66      64
32389  04  00     5  99999.00  99999.00  99999.00  99999.00  99999.00  99999.00  99999.00  99999.00       0       0      25      25
32389  04  00     3  99999.00  99999.00  99999.00  99999.00  99999.00  99999.00  99999.00  99999.00       0       0       2       2
32389  04  00     2  99999.00  99999.00  99999.00  99999.00  99999.00  99999.00  99999.00  99999.00       0       0       0       0
32389  04  00     1  99999.00  99999.00  99999.00  99999.00  99999.00  99999.00  99999.00  99999.00       0       0       0       0
32389  05  00  9999    961.63   1054.15  99999.00  99999.00   -188.22    327.78   -162.17    307.03     777       0     776     776
32389  05  00  1000  99999.00  99999.00   -168.81    403.35   -195.56    314.44   -194.81    164.71       0     694     695     686
32389  05  00   925  99999.00  99999.00    364.26   1110.30   -231.64    247.04   -259.73    158.47       0     539     541     525
32389  05  00   900  99999.00  99999.00  99999.00  99999.00  99999.00  99999.00  99999.00  99999.00       0       0      28      27
32389  05  00   850  99999.00  99999.00    996.97   1809.49   -285.88    222.20   -324.75    155.97       0     807     806     781
32389  05  00   800  99999.00  99999.00  99999.00  99999.00  99999.00  99999.00  99999.00  99999.00       0       0      48      48
32389  05  00   700  99999.00  99999.00   2430.93   3409.65   -363.52    165.08   -518.80    187.28       0     804     804     798
32389  05  00   600  99999.00  99999.00  99999.00  99999.00  99999.00  99999.00  99999.00  99999.00       0       0      29      29
32389  05  00   500  99999.00  99999.00   4785.55   6106.39   -508.97     22.39   -692.03     44.89       0     804     804     795
32389  05  00   400  99999.00  99999.00   6236.20   7834.00   -614.42    -93.38   -750.69    -98.25       0     798     798     795
32389  05  00   300  99999.00  99999.00   8059.00   9904.12   -688.04   -278.60   -792.81   -299.73       0     796     797     795
32389  05  00   250  99999.00  99999.00   9245.89  11091.37   -803.38   -244.66   -862.74   -315.06       0     791     790     785
32389  05  00   200  99999.00  99999.00  10797.21  12424.77   -845.02   -181.06   -889.77   -288.21       0     785     787     783
32389  05  00   150  99999.00  99999.00  12758.92  14216.56   -703.25   -290.33   -828.89   -352.01       0     774     775     773
32389  05  00   100  99999.00  99999.00  15467.44  16804.72   -659.09   -350.81   -879.94   -348.82       0     750     753     750
32389  05  00    80  99999.00  99999.00  99999.00  99999.00  99999.00  99999.00  99999.00  99999.00       0       0      18      18
32389  05  00    70  99999.00  99999.00  17808.45  19109.25   -643.75   -367.99   -908.72   -343.76       0     710     709     704
32389  05  00    60  99999.00  99999.00  99999.00  99999.00  99999.00  99999.00  99999.00  99999.00       0       0      16      16
32389  05  00    50  99999.00  99999.00  19983.94  21328.18  -2752.66   1721.90   -921.90   -338.10       0     648     651     645
32389  05  00    40  99999.00  99999.00  99999.00  99999.00  99999.00  99999.00  99999.00  99999.00       0       0      19      18
32389  05  00    30  99999.00  99999.00  23260.81  24739.93   -631.83   -351.39   -930.99   -330.63       0     570     571     562
32389  05  00    20  99999.00  99999.00  16330.83  36853.59  -4017.93   2998.47   -954.68   -291.08       0     463     473     467
32389  05  00    15  99999.00  99999.00  99999.00  99999.00  99999.00  99999.00  99999.00  99999.00       0       0      54      54
32389  05  00    10  99999.00  99999.00  14651.39  47637.95  -4038.65   3133.87   -982.57   -205.57       0     227     259     256
32389  05  00     7  99999.00  99999.00  99999.00  99999.00  99999.00  99999.00  99999.00  99999.00       0       0      58      58
32389  05  00     5  99999.00  99999.00  99999.00  99999.00  99999.00  99999.00  99999.00  99999.00       0       0      15      15
32389  05  00     3  99999.00  99999.00  99999.00  99999.00  99999.00  99999.00  99999.00  99999.00       0       0       1       1
32389  05  00     2  99999.00  99999.00  99999.00  99999.00  99999.00  99999.00  99999.00  99999.00       0       0       1       1
32389  05  00     1  99999.00  99999.00  99999.00  99999.00  99999.00  99999.00  99999.00  99999.00       0       0       0       0
32389  06  00  9999    970.52   1042.76  99999.00  99999.00   -140.94    417.54   -172.76    323.92     773       0     773     773
32389  06  00  1000  99999.00  99999.00   -123.86    329.98   -147.05    409.75   -154.03    259.49       0     710     707     702
32389  06  00   925  99999.00  99999.00    444.61   1031.05   -194.16    349.32   -202.15    230.33       0     527     532     520
32389  06  00   900  99999.00  99999.00  99999.00  99999.00  99999.00  99999.00  99999.00  99999.00       0       0      31      31
32389  06  00   850  99999.00  99999.00   1099.43   1760.39   -233.62    307.58   -251.89    209.39       0     811     810     799
32389  06  00   800  99999.00  99999.00  99999.00  99999.00  99999.00  99999.00  99999.00  99999.00       0       0      38      38
32389  06  00   700  99999.00  99999.00   2579.88   3387.48   -280.33    196.55   -426.58    218.06       0     811     811     802
32389  06  00   600  99999.00  99999.00  99999.00  99999.00  99999.00  99999.00  99999.00  99999.00       0       0      47      46
32389  06  00   500  99999.00  99999.00   5008.79   6115.31   -434.55     47.85   -653.18    104.02       0     808     808     806
32389  06  00   400  99999.00  99999.00   6507.27   7858.95   -556.65    -59.97   -708.86    -56.54       0     809     808     805
32389  06  00   300  99999.00  99999.00   8333.68   9993.76   -666.80   -233.60   -764.74   -265.18       0     807     805     801
32389  06  00   250  99999.00  99999.00   9515.76  11206.56   -769.00   -255.76   -820.72   -331.12       0     804     803     798
32389  06  00   200  99999.00  99999.00  11044.89  12567.33   -868.49   -162.41   -897.44   -278.84       0     794     792     787
32389  06  00   150  99999.00  99999.00  13018.89  14344.41   -691.59   -299.91   -807.20   -366.80       0     778     776     772
32389  06  00   100  99999.00  99999.00  15736.19  16929.83   -644.02   -362.26   -844.81   -375.73       0     744     745     742
32389  06  00    80  99999.00  99999.00  99999.00  99999.00  99999.00  99999.00  99999.00  99999.00       0       0       9       9
32389  06  00    70  99999.00  99999.00  18061.57  19255.09   -622.08   -374.88   -876.03   -359.19       0     702     707     699
32389  06  00    60  99999.00  99999.00  99999.00  99999.00  99999.00  99999.00  99999.00  99999.00       0       0      12      12
32389  06  00    50  99999.00  99999.00  20235.71  21500.99  -2760.13   1753.55   -892.31   -342.23       0     637     641     639
32389  06  00    40  99999.00  99999.00  99999.00  99999.00  99999.00  99999.00  99999.00  99999.00       0       0      16      16
32389  06  00    30  99999.00  99999.00  23524.48  24947.44  -2621.71   1650.65   -901.91   -325.91       0     560     561     557
32389  06  00    20  99999.00  99999.00  16634.91  37072.83  -2775.09   1860.15   -918.53   -283.25       0     473     481     480
32389  06  00    15  99999.00  99999.00  99999.00  99999.00  99999.00  99999.00  99999.00  99999.00       0       0      51      51
32389  06  00    10  99999.00  99999.00  30559.78  32696.98   -662.37    -91.17   -942.73   -202.57       0     203     240     235
32389  06  00     7  99999.00  99999.00  99999.00  99999.00 -13044.40  11475.08   -993.79   -133.87       0       0      65      64
32389  06  00     5  99999.00  99999.00  99999.00  99999.00  99999.00  99999.00  99999.00  99999.00       0       0      15      15
32389  06  00     3  99999.00  99999.00  99999.00  99999.00  99999.00  99999.00  99999.00  99999.00       0       0       0       0
32389  06  00     2  99999.00  99999.00  99999.00  99999.00  99999.00  99999.00  99999.00  99999.00       0       0       0       0
32389  06  00     1  99999.00  99999.00  99999.00  99999.00  99999.00  99999.00  99999.00  99999.00       0       0       0       0
32389  07  00  9999    974.38   1038.70  99999.00  99999.00    -62.60    404.80   -119.34    234.90     775       0     774     774
32389  07  00  1000  99999.00  99999.00   -126.71    323.77    -62.01    389.43    -67.51    277.25       0     745     745     739
32389  07  00   925  99999.00  99999.00    456.33   1037.97   -123.94    362.18   -125.42    253.42       0     531     543     537
32389  07  00   900  99999.00  99999.00  99999.00  99999.00  99999.00  99999.00  99999.00  99999.00       0       0      37      37
32389  07  00   850  99999.00  99999.00   1131.25   1765.93   -151.84    314.84   -190.44    247.08       0     830     830     817
32389  07  00   800  99999.00  99999.00  99999.00  99999.00  99999.00  99999.00  99999.00  99999.00       0       0      55      55
32389  07  00   700  99999.00  99999.00   2638.32   3418.08   -206.21    212.35   -394.17    259.95       0     830     831     821
32389  07  00   600  99999.00  99999.00  99999.00  99999.00  99999.00  99999.00  99999.00  99999.00       0       0      28      27
32389  07  00   500  99999.00  99999.00   5128.80   6176.76   -365.87     75.37   -622.52    148.48       0     824     829     825
32389  07  00   400  99999.00  99999.00   6668.31   7943.79   -499.90    -15.46   -702.62     21.58       0     825     827     826
32389  07  00   300  99999.00  99999.00   8525.48  10126.40   -649.29   -167.49   -770.58   -185.70       0     821     820     819
32389  07  00   250  99999.00  99999.00   9665.22  11421.54   -711.59   -262.55   -793.88   -311.72       0     810     812     811
32389  07  00   200  99999.00  99999.00  11152.56  12837.96   -838.45   -194.41   -886.85   -287.45       0     802     803     803
32389  07  00   150  99999.00  99999.00  13166.29  14567.41   -719.72   -284.12   -836.00   -344.24       0     787     789     789
32389  07  00   100  99999.00  99999.00  15940.11  17075.07   -683.76   -336.84   -877.76   -350.84       0     764     768     765
32389  07  00    80  99999.00  99999.00  99999.00  99999.00  99999.00  99999.00  99999.00  99999.00       0       0      12      12
32389  07  00    70  99999.00  99999.00  18340.38  19316.58   -652.34   -352.34   -904.68   -333.48       0     723     724     721
32389  07  00    60  99999.00  99999.00  99999.00  99999.00  99999.00  99999.00  99999.00  99999.00       0       0       8       8
32389  07  00    50  99999.00  99999.00  20559.35  21505.43   -619.87   -361.99   -914.55   -321.75       0     682     691     683
32389  07  00    40  99999.00  99999.00  99999.00  99999.00  99999.00  99999.00  99999.00  99999.00       0       0      19      19
32389  07  00    30  99999.00  99999.00  23877.10  24931.66   -605.54   -325.94   -938.60   -285.08       0     603     610     604
32389  07  00    20  99999.00  99999.00  26493.43  27733.03   -618.73   -247.33   -981.11   -219.23       0     474     489     486
32389  07  00    15  99999.00  99999.00  99999.00  99999.00  99999.00  99999.00  99999.00  99999.00       0       0      55      54
32389  07  00    10  99999.00  99999.00  30966.54  32674.98   -678.70    -77.14   -973.35   -178.11       0     198     236     234
32389  07  00     7  99999.00  99999.00  99999.00  99999.00  99999.00  99999.00  99999.00  99999.00       0       0      44      44
32389  07  00     5  99999.00  99999.00  99999.00  99999.00  99999.00  99999.00  99999.00  99999.00       0       0      25      25
32389  07  00     3  99999.00  99999.00  99999.00  99999.00  99999.00  99999.00  99999.00  99999.00       0       0       0       0
32389  07  00     2  99999.00  99999.00  99999.00  99999.00  99999.00  99999.00  99999.00  99999.00       0       0       1       1
32389  07  00     1  99999.00  99999.00  99999.00  99999.00  99999.00  99999.00  99999.00  99999.00       0       0       1       1
32389  08  00  9999    967.20   1044.48  99999.00  99999.00    -41.94    351.30   -113.90    207.10     782       0     782     779
32389  08  00  1000  99999.00  99999.00   -143.81    345.55    -58.41    348.51    -83.57    279.19       0     690     692     687
32389  08  00   925  99999.00  99999.00    412.33   1061.05   -102.06    314.34   -144.61    263.39       0     548     556     537
32389  08  00   900  99999.00  99999.00  99999.00  99999.00  99999.00  99999.00  99999.00  99999.00       0       0      37      37
32389  08  00   850  99999.00  99999.00   1091.19   1780.71   -155.23    288.17   -219.64    261.80       0     840     839     813
32389  08  00   800  99999.00  99999.00  99999.00  99999.00  99999.00  99999.00  99999.00  99999.00       0       0      49      49
32389  08  00   700  99999.00  99999.00   2605.92   3409.80   -239.66    220.06   -468.52    314.36       0     841     844     824
32389  08  00   600  99999.00  99999.00  99999.00  99999.00  99999.00  99999.00  99999.00  99999.00       0       0      41      41
32389  08  00   500  99999.00  99999.00   5063.20   6177.64   -403.61     90.55   -700.32    200.04       0     837     839     822
32389  08  00   400  99999.00  99999.00   6580.25   7955.21   -535.37     -0.17   -764.12     57.88       0     836     837     826
32389  08  00   300  99999.00  99999.00   8409.00  10149.12   -685.08   -144.00   -841.36   -132.28       0     834     833     826
32389  08  00   250  99999.00  99999.00   9554.39  11435.39   -733.40   -235.88   -842.22   -265.86       0     822     824     814
32389  08  00   200  99999.00  99999.00  11023.92  12883.08   -827.87   -174.95   -888.38   -271.22       0     814     819     810
32389  08  00   150  99999.00  99999.00  13008.15  14659.11   -723.16   -278.44   -862.84   -327.52       0     789     784     773
32389  08  00   100  99999.00  99999.00  15767.46  17174.70   -699.60   -328.56   -910.30   -334.66       0     758     757     745
32389  08  00    80  99999.00  99999.00  99999.00  99999.00  99999.00  99999.00  99999.00  99999.00       0       0      10      10
32389  08  00    70  99999.00  99999.00  18121.54  19447.18   -653.40   -366.60   -923.99   -334.79       0     705     708     694
32389  08  00    60  99999.00  99999.00  99999.00  99999.00  99999.00  99999.00  99999.00  99999.00       0       0       6       6
32389  08  00    50  99999.00  99999.00  20307.51  21649.35   -625.32   -378.12   -941.53   -317.53       0     657     658     641
32389  08  00    40  99999.00  99999.00  99999.00  99999.00  99999.00  99999.00  99999.00  99999.00       0       0      27      27
32389  08  00    30  99999.00  99999.00  23589.44  25063.64   -609.92   -350.12   -951.27   -297.27       0     583     584     564
32389  08  00    20  99999.00  99999.00  26213.64  27816.36   -618.91   -282.31   -984.71   -236.39       0     458     467     449
32389  08  00    15  99999.00  99999.00  99999.00  99999.00  99999.00  99999.00  99999.00  99999.00       0       0      55      51
32389  08  00    10  99999.00  99999.00  30650.53  32728.09  -4469.98   3572.18   -964.69   -203.89       0     173     206     198
32389  08  00     7  99999.00  99999.00  99999.00  99999.00  99999.00  99999.00  99999.00  99999.00       0       0      46      46
32389  08  00     5  99999.00  99999.00  99999.00  99999.00  99999.00  99999.00  99999.00  99999.00       0       0      21      20
32389  08  00     3  99999.00  99999.00  99999.00  99999.00  99999.00  99999.00  99999.00  99999.00       0       0       2       2
32389  08  00     2  99999.00  99999.00  99999.00  99999.00  99999.00  99999.00  99999.00  99999.00       0       0       0       0
32389  08  00     1  99999.00  99999.00  99999.00  99999.00  99999.00  99999.00  99999.00  99999.00       0       0       0       0
32389  09  00  9999    954.48   1059.96  99999.00  99999.00    -91.62    297.54   -121.95    214.17     727       0     727     726
32389  09  00  1000  99999.00  99999.00   -163.34    401.14   -109.44    294.60   -186.21    274.59       0     626     625     609
32389  09  00   925  99999.00  99999.00    304.60   1155.16   -160.30    275.54   -246.07    263.69       0     504     506     490
32389  09  00   900  99999.00  99999.00  99999.00  99999.00  99999.00  99999.00  99999.00  99999.00       0       0      27      27
32389  09  00   850  99999.00  99999.00    998.60   1844.96   -231.66    259.14   -320.08    251.24       0     763     766     749
32389  09  00   800  99999.00  99999.00  99999.00  99999.00  99999.00  99999.00  99999.00  99999.00       0       0      47      46
32389  09  00   700  99999.00  99999.00   2480.51   3443.15   -340.17    212.91   -578.92    305.12       0     764     766     752
32389  09  00   600  99999.00  99999.00  99999.00  99999.00  99999.00  99999.00  99999.00  99999.00       0       0      30      30
32389  09  00   500  99999.00  99999.00   4864.68   6174.12   -502.44     73.08   -715.46    117.94       0     763     764     752
32389  09  00   400  99999.00  99999.00   6328.37   7927.25   -628.60    -23.08   -798.88     -4.48       0     759     760     751
32389  09  00   300  99999.00  99999.00   8113.91  10074.47   -738.49   -185.77   -869.54   -187.10       0     755     759     752
32389  09  00   250  99999.00  99999.00   9256.60  11324.32   -804.73   -218.77   -903.61   -253.57       0     756     755     749
32389  09  00   200  99999.00  99999.00  10727.36  12744.56   -810.34   -206.74   -890.87   -280.55       0     748     749     741
32389  09  00   150  99999.00  99999.00  12707.03  14523.59   -722.23   -288.07   -873.94   -322.30       0     736     734     727
32389  09  00   100  99999.00  99999.00  15452.75  17051.51   -707.23   -321.31   -914.06   -330.38       0     714     715     707
32389  09  00    80  99999.00  99999.00  99999.00  99999.00  99999.00  99999.00  99999.00  99999.00       0       0      14      14
32389  09  00    70  99999.00  99999.00  17831.56  19297.72   -682.54   -351.94   -951.58   -320.38       0     676     678     669
32389  09  00    60  99999.00  99999.00  99999.00  99999.00  99999.00  99999.00  99999.00  99999.00       0       0      22      22
32389  09  00    50  99999.00  99999.00  20022.17  21466.85   -674.76   -362.28   -971.84   -316.52       0     638     634     623
32389  09  00    40  99999.00  99999.00  99999.00  99999.00  99999.00  99999.00  99999.00  99999.00       0       0      35      33
32389  09  00    30  99999.00  99999.00  23280.16  24842.80   -668.83   -346.63   -996.96   -294.96       0     561     562     553
32389  09  00    20  99999.00  99999.00  25847.03  27580.19   -661.89   -314.97   -994.36   -280.48       0     452     465     453
32389  09  00    15  99999.00  99999.00  99999.00  99999.00  99999.00  99999.00  99999.00  99999.00       0       0      56      54
32389  09  00    10  99999.00  99999.00  30194.04  32427.36   -702.90   -197.82  -1016.60   -220.04       0     187     233     225
32389  09  00     7  99999.00  99999.00  99999.00  99999.00  99999.00  99999.00  99999.00  99999.00       0       0      43      42
32389  09  00     5  99999.00  99999.00  99999.00  99999.00  99999.00  99999.00  99999.00  99999.00       0       0      14      14
32389  09  00     3  99999.00  99999.00  99999.00  99999.00  99999.00  99999.00  99999.00  99999.00       0       0       3       3
32389  09  00     2  99999.00  99999.00  99999.00  99999.00  99999.00  99999.00  99999.00  99999.00       0       0       1       1
32389  09  00     1  99999.00  99999.00  99999.00  99999.00  99999.00  99999.00  99999.00  99999.00       0       0       0       0
32389  10  00  9999    942.62   1066.94  99999.00  99999.00   -203.67    265.41   -147.15    239.61     768       0     767     767
32389  10  00  1000  99999.00  99999.00   -185.24    409.48   -220.84    261.80   -324.95    271.69       0     586     587     585
32389  10  00   925  99999.00  99999.00    207.49   1191.13   -222.10    202.82   -348.38    233.14       0     524     531     515
32389  10  00   900  99999.00  99999.00  99999.00  99999.00  99999.00  99999.00  99999.00  99999.00       0       0      23      23
32389  10  00   850  99999.00  99999.00    875.48   1861.16   -282.21    186.51   -389.39    210.25       0     785     787     770
32389  10  00   800  99999.00  99999.00  99999.00  99999.00  99999.00  99999.00  99999.00  99999.00       0       0      37      37
32389  10  00   700  99999.00  99999.00   2323.54   3424.30   -399.25    149.03   -582.59    211.81       0     780     785     776
32389  10  00   600  99999.00  99999.00  99999.00  99999.00  99999.00  99999.00  99999.00  99999.00       0       0      32      32
32389  10  00   500  99999.00  99999.00   4645.92   6089.28   -567.20     10.12   -738.01     47.03       0     782     783     780
32389  10  00   400  99999.00  99999.00   6071.51   7795.55   -669.34   -107.86   -797.77   -103.57       0     779     784     782
32389  10  00   300  99999.00  99999.00   7840.52   9866.00   -755.82   -261.06   -840.84   -291.00       0     777     778     777
32389  10  00   250  99999.00  99999.00   9003.80  11053.28   -836.82   -236.58   -885.24   -307.08       0     772     774     772
32389  10  00   200  99999.00  99999.00  10511.08  12421.12   -808.49   -233.57   -874.27   -307.03       0     761     761     759
32389  10  00   150  99999.00  99999.00  12452.53  14214.49   -715.63   -308.71   -840.45   -351.33       0     744     745     740
32389  10  00   100  99999.00  99999.00  15139.37  16795.97   -705.47   -323.63   -891.51   -333.75       0     722     723     719
32389  10  00    80  99999.00  99999.00  99999.00  99999.00  99999.00  99999.00  99999.00  99999.00       0       0      27      26
32389  10  00    70  99999.00  99999.00  17435.54  19128.74   -701.25   -329.25   -911.62   -334.06       0     700     702     699
32389  10  00    60  99999.00  99999.00  99999.00  99999.00  99999.00  99999.00  99999.00  99999.00       0       0      36      36
32389  10  00    50  99999.00  99999.00  19582.91  21345.83   -716.76   -316.32   -946.79   -317.15       0     643     646     645
32389  10  00    40  99999.00  99999.00  99999.00  99999.00  99999.00  99999.00  99999.00  99999.00       0       0      46      46
32389  10  00    30  99999.00  99999.00  22827.33  24742.65   -707.37   -308.13   -955.82   -316.82       0     545     554     554
32389  10  00    20  99999.00  99999.00  25367.47  27499.87   -710.64   -280.32   -974.83   -293.23       0     452     461     461
32389  10  00    15  99999.00  99999.00  99999.00  99999.00 -18247.47  15460.05   -947.77   -305.65       0       0      84      84
32389  10  00    10  99999.00  99999.00  29598.63  32363.79  -4343.28   3316.56   -998.87   -247.67       0     182     224     222
32389  10  00     7  99999.00  99999.00  99999.00  99999.00  99999.00  99999.00  99999.00  99999.00       0       0      36      36
32389  10  00     5  99999.00  99999.00  99999.00  99999.00  99999.00  99999.00  99999.00  99999.00       0       0      16      16
32389  10  00     3  99999.00  99999.00  99999.00  99999.00  99999.00  99999.00  99999.00  99999.00       0       0       0       0
32389  10  00     2  99999.00  99999.00  99999.00  99999.00  99999.00  99999.00  99999.00  99999.00       0       0       0       0
32389  10  00     1  99999.00  99999.00  99999.00  99999.00  99999.00  99999.00  99999.00  99999.00       0       0       1       1
32389  11  00  9999    925.68   1079.64  99999.00  99999.00   -418.85    301.63   -126.40    194.24     736       0     735     735
32389  11  00  1000  99999.00  99999.00   -244.11    484.41   -422.18    282.94   -461.10    253.74       0     470     470     459
32389  11  00   925  99999.00  99999.00     81.92   1262.60  -2388.99   2221.17   -433.81    209.39       0     528     533     516
32389  11  00   900  99999.00  99999.00  99999.00  99999.00  99999.00  99999.00  99999.00  99999.00       0       0      26      26
32389  11  00   850  99999.00  99999.00  -1203.65   3815.59  -2018.27   1792.57   -470.60    183.04       0     776     780     762
32389  11  00   800  99999.00  99999.00  99999.00  99999.00  99999.00  99999.00  99999.00  99999.00       0       0      46      46
32389  11  00   700  99999.00  99999.00   2142.48   3446.88   -488.18    133.30   -622.85    148.03       0     774     776     770
32389  11  00   600  99999.00  99999.00  99999.00  99999.00  99999.00  99999.00  99999.00  99999.00       0       0      31      31
32389  11  00   500  99999.00  99999.00   4384.67   6086.27   -650.94    -11.58   -771.42    -16.14       0     770     774     769
32389  11  00   400  99999.00  99999.00   5767.62   7773.30   -727.92   -141.00   -828.66   -157.02       0     767     767     764
32389  11  00   300  99999.00  99999.00   7523.31   9793.71   -768.38   -298.82   -857.59   -323.35       0     764     767     764
32389  11  00   250  99999.00  99999.00   8702.08  10950.64   -841.06   -250.18   -917.04   -295.08       0     759     761     757
32389  11  00   200  99999.00  99999.00  10208.87  12310.55   -836.03   -223.55   -928.76   -270.44       0     758     760     754
32389  11  00   150  99999.00  99999.00  12151.32  14086.08   -759.79   -276.91   -888.41   -314.33       0     745     745     740
32389  11  00   100  99999.00  99999.00  14825.16  16669.20   -754.14   -276.30   -926.45   -299.81       0     716     718     711
32389  11  00    80  99999.00  99999.00  99999.00  99999.00  99999.00  99999.00  99999.00  99999.00       0       0      15      15
32389  11  00    70  99999.00  99999.00  17072.29  19055.89   -759.68   -267.56   -958.83   -286.23       0     667     668     662
32389  11  00    60  99999.00  99999.00  99999.00  99999.00  99999.00  99999.00  99999.00  99999.00       0       0      34      31
32389  11  00    50  99999.00  99999.00  19203.52  21303.40  -2585.55   1533.93   -974.04   -288.60       0     598     604     596
32389  11  00    40  99999.00  99999.00  99999.00  99999.00  99999.00  99999.00  99999.00  99999.00       0       0      39      39
32389  11  00    30  99999.00  99999.00  22334.27  24825.47  -2737.09   1694.63  -1015.08   -263.64       0     518     524     515
32389  11  00    20  99999.00  99999.00  24848.41  27612.61  -2931.30   1895.70  -1051.41   -239.01       0     433     443     434
32389  11  00    15  99999.00  99999.00  99999.00  99999.00  -6394.51   5203.61  -1077.06   -227.34       0       0      97      96
32389  11  00    10  99999.00  99999.00  28844.51  32649.47   -883.61    -96.65  -1145.68   -162.28       0     166     203     200
32389  11  00     7  99999.00  99999.00  99999.00  99999.00  99999.00  99999.00  99999.00  99999.00       0       0      33      33
32389  11  00     5  99999.00  99999.00  99999.00  99999.00  99999.00  99999.00  99999.00  99999.00       0       0      12      12
32389  11  00     3  99999.00  99999.00  99999.00  99999.00  99999.00  99999.00  99999.00  99999.00       0       0       2       2
32389  11  00     2  99999.00  99999.00  99999.00  99999.00  99999.00  99999.00  99999.00  99999.00       0       0       0       0
32389  11  00     1  99999.00  99999.00  99999.00  99999.00  99999.00  99999.00  99999.00  99999.00       0       0       0       0
32389  12  00  9999    927.57   1076.37  99999.00  99999.00   -679.86    399.18    -74.73    126.27     833       0     833     833
32389  12  00  1000  99999.00  99999.00   -210.51    433.89   -653.97    344.31   -695.46    335.70       0     519     520     500
32389  12  00   925  99999.00  99999.00  -2084.06   3351.70  -2597.34   2345.58   -471.87    187.89       0     575     584     551
32389  12  00   900  99999.00  99999.00  99999.00  99999.00  99999.00  99999.00  99999.00  99999.00       0       0      53      53
32389  12  00   850  99999.00  99999.00    743.26   1841.98   -395.53    120.71   -505.11    159.93       0     891     891     870
32389  12  00   800  99999.00  99999.00  99999.00  99999.00  99999.00  99999.00  99999.00  99999.00       0       0      46      46
32389  12  00   700  99999.00  99999.00   2151.63   3343.71   -496.75     75.77   -625.56    100.32       0     888     889     886
32389  12  00   600  99999.00  99999.00  99999.00  99999.00  99999.00  99999.00  99999.00  99999.00       0       0      34      34
32389  12  00   500  99999.00  99999.00   4368.81   5947.65   -673.27    -47.35   -760.23    -70.11       0     887     889     888
32389  12  00   400  99999.00  99999.00   5738.05   7611.49   -745.16   -175.64   -820.64   -200.60       0     887     888     888
32389  12  00   300  99999.00  99999.00   7470.99   9614.55   -804.39   -307.47   -853.33   -355.81       0     881     881     878
32389  12  00   250  99999.00  99999.00   8624.14  10778.62   -875.57   -250.37   -910.57   -319.45       0     880     879     877
32389  12  00   200  99999.00  99999.00  10084.20  12166.08   -852.18   -225.30   -894.06   -305.34       0     874     876     876
32389  12  00   150  99999.00  99999.00  11922.28  14039.68   -796.89   -244.17   -856.79   -331.19       0     855     857     852
32389  12  00   100  99999.00  99999.00  10132.85  21036.17   -799.28   -215.24   -872.30   -323.06       0     834     834     830
32389  12  00    80  99999.00  99999.00  99999.00  99999.00  99999.00  99999.00  99999.00  99999.00       0       0      20      19
32389  12  00    70  99999.00  99999.00  16578.18  19309.26  -2337.66   1314.06   -902.02   -305.62       0     776     781     777
32389  12  00    60  99999.00  99999.00  99999.00  99999.00  99999.00  99999.00  99999.00  99999.00       0       0      40      40
32389  12  00    50  99999.00  99999.00  18666.52  21620.20  -2428.41   1418.07   -935.08   -281.32       0     705     705     702
32389  12  00    40  99999.00  99999.00  99999.00  99999.00  99999.00  99999.00  99999.00  99999.00       0       0      47      46
32389  12  00    30  99999.00  99999.00  21710.98  25305.22   -862.64   -105.80   -992.07   -240.39       0     589     590     583
32389  12  00    20  99999.00  99999.00  16173.02  36053.66   -932.86    -23.98  -1059.23   -187.19       0     497     506     499
32389  12  00    15  99999.00  99999.00  99999.00  99999.00 -11242.59   9633.21  -1118.37   -149.61       0       0      88      87
32389  12  00    10  99999.00  99999.00  28118.10  33441.66  -1020.48     63.12  -1155.59   -129.35       0     169     216     213
32389  12  00     7  99999.00  99999.00  99999.00  99999.00  99999.00  99999.00  99999.00  99999.00       0       0      30      30
32389  12  00     5  99999.00  99999.00  99999.00  99999.00  99999.00  99999.00  99999.00  99999.00       0       0      12      12
32389  12  00     3  99999.00  99999.00  99999.00  99999.00  99999.00  99999.00  99999.00  99999.00       0       0       1       1
32389  12  00     2  99999.00  99999.00  99999.00  99999.00  99999.00  99999.00  99999.00  99999.00       0       0       1       1
32389  12  00     1  99999.00  99999.00  99999.00  99999.00  99999.00  99999.00  99999.00  99999.00       0       0       0       0
