82599  01  00  9999    999.33   1016.49  99999.00  99999.00    216.85    321.61    -48.24    120.36     221       0     217     216
82599  01  00  1000  99999.00  99999.00     31.62    182.10    224.97    299.85    151.00    301.36       0     221     213     212
82599  01  00   925  99999.00  99999.00    712.73    868.13    161.98    255.46     57.09    310.77       0     220     220     219
82599  01  00   900  99999.00  99999.00  99999.00  99999.00  99999.00  99999.00  99999.00  99999.00       0       0       2       2
82599  01  00   850  99999.00  99999.00   1441.34   1597.22    100.30    251.02   -194.76    422.64       0     221     222     221
82599  01  00   800  99999.00  99999.00  99999.00  99999.00  99999.00  99999.00  99999.00  99999.00       0       0       3       3
82599  01  00   700  99999.00  99999.00   3079.93   3236.05     29.02    160.42   -566.42    492.22       0     220     222     221
82599  01  00   600  99999.00  99999.00  99999.00  99999.00  99999.00  99999.00  99999.00  99999.00       0       0       9       8
82599  01  00   500  99999.00  99999.00   5770.87   5975.95   -133.30     19.34  -1013.03    532.21       0     220     221     220
82599  01  00   400  99999.00  99999.00   7462.66   7710.94   -243.34    -88.18  -1105.67    432.73       0     219     219     218
82599  01  00   300  99999.00  99999.00   9524.76   9842.16   -406.61   -240.05  -1103.05    173.87       0     217     218     216
82599  01  00   250  99999.00  99999.00  10758.54  11126.34   -496.10   -353.18  -1075.78    -27.82       0     213     214     210
82599  01  00   200  99999.00  99999.00  12199.33  12623.53   -628.15   -455.35  -1062.49   -267.85       0     210     212     209
82599  01  00   150  99999.00  99999.00  13970.10  14432.70   -788.02   -545.50  -1063.24   -489.16       0     200     201     199
82599  01  00   100  99999.00  99999.00  16353.71  16794.83   -943.68   -635.88  -1194.92   -567.20       0     192     195     193
82599  01  00    80  99999.00  99999.00  99999.00  99999.00  99999.00  99999.00  99999.00  99999.00       0       0      22      22
82599  01  00    70  99999.00  99999.00  18412.07  18774.71   -975.66   -585.78  -1173.91   -586.99       0     180     185     184
82599  01  00    60  99999.00  99999.00  99999.00  99999.00  99999.00  99999.00  99999.00  99999.00       0       0      26      26
82599  01  00    50  99999.00  99999.00  20355.87  20760.63   -905.64   -493.92  -1158.26   -548.06       0     154     160     159
82599  01  00    40  99999.00  99999.00  99999.00  99999.00  99999.00  99999.00  99999.00  99999.00       0       0      33      33
82599  01  00    30  99999.00  99999.00  99999.00  99999.00  99999.00  99999.00  99999.00  99999.00       0      37      52      51
82599  01  00    20  99999.00  99999.00  99999.00  99999.00  99999.00  99999.00  99999.00  99999.00       0       0       1       1
82599  01  00    15  99999.00  99999.00  99999.00  99999.00  99999.00  99999.00  99999.00  99999.00       0       0       0       0
82599  01  00    10  99999.00  99999.00  99999.00  99999.00  99999.00  99999.00  99999.00  99999.00       0       0       0       0
82599  01  00     7  99999.00  99999.00  99999.00  99999.00  99999.00  99999.00  99999.00  99999.00       0       0       0       0
82599  01  00     5  99999.00  99999.00  99999.00  99999.00  99999.00  99999.00  99999.00  99999.00       0       0       1       1
82599  01  00     3  99999.00  99999.00  99999.00  99999.00  99999.00  99999.00  99999.00  99999.00       0       0       0       0
82599  01  00     2  99999.00  99999.00  99999.00  99999.00  99999.00  99999.00  99999.00  99999.00       0       0       0       0
82599  01  00     1  99999.00  99999.00  99999.00  99999.00  99999.00  99999.00  99999.00  99999.00       0       0       0       0
82599  02  00  9999   1000.87   1014.43  99999.00  99999.00    227.80    321.52    -55.81    132.23     198       0     194     193
82599  02  00  1000  99999.00  99999.00     46.09    162.85    229.73    304.73    158.87    303.59       0     194     186     185
82599  02  00   925  99999.00  99999.00    726.97    853.21    166.22    258.98     11.07    365.43       0     200     199     198
82599  02  00   900  99999.00  99999.00  99999.00  99999.00  99999.00  99999.00  99999.00  99999.00       0       0       6       6
82599  02  00   850  99999.00  99999.00   1455.34   1585.30    110.61    243.45   -109.64    360.52       0     199     198     197
82599  02  00   800  99999.00  99999.00  99999.00  99999.00  99999.00  99999.00  99999.00  99999.00       0       0       7       7
82599  02  00   700  99999.00  99999.00   3085.30   3233.86     36.23    156.59   -477.46    437.78       0     199     199     198
82599  02  00   600  99999.00  99999.00  99999.00  99999.00  99999.00  99999.00  99999.00  99999.00       0       0       4       4
82599  02  00   500  99999.00  99999.00   5792.09   5961.05   -122.20     13.16  -1023.27    545.97       0     198     198     197
82599  02  00   400  99999.00  99999.00   7493.87   7692.23   -227.73    -95.13  -1107.21    441.99       0     197     198     197
82599  02  00   300  99999.00  99999.00   9563.30   9827.42   -378.65   -250.97  -1166.70    209.82       0     196     197     196
82599  02  00   250  99999.00  99999.00  10817.20  11100.64   -472.82   -361.94  -1131.61      3.59       0     194     195     194
82599  02  00   200  99999.00  99999.00  12270.17  12591.41   -604.81   -471.49  -1072.29   -256.89       0     191     192     191
82599  02  00   150  99999.00  99999.00  14050.41  14390.13   -768.40   -575.56  -1073.94   -481.02       0     187     187     186
82599  02  00   100  99999.00  99999.00  16394.32  16777.84   -908.47   -673.15  -1165.70   -584.42       0     181     182     181
82599  02  00    80  99999.00  99999.00  99999.00  99999.00  99999.00  99999.00  99999.00  99999.00       0       0      14      14
82599  02  00    70  99999.00  99999.00  18449.17  18759.01   -976.54   -577.42  -1197.44   -553.76       0     176     177     176
82599  02  00    60  99999.00  99999.00  99999.00  99999.00  99999.00  99999.00  99999.00  99999.00       0       0      25      24
82599  02  00    50  99999.00  99999.00  20385.27  20755.35   -881.85   -514.53  -1185.37   -518.89       0     162     166     165
82599  02  00    40  99999.00  99999.00  99999.00  99999.00  99999.00  99999.00  99999.00  99999.00       0       0      24      24
82599  02  00    30  99999.00  99999.00  99999.00  99999.00  99999.00  99999.00  99999.00  99999.00       0      39      49      48
82599  02  00    20  99999.00  99999.00  99999.00  99999.00  99999.00  99999.00  99999.00  99999.00       0       0       0       0
82599  02  00    15  99999.00  99999.00  99999.00  99999.00  99999.00  99999.00  99999.00  99999.00       0       0       0       0
82599  02  00    10  99999.00  99999.00  99999.00  99999.00  99999.00  99999.00  99999.00  99999.00       0       0       0       0
82599  02  00     7  99999.00  99999.00  99999.00  99999.00  99999.00  99999.00  99999.00  99999.00       0       0       0       0
82599  02  00     5  99999.00  99999.00  99999.00  99999.00  99999.00  99999.00  99999.00  99999.00       0       0       0       0
82599  02  00     3  99999.00  99999.00  99999.00  99999.00  99999.00  99999.00  99999.00  99999.00       0       0       0       0
82599  02  00     2  99999.00  99999.00  99999.00  99999.00  99999.00  99999.00  99999.00  99999.00       0       0       0       0
82599  02  00     1  99999.00  99999.00  99999.00  99999.00  99999.00  99999.00  99999.00  99999.00       0       0       0       0
82599  03  00  9999   1001.02   1013.86  99999.00  99999.00    213.89    332.93    -74.33    145.75     235       0     235     235
82599  03  00  1000  99999.00  99999.00     46.80    158.52    224.17    315.97    164.32    301.12       0     230     224     224
82599  03  00   925  99999.00  99999.00    732.24    844.44    169.02    264.18    -41.89    417.59       0     233     232     232
82599  03  00   900  99999.00  99999.00  99999.00  99999.00  99999.00  99999.00  99999.00  99999.00       0       0       4       4
82599  03  00   850  99999.00  99999.00   1467.21   1572.21    113.68    250.72   -176.38    416.54       0     231     232     232
82599  03  00   800  99999.00  99999.00  99999.00  99999.00  99999.00  99999.00  99999.00  99999.00       0       0       4       4
82599  03  00   700  99999.00  99999.00   3104.49   3216.09     38.48    155.84   -568.24    536.96       0     231     232     232
82599  03  00   600  99999.00  99999.00  99999.00  99999.00  99999.00  99999.00  99999.00  99999.00       0       0      10      10
82599  03  00   500  99999.00  99999.00   5803.32   5955.72   -107.80      4.04   -956.01    491.79       0     227     228     228
82599  03  00   400  99999.00  99999.00   7509.41   7684.97   -215.98    -96.94  -1127.48    400.84       0     224     225     225
82599  03  00   300  99999.00  99999.00   9587.99   9820.19   -371.98   -248.98  -1172.84    196.24       0     225     225     225
82599  03  00   250  99999.00  99999.00  10832.24  11107.76   -469.85   -356.81  -1178.71     42.41       0     224     224     224
82599  03  00   200  99999.00  99999.00  12277.88  12609.44   -601.72   -471.88  -1071.82   -256.66       0     224     225     225
82599  03  00   150  99999.00  99999.00  14030.46  14430.18   -771.58   -585.22  -1032.50   -519.38       0     217     218     218
82599  03  00   100  99999.00  99999.00  16353.29  16820.57   -925.76   -669.20  -1171.48   -578.68       0     205     207     207
82599  03  00    80  99999.00  99999.00  99999.00  99999.00  99999.00  99999.00  99999.00  99999.00       0       0      29      29
82599  03  00    70  99999.00  99999.00  18387.36  18828.72   -963.75   -565.23  -1151.76   -571.08       0     194     195     195
82599  03  00    60  99999.00  99999.00  99999.00  99999.00  99999.00  99999.00  99999.00  99999.00       0       0      20      20
82599  03  00    50  99999.00  99999.00  20347.02  20831.34   -857.50   -513.10  -1184.82   -508.74       0     171     175     175
82599  03  00    40  99999.00  99999.00  99999.00  99999.00  99999.00  99999.00  99999.00  99999.00       0       0      36      36
82599  03  00    30  99999.00  99999.00  99999.00  99999.00  99999.00  99999.00  99999.00  99999.00       0      48      60      60
82599  03  00    20  99999.00  99999.00  99999.00  99999.00  99999.00  99999.00  99999.00  99999.00       0       0       0       0
82599  03  00    15  99999.00  99999.00  99999.00  99999.00  99999.00  99999.00  99999.00  99999.00       0       0       0       0
82599  03  00    10  99999.00  99999.00  99999.00  99999.00  99999.00  99999.00  99999.00  99999.00       0       0       0       0
82599  03  00     7  99999.00  99999.00  99999.00  99999.00  99999.00  99999.00  99999.00  99999.00       0       0       0       0
82599  03  00     5  99999.00  99999.00  99999.00  99999.00  99999.00  99999.00  99999.00  99999.00       0       0       0       0
82599  03  00     3  99999.00  99999.00  99999.00  99999.00  99999.00  99999.00  99999.00  99999.00       0       0       0       0
82599  03  00     2  99999.00  99999.00  99999.00  99999.00  99999.00  99999.00  99999.00  99999.00       0       0       0       0
82599  03  00     1  99999.00  99999.00  99999.00  99999.00  99999.00  99999.00  99999.00  99999.00       0       0       0       0
82599  04  00  9999    999.65   1015.61  99999.00  99999.00    197.14    346.90    -56.74    121.46     185       0     184     184
82599  04  00  1000  99999.00  99999.00     39.56    168.80    208.65    328.05    167.18    302.78       0     183     179     179
82599  04  00   925  99999.00  99999.00    726.12    853.92    173.75    261.23     81.87    304.23       0     181     181     181
82599  04  00   900  99999.00  99999.00  99999.00  99999.00  99999.00  99999.00  99999.00  99999.00       0       0       3       3
82599  04  00   850  99999.00  99999.00   1461.61   1581.97    125.60    239.60   -103.83    366.09       0     182     182     182
82599  04  00   800  99999.00  99999.00  99999.00  99999.00  99999.00  99999.00  99999.00  99999.00       0       0       8       8
82599  04  00   700  99999.00  99999.00   3100.36   3226.72     44.66    153.38   -472.28    494.44       0     180     182     182
82599  04  00   600  99999.00  99999.00  99999.00  99999.00  99999.00  99999.00  99999.00  99999.00       0       0      10      10
82599  04  00   500  99999.00  99999.00   5808.53   5962.25   -109.81     11.15   -891.33    493.47       0     178     181     181
82599  04  00   400  99999.00  99999.00   7511.02   7701.46   -210.26    -95.18  -1191.45    493.11       0     178     180     180
82599  04  00   300  99999.00  99999.00   9590.00   9843.44   -362.59   -245.47  -1219.85    238.51       0     177     178     178
82599  04  00   250  99999.00  99999.00  10838.62  11131.66   -459.92   -355.04  -1241.05     82.07       0     175     176     176
82599  04  00   200  99999.00  99999.00  12295.93  12631.81   -585.41   -478.25  -1103.33   -240.89       0     173     174     174
82599  04  00   150  99999.00  99999.00  14057.26  14448.34   -740.36   -615.92  -1024.44   -519.84       0     168     169     168
82599  04  00   100  99999.00  99999.00  16393.72  16815.76   -932.12   -683.60  -1241.76   -529.56       0     152     153     153
82599  04  00    80  99999.00  99999.00  99999.00  99999.00  99999.00  99999.00  99999.00  99999.00       0       0      23      23
82599  04  00    70  99999.00  99999.00  18402.05  18837.53   -937.75   -587.11  -1300.26   -423.66       0     144     145     145
82599  04  00    60  99999.00  99999.00  99999.00  99999.00  99999.00  99999.00  99999.00  99999.00       0       0      16      16
82599  04  00    50  99999.00  99999.00  20433.47  20766.83   -837.78   -520.26  -1203.34   -464.50       0     129     130     130
82599  04  00    40  99999.00  99999.00  99999.00  99999.00  99999.00  99999.00  99999.00  99999.00       0       0      22      22
82599  04  00    30  99999.00  99999.00  99999.00  99999.00  99999.00  99999.00  99999.00  99999.00       0      39      47      47
82599  04  00    20  99999.00  99999.00  99999.00  99999.00  99999.00  99999.00  99999.00  99999.00       0       0       0       0
82599  04  00    15  99999.00  99999.00  99999.00  99999.00  99999.00  99999.00  99999.00  99999.00       0       0       0       0
82599  04  00    10  99999.00  99999.00  99999.00  99999.00  99999.00  99999.00  99999.00  99999.00       0       0       0       0
82599  04  00     7  99999.00  99999.00  99999.00  99999.00  99999.00  99999.00  99999.00  99999.00       0       0       0       0
82599  04  00     5  99999.00  99999.00  99999.00  99999.00  99999.00  99999.00  99999.00  99999.00       0       0       0       0
82599  04  00     3  99999.00  99999.00  99999.00  99999.00  99999.00  99999.00  99999.00  99999.00       0       0       0       0
82599  04  00     2  99999.00  99999.00  99999.00  99999.00  99999.00  99999.00  99999.00  99999.00       0       0       0       0
82599  04  00     1  99999.00  99999.00  99999.00  99999.00  99999.00  99999.00  99999.00  99999.00       0       0       0       0
82599  05  00  9999   1001.03   1016.39  99999.00  99999.00    179.20    344.68    -84.98    139.30     279       0     279     279
82599  05  00  1000  99999.00  99999.00     49.69    177.25    185.49    332.61    155.94    307.26       0     275     270     270
82599  05  00   925  99999.00  99999.00    736.37    859.01    164.99    260.63     64.19    312.83       0     276     275     275
82599  05  00   900  99999.00  99999.00  99999.00  99999.00  99999.00  99999.00  99999.00  99999.00       0       0       3       3
82599  05  00   850  99999.00  99999.00   1470.40   1585.36    117.98    233.42    -85.38    351.78       0     274     274     274
82599  05  00   800  99999.00  99999.00  99999.00  99999.00  99999.00  99999.00  99999.00  99999.00       0       0       9       9
82599  05  00   700  99999.00  99999.00   3116.38   3218.38     35.84    160.64   -599.06    577.54       0     268     270     270
82599  05  00   600  99999.00  99999.00  99999.00  99999.00  99999.00  99999.00  99999.00  99999.00       0       0      16      16
82599  05  00   500  99999.00  99999.00   5823.40   5955.28   -115.26     15.66  -1124.18    650.38       0     259     263     263
82599  05  00   400  99999.00  99999.00   7527.83   7692.71   -211.16    -88.04  -1232.08    468.32       0     261     265     265
82599  05  00   300  99999.00  99999.00   9606.58   9836.14   -363.61   -245.77  -1320.16    271.04       0     258     262     261
82599  05  00   250  99999.00  99999.00  10850.07  11126.91   -464.08   -352.84  -1328.54    125.38       0     259     260     259
82599  05  00   200  99999.00  99999.00  12295.38  12635.10   -589.11   -475.83  -1153.09   -206.17       0     254     255     254
82599  05  00   150  99999.00  99999.00  14049.90  14460.66   -746.06   -607.70  -1075.84   -483.88       0     248     248     245
82599  05  00   100  99999.00  99999.00  16372.52  16846.28   -947.05   -654.49  -1281.47   -484.79       0     232     235     234
82599  05  00    80  99999.00  99999.00  99999.00  99999.00  99999.00  99999.00  99999.00  99999.00       0       0      35      35
82599  05  00    70  99999.00  99999.00  18394.42  18874.42  -4466.05   2870.99  -1205.00   -513.68       0     226     229     228
82599  05  00    60  99999.00  99999.00  99999.00  99999.00  99999.00  99999.00  99999.00  99999.00       0       0      28      28
82599  05  00    50  99999.00  99999.00  20415.02  20839.10   -828.95   -501.23  -1238.79   -417.51       0     201     202     201
82599  05  00    40  99999.00  99999.00  99999.00  99999.00  99999.00  99999.00  99999.00  99999.00       0       0      50      50
82599  05  00    30  99999.00  99999.00  23611.15  24012.79   -717.11   -395.87  -1307.65   -265.09       0      76      86      86
82599  05  00    20  99999.00  99999.00  99999.00  99999.00  99999.00  99999.00  99999.00  99999.00       0       0       1       1
82599  05  00    15  99999.00  99999.00  99999.00  99999.00  99999.00  99999.00  99999.00  99999.00       0       0       0       0
82599  05  00    10  99999.00  99999.00  99999.00  99999.00  99999.00  99999.00  99999.00  99999.00       0       0       0       0
82599  05  00     7  99999.00  99999.00  99999.00  99999.00  99999.00  99999.00  99999.00  99999.00       0       0       0       0
82599  05  00     5  99999.00  99999.00  99999.00  99999.00  99999.00  99999.00  99999.00  99999.00       0       0       1       1
82599  05  00     3  99999.00  99999.00  99999.00  99999.00  99999.00  99999.00  99999.00  99999.00       0       0       0       0
82599  05  00     2  99999.00  99999.00  99999.00  99999.00  99999.00  99999.00  99999.00  99999.00       0       0       0       0
82599  05  00     1  99999.00  99999.00  99999.00  99999.00  99999.00  99999.00  99999.00  99999.00       0       0       0       0
82599  06  00  9999   1003.10   1017.38  99999.00  99999.00    175.86    320.82    -71.91    108.33     184       0     182     182
82599  06  00  1000  99999.00  99999.00     65.80    187.36    168.32    320.00    135.95    311.51       0     178     173     173
82599  06  00   925  99999.00  99999.00    742.11    873.27    147.13    258.97    -62.27    418.21       0     175     171     170
82599  06  00   900  99999.00  99999.00  99999.00  99999.00  99999.00  99999.00  99999.00  99999.00       0       0       2       2
82599  06  00   850  99999.00  99999.00   1465.40   1604.48    100.93    225.61   -143.84    409.96       0     176     175     175
82599  06  00   800  99999.00  99999.00  99999.00  99999.00  99999.00  99999.00  99999.00  99999.00       0       0       7       7
82599  06  00   700  99999.00  99999.00   3094.25   3243.29     19.86    161.22   -659.98    632.30       0     169     170     170
82599  06  00   600  99999.00  99999.00  99999.00  99999.00  99999.00  99999.00  99999.00  99999.00       0       0       6       6
82599  06  00   500  99999.00  99999.00   5792.13   5974.29   -127.25     12.55  -1144.39    648.65       0     165     168     168
82599  06  00   400  99999.00  99999.00   7487.09   7708.13   -235.06    -83.26  -1241.33    389.59       0     163     165     163
82599  06  00   300  99999.00  99999.00   9581.41   9824.65   -369.99   -259.59  -1255.06    130.10       0     155     156     154
82599  06  00   250  99999.00  99999.00  10832.44  11100.76   -470.29   -365.65  -1212.19    -51.91       0     156     157     155
82599  06  00   200  99999.00  99999.00  12288.29  12587.33   -589.41   -492.09  -1117.42   -313.18       0     155     157     155
82599  06  00   150  99999.00  99999.00  14053.21  14394.85   -746.02   -601.30  -1116.01   -499.81       0     149     151     149
82599  06  00   100  99999.00  99999.00  16408.07  16775.75   -925.20   -639.96  -1218.27   -571.35       0     136     138     136
82599  06  00    80  99999.00  99999.00  99999.00  99999.00  99999.00  99999.00  99999.00  99999.00       0       0      26      26
82599  06  00    70  99999.00  99999.00  18427.80  18865.32  -5759.19   4159.29  -1156.86   -580.38       0     125     126     125
82599  06  00    60  99999.00  99999.00  99999.00  99999.00  99999.00  99999.00  99999.00  99999.00       0       0      14      14
82599  06  00    50  99999.00  99999.00  20460.95  20865.83   -809.17   -486.37  -1234.20   -463.80       0     115     115     114
82599  06  00    40  99999.00  99999.00  99999.00  99999.00  99999.00  99999.00  99999.00  99999.00       0       0      20      20
82599  06  00    30  99999.00  99999.00  99999.00  99999.00  99999.00  99999.00  99999.00  99999.00       0      50      56      56
82599  06  00    20  99999.00  99999.00  99999.00  99999.00  99999.00  99999.00  99999.00  99999.00       0       0       2       2
82599  06  00    15  99999.00  99999.00  99999.00  99999.00  99999.00  99999.00  99999.00  99999.00       0       0       0       0
82599  06  00    10  99999.00  99999.00  99999.00  99999.00  99999.00  99999.00  99999.00  99999.00       0       0       0       0
82599  06  00     7  99999.00  99999.00  99999.00  99999.00  99999.00  99999.00  99999.00  99999.00       0       0       0       0
82599  06  00     5  99999.00  99999.00  99999.00  99999.00  99999.00  99999.00  99999.00  99999.00       0       0       1       1
82599  06  00     3  99999.00  99999.00  99999.00  99999.00  99999.00  99999.00  99999.00  99999.00       0       0       0       0
82599  06  00     2  99999.00  99999.00  99999.00  99999.00  99999.00  99999.00  99999.00  99999.00       0       0       0       0
82599  06  00     1  99999.00  99999.00  99999.00  99999.00  99999.00  99999.00  99999.00  99999.00       0       0       0       0
82599  07  00  9999   1003.20   1019.04  99999.00  99999.00    171.59    317.75    -99.26    139.30     179       0     179     179
82599  07  00  1000  99999.00  99999.00     67.58    200.54    175.19    305.51    137.49    295.41       0     177     177     177
82599  07  00   925  99999.00  99999.00    750.66    877.26    154.30    239.14     57.87    291.87       0     177     176     176
82599  07  00   900  99999.00  99999.00  99999.00  99999.00  99999.00  99999.00  99999.00  99999.00       0       0       2       2
82599  07  00   850  99999.00  99999.00   1478.12   1600.76    107.63    206.51    -61.23    312.33       0     176     175     175
82599  07  00   800  99999.00  99999.00  99999.00  99999.00  99999.00  99999.00  99999.00  99999.00       0       0       5       5
82599  07  00   700  99999.00  99999.00   3104.71   3237.43     22.35    155.31   -798.78    674.94       0     174     173     173
82599  07  00   600  99999.00  99999.00  99999.00  99999.00  99999.00  99999.00  99999.00  99999.00       0       0       6       6
82599  07  00   500  99999.00  99999.00   5803.96   5958.52   -132.05     16.51  -1254.40    631.88       0     170     172     172
82599  07  00   400  99999.00  99999.00   7507.77   7684.41   -237.92    -85.76  -1236.69    334.47       0     169     170     170
82599  07  00   300  99999.00  99999.00   9588.50   9801.38   -381.60   -259.68  -1288.92    122.40       0     166     167     167
82599  07  00   250  99999.00  99999.00  10834.91  11074.67   -474.72   -373.32  -1267.00    -32.32       0     163     164     164
82599  07  00   200  99999.00  99999.00  12292.66  12554.74   -595.00   -491.56  -1147.58   -294.62       0     162     162     162
82599  07  00   150  99999.00  99999.00  14070.34  14348.02   -752.81   -592.49  -1111.33   -488.29       0     159     160     160
82599  07  00   100  99999.00  99999.00  16423.34  16751.42   -866.46   -658.86  -1302.15   -472.71       0     145     148     148
82599  07  00    80  99999.00  99999.00  99999.00  99999.00  99999.00  99999.00  99999.00  99999.00       0       0       9       9
82599  07  00    70  99999.00  99999.00  18500.64  18842.52   -856.01   -548.21  -1184.26   -532.90       0     133     133     133
82599  07  00    60  99999.00  99999.00  99999.00  99999.00  99999.00  99999.00  99999.00  99999.00       0       0      22      22
82599  07  00    50  99999.00  99999.00  20541.35  20860.91  -5722.51   4279.37  -1233.15   -485.07       0     124     126     126
82599  07  00    40  99999.00  99999.00  99999.00  99999.00  99999.00  99999.00  99999.00  99999.00       0       0      23      23
82599  07  00    30  99999.00  99999.00  99999.00  99999.00   -704.95   -438.43  -1176.62   -503.18       0      60      67      67
82599  07  00    20  99999.00  99999.00  99999.00  99999.00  99999.00  99999.00  99999.00  99999.00       0       0       1       1
82599  07  00    15  99999.00  99999.00  99999.00  99999.00  99999.00  99999.00  99999.00  99999.00       0       0       0       0
82599  07  00    10  99999.00  99999.00  99999.00  99999.00  99999.00  99999.00  99999.00  99999.00       0       0       0       0
82599  07  00     7  99999.00  99999.00  99999.00  99999.00  99999.00  99999.00  99999.00  99999.00       0       0       0       0
82599  07  00     5  99999.00  99999.00  99999.00  99999.00  99999.00  99999.00  99999.00  99999.00       0       0       0       0
82599  07  00     3  99999.00  99999.00  99999.00  99999.00  99999.00  99999.00  99999.00  99999.00       0       0       0       0
82599  07  00     2  99999.00  99999.00  99999.00  99999.00  99999.00  99999.00  99999.00  99999.00       0       0       0       0
82599  07  00     1  99999.00  99999.00  99999.00  99999.00  99999.00  99999.00  99999.00  99999.00       0       0       0       0
82599  08  00  9999   1003.27   1019.11  99999.00  99999.00    178.01    313.13   -158.54    213.94     181       0     178     178
82599  08  00  1000  99999.00  99999.00     66.92    201.44    175.38    306.18    132.02    293.42       0     176     175     175
82599  08  00   925  99999.00  99999.00    747.98    877.94    149.99    236.75     46.59    292.35       0     160     158     158
82599  08  00   900  99999.00  99999.00  99999.00  99999.00  99999.00  99999.00  99999.00  99999.00       0       0       6       6
82599  08  00   850  99999.00  99999.00   1471.63   1603.99     89.86    219.10   -135.41    367.03       0     175     172     172
82599  08  00   800  99999.00  99999.00  99999.00  99999.00  99999.00  99999.00  99999.00  99999.00       0       0       5       5
82599  08  00   700  99999.00  99999.00   3099.05   3236.69     15.30    167.46   -749.80    539.72       0     173     172     171
82599  08  00   600  99999.00  99999.00  99999.00  99999.00  99999.00  99999.00  99999.00  99999.00       0       0       6       6
82599  08  00   500  99999.00  99999.00   5800.36   5955.88   -130.22     21.10  -1071.85    309.83       0     170     170     169
82599  08  00   400  99999.00  99999.00   7505.07   7683.51   -230.78    -88.46  -1059.98    120.70       0     168     169     166
82599  08  00   300  99999.00  99999.00   9579.67   9807.19   -381.87   -258.15  -1211.88     69.12       0     166     165     164
82599  08  00   250  99999.00  99999.00  10824.88  11082.40   -488.41   -357.37  -1210.36    -60.76       0     162     162     161
82599  08  00   200  99999.00  99999.00  12268.00  12577.48   -608.25   -471.93  -1085.03   -335.87       0     157     158     155
82599  08  00   150  99999.00  99999.00  14051.17  14373.61   -753.14   -590.42  -1082.90   -518.42       0     155     156     154
82599  08  00   100  99999.00  99999.00  16438.49  16735.97   -905.36   -619.16  -1187.30   -552.38       0     141     145     143
82599  08  00    80  99999.00  99999.00  99999.00  99999.00  99999.00  99999.00  99999.00  99999.00       0       0      10      10
82599  08  00    70  99999.00  99999.00  18518.46  18841.98   -851.00   -543.68  -1187.95   -500.35       0     136     134     133
82599  08  00    60  99999.00  99999.00  99999.00  99999.00  99999.00  99999.00  99999.00  99999.00       0       0      12      12
82599  08  00    50  99999.00  99999.00  20559.27  20873.19  -5618.03   4207.21  -1276.63   -370.75       0     130     131     130
82599  08  00    40  99999.00  99999.00  99999.00  99999.00  99999.00  99999.00  99999.00  99999.00       0       0      17      17
82599  08  00    30  99999.00  99999.00  23641.64  24174.56   -741.54   -403.14  -1297.86   -296.22       0      79      91      90
82599  08  00    20  99999.00  99999.00  99999.00  99999.00  99999.00  99999.00  99999.00  99999.00       0       1       3       3
82599  08  00    15  99999.00  99999.00  99999.00  99999.00  99999.00  99999.00  99999.00  99999.00       0       0       0       0
82599  08  00    10  99999.00  99999.00  99999.00  99999.00  99999.00  99999.00  99999.00  99999.00       0       0       0       0
82599  08  00     7  99999.00  99999.00  99999.00  99999.00  99999.00  99999.00  99999.00  99999.00       0       0       0       0
82599  08  00     5  99999.00  99999.00  99999.00  99999.00  99999.00  99999.00  99999.00  99999.00       0       0       0       0
82599  08  00     3  99999.00  99999.00  99999.00  99999.00  99999.00  99999.00  99999.00  99999.00       0       0       0       0
82599  08  00     2  99999.00  99999.00  99999.00  99999.00  99999.00  99999.00  99999.00  99999.00       0       0       0       0
82599  08  00     1  99999.00  99999.00  99999.00  99999.00  99999.00  99999.00  99999.00  99999.00       0       0       0       0
82599  09  00  9999   1004.00   1018.04  99999.00  99999.00    186.70    314.02   -187.18    253.94     173       0     171     171
82599  09  00  1000  99999.00  99999.00     69.79    196.15    189.72    298.56    130.60    292.72       0     164     162     162
82599  09  00   925  99999.00  99999.00    749.64    877.32    154.93    230.29     42.63    300.39       0     150     148     148
82599  09  00   900  99999.00  99999.00  99999.00  99999.00  99999.00  99999.00  99999.00  99999.00       0       0       1       1
82599  09  00   850  99999.00  99999.00   1470.10   1602.82     92.03    213.83   -102.04    336.44       0     164     162     162
82599  09  00   800  99999.00  99999.00  99999.00  99999.00  99999.00  99999.00  99999.00  99999.00       0       0       6       6
82599  09  00   700  99999.00  99999.00   3091.06   3244.66     11.37    174.45   -815.98    560.18       0     161     163     163
82599  09  00   600  99999.00  99999.00  99999.00  99999.00  99999.00  99999.00  99999.00  99999.00       0       0       6       6
82599  09  00   500  99999.00  99999.00   5796.32   5957.36   -122.00     10.60  -1089.67    275.21       0     155     158     158
82599  09  00   400  99999.00  99999.00   7498.59   7686.99   -226.94    -92.18  -1184.99    202.45       0     154     158     157
82599  09  00   300  99999.00  99999.00   9573.32   9811.88   -376.66   -262.66  -1288.39    103.13       0     150     152     152
82599  09  00   250  99999.00  99999.00  10827.80  11080.52   -475.94   -365.66  -1288.04    -32.24       0     149     151     151
82599  09  00   200  99999.00  99999.00  12279.59  12567.35   -597.84   -485.40  -1122.43   -307.03       0     144     146     146
82599  09  00   150  99999.00  99999.00  14051.06  14368.22   -744.05   -603.77  -1089.53   -490.49       0     140     141     141
82599  09  00   100  99999.00  99999.00  16439.32  16730.08   -906.55   -628.51  -1316.11   -431.83       0     132     137     137
82599  09  00    80  99999.00  99999.00  99999.00  99999.00  99999.00  99999.00  99999.00  99999.00       0       0      15      15
82599  09  00    70  99999.00  99999.00  18529.87  18803.95   -867.53   -530.57  -1167.65   -514.13       0     123     125     125
82599  09  00    60  99999.00  99999.00  99999.00  99999.00  99999.00  99999.00  99999.00  99999.00       0       0      10      10
82599  09  00    50  99999.00  99999.00  20548.41  20851.41   -797.00   -483.20  -1262.87   -395.51       0     116     118     117
82599  09  00    40  99999.00  99999.00  99999.00  99999.00  99999.00  99999.00  99999.00  99999.00       0       0      16      16
82599  09  00    30  99999.00  99999.00  23607.76  24165.28   -734.00   -406.76  -1295.22   -284.46       0      69      74      74
82599  09  00    20  99999.00  99999.00  99999.00  99999.00  99999.00  99999.00  99999.00  99999.00       0       3       5       5
82599  09  00    15  99999.00  99999.00  99999.00  99999.00  99999.00  99999.00  99999.00  99999.00       0       0       0       0
82599  09  00    10  99999.00  99999.00  99999.00  99999.00  99999.00  99999.00  99999.00  99999.00       0       0       0       0
82599  09  00     7  99999.00  99999.00  99999.00  99999.00  99999.00  99999.00  99999.00  99999.00       0       0       0       0
82599  09  00     5  99999.00  99999.00  99999.00  99999.00  99999.00  99999.00  99999.00  99999.00       0       0       0       0
82599  09  00     3  99999.00  99999.00  99999.00  99999.00  99999.00  99999.00  99999.00  99999.00       0       0       0       0
82599  09  00     2  99999.00  99999.00  99999.00  99999.00  99999.00  99999.00  99999.00  99999.00       0       0       0       0
82599  09  00     1  99999.00  99999.00  99999.00  99999.00  99999.00  99999.00  99999.00  99999.00       0       0       0       0
82599  10  00  9999   1000.93   1017.85  99999.00  99999.00    214.17    303.45   -580.44    716.52     152       0     149     149
82599  10  00  1000  99999.00  99999.00     46.16    191.24    214.22    290.06    147.68    274.52       0     150     145     145
82599  10  00   925  99999.00  99999.00    724.00    873.52    149.81    244.85     75.66    271.02       0     134     130     130
82599  10  00   900  99999.00  99999.00  99999.00  99999.00  99999.00  99999.00  99999.00  99999.00       0       0       2       2
82599  10  00   850  99999.00  99999.00   1452.89   1596.05     52.38    271.62   -295.47    493.53       0     151     152     152
82599  10  00   800  99999.00  99999.00  99999.00  99999.00  99999.00  99999.00  99999.00  99999.00       0       0       8       8
82599  10  00   700  99999.00  99999.00   3086.60   3232.76     20.87    171.71   -769.39    524.09       0     148     150     150
82599  10  00   600  99999.00  99999.00  99999.00  99999.00  99999.00  99999.00  99999.00  99999.00       0       0       8       8
82599  10  00   500  99999.00  99999.00   5781.53   5962.85   -124.77     20.91  -1029.51    283.89       0     146     148     148
82599  10  00   400  99999.00  99999.00   7480.20   7700.76   -230.96    -83.84  -1048.75    162.17       0     145     147     147
82599  10  00   300  99999.00  99999.00   9527.84   9854.96   -379.02   -250.50  -1192.85     51.43       0     143     143     143
82599  10  00   250  99999.00  99999.00  10787.75  11123.03   -471.42   -366.06  -1203.46    -75.70       0     141     141     141
82599  10  00   200  99999.00  99999.00  12230.54  12619.10   -597.90   -485.70  -1049.34   -340.74       0     139     140     140
82599  10  00   150  99999.00  99999.00  14006.45  14411.33   -740.87   -614.03   -945.06   -599.94       0     135     136     135
82599  10  00   100  99999.00  99999.00  16395.53  16750.01   -913.99   -649.51  -1084.57   -635.41       0     130     130     129
82599  10  00    80  99999.00  99999.00  99999.00  99999.00  99999.00  99999.00  99999.00  99999.00       0       0      23      23
82599  10  00    70  99999.00  99999.00  18451.00  18815.56  -7744.44   6010.80  -1090.23   -578.79       0     128     130     130
82599  10  00    60  99999.00  99999.00  99999.00  99999.00  99999.00  99999.00  99999.00  99999.00       0       0      13      13
82599  10  00    50  99999.00  99999.00  20420.21  20875.25   -815.76   -492.48  -1282.20   -391.56       0     119     121     120
82599  10  00    40  99999.00  99999.00  99999.00  99999.00  99999.00  99999.00  99999.00  99999.00       0       0      20      20
82599  10  00    30  99999.00  99999.00  99999.00  99999.00   -751.83   -399.99  -1330.63   -255.19       0      60      70      70
82599  10  00    20  99999.00  99999.00  99999.00  99999.00  99999.00  99999.00  99999.00  99999.00       0       1       2       2
82599  10  00    15  99999.00  99999.00  99999.00  99999.00  99999.00  99999.00  99999.00  99999.00       0       0       0       0
82599  10  00    10  99999.00  99999.00  99999.00  99999.00  99999.00  99999.00  99999.00  99999.00       0       0       0       0
82599  10  00     7  99999.00  99999.00  99999.00  99999.00  99999.00  99999.00  99999.00  99999.00       0       0       0       0
82599  10  00     5  99999.00  99999.00  99999.00  99999.00  99999.00  99999.00  99999.00  99999.00       0       0       0       0
82599  10  00     3  99999.00  99999.00  99999.00  99999.00  99999.00  99999.00  99999.00  99999.00       0       0       0       0
82599  10  00     2  99999.00  99999.00  99999.00  99999.00  99999.00  99999.00  99999.00  99999.00       0       0       0       0
82599  10  00     1  99999.00  99999.00  99999.00  99999.00  99999.00  99999.00  99999.00  99999.00       0       0       0       0
82599  11  00  9999   1000.47   1015.83  99999.00  99999.00    221.72    305.24   -207.17    293.95     269       0     264     264
82599  11  00  1000  99999.00  99999.00     42.81    173.25    228.65    284.81    151.22    283.58       0     269     262     262
82599  11  00   925  99999.00  99999.00    720.94    859.30    160.82    241.34     83.45    276.29       0     249     246     246
82599  11  00   900  99999.00  99999.00  99999.00  99999.00  99999.00  99999.00  99999.00  99999.00       0       0       5       5
82599  11  00   850  99999.00  99999.00   1450.12   1583.08     73.76    262.28   -225.93    433.71       0     272     271     271
82599  11  00   800  99999.00  99999.00  99999.00  99999.00  99999.00  99999.00  99999.00  99999.00       0       0      12      12
82599  11  00   700  99999.00  99999.00   3081.14   3225.74     34.07    161.03   -701.29    488.63       0     272     270     269
82599  11  00   600  99999.00  99999.00  99999.00  99999.00  99999.00  99999.00  99999.00  99999.00       0       0       9       9
82599  11  00   500  99999.00  99999.00   5788.62   5954.82   -115.98     12.18  -1034.78    380.38       0     268     267     265
82599  11  00   400  99999.00  99999.00   7492.25   7685.09   -228.47    -87.47  -1108.27    287.33       0     263     263     260
82599  11  00   300  99999.00  99999.00   9557.67   9825.87   -380.45   -249.77  -1202.71    116.09       0     260     260     258
82599  11  00   250  99999.00  99999.00  10805.17  11103.73   -476.25   -362.01  -1210.20     -8.64       0     254     254     253
82599  11  00   200  99999.00  99999.00  12252.68  12596.48   -595.58   -483.38  -1094.50   -283.18       0     249     248     247
82599  11  00   150  99999.00  99999.00  14037.59  14389.67   -751.51   -595.87  -1028.18   -535.46       0     240     240     239
82599  11  00   100  99999.00  99999.00  16394.83  16753.27   -930.42   -653.46  -1323.13   -450.73       0     237     239     238
82599  11  00    80  99999.00  99999.00  99999.00  99999.00  99999.00  99999.00  99999.00  99999.00       0       0      23      23
82599  11  00    70  99999.00  99999.00  18459.42  18770.58   -930.26   -561.74  -1270.97   -451.73       0     226     227     226
82599  11  00    60  99999.00  99999.00  99999.00  99999.00  99999.00  99999.00  99999.00  99999.00       0       0      36      36
82599  11  00    50  99999.00  99999.00  20414.34  20800.74   -845.51   -500.27  -1221.22   -457.06       0     211     214     212
82599  11  00    40  99999.00  99999.00  99999.00  99999.00  99999.00  99999.00  99999.00  99999.00       0       0      27      27
82599  11  00    30  99999.00  99999.00  23425.63  24103.99   -750.39   -395.79  -1261.81   -319.45       0     104     122     120
82599  11  00    20  99999.00  99999.00  99999.00  99999.00  99999.00  99999.00  99999.00  99999.00       0       5       6       6
82599  11  00    15  99999.00  99999.00  99999.00  99999.00  99999.00  99999.00  99999.00  99999.00       0       0       1       1
82599  11  00    10  99999.00  99999.00  99999.00  99999.00  99999.00  99999.00  99999.00  99999.00       0       0       0       0
82599  11  00     7  99999.00  99999.00  99999.00  99999.00  99999.00  99999.00  99999.00  99999.00       0       0       0       0
82599  11  00     5  99999.00  99999.00  99999.00  99999.00  99999.00  99999.00  99999.00  99999.00       0       0       0       0
82599  11  00     3  99999.00  99999.00  99999.00  99999.00  99999.00  99999.00  99999.00  99999.00       0       0       0       0
82599  11  00     2  99999.00  99999.00  99999.00  99999.00  99999.00  99999.00  99999.00  99999.00       0       0       0       0
82599  11  00     1  99999.00  99999.00  99999.00  99999.00  99999.00  99999.00  99999.00  99999.00       0       0       0       0
82599  12  00  9999    999.07   1016.47  99999.00  99999.00    236.14    296.02    -28.96    105.32     199       0     195     195
82599  12  00  1000  99999.00  99999.00     31.29    178.53    235.80    286.08    158.15    285.83       0     195     191     191
82599  12  00   925  99999.00  99999.00    710.10    866.34    165.38    247.46     78.68    284.24       0     199     198     198
82599  12  00   900  99999.00  99999.00  99999.00  99999.00  99999.00  99999.00  99999.00  99999.00       0       0       2       2
82599  12  00   850  99999.00  99999.00   1437.45   1595.49     88.98    259.98   -222.17    426.43       0     196     196     196
82599  12  00   800  99999.00  99999.00  99999.00  99999.00  99999.00  99999.00  99999.00  99999.00       0       0       7       7
82599  12  00   700  99999.00  99999.00   3072.24   3237.00     36.06    156.78   -675.78    521.58       0     197     196     196
82599  12  00   600  99999.00  99999.00  99999.00  99999.00  99999.00  99999.00  99999.00  99999.00       0       0       9       9
82599  12  00   500  99999.00  99999.00   5778.31   5965.27   -118.01     11.59  -1105.74    488.82       0     195     195     195
82599  12  00   400  99999.00  99999.00   7486.29   7685.61   -251.46    -76.74  -1194.81    423.15       0     195     196     196
82599  12  00   300  99999.00  99999.00   9547.04   9820.28   -402.98   -240.74  -1305.34    267.74       0     194     194     194
82599  12  00   250  99999.00  99999.00  10779.71  11105.63   -497.53   -351.61  -1234.35     53.61       0     191     191     191
82599  12  00   200  99999.00  99999.00  12226.00  12597.88   -606.19   -474.67  -1093.92   -260.88       0     186     186     186
82599  12  00   150  99999.00  99999.00  14028.42  14378.46   -775.80   -554.64  -1014.26   -529.10       0     180     180     180
82599  12  00   100  99999.00  99999.00  16430.12  16715.72   -919.67   -657.11  -1160.85   -582.33       0     178     181     181
82599  12  00    80  99999.00  99999.00  99999.00  99999.00  99999.00  99999.00  99999.00  99999.00       0       0      24      24
82599  12  00    70  99999.00  99999.00  18468.55  18726.31   -920.95   -598.75  -1071.49   -644.17       0     148     149     149
82599  12  00    60  99999.00  99999.00  99999.00  99999.00  99999.00  99999.00  99999.00  99999.00       0       0      23      23
82599  12  00    50  99999.00  99999.00  20394.28  20767.60   -871.15   -495.07  -1150.32   -556.44       0     128     130     130
82599  12  00    40  99999.00  99999.00  99999.00  99999.00  99999.00  99999.00  99999.00  99999.00       0       0      21      21
82599  12  00    30  99999.00  99999.00  99999.00  99999.00  99999.00  99999.00  99999.00  99999.00       0      30      36      36
82599  12  00    20  99999.00  99999.00  99999.00  99999.00  99999.00  99999.00  99999.00  99999.00       0       1       1       1
82599  12  00    15  99999.00  99999.00  99999.00  99999.00  99999.00  99999.00  99999.00  99999.00       0       0       0       0
82599  12  00    10  99999.00  99999.00  99999.00  99999.00  99999.00  99999.00  99999.00  99999.00       0       0       0       0
82599  12  00     7  99999.00  99999.00  99999.00  99999.00  99999.00  99999.00  99999.00  99999.00       0       0       0       0
82599  12  00     5  99999.00  99999.00  99999.00  99999.00  99999.00  99999.00  99999.00  99999.00       0       0       0       0
82599  12  00     3  99999.00  99999.00  99999.00  99999.00  99999.00  99999.00  99999.00  99999.00       0       0       0       0
82599  12  00     2  99999.00  99999.00  99999.00  99999.00  99999.00  99999.00  99999.00  99999.00       0       0       0       0
82599  12  00     1  99999.00  99999.00  99999.00  99999.00  99999.00  99999.00  99999.00  99999.00       0       0       0       0
