94302  01  00  9999    990.20   1024.04  99999.00  99999.00     88.44    408.36   -153.51    272.97     753       0     752     752
94302  01  00  1000  99999.00  99999.00    -65.09    201.31     84.15    400.83    -15.15    378.33       0     743     743     743
94302  01  00   925  99999.00  99999.00    600.15    901.83     10.07    522.11   -424.95    595.89       0     507     513     511
94302  01  00   900  99999.00  99999.00  99999.00  99999.00  99999.00  99999.00  99999.00  99999.00       0       0      16      16
94302  01  00   850  99999.00  99999.00  -2081.46   5009.94  -2951.63   3361.09   -442.05    528.51       0     757     758     755
94302  01  00   800  99999.00  99999.00  99999.00  99999.00  99999.00  99999.00  99999.00  99999.00       0       0      11      11
94302  01  00   700  99999.00  99999.00   -940.10   7174.06  -3030.71   3200.05   -543.64    500.84       0     757     758     757
94302  01  00   600  99999.00  99999.00  99999.00  99999.00  99999.00  99999.00  99999.00  99999.00       0       0      30      29
94302  01  00   500  99999.00  99999.00    936.32  10714.76  -3147.35   2978.05  -1078.43    527.41       0     758     759     752
94302  01  00   400  99999.00  99999.00   2114.79  12956.91  -3222.28   2846.84  -1150.98    324.90       0     757     757     748
94302  01  00   300  99999.00  99999.00   3558.73  15708.61  -3325.92   2656.92  -1161.97     73.31       0     756     756     745
94302  01  00   250  99999.00  99999.00   4414.03  17383.51  -3399.83   2544.01  -1158.48    -86.28       0     752     751     738
94302  01  00   200  99999.00  99999.00   5420.01  19337.97  -3481.30   2397.62  -1136.55   -292.35       0     749     749     736
94302  01  00   150  99999.00  99999.00   6636.19  21724.39  -3588.62   2226.22  99999.00  99999.00       0     744     743      29
94302  01  00   100  99999.00  99999.00  10619.32  22534.84  -3741.42   2080.62  99999.00  99999.00       0     720     719      29
94302  01  00    80  99999.00  99999.00  99999.00  99999.00 -18643.96  15147.44  99999.00  99999.00       0       0      68       4
94302  01  00    70  99999.00  99999.00  18429.53  18828.77  -2981.57   1414.27  99999.00  99999.00       0     635     639      28
94302  01  00    60  99999.00  99999.00  99999.00  99999.00 -21745.45  17629.07  99999.00  99999.00       0       0      90       3
94302  01  00    50  99999.00  99999.00  20440.54  20785.90  -2926.96   1549.88  99999.00  99999.00       0     618     627      28
94302  01  00    40  99999.00  99999.00  99999.00  99999.00 -15556.64  13012.48  99999.00  99999.00       0       0     102      16
94302  01  00    30  99999.00  99999.00  23543.46  23989.98   -700.38   -458.82  -1044.68   -721.28       0     583     595     424
94302  01  00    20  99999.00  99999.00  26075.78  26629.70  -3982.80   2865.60  -1032.41   -655.49       0     533     551     478
94302  01  00    15  99999.00  99999.00  99999.00  99999.00 -27662.25  21930.39  -1026.22   -599.98       0       0     144     139
94302  01  00    10  99999.00  99999.00  30565.06  31296.94  -5943.08   4909.24  -1004.42   -536.42       0     320     334     324
94302  01  00     7  99999.00  99999.00  99999.00  99999.00 -22932.40  19133.84   -956.49   -551.13       0       0     172     166
94302  01  00     5  99999.00  99999.00  99999.00  99999.00 -16323.65  14196.91   -939.83   -495.35       0       0      81      81
94302  01  00     3  99999.00  99999.00  99999.00  99999.00  99999.00  99999.00  99999.00  99999.00       0       0       0       0
94302  01  00     2  99999.00  99999.00  99999.00  99999.00  99999.00  99999.00  99999.00  99999.00       0       0       0       0
94302  01  00     1  99999.00  99999.00  99999.00  99999.00  99999.00  99999.00  99999.00  99999.00       0       0       0       0
94302  02  00  9999    985.83   1027.59  99999.00  99999.00    111.16    399.28   -151.18    255.62     685       0     684     684
94302  02  00  1000  99999.00  99999.00   -105.38    235.78    103.32    401.28     -5.31    395.01       0     684     684     681
94302  02  00   925  99999.00  99999.00    569.86    935.14     37.16    492.80   -283.79    517.69       0     464     473     471
94302  02  00   900  99999.00  99999.00  99999.00  99999.00  99999.00  99999.00  99999.00  99999.00       0       0       9       9
94302  02  00   850  99999.00  99999.00  -4415.88   7236.60  -5028.26   5332.30   -348.17    503.83       0     697     698     695
94302  02  00   800  99999.00  99999.00  99999.00  99999.00  99999.00  99999.00  99999.00  99999.00       0       0       9       9
94302  02  00   700  99999.00  99999.00  -3621.07   9728.09  -5078.99   5151.85   -419.31    422.37       0     695     699     695
94302  02  00   600  99999.00  99999.00  99999.00  99999.00  99999.00  99999.00  99999.00  99999.00       0       0      20      20
94302  02  00   500  99999.00  99999.00  -2311.81  13817.75  -5172.59   4926.49  -1006.62    512.82       0     693     695     691
94302  02  00   400  99999.00  99999.00   -521.41  15491.27  -4691.42   4267.42  -1055.92    306.56       0     692     693     688
94302  02  00   300  99999.00  99999.00    608.09  18554.33  -4774.80   4055.64  -1093.45     69.71       0     691     692     686
94302  02  00   250  99999.00  99999.00   1298.94  20390.46  -4839.63   3927.33  -1092.49    -92.29       0     692     688     684
94302  02  00   200  99999.00  99999.00    860.24  23716.76  -5394.40   4223.72  -1067.06   -312.74       0     691     696     691
94302  02  00   150  99999.00  99999.00   1705.99  26454.55  -5489.80   4040.24  99999.00  99999.00       0     688     688      29
94302  02  00   100  99999.00  99999.00   2633.21  30215.33  -5634.74   3886.18  99999.00  99999.00       0     667     668      29
94302  02  00    80  99999.00  99999.00  99999.00  99999.00 -16207.07  13188.13  99999.00  99999.00       0       0      79       7
94302  02  00    70  99999.00  99999.00  18454.89  18822.81   -941.04   -594.36  99999.00  99999.00       0     601     605      29
94302  02  00    60  99999.00  99999.00  99999.00  99999.00 -12874.57  10575.47  99999.00  99999.00       0       0      87       5
94302  02  00    50  99999.00  99999.00  20432.05  20812.33  -3006.11   1624.33  99999.00  99999.00       0     581     586      30
94302  02  00    40  99999.00  99999.00  99999.00  99999.00 -16586.23  13853.45  99999.00  99999.00       0       0      89      10
94302  02  00    30  99999.00  99999.00  23535.11  24016.31  -2982.46   1792.46  -1057.07   -702.95       0     552     562     414
94302  02  00    20  99999.00  99999.00  26079.16  26648.32   -645.25   -392.77  -1021.88   -655.04       0     468     487     434
94302  02  00    15  99999.00  99999.00  99999.00  99999.00 -24286.35  19884.09  -1035.06   -571.74       0       0     149     141
94302  02  00    10  99999.00  99999.00  30519.33  31392.21  -3853.40   2953.48   -974.07   -547.83       0     274     286     285
94302  02  00     7  99999.00  99999.00  99999.00  99999.00 -24769.74  20419.62   -924.86   -549.74       0       0     155     154
94302  02  00     5  99999.00  99999.00  99999.00  99999.00 -17987.76  15549.24   -926.71   -496.27       0       0      77      77
94302  02  00     3  99999.00  99999.00  99999.00  99999.00  99999.00  99999.00  99999.00  99999.00       0       0       0       0
94302  02  00     2  99999.00  99999.00  99999.00  99999.00  99999.00  99999.00  99999.00  99999.00       0       0       0       0
94302  02  00     1  99999.00  99999.00  99999.00  99999.00  99999.00  99999.00  99999.00  99999.00       0       0       0       0
94302  03  00  9999    990.91   1029.19  99999.00  99999.00     92.55    393.15   -194.03    303.25     713       0     713     713
94302  03  00  1000  99999.00  99999.00    -78.63    260.85     94.55    398.03    -99.76    458.00       0     711     710     710
94302  03  00   925  99999.00  99999.00    606.16    943.36     65.03    448.43   -259.60    475.40       0     482     491     491
94302  03  00   900  99999.00  99999.00  99999.00  99999.00  99999.00  99999.00  99999.00  99999.00       0       0       3       3
94302  03  00   850  99999.00  99999.00  -3014.05   5949.11  -3802.12   4140.68   -303.90    431.94       0     712     713     712
94302  03  00   800  99999.00  99999.00  99999.00  99999.00  99999.00  99999.00  99999.00  99999.00       0       0      11      11
94302  03  00   700  99999.00  99999.00  -1058.71   7307.45  -3140.51   3266.77   -663.51    596.97       0     713     714     713
94302  03  00   600  99999.00  99999.00  99999.00  99999.00  99999.00  99999.00  99999.00  99999.00       0       0      32      31
94302  03  00   500  99999.00  99999.00   2277.29   9414.77  -2309.20   2163.32  -1085.26    473.90       0     713     714     705
94302  03  00   400  99999.00  99999.00   1934.44  13128.52  -3325.06   2938.46  -1098.93    267.75       0     710     710     697
94302  03  00   300  99999.00  99999.00   3349.29  15899.85  -3429.95   2743.57  -1080.09     12.27       0     708     709     697
94302  03  00   250  99999.00  99999.00   4205.07  17563.95  -3499.92   2619.60  -1071.59   -141.83       0     708     707     695
94302  03  00   200  99999.00  99999.00   5185.50  19530.66  -3582.49   2475.71  -1069.24   -338.92       0     704     704     691
94302  03  00   150  99999.00  99999.00   6404.00  21901.28  -3672.61   2298.71  99999.00  99999.00       0     704     704      31
94302  03  00   100  99999.00  99999.00   7920.57  25110.33  -3797.08   2158.52  99999.00  99999.00       0     689     690      30
94302  03  00    80  99999.00  99999.00  99999.00  99999.00 -14408.60  11733.52  99999.00  99999.00       0       0      85       3
94302  03  00    70  99999.00  99999.00  18412.23  18838.95   -918.90   -582.78  99999.00  99999.00       0     633     636      30
94302  03  00    60  99999.00  99999.00  99999.00  99999.00 -20690.39  16866.85  99999.00  99999.00       0       0      93       4
94302  03  00    50  99999.00  99999.00  20395.28  20850.32   -792.55   -529.99  99999.00  99999.00       0     622     624      30
94302  03  00    40  99999.00  99999.00  99999.00  99999.00 -22381.74  18300.18  99999.00  99999.00       0       0      92      24
94302  03  00    30  99999.00  99999.00  23514.70  24077.86  -2872.23   1708.89  -1069.86   -675.90       0     604     612     506
94302  03  00    20  99999.00  99999.00  26115.70  26678.50  -2982.13   1934.87  -1024.47   -632.67       0     513     538     488
94302  03  00    15  99999.00  99999.00  99999.00  99999.00 -25582.91  20743.81  -1001.00   -593.48       0       0     161     160
94302  03  00    10  99999.00  99999.00  30703.21  31344.85  -3674.00   2795.92   -980.42   -528.26       0     308     317     314
94302  03  00     7  99999.00  99999.00  99999.00  99999.00 -27073.15  21852.41   -952.26   -523.62       0       0     155     153
94302  03  00     5  99999.00  99999.00  99999.00  99999.00 -20932.39  17836.25   -896.76   -506.28       0       0      95      92
94302  03  00     3  99999.00  99999.00  99999.00  99999.00  99999.00  99999.00  99999.00  99999.00       0       0       2       2
94302  03  00     2  99999.00  99999.00  99999.00  99999.00  99999.00  99999.00  99999.00  99999.00       0       0       0       0
94302  03  00     1  99999.00  99999.00  99999.00  99999.00  99999.00  99999.00  99999.00  99999.00       0       0       0       0
94302  04  00  9999    999.29   1027.01  99999.00  99999.00     70.31    361.79   -180.54    289.14     698       0     698     698
94302  04  00  1000  99999.00  99999.00     -1.11    239.01     81.87    381.51   -108.49    411.71       0     698     698     698
94302  04  00   925  99999.00  99999.00    675.78    925.14     43.96    415.72   -227.83    398.33       0     465     469     469
94302  04  00   900  99999.00  99999.00  99999.00  99999.00  99999.00  99999.00  99999.00  99999.00       0       0      12      12
94302  04  00   850  99999.00  99999.00   1392.71   1670.39     43.07    323.99   -305.92    401.48       0     696     696     696
94302  04  00   800  99999.00  99999.00  99999.00  99999.00  99999.00  99999.00  99999.00  99999.00       0       0       7       7
94302  04  00   700  99999.00  99999.00   3011.62   3311.98    -62.89    210.95   -813.83    651.73       0     696     696     694
94302  04  00   600  99999.00  99999.00  99999.00  99999.00  99999.00  99999.00  99999.00  99999.00       0       0      33      33
94302  04  00   500  99999.00  99999.00   5687.63   6030.59   -203.49     61.23  -1120.37    508.39       0     695     695     689
94302  04  00   400  99999.00  99999.00   7343.83   7780.63   -316.06    -47.74  -1119.64    331.40       0     695     696     692
94302  04  00   300  99999.00  99999.00   9359.42   9937.34   -463.99   -195.19  -1090.32     57.24       0     691     692     686
94302  04  00   250  99999.00  99999.00  10572.11  11238.47   -549.15   -299.43  -1065.47   -138.83       0     690     690     685
94302  04  00   200  99999.00  99999.00  12007.55  12746.39   -641.08   -429.16  -1058.80   -349.24       0     687     687     684
94302  04  00   150  99999.00  99999.00  13797.29  14546.09   -770.00   -555.92  99999.00  99999.00       0     687     687      14
94302  04  00   100  99999.00  99999.00  16262.21  16840.61   -955.55   -589.79  99999.00  99999.00       0     665     669      13
94302  04  00    80  99999.00  99999.00  99999.00  99999.00 -16741.04  13713.04  99999.00  99999.00       0       0      74       2
94302  04  00    70  99999.00  99999.00  18392.97  18818.61   -886.51   -585.79  99999.00  99999.00       0     618     620      12
94302  04  00    60  99999.00  99999.00  99999.00  99999.00 -20096.27  16460.05  99999.00  99999.00       0       0      83       0
94302  04  00    50  99999.00  99999.00  20405.51  20826.95   -767.07   -530.67  99999.00  99999.00       0     613     616      12
94302  04  00    40  99999.00  99999.00  99999.00  99999.00 -20965.50  17297.22  99999.00  99999.00       0       0      84      33
94302  04  00    30  99999.00  99999.00  23571.93  24039.21   -662.51   -455.51  -1073.59   -661.87       0     596     603     511
94302  04  00    20  99999.00  99999.00  26154.35  26678.27   -611.15   -387.59  -1026.38   -622.10       0     510     535     485
94302  04  00    15  99999.00  99999.00  99999.00  99999.00 -28298.97  22324.23  -1020.07   -568.03       0       0     155     151
94302  04  00    10  99999.00  99999.00  30705.63  31370.67  -3695.08   2800.16  -1011.94   -502.06       0     308     314     311
94302  04  00     7  99999.00  99999.00  99999.00  99999.00 -28912.88  22836.64  -1003.71   -464.91       0       0     181     180
94302  04  00     5  99999.00  99999.00  99999.00  99999.00 -13516.76  11859.40   -967.06   -429.10       0       0     100      98
94302  04  00     3  99999.00  99999.00  99999.00  99999.00  99999.00  99999.00  99999.00  99999.00       0       0       1       1
94302  04  00     2  99999.00  99999.00  99999.00  99999.00  99999.00  99999.00  99999.00  99999.00       0       0       0       0
94302  04  00     1  99999.00  99999.00  99999.00  99999.00  99999.00  99999.00  99999.00  99999.00       0       0       0       0
94302  05  00  9999    999.52   1031.56  99999.00  99999.00    -22.27    373.61   -195.51    294.09     737       0     736     736
94302  05  00  1000  99999.00  99999.00      6.19    269.59     52.35    359.55   -201.95    441.97       0     732     733     732
94302  05  00   925  99999.00  99999.00    687.55    934.99      4.58    380.06   -313.12    440.48       0     498     504     504
94302  05  00   900  99999.00  99999.00  99999.00  99999.00  99999.00  99999.00  99999.00  99999.00       0       0      12      12
94302  05  00   850  99999.00  99999.00   1397.49   1666.89    -14.35    305.45   -456.58    487.58       0     734     734     733
94302  05  00   800  99999.00  99999.00  99999.00  99999.00  99999.00  99999.00  99999.00  99999.00       0       0      12      12
94302  05  00   700  99999.00  99999.00   2997.13   3296.77    -80.79    204.57  -1081.26    750.18       0     734     733     720
94302  05  00   600  99999.00  99999.00  99999.00  99999.00  99999.00  99999.00  99999.00  99999.00       0       0      27      27
94302  05  00   500  99999.00  99999.00   5627.21   6037.97   -231.31     59.57  -1216.35    525.09       0     733     733     718
94302  05  00   400  99999.00  99999.00   7260.39   7791.87   -360.49    -28.69  -1211.16    371.16       0     731     730     712
94302  05  00   300  99999.00  99999.00   9251.40   9958.20   -510.73   -155.89  -1167.15     76.41       0     731     731     715
94302  05  00   250  99999.00  99999.00  10467.79  11256.43   -566.91   -274.35  -1142.82   -117.90       0     729     729     711
94302  05  00   200  99999.00  99999.00  11924.65  12749.89   -637.02   -416.34  -1101.39   -361.35       0     724     724     705
94302  05  00   150  99999.00  99999.00  13743.45  14539.05   -778.23   -520.83  99999.00  99999.00       0     722     719      22
94302  05  00   100  99999.00  99999.00  16233.04  16844.20   -932.97   -583.29  99999.00  99999.00       0     700     704       2
94302  05  00    80  99999.00  99999.00  99999.00  99999.00  -8010.97   6189.59  99999.00  99999.00       0       0      61       2
94302  05  00    70  99999.00  99999.00  18380.52  18826.32   -887.81   -569.93  99999.00  99999.00       0     647     650       2
94302  05  00    60  99999.00  99999.00  99999.00  99999.00 -22276.00  18058.52  99999.00  99999.00       0       0      92       0
94302  05  00    50  99999.00  99999.00  20394.23  20845.67   -763.62   -522.78  99999.00  99999.00       0     642     643       8
94302  05  00    40  99999.00  99999.00  99999.00  99999.00 -21575.77  17748.35  99999.00  99999.00       0       0      93      37
94302  05  00    30  99999.00  99999.00  23542.41  24090.09  -2828.42   1690.18  -1073.01   -658.05       0     624     631     531
94302  05  00    20  99999.00  99999.00  26119.83  26735.19  -2976.71   1931.53  -1032.39   -625.59       0     518     540     498
94302  05  00    15  99999.00  99999.00  99999.00  99999.00 -27099.33  21632.43  -1021.46   -583.82       0       0     152     152
94302  05  00    10  99999.00  99999.00  30661.86  31383.78  -5905.82   4859.26  -1020.11   -526.31       0     326     339     338
94302  05  00     7  99999.00  99999.00  99999.00  99999.00 -31870.03  23912.09   -999.77   -512.57       0       0     180     180
94302  05  00     5  99999.00  99999.00  99999.00  99999.00 -17005.51  14692.25   -964.85   -493.97       0       0     123     122
94302  05  00     3  99999.00  99999.00  99999.00  99999.00  99999.00  99999.00  99999.00  99999.00       0       0       1       0
94302  05  00     2  99999.00  99999.00  99999.00  99999.00  99999.00  99999.00  99999.00  99999.00       0       0       0       0
94302  05  00     1  99999.00  99999.00  99999.00  99999.00  99999.00  99999.00  99999.00  99999.00       0       0       0       0
94302  06  00  9999    999.00   1035.12  99999.00  99999.00    -85.71    372.21   -170.41    246.35     691       0     691     691
94302  06  00  1000  99999.00  99999.00      2.71    295.39     38.55    317.19   -214.10    412.90       0     692     693     692
94302  06  00   925  99999.00  99999.00    680.86    953.14     12.64    309.76   -337.86    419.70       0     447     452     451
94302  06  00   900  99999.00  99999.00  99999.00  99999.00  99999.00  99999.00  99999.00  99999.00       0       0       5       5
94302  06  00   850  99999.00  99999.00  -3787.19   6710.29  -4540.91   4660.93   -687.60    659.16       0     692     694     692
94302  06  00   800  99999.00  99999.00  99999.00  99999.00  99999.00  99999.00  99999.00  99999.00       0       0      22      22
94302  06  00   700  99999.00  99999.00  -2912.76   9030.60  -4574.99   4569.25  -1226.86    800.06       0     694     694     679
94302  06  00   600  99999.00  99999.00  99999.00  99999.00  99999.00  99999.00  99999.00  99999.00       0       0      16      16
94302  06  00   500  99999.00  99999.00  -1469.01  12914.07  -4657.38   4365.42  -1321.13    556.63       0     694     693     671
94302  06  00   400  99999.00  99999.00   -579.61  15394.43  -4718.61   4227.15  -1255.33    333.59       0     690     691     663
94302  06  00   300  99999.00  99999.00    535.10  18429.74  -4792.47   4035.81  -1157.43     -0.87       0     689     690     667
94302  06  00   250  99999.00  99999.00   1212.62  20260.22  -4849.98   3911.70  -1115.20   -192.16       0     689     687     669
94302  06  00   200  99999.00  99999.00   5037.17  19503.53  -3618.49   2514.95  -1072.02   -410.58       0     688     687     671
94302  06  00   150  99999.00  99999.00   6220.29  21915.93  -3722.17   2360.27  99999.00  99999.00       0     682     680      15
94302  06  00   100  99999.00  99999.00  10300.92  22681.80  -2928.86   1387.18  99999.00  99999.00       0     663     665       0
94302  06  00    80  99999.00  99999.00  99999.00  99999.00 -15788.75  12966.01  99999.00  99999.00       0       0      84       0
94302  06  00    70  99999.00  99999.00  18357.71  18849.23   -886.04   -551.12  99999.00  99999.00       0     591     593       0
94302  06  00    60  99999.00  99999.00  99999.00  99999.00 -21327.52  17431.76  99999.00  99999.00       0       0      73       0
94302  06  00    50  99999.00  99999.00  20385.97  20874.85  -2974.91   1670.17  99999.00  99999.00       0     585     587      31
94302  06  00    40  99999.00  99999.00  99999.00  99999.00 -22396.63  18334.49  99999.00  99999.00       0       0      92      41
94302  06  00    30  99999.00  99999.00  23539.03  24122.47  -3953.68   2783.60  -1056.71   -672.71       0     557     566     476
94302  06  00    20  99999.00  99999.00  26107.18  26781.46  -4133.79   3047.61  -1023.65   -637.01       0     481     503     448
94302  06  00    15  99999.00  99999.00  99999.00  99999.00 -27026.44  21578.24  -1028.97   -582.33       0       0     136     132
94302  06  00    10  99999.00  99999.00  30517.85  31520.81  -9109.53   7789.47  -1014.55   -545.95       0     298     316     316
94302  06  00     7  99999.00  99999.00  99999.00  99999.00 -32296.14  23937.66  -1039.19   -487.79       0       0     204     204
94302  06  00     5  99999.00  99999.00  99999.00  99999.00 -20230.32  17164.92  -1002.95   -468.35       0       0     135     135
94302  06  00     3  99999.00  99999.00  99999.00  99999.00  99999.00  99999.00  99999.00  99999.00       0       0       2       2
94302  06  00     2  99999.00  99999.00  99999.00  99999.00  99999.00  99999.00  99999.00  99999.00       0       0       1       1
94302  06  00     1  99999.00  99999.00  99999.00  99999.00  99999.00  99999.00  99999.00  99999.00       0       0       0       0
94302  07  00  9999   1001.92   1034.32  99999.00  99999.00    -83.52    334.80   -168.83    245.89     735       0     735     735
94302  07  00  1000  99999.00  99999.00     25.83    288.27     29.55    300.51   -227.14    396.50       0     743     743     743
94302  07  00   925  99999.00  99999.00    702.09    939.21      1.69    298.69   -354.89    422.23       0     483     488     488
94302  07  00   900  99999.00  99999.00  99999.00  99999.00  99999.00  99999.00  99999.00  99999.00       0       0       7       7
94302  07  00   850  99999.00  99999.00   1404.02   1657.70    -36.41    258.31   -725.74    649.58       0     744     744     741
94302  07  00   800  99999.00  99999.00  99999.00  99999.00  99999.00  99999.00  99999.00  99999.00       0       0      13      13
94302  07  00   700  99999.00  99999.00   2987.69   3278.69   -102.14    203.26  -1267.94    786.22       0     744     743     713
94302  07  00   600  99999.00  99999.00  99999.00  99999.00  99999.00  99999.00  99999.00  99999.00       0       0      20      20
94302  07  00   500  99999.00  99999.00   5597.99   6027.23   -267.96    102.36  -1272.84    491.40       0     743     743     727
94302  07  00   400  99999.00  99999.00   7229.77   7794.73   -360.11      0.73  -1195.81    243.11       0     742     742     730
94302  07  00   300  99999.00  99999.00   9257.38   9954.22   -441.02   -193.82  -1081.84   -106.72       0     740     738     728
94302  07  00   250  99999.00  99999.00  10499.89  11239.21   -514.71   -310.71  -1048.72   -280.72       0     739     739     729
94302  07  00   200  99999.00  99999.00  11968.25  12724.25   -626.92   -426.88  -1036.98   -452.10       0     736     736     726
94302  07  00   150  99999.00  99999.00  13790.71  14503.51   -783.42   -533.70  99999.00  99999.00       0     734     733      15
94302  07  00   100  99999.00  99999.00  16237.32  16830.60   -930.00   -586.80  99999.00  99999.00       0     704     708       0
94302  07  00    80  99999.00  99999.00  99999.00  99999.00 -17437.46  14333.98  99999.00  99999.00       0       0      68       0
94302  07  00    70  99999.00  99999.00  18374.50  18852.34   -877.95   -534.39  99999.00  99999.00       0     655     658       0
94302  07  00    60  99999.00  99999.00  99999.00  99999.00 -18724.80  15481.08  99999.00  99999.00       0       0      78       0
94302  07  00    50  99999.00  99999.00  20405.73  20899.53   -765.80   -482.72  -1020.92   -764.12       0     647     650      66
94302  07  00    40  99999.00  99999.00  99999.00  99999.00 -19464.18  16199.70  99999.00  99999.00       0       0     108      60
94302  07  00    30  99999.00  99999.00  23557.43  24170.63  -2828.28   1695.12  -1026.07   -713.71       0     625     630     506
94302  07  00    20  99999.00  99999.00  26139.38  26807.78   -663.69   -360.57  -1018.86   -661.74       0     528     552     478
94302  07  00    15  99999.00  99999.00  99999.00  99999.00 -29060.73  22643.43  -1047.96   -586.32       0       0     154     147
94302  07  00    10  99999.00  99999.00  30570.92  31500.20  -6839.41   5701.79  -1020.56   -558.44       0     313     331     331
94302  07  00     7  99999.00  99999.00  99999.00  99999.00 -32371.83  23940.33   -999.29   -544.97       0       0     187     187
94302  07  00     5  99999.00  99999.00  99999.00  99999.00 -17497.66  15048.62   -951.51   -529.83       0       0     150     150
94302  07  00     3  99999.00  99999.00  99999.00  99999.00  99999.00  99999.00  99999.00  99999.00       0       0       0       0
94302  07  00     2  99999.00  99999.00  99999.00  99999.00  99999.00  99999.00  99999.00  99999.00       0       0       0       0
94302  07  00     1  99999.00  99999.00  99999.00  99999.00  99999.00  99999.00  99999.00  99999.00       0       0       0       0
94302  08  00  9999   1002.87   1032.99  99999.00  99999.00    -33.62    302.98   -207.71    301.45     774       0     773     773
94302  08  00  1000  99999.00  99999.00     33.71    278.39     22.49    318.29   -240.03    397.05       0     777     777     776
94302  08  00   925  99999.00  99999.00    706.02    936.30    -21.08    345.52   -337.21    370.43       0     501     510     509
94302  08  00   900  99999.00  99999.00  99999.00  99999.00  99999.00  99999.00  99999.00  99999.00       0       0      19      19
94302  08  00   850  99999.00  99999.00   -984.41   4023.55  -2092.55   2306.89   -619.62    530.34       0     766     766     765
94302  08  00   800  99999.00  99999.00  99999.00  99999.00  99999.00  99999.00  99999.00  99999.00       0       0      19      19
94302  08  00   700  99999.00  99999.00    269.00   5974.04  -2145.18   2226.66  -1202.55    699.45       0     766     766     733
94302  08  00   600  99999.00  99999.00  99999.00  99999.00  99999.00  99999.00  99999.00  99999.00       0       0      18      18
94302  08  00   500  99999.00  99999.00   2362.79   9241.31  -2250.01   2070.95  -1211.32    356.84       0     765     765     736
94302  08  00   400  99999.00  99999.00   3695.68  11308.12  -2325.94   1945.10  -1158.31    173.69       0     767     767     744
94302  08  00   300  99999.00  99999.00   9282.98   9955.94   -439.19   -193.43  -1059.35   -156.35       0     765     764     752
94302  08  00   250  99999.00  99999.00  10531.01  11235.77   -502.70   -320.30  -1034.44   -315.88       0     761     760     752
94302  08  00   200  99999.00  99999.00  12014.31  12709.59   -614.56   -439.00  -1026.50   -470.54       0     755     756     750
94302  08  00   150  99999.00  99999.00  13823.87  14500.79   -764.21   -550.13  99999.00  99999.00       0     743     743       9
94302  08  00   100  99999.00  99999.00  16274.62  16820.86   -919.45   -602.41  99999.00  99999.00       0     718     725       3
94302  08  00    80  99999.00  99999.00  99999.00  99999.00 -18667.01  15313.03  99999.00  99999.00       0       0      78       0
94302  08  00    70  99999.00  99999.00  18413.94  18846.54  -2853.78   1427.34  99999.00  99999.00       0     678     683       3
94302  08  00    60  99999.00  99999.00  99999.00  99999.00 -19419.98  16028.38  99999.00  99999.00       0       0      81       2
94302  08  00    50  99999.00  99999.00  20444.95  20904.31   -745.09   -496.57  -1017.65   -775.49       0     668     671      65
94302  08  00    40  99999.00  99999.00  99999.00  99999.00 -23824.99  19354.13  99999.00  99999.00       0       0      80      48
94302  08  00    30  99999.00  99999.00  23598.74  24169.10  -2812.87   1667.69   -992.74   -761.14       0     636     641     509
94302  08  00    20  99999.00  99999.00  26171.43  26787.87  -3971.35   2860.73   -989.69   -707.33       0     536     554     488
94302  08  00    15  99999.00  99999.00  99999.00  99999.00 -27813.42  22000.26  -1045.59   -602.31       0       0     134     130
94302  08  00    10  99999.00  99999.00  30658.84  31411.84   -612.57   -290.25   -990.63   -584.91       0     328     340     339
94302  08  00     7  99999.00  99999.00  99999.00  99999.00 -29740.91  23133.25   -964.07   -569.39       0       0     186     186
94302  08  00     5  99999.00  99999.00  99999.00  99999.00 -15478.79  13434.49   -982.95   -485.91       0       0     120     120
94302  08  00     3  99999.00  99999.00  99999.00  99999.00  99999.00  99999.00  99999.00  99999.00       0       0       2       2
94302  08  00     2  99999.00  99999.00  99999.00  99999.00  99999.00  99999.00  99999.00  99999.00       0       0       0       0
94302  08  00     1  99999.00  99999.00  99999.00  99999.00  99999.00  99999.00  99999.00  99999.00       0       0       0       0
94302  09  00  9999   1002.22   1030.66  99999.00  99999.00     23.28    304.32   -207.10    321.98     749       0     748     748
94302  09  00  1000  99999.00  99999.00     27.64    260.44     29.91    314.67   -212.67    397.77       0     751     751     749
94302  09  00   925  99999.00  99999.00    698.74    921.70    -64.80    398.88   -331.64    381.64       0     473     479     477
94302  09  00   900  99999.00  99999.00  99999.00  99999.00  99999.00  99999.00  99999.00  99999.00       0       0      11      11
94302  09  00   850  99999.00  99999.00   1398.74   1653.86    -57.76    330.20   -624.12    518.16       0     717     718     712
94302  09  00   800  99999.00  99999.00  99999.00  99999.00  99999.00  99999.00  99999.00  99999.00       0       0      24      24
94302  09  00   700  99999.00  99999.00   2990.55   3285.51    -92.12    212.08  -1091.06    572.14       0     718     717     699
94302  09  00   600  99999.00  99999.00  99999.00  99999.00  99999.00  99999.00  99999.00  99999.00       0       0      20      20
94302  09  00   500  99999.00  99999.00   5634.45   6011.37   -258.03     96.69  -1103.53    218.15       0     714     715     685
94302  09  00   400  99999.00  99999.00   7270.38   7772.70   -363.90      0.06  -1105.96     94.28       0     715     719     682
94302  09  00   300  99999.00  99999.00   9293.26   9931.42   -444.86   -197.42  -1026.48   -180.96       0     713     711     683
94302  09  00   250  99999.00  99999.00  10534.69  11213.29   -513.41   -317.21  -1019.43   -322.23       0     709     711     690
94302  09  00   200  99999.00  99999.00  12007.42  12692.98   -612.28   -444.04  -1022.17   -475.33       0     714     730     707
94302  09  00   150  99999.00  99999.00  13823.93  14476.73   -774.62   -543.02  99999.00  99999.00       0     703     703      39
94302  09  00   100  99999.00  99999.00  16294.81  16782.85   -930.11   -575.99  99999.00  99999.00       0     682     710      30
94302  09  00    80  99999.00  99999.00  99999.00  99999.00  99999.00  99999.00  99999.00  99999.00       0       0      50       2
94302  09  00    70  99999.00  99999.00  18424.99  18832.27   -855.12   -533.52  99999.00  99999.00       0     659     663      31
94302  09  00    60  99999.00  99999.00  99999.00  99999.00 -18724.47  15481.17  99999.00  99999.00       0       0      78       2
94302  09  00    50  99999.00  99999.00  20424.63  20923.11   -742.79   -500.51   -996.35   -809.39       0     648     650      71
94302  09  00    40  99999.00  99999.00  99999.00  99999.00 -20440.34  16939.42  99999.00  99999.00       0       0      81      45
94302  09  00    30  99999.00  99999.00  23537.33  24219.53   -663.17   -457.73  -1002.15   -751.11       0     632     637     514
94302  09  00    20  99999.00  99999.00  26086.56  26854.92  -2950.92   1866.96   -997.43   -698.51       0     542     558     485
94302  09  00    15  99999.00  99999.00  99999.00  99999.00 -26737.12  21371.12  -1030.34   -613.58       0       0     148     139
94302  09  00    10  99999.00  99999.00  30568.56  31506.84  -3852.20   2898.28  -1009.86   -548.82       0     274     289     286
94302  09  00     7  99999.00  99999.00  99999.00  99999.00 -29627.07  23122.65   -983.44   -521.92       0       0     145     145
94302  09  00     5  99999.00  99999.00  99999.00  99999.00 -12749.67  11168.61   -950.71   -485.23       0       0      68      66
94302  09  00     3  99999.00  99999.00  99999.00  99999.00  99999.00  99999.00  99999.00  99999.00       0       0       0       0
94302  09  00     2  99999.00  99999.00  99999.00  99999.00  99999.00  99999.00  99999.00  99999.00       0       0       0       0
94302  09  00     1  99999.00  99999.00  99999.00  99999.00  99999.00  99999.00  99999.00  99999.00       0       0       0       0
94302  10  00  9999   1000.65   1027.65  99999.00  99999.00     50.93    348.89   -273.68    436.72     723       0     723     723
94302  10  00  1000  99999.00  99999.00     14.52    236.88     28.49    348.29   -172.65    389.43       0     728     727     727
94302  10  00   925  99999.00  99999.00    686.49    905.85    -68.06    475.78   -355.95    399.69       0     460     461     461
94302  10  00   900  99999.00  99999.00  99999.00  99999.00  99999.00  99999.00  99999.00  99999.00       0       0      13      13
94302  10  00   850  99999.00  99999.00   1395.79   1647.91    -54.21    395.19   -509.89    451.07       0     703     705     702
94302  10  00   800  99999.00  99999.00  99999.00  99999.00  99999.00  99999.00  99999.00  99999.00       0       0      24      24
94302  10  00   700  99999.00  99999.00   2977.27   3319.39    -51.73    199.07   -957.78    637.26       0     705     705     682
94302  10  00   600  99999.00  99999.00  99999.00  99999.00  99999.00  99999.00  99999.00  99999.00       0       0      29      28
94302  10  00   500  99999.00  99999.00   5642.40   6027.84   -236.84     70.60  -1117.91    332.77       0     703     704     670
94302  10  00   400  99999.00  99999.00   7294.36   7768.72   -348.54    -30.66  -1065.58    119.06       0     700     699     669
94302  10  00   300  99999.00  99999.00   9313.09   9914.17   -485.18   -176.66  -1039.05   -121.41       0     697     697     673
94302  10  00   250  99999.00  99999.00  10539.71  11202.71   -544.09   -298.81  -1040.60   -272.60       0     696     695     675
94302  10  00   200  99999.00  99999.00  12002.39  12688.31   -623.98   -435.46  -1036.77   -455.61       0     701     708     685
94302  10  00   150  99999.00  99999.00  13822.00  14467.48   -771.20   -545.00  99999.00  99999.00       0     698     697      37
94302  10  00   100  99999.00  99999.00  16293.91  16772.95   -930.62   -584.30  99999.00  99999.00       0     677     690      30
94302  10  00    80  99999.00  99999.00  99999.00  99999.00 -19600.94  16002.82  99999.00  99999.00       0       0      70       3
94302  10  00    70  99999.00  99999.00  18416.57  18806.81   -877.63   -543.31  99999.00  99999.00       0     626     634      29
94302  10  00    60  99999.00  99999.00  99999.00  99999.00 -25083.19  20018.09  99999.00  99999.00       0       0      75       2
94302  10  00    50  99999.00  99999.00  20394.84  20893.56   -765.33   -501.57  99999.00  99999.00       0     615     618      41
94302  10  00    40  99999.00  99999.00  99999.00  99999.00 -16002.28  13420.04  99999.00  99999.00       0       0      69      20
94302  10  00    30  99999.00  99999.00  23485.79  24172.31   -690.02   -453.50   -994.03   -772.51       0     593     597     471
94302  10  00    20  99999.00  99999.00  26021.47  26796.55   -654.65   -406.49  -1000.33   -701.05       0     516     531     476
94302  10  00    15  99999.00  99999.00  99999.00  99999.00 -26242.31  21079.21  -1021.62   -633.66       0       0     146     145
94302  10  00    10  99999.00  99999.00  30491.86  31421.38  -6187.09   5117.03  -1007.42   -551.06       0     299     307     305
94302  10  00     7  99999.00  99999.00  99999.00  99999.00 -29822.21  23220.67   -971.53   -529.93       0       0     182     181
94302  10  00     5  99999.00  99999.00  99999.00  99999.00 -15311.00  13359.52   -946.93   -485.65       0       0      62      62
94302  10  00     3  99999.00  99999.00  99999.00  99999.00  99999.00  99999.00  99999.00  99999.00       0       0       0       0
94302  10  00     2  99999.00  99999.00  99999.00  99999.00  99999.00  99999.00  99999.00  99999.00       0       0       0       0
94302  10  00     1  99999.00  99999.00  99999.00  99999.00  99999.00  99999.00  99999.00  99999.00       0       0       0       0
94302  11  00  9999    997.21   1025.53  99999.00  99999.00     44.92    388.84   -179.93    327.07     743       0     743     742
94302  11  00  1000  99999.00  99999.00    -16.07    222.25     44.35    369.91   -103.52    371.56       0     742     742     742
94302  11  00   925  99999.00  99999.00    662.89    891.61    -60.57    496.95   -402.65    474.67       0     468     472     471
94302  11  00   900  99999.00  99999.00  99999.00  99999.00  99999.00  99999.00  99999.00  99999.00       0       0      17      17
94302  11  00   850  99999.00  99999.00  -1042.46   4026.70  -2076.44   2426.32   -525.45    482.79       0     744     744     743
94302  11  00   800  99999.00  99999.00  99999.00  99999.00  99999.00  99999.00  99999.00  99999.00       0       0      17      17
94302  11  00   700  99999.00  99999.00    227.82   6024.06  -2149.27   2296.85   -884.42    618.22       0     743     743     726
94302  11  00   600  99999.00  99999.00  99999.00  99999.00  99999.00  99999.00  99999.00  99999.00       0       0      16      15
94302  11  00   500  99999.00  99999.00   2324.45   9312.29  -2282.98   2098.58  -1084.74    362.82       0     742     741     720
94302  11  00   400  99999.00  99999.00   3643.90  11382.58  -2370.39   1958.97  -1059.60    156.84       0     742     742     727
94302  11  00   300  99999.00  99999.00   5256.91  13918.27  -2483.94   1782.66  -1026.58   -110.62       0     742     742     728
94302  11  00   250  99999.00  99999.00   6222.48  15458.52  -2556.09   1680.63  -1013.14   -280.54       0     739     738     727
94302  11  00   200  99999.00  99999.00   7364.87  17258.15  -2635.06   1548.50  -1016.12   -461.84       0     738     739     729
94302  11  00   150  99999.00  99999.00   8751.54  19465.38  -2740.77   1402.47  99999.00  99999.00       0     734     734      34
94302  11  00   100  99999.00  99999.00  16289.44  16772.44   -933.36   -593.88  99999.00  99999.00       0     711     718      30
94302  11  00    80  99999.00  99999.00  99999.00  99999.00 -22499.89  18103.67  99999.00  99999.00       0       0      64       6
94302  11  00    70  99999.00  99999.00  18416.22  18775.02   -890.37   -555.93  99999.00  99999.00       0     626     630      28
94302  11  00    60  99999.00  99999.00  99999.00  99999.00 -20604.79  16866.77  99999.00  99999.00       0       0     102       6
94302  11  00    50  99999.00  99999.00  20398.77  20831.61   -768.99   -525.39  99999.00  99999.00       0     617     618      30
94302  11  00    40  99999.00  99999.00  99999.00  99999.00 -20646.49  17044.31  99999.00  99999.00       0       0      79      15
94302  11  00    30  99999.00  99999.00  23501.74  24078.22   -688.86   -458.94  -1048.40   -708.80       0     590     596     471
94302  11  00    20  99999.00  99999.00  26050.37  26702.69   -648.09   -396.45  -1042.18   -637.54       0     518     531     485
94302  11  00    15  99999.00  99999.00  99999.00  99999.00 -30928.19  23451.37  -1011.99   -604.47       0       0     149     147
94302  11  00    10  99999.00  99999.00  30579.27  31363.83  -7687.05   6551.67  -1016.16   -498.00       0     309     322     321
94302  11  00     7  99999.00  99999.00  99999.00  99999.00 -30238.77  23463.03   -964.25   -493.73       0       0     198     198
94302  11  00     5  99999.00  99999.00  99999.00  99999.00  99999.00  99999.00  99999.00  99999.00       0       0      55      55
94302  11  00     3  99999.00  99999.00  99999.00  99999.00  99999.00  99999.00  99999.00  99999.00       0       0       0       0
94302  11  00     2  99999.00  99999.00  99999.00  99999.00  99999.00  99999.00  99999.00  99999.00       0       0       0       0
94302  11  00     1  99999.00  99999.00  99999.00  99999.00  99999.00  99999.00  99999.00  99999.00       0       0       0       0
94302  12  00  9999    992.81   1024.73  99999.00  99999.00     57.52    414.16   -182.07    322.65     756       0     756     756
94302  12  00  1000  99999.00  99999.00    -57.71    219.13     57.31    395.47    -53.58    368.70       0     759     759     759
94302  12  00   925  99999.00  99999.00    625.93    896.29    -30.77    528.67   -410.44    524.36       0     488     501     498
94302  12  00   900  99999.00  99999.00  99999.00  99999.00  99999.00  99999.00  99999.00  99999.00       0       0      25      25
94302  12  00   850  99999.00  99999.00  -2066.50   5002.70  -2950.97   3328.75   -511.68    523.20       0     762     764     761
94302  12  00   800  99999.00  99999.00  99999.00  99999.00  99999.00  99999.00  99999.00  99999.00       0       0      11      11
94302  12  00   700  99999.00  99999.00   -924.13   7149.47  -3024.25   3176.99   -773.82    631.86       0     764     764     755
94302  12  00   600  99999.00  99999.00  99999.00  99999.00  99999.00  99999.00  99999.00  99999.00       0       0      23      21
94302  12  00   500  99999.00  99999.00    945.56  10686.68  -3141.28   2965.28  -1088.97    420.03       0     763     763     743
94302  12  00   400  99999.00  99999.00   2118.83  12924.47  -3220.43   2827.33  -1078.69    184.55       0     761     761     739
94302  12  00   300  99999.00  99999.00   3562.45  15658.93  -3323.11   2634.29  -1081.61    -44.57       0     761     761     744
94302  12  00   250  99999.00  99999.00   4423.98  17317.02  -3392.81   2518.27  -1075.58   -199.82       0     759     758     741
94302  12  00   200  99999.00  99999.00   5428.53  19262.37  -3469.06   2370.86  -1087.15   -371.23       0     756     758     742
94302  12  00   150  99999.00  99999.00   6654.16  21629.80  -3569.14   2201.18  99999.00  99999.00       0     753     754      30
94302  12  00   100  99999.00  99999.00   8059.31  24948.47  -3738.55   2102.93  99999.00  99999.00       0     713     717      31
94302  12  00    80  99999.00  99999.00  99999.00  99999.00 -18494.66  15040.66  99999.00  99999.00       0       0      79       4
94302  12  00    70  99999.00  99999.00  18422.58  18792.90   -937.70   -570.74  99999.00  99999.00       0     615     625      30
94302  12  00    60  99999.00  99999.00  99999.00  99999.00 -23952.07  19171.85  99999.00  99999.00       0       0     105       6
94302  12  00    50  99999.00  99999.00  20414.83  20794.75   -811.67   -514.67  99999.00  99999.00       0     607     612      30
94302  12  00    40  99999.00  99999.00  99999.00  99999.00 -19247.01  15959.67  99999.00  99999.00       0       0      92      16
94302  12  00    30  99999.00  99999.00  23496.07  24041.83  -4657.44   3410.40  -1017.91   -748.03       0     583     588     431
94302  12  00    20  99999.00  99999.00  26026.09  26690.17  -4817.83   3672.77  -1013.15   -669.95       0     513     537     471
94302  12  00    15  99999.00  99999.00  99999.00  99999.00 -28377.79  22330.13  -1009.68   -606.72       0       0     146     140
94302  12  00    10  99999.00  99999.00  30524.62  31363.66   -566.49   -284.97   -994.49   -532.85       0     314     327     325
94302  12  00     7  99999.00  99999.00  99999.00  99999.00 -27473.51  22053.61   -936.91   -547.15       0       0     182     180
94302  12  00     5  99999.00  99999.00  99999.00  99999.00  99999.00  99999.00  99999.00  99999.00       0       0      49      49
94302  12  00     3  99999.00  99999.00  99999.00  99999.00  99999.00  99999.00  99999.00  99999.00       0       0       0       0
94302  12  00     2  99999.00  99999.00  99999.00  99999.00  99999.00  99999.00  99999.00  99999.00       0       0       0       0
94302  12  00     1  99999.00  99999.00  99999.00  99999.00  99999.00  99999.00  99999.00  99999.00       0       0       0       0
