94312  01  12  9999    986.80   1021.48  99999.00  99999.00    183.10    400.54    -99.14    205.18     177       0     177     177
94312  01  12  1000  99999.00  99999.00    -76.61    169.63    178.40    397.76    102.64    347.20       0     178     178     178
94312  01  12   925  99999.00  99999.00    578.68    892.24     40.67    512.63   -197.86    472.58       0     191     191     191
94312  01  12   900  99999.00  99999.00  99999.00  99999.00  99999.00  99999.00  99999.00  99999.00       0       0      10      10
94312  01  12   850  99999.00  99999.00   1309.85   1651.13     44.61    423.09   -203.27    410.17       0     191     191     191
94312  01  12   800  99999.00  99999.00  99999.00  99999.00  99999.00  99999.00  99999.00  99999.00       0       0       1       1
94312  01  12   700  99999.00  99999.00   2944.44   3337.80     38.54    194.54   -435.75    450.45       0     191     191     191
94312  01  12   600  99999.00  99999.00  99999.00  99999.00  99999.00  99999.00  99999.00  99999.00       0       0       6       6
94312  01  12   500  99999.00  99999.00   5716.97   6018.05   -169.54     68.54  -1037.80    606.44       0     189     189     189
94312  01  12   400  99999.00  99999.00   7452.64   7724.68   -249.66    -50.94  -1204.22    469.90       0     187     187     187
94312  01  12   300  99999.00  99999.00   9549.44   9855.80   -401.01   -191.73  -1190.12    194.08       0     187     187     187
94312  01  12   250  99999.00  99999.00  10803.23  11152.07   -483.72   -302.88  -1188.86     31.18       0     187     187     186
94312  01  12   200  99999.00  99999.00  12259.51  12672.43   -584.50   -442.42  -1190.53   -163.93       0     186     186     186
94312  01  12   150  99999.00  99999.00  14040.66  14501.82   -714.78   -607.02  99999.00  99999.00       0     186     186       0
94312  01  12   100  99999.00  99999.00  16391.51  16860.11   -935.07   -701.67  99999.00  99999.00       0     184     183       0
94312  01  12    80  99999.00  99999.00  99999.00  99999.00  99999.00  99999.00  99999.00  99999.00       0       0      30       0
94312  01  12    70  99999.00  99999.00  18418.40  18822.68   -970.01   -601.73  99999.00  99999.00       0     149     151       0
94312  01  12    60  99999.00  99999.00  99999.00  99999.00  99999.00  99999.00  99999.00  99999.00       0       0      30       0
94312  01  12    50  99999.00  99999.00  20425.47  20766.99   -824.26   -518.86  99999.00  99999.00       0     130     132       0
94312  01  12    40  99999.00  99999.00  99999.00  99999.00  99999.00  99999.00  99999.00  99999.00       0       0      15       1
94312  01  12    30  99999.00  99999.00  23589.62  23912.54   -715.03   -438.67  -1046.98   -713.02       0     120     121      94
94312  01  12    20  99999.00  99999.00  26164.46  26536.46   -640.44   -388.20   -964.12   -728.32       0      65      76      72
94312  01  12    15  99999.00  99999.00  99999.00  99999.00  99999.00  99999.00  99999.00  99999.00       0       0       7       7
94312  01  12    10  99999.00  99999.00  99999.00  99999.00  99999.00  99999.00  99999.00  99999.00       0       0       0       0
94312  01  12     7  99999.00  99999.00  99999.00  99999.00  99999.00  99999.00  99999.00  99999.00       0       0       0       0
94312  01  12     5  99999.00  99999.00  99999.00  99999.00  99999.00  99999.00  99999.00  99999.00       0       0       0       0
94312  01  12     3  99999.00  99999.00  99999.00  99999.00  99999.00  99999.00  99999.00  99999.00       0       0       0       0
94312  01  12     2  99999.00  99999.00  99999.00  99999.00  99999.00  99999.00  99999.00  99999.00       0       0       0       0
94312  01  12     1  99999.00  99999.00  99999.00  99999.00  99999.00  99999.00  99999.00  99999.00       0       0       0       0
94312  02  12  9999    981.40   1023.28  99999.00  99999.00    180.37    405.01   -109.65    216.99     169       0     169     169
94312  02  12  1000  99999.00  99999.00    -82.45    158.99    192.23    387.47     97.77    353.97       0     145     143     143
94312  02  12   925  99999.00  99999.00    551.31    891.27     87.94    453.22   -102.85    413.15       0     181     182     182
94312  02  12   900  99999.00  99999.00  99999.00  99999.00  99999.00  99999.00  99999.00  99999.00       0       0       2       2
94312  02  12   850  99999.00  99999.00   1288.17   1641.09     74.38    372.34   -166.47    408.93       0     182     183     183
94312  02  12   800  99999.00  99999.00  99999.00  99999.00  99999.00  99999.00  99999.00  99999.00       0       0       1       1
94312  02  12   700  99999.00  99999.00   2930.83   3310.75     42.87    178.11   -499.45    533.99       0     182     183     183
94312  02  12   600  99999.00  99999.00  99999.00  99999.00  99999.00  99999.00  99999.00  99999.00       0       0       3       3
94312  02  12   500  99999.00  99999.00   5679.40   6023.56   -124.75     50.93  -1098.65    684.67       0     182     182     182
94312  02  12   400  99999.00  99999.00   7442.71   7721.35   -232.94    -41.54  -1156.63    534.29       0     182     182     182
94312  02  12   300  99999.00  99999.00   9585.16   9831.52   -378.37   -186.37  -1141.65    256.47       0     181     181     181
94312  02  12   250  99999.00  99999.00  10859.00  11121.56   -472.92   -288.84  -1111.55     56.77       0     180     180     180
94312  02  12   200  99999.00  99999.00  12332.21  12640.13   -578.20   -427.12  -1102.89   -182.49       0     180     180     180
94312  02  12   150  99999.00  99999.00  14119.54  14479.90   -708.06   -601.50  99999.00  99999.00       0     179     178       0
94312  02  12   100  99999.00  99999.00  16477.72  16835.80   -926.82   -720.66  99999.00  99999.00       0     173     173       0
94312  02  12    80  99999.00  99999.00  99999.00  99999.00  99999.00  99999.00  99999.00  99999.00       0       0      22       0
94312  02  12    70  99999.00  99999.00  18504.50  18778.34   -984.71   -602.87  99999.00  99999.00       0     134     135       0
94312  02  12    60  99999.00  99999.00  99999.00  99999.00  99999.00  99999.00  99999.00  99999.00       0       0      18       0
94312  02  12    50  99999.00  99999.00  20460.00  20765.04   -813.24   -547.32  99999.00  99999.00       0     111     114       0
94312  02  12    40  99999.00  99999.00  99999.00  99999.00  99999.00  99999.00  99999.00  99999.00       0       0      19       0
94312  02  12    30  99999.00  99999.00  23562.85  23954.77   -702.06   -454.74  -1031.44   -737.20       0     101     103      82
94312  02  12    20  99999.00  99999.00  99999.00  99999.00  99999.00  99999.00  99999.00  99999.00       0      55      60      56
94312  02  12    15  99999.00  99999.00  99999.00  99999.00  99999.00  99999.00  99999.00  99999.00       0       0      13      12
94312  02  12    10  99999.00  99999.00  99999.00  99999.00  99999.00  99999.00  99999.00  99999.00       0       0       0       0
94312  02  12     7  99999.00  99999.00  99999.00  99999.00  99999.00  99999.00  99999.00  99999.00       0       0       0       0
94312  02  12     5  99999.00  99999.00  99999.00  99999.00  99999.00  99999.00  99999.00  99999.00       0       0       0       0
94312  02  12     3  99999.00  99999.00  99999.00  99999.00  99999.00  99999.00  99999.00  99999.00       0       0       0       0
94312  02  12     2  99999.00  99999.00  99999.00  99999.00  99999.00  99999.00  99999.00  99999.00       0       0       0       0
94312  02  12     1  99999.00  99999.00  99999.00  99999.00  99999.00  99999.00  99999.00  99999.00       0       0       0       0
94312  03  12  9999    984.29   1028.33  99999.00  99999.00    161.67    418.23   -214.66    345.38     203       0     202     202
94312  03  12  1000  99999.00  99999.00    -96.50    230.62    169.50    419.34    -99.12    504.72       0     199     199     199
94312  03  12   925  99999.00  99999.00    551.98    961.90     82.23    456.51   -182.60    451.72       0     208     209     207
94312  03  12   900  99999.00  99999.00  99999.00  99999.00  99999.00  99999.00  99999.00  99999.00       0       0       3       3
94312  03  12   850  99999.00  99999.00   1298.77   1699.21     67.66    361.90   -187.47    393.69       0     207     209     208
94312  03  12   800  99999.00  99999.00  99999.00  99999.00  99999.00  99999.00  99999.00  99999.00       0       0       1       1
94312  03  12   700  99999.00  99999.00   2945.96   3348.32      6.16    186.04   -483.42    506.10       0     207     209     208
94312  03  12   600  99999.00  99999.00  99999.00  99999.00  99999.00  99999.00  99999.00  99999.00       0       0       4       4
94312  03  12   500  99999.00  99999.00   5693.31   6034.71   -161.23     61.97  -1159.62    676.14       0     207     208     206
94312  03  12   400  99999.00  99999.00   7427.18   7743.26   -262.17    -40.41  -1240.47    492.09       0     207     208     204
94312  03  12   300  99999.00  99999.00   9523.56   9870.96   -428.44   -169.48  -1200.05    214.87       0     208     208     207
94312  03  12   250  99999.00  99999.00  10763.15  11176.07   -526.41   -271.29  -1195.38     62.70       0     207     207     203
94312  03  12   200  99999.00  99999.00  12200.15  12710.63   -617.44   -420.16  -1128.18   -214.02       0     206     207     205
94312  03  12   150  99999.00  99999.00  13959.14  14557.82   -731.93   -590.69  99999.00  99999.00       0     204     204       3
94312  03  12   100  99999.00  99999.00  16349.66  16887.86   -980.47   -638.71  99999.00  99999.00       0     201     201       3
94312  03  12    80  99999.00  99999.00  99999.00  99999.00  99999.00  99999.00  99999.00  99999.00       0       0      27       1
94312  03  12    70  99999.00  99999.00  18433.00  18815.92   -928.95   -615.15  99999.00  99999.00       0     184     188       3
94312  03  12    60  99999.00  99999.00  99999.00  99999.00  99999.00  99999.00  99999.00  99999.00       0       0      15       0
94312  03  12    50  99999.00  99999.00  20418.89  20797.37   -794.15   -552.47  99999.00  99999.00       0     166     168       2
94312  03  12    40  99999.00  99999.00  99999.00  99999.00  99999.00  99999.00  99999.00  99999.00       0       0      18       4
94312  03  12    30  99999.00  99999.00  23544.36  23994.96   -679.47   -452.91  -1074.19   -681.31       0     148     151     126
94312  03  12    20  99999.00  99999.00  26179.43  26609.03   -604.03   -389.71  -1000.44   -665.76       0      78      91      81
94312  03  12    15  99999.00  99999.00  99999.00  99999.00  99999.00  99999.00  99999.00  99999.00       0       0      10       8
94312  03  12    10  99999.00  99999.00  99999.00  99999.00  99999.00  99999.00  99999.00  99999.00       0       0       0       0
94312  03  12     7  99999.00  99999.00  99999.00  99999.00  99999.00  99999.00  99999.00  99999.00       0       0       0       0
94312  03  12     5  99999.00  99999.00  99999.00  99999.00  99999.00  99999.00  99999.00  99999.00       0       0       0       0
94312  03  12     3  99999.00  99999.00  99999.00  99999.00  99999.00  99999.00  99999.00  99999.00       0       0       0       0
94312  03  12     2  99999.00  99999.00  99999.00  99999.00  99999.00  99999.00  99999.00  99999.00       0       0       0       0
94312  03  12     1  99999.00  99999.00  99999.00  99999.00  99999.00  99999.00  99999.00  99999.00       0       0       0       0
94312  04  12  9999    996.51   1024.35  99999.00  99999.00    139.33    398.29   -174.80    309.40     211       0     211     210
94312  04  12  1000  99999.00  99999.00    -21.25    221.99    162.42    410.70   -185.92    518.96       0     210     210     210
94312  04  12   925  99999.00  99999.00    666.65    916.13    112.04    406.04   -258.71    431.77       0     210     210     210
94312  04  12   900  99999.00  99999.00  99999.00  99999.00  99999.00  99999.00  99999.00  99999.00       0       0       2       2
94312  04  12   850  99999.00  99999.00   1401.50   1655.06     79.02    318.90   -288.78    407.22       0     210     210     210
94312  04  12   800  99999.00  99999.00  99999.00  99999.00  99999.00  99999.00  99999.00  99999.00       0       0       3       3
94312  04  12   700  99999.00  99999.00   3036.58   3290.26    -56.85    214.11   -826.66    698.66       0     210     210     208
94312  04  12   600  99999.00  99999.00  99999.00  99999.00  99999.00  99999.00  99999.00  99999.00       0       0       5       5
94312  04  12   500  99999.00  99999.00   5726.02   6011.50   -171.78     48.90  -1132.59    531.45       0     210     210     208
94312  04  12   400  99999.00  99999.00   7398.40   7760.08   -295.69    -42.73  -1161.15    355.17       0     210     210     209
94312  04  12   300  99999.00  99999.00   9440.97   9912.33   -442.08   -191.88  -1150.21     85.43       0     209     209     208
94312  04  12   250  99999.00  99999.00  10677.21  11204.61   -522.58   -300.70  -1160.45    -69.05       0     209     209     208
94312  04  12   200  99999.00  99999.00  12125.53  12712.93   -612.61   -439.09  -1154.65   -266.05       0     209     209     208
94312  04  12   150  99999.00  99999.00  13919.10  14517.06   -744.75   -580.83  99999.00  99999.00       0     208     208       0
94312  04  12   100  99999.00  99999.00  16336.05  16835.25   -958.87   -625.03  99999.00  99999.00       0     200     203       0
94312  04  12    80  99999.00  99999.00  99999.00  99999.00  99999.00  99999.00  99999.00  99999.00       0       0      21       0
94312  04  12    70  99999.00  99999.00  18437.77  18798.49   -887.30   -614.30  99999.00  99999.00       0     193     196       0
94312  04  12    60  99999.00  99999.00  99999.00  99999.00  99999.00  99999.00  99999.00  99999.00       0       0      17       0
94312  04  12    50  99999.00  99999.00  20443.67  20803.43   -765.71   -541.31  99999.00  99999.00       0     186     188       1
94312  04  12    40  99999.00  99999.00  99999.00  99999.00  99999.00  99999.00  99999.00  99999.00       0       0      20       9
94312  04  12    30  99999.00  99999.00  23614.81  23994.97   -649.81   -458.41   -979.40   -768.80       0     176     178     153
94312  04  12    20  99999.00  99999.00  26212.28  26660.24   -581.71   -397.75   -903.99   -757.59       0     115     128     116
94312  04  12    15  99999.00  99999.00  99999.00  99999.00  99999.00  99999.00  99999.00  99999.00       0       0      18      13
94312  04  12    10  99999.00  99999.00  99999.00  99999.00  99999.00  99999.00  99999.00  99999.00       0       0       0       0
94312  04  12     7  99999.00  99999.00  99999.00  99999.00  99999.00  99999.00  99999.00  99999.00       0       0       0       0
94312  04  12     5  99999.00  99999.00  99999.00  99999.00  99999.00  99999.00  99999.00  99999.00       0       0       0       0
94312  04  12     3  99999.00  99999.00  99999.00  99999.00  99999.00  99999.00  99999.00  99999.00       0       0       0       0
94312  04  12     2  99999.00  99999.00  99999.00  99999.00  99999.00  99999.00  99999.00  99999.00       0       0       0       0
94312  04  12     1  99999.00  99999.00  99999.00  99999.00  99999.00  99999.00  99999.00  99999.00       0       0       0       0
94312  05  12  9999    996.82   1029.34  99999.00  99999.00     84.72    371.76   -284.43    444.93     209       0     206     205
94312  05  12  1000  99999.00  99999.00    -14.93    258.79    110.54    405.62   -306.20    522.04       0     206     206     206
94312  05  12   925  99999.00  99999.00    675.56    931.64     49.20    388.92   -294.00    388.08       0     206     206     205
94312  05  12   900  99999.00  99999.00  99999.00  99999.00  99999.00  99999.00  99999.00  99999.00       0       0       3       3
94312  05  12   850  99999.00  99999.00   1404.95   1654.31     -1.56    320.40   -378.43    414.77       0     206     206     206
94312  05  12   800  99999.00  99999.00  99999.00  99999.00  99999.00  99999.00  99999.00  99999.00       0       0       2       2
94312  05  12   700  99999.00  99999.00   3018.44   3281.96    -62.71    210.53  -1117.87    748.73       0     206     207     203
94312  05  12   600  99999.00  99999.00  99999.00  99999.00  99999.00  99999.00  99999.00  99999.00       0       0       6       6
94312  05  12   500  99999.00  99999.00   5651.13   6046.05   -213.75     71.37  -1238.93    549.07       0     206     206     203
94312  05  12   400  99999.00  99999.00   7295.20   7810.72   -335.70    -16.62  -1248.68    408.76       0     206     207     204
94312  05  12   300  99999.00  99999.00   9326.13   9972.21   -454.25   -169.61  -1199.33    107.11       0     205     205     201
94312  05  12   250  99999.00  99999.00  10567.95  11263.47   -512.32   -300.04  -1155.08   -118.88       0     205     205     200
94312  05  12   200  99999.00  99999.00  12038.87  12755.87   -611.54   -430.70  -1162.83   -303.39       0     205     205     201
94312  05  12   150  99999.00  99999.00  13856.87  14547.23   -751.14   -561.54  99999.00  99999.00       0     205     202       1
94312  05  12   100  99999.00  99999.00  16307.83  16854.91   -933.14   -628.46  99999.00  99999.00       0     204     208       0
94312  05  12    80  99999.00  99999.00  99999.00  99999.00  99999.00  99999.00  99999.00  99999.00       0       0      23       0
94312  05  12    70  99999.00  99999.00  18406.49  18847.37   -878.70   -597.90  99999.00  99999.00       0     202     203       0
94312  05  12    60  99999.00  99999.00  99999.00  99999.00  99999.00  99999.00  99999.00  99999.00       0       0      27       0
94312  05  12    50  99999.00  99999.00  20407.92  20872.08   -761.84   -523.76  99999.00  99999.00       0     192     193       1
94312  05  12    40  99999.00  99999.00  99999.00  99999.00  99999.00  99999.00  99999.00  99999.00       0       0      27      10
94312  05  12    30  99999.00  99999.00  23550.52  24113.56   -666.67   -440.71  -1069.07   -672.47       0     181     183     158
94312  05  12    20  99999.00  99999.00  26102.98  26808.34  -5737.38   4589.34   -970.35   -696.03       0     106     122     107
94312  05  12    15  99999.00  99999.00  99999.00  99999.00  99999.00  99999.00  99999.00  99999.00       0       0      12       6
94312  05  12    10  99999.00  99999.00  99999.00  99999.00  99999.00  99999.00  99999.00  99999.00       0       0       0       0
94312  05  12     7  99999.00  99999.00  99999.00  99999.00  99999.00  99999.00  99999.00  99999.00       0       0       0       0
94312  05  12     5  99999.00  99999.00  99999.00  99999.00  99999.00  99999.00  99999.00  99999.00       0       0       0       0
94312  05  12     3  99999.00  99999.00  99999.00  99999.00  99999.00  99999.00  99999.00  99999.00       0       0       0       0
94312  05  12     2  99999.00  99999.00  99999.00  99999.00  99999.00  99999.00  99999.00  99999.00       0       0       0       0
94312  05  12     1  99999.00  99999.00  99999.00  99999.00  99999.00  99999.00  99999.00  99999.00       0       0       0       0
94312  06  12  9999   1002.02   1028.90  99999.00  99999.00     58.13    342.29   -285.43    453.17     199       0     199     198
94312  06  12  1000  99999.00  99999.00     28.36    254.92    122.95    352.75   -349.69    472.67       0     200     200     200
94312  06  12   925  99999.00  99999.00    710.58    925.02     66.42    325.26   -341.18    383.02       0     200     200     200
94312  06  12   900  99999.00  99999.00  99999.00  99999.00  99999.00  99999.00  99999.00  99999.00       0       0       2       2
94312  06  12   850  99999.00  99999.00   1430.70   1644.78      9.42    271.02   -704.18    643.78       0     200     200     200
94312  06  12   800  99999.00  99999.00  99999.00  99999.00  99999.00  99999.00  99999.00  99999.00       0       0       2       2
94312  06  12   700  99999.00  99999.00   3022.58   3283.58    -81.04    215.84  -1148.92    774.44       0     199     199     199
94312  06  12   600  99999.00  99999.00  99999.00  99999.00  99999.00  99999.00  99999.00  99999.00       0       0       8       8
94312  06  12   500  99999.00  99999.00   5616.26   6081.02   -257.66    113.86  -1229.76    498.12       0     199     199     199
94312  06  12   400  99999.00  99999.00   7248.70   7856.02   -346.82     -3.38  -1251.53    336.91       0     199     199     197
94312  06  12   300  99999.00  99999.00   9265.24  10030.84   -447.69   -185.73  -1204.29     22.71       0     199     198     197
94312  06  12   250  99999.00  99999.00  10505.26  11318.86   -507.15   -315.87  -1155.41   -160.37       0     199     199     198
94312  06  12   200  99999.00  99999.00  11977.87  12802.03   -610.85   -444.05  -1108.06   -381.94       0     199     199     199
94312  06  12   150  99999.00  99999.00  13788.13  14588.53   -763.90   -558.22  99999.00  99999.00       0     197     197       2
94312  06  12   100  99999.00  99999.00  16247.98  16881.70   -942.82   -603.34  99999.00  99999.00       0     192     195       0
94312  06  12    80  99999.00  99999.00  99999.00  99999.00  99999.00  99999.00  99999.00  99999.00       0       0      14       0
94312  06  12    70  99999.00  99999.00  18394.24  18850.48   -911.50   -543.70  99999.00  99999.00       0     191     192       0
94312  06  12    60  99999.00  99999.00  99999.00  99999.00  99999.00  99999.00  99999.00  99999.00       0       0      25       0
94312  06  12    50  99999.00  99999.00  20437.93  20851.09   -782.95   -483.79  99999.00  99999.00       0     182     184      16
94312  06  12    40  99999.00  99999.00  99999.00  99999.00  99999.00  99999.00  99999.00  99999.00       0       0      32      12
94312  06  12    30  99999.00  99999.00  23598.28  24098.08   -684.34   -417.10  -1025.19   -715.95       0     170     172     143
94312  06  12    20  99999.00  99999.00  26178.03  26766.87   -616.88   -373.76   -954.38   -714.26       0      94     106      88
94312  06  12    15  99999.00  99999.00  99999.00  99999.00  99999.00  99999.00  99999.00  99999.00       0       0       8       5
94312  06  12    10  99999.00  99999.00  99999.00  99999.00  99999.00  99999.00  99999.00  99999.00       0       0       0       0
94312  06  12     7  99999.00  99999.00  99999.00  99999.00  99999.00  99999.00  99999.00  99999.00       0       0       0       0
94312  06  12     5  99999.00  99999.00  99999.00  99999.00  99999.00  99999.00  99999.00  99999.00       0       0       0       0
94312  06  12     3  99999.00  99999.00  99999.00  99999.00  99999.00  99999.00  99999.00  99999.00       0       0       0       0
94312  06  12     2  99999.00  99999.00  99999.00  99999.00  99999.00  99999.00  99999.00  99999.00       0       0       0       0
94312  06  12     1  99999.00  99999.00  99999.00  99999.00  99999.00  99999.00  99999.00  99999.00       0       0       0       0
94312  07  12  9999   1002.90   1027.50  99999.00  99999.00     66.73    314.05   -296.39    457.93     184       0     181     179
94312  07  12  1000  99999.00  99999.00     34.10    243.26     93.08    366.56   -363.95    467.41       0     180     180     180
94312  07  12   925  99999.00  99999.00    714.90    911.82     58.17    326.13   -352.97    379.15       0     179     179     179
94312  07  12   900  99999.00  99999.00  99999.00  99999.00  99999.00  99999.00  99999.00  99999.00       0       0       0       0
94312  07  12   850  99999.00  99999.00   1432.11   1632.87     20.81    254.69   -697.50    623.34       0     180     181     181
94312  07  12   800  99999.00  99999.00  99999.00  99999.00  99999.00  99999.00  99999.00  99999.00       0       0       5       5
94312  07  12   700  99999.00  99999.00   3022.26   3263.58    -95.14    215.54  -1163.88    744.72       0     180     180     180
94312  07  12   600  99999.00  99999.00  99999.00  99999.00  99999.00  99999.00  99999.00  99999.00       0       0       9       8
94312  07  12   500  99999.00  99999.00   5645.97   6024.69   -237.30    101.34  -1259.18    460.30       0     180     180     178
94312  07  12   400  99999.00  99999.00   7297.81   7788.37   -337.36     -1.36  -1173.91    173.57       0     178     178     174
94312  07  12   300  99999.00  99999.00   9324.03   9959.91   -415.96   -208.48  -1130.67   -108.39       0     178     177     175
94312  07  12   250  99999.00  99999.00  10568.27  11247.23   -512.24   -308.60  -1099.28   -266.24       0     178     178     175
94312  07  12   200  99999.00  99999.00  12031.38  12740.94   -625.69   -426.97  -1124.57   -406.01       0     177     177     175
94312  07  12   150  99999.00  99999.00  13828.34  14541.38   -761.21   -561.05  99999.00  99999.00       0     175     175       1
94312  07  12   100  99999.00  99999.00  16277.47  16851.91   -935.32   -602.20  99999.00  99999.00       0     175     178       0
94312  07  12    80  99999.00  99999.00  99999.00  99999.00  99999.00  99999.00  99999.00  99999.00       0       0      22       0
94312  07  12    70  99999.00  99999.00  18433.65  18823.29   -888.73   -551.29  99999.00  99999.00       0     176     176       0
94312  07  12    60  99999.00  99999.00  99999.00  99999.00  99999.00  99999.00  99999.00  99999.00       0       0      19       0
94312  07  12    50  99999.00  99999.00  20488.26  20830.02   -769.03   -479.83  99999.00  99999.00       0     175     175      21
94312  07  12    40  99999.00  99999.00  99999.00  99999.00  99999.00  99999.00  99999.00  99999.00       0       0      19      12
94312  07  12    30  99999.00  99999.00  23645.27  24100.79   -650.07   -446.55  -1038.32   -695.60       0     165     168     155
94312  07  12    20  99999.00  99999.00  26224.00  26756.80   -618.51   -394.59   -947.67   -733.47       0      75      97      89
94312  07  12    15  99999.00  99999.00  99999.00  99999.00  99999.00  99999.00  99999.00  99999.00       0       0       3       3
94312  07  12    10  99999.00  99999.00  99999.00  99999.00  99999.00  99999.00  99999.00  99999.00       0       0       0       0
94312  07  12     7  99999.00  99999.00  99999.00  99999.00  99999.00  99999.00  99999.00  99999.00       0       0       0       0
94312  07  12     5  99999.00  99999.00  99999.00  99999.00  99999.00  99999.00  99999.00  99999.00       0       0       0       0
94312  07  12     3  99999.00  99999.00  99999.00  99999.00  99999.00  99999.00  99999.00  99999.00       0       0       0       0
94312  07  12     2  99999.00  99999.00  99999.00  99999.00  99999.00  99999.00  99999.00  99999.00       0       0       0       0
94312  07  12     1  99999.00  99999.00  99999.00  99999.00  99999.00  99999.00  99999.00  99999.00       0       0       0       0
94312  08  12  9999   1002.29   1026.53  99999.00  99999.00     80.77    313.21   -345.15    511.05     178       0     174     173
94312  08  12  1000  99999.00  99999.00     28.01    237.29    101.69    366.53   -368.66    488.74       0     178     178     177
94312  08  12   925  99999.00  99999.00    700.55    918.35     76.71    328.71   -333.42    329.22       0     178     178     177
94312  08  12   900  99999.00  99999.00  99999.00  99999.00  99999.00  99999.00  99999.00  99999.00       0       0       1       1
94312  08  12   850  99999.00  99999.00   1414.50   1646.58     21.75    262.47   -476.30    409.42       0     178     178     177
94312  08  12   800  99999.00  99999.00  99999.00  99999.00  99999.00  99999.00  99999.00  99999.00       0       0       5       5
94312  08  12   700  99999.00  99999.00   3014.64   3265.20   -103.98    224.10  -1219.64    720.40       0     178     178     178
94312  08  12   600  99999.00  99999.00  99999.00  99999.00  99999.00  99999.00  99999.00  99999.00       0       0       5       5
94312  08  12   500  99999.00  99999.00   5657.68   6018.16   -227.70    109.26  -1156.42    305.18       0     178     178     178
94312  08  12   400  99999.00  99999.00   7323.81   7777.65   -317.75     -8.27  -1084.27     86.33       0     178     179     176
94312  08  12   300  99999.00  99999.00   9385.13   9924.41   -395.09   -224.45  -1056.15   -177.75       0     176     176     170
94312  08  12   250  99999.00  99999.00  10639.16  11204.48   -484.74   -333.66  -1060.52   -298.76       0     176     177     175
94312  08  12   200  99999.00  99999.00  12098.94  12698.58   -600.89   -457.97  -1099.26   -406.50       0     177     177     177
94312  08  12   150  99999.00  99999.00  13897.77  14492.85   -764.53   -561.01  99999.00  99999.00       0     175     175       0
94312  08  12   100  99999.00  99999.00  16330.59  16806.27   -944.85   -604.77  99999.00  99999.00       0     172     175       0
94312  08  12    80  99999.00  99999.00  99999.00  99999.00  99999.00  99999.00  99999.00  99999.00       0       0      19       0
94312  08  12    70  99999.00  99999.00  18454.43  18819.11   -843.81   -574.17  99999.00  99999.00       0     170     172       0
94312  08  12    60  99999.00  99999.00  99999.00  99999.00  99999.00  99999.00  99999.00  99999.00       0       0      21       0
94312  08  12    50  99999.00  99999.00  20480.68  20870.92   -753.92   -493.16  99999.00  99999.00       0     169     171      22
94312  08  12    40  99999.00  99999.00  99999.00  99999.00  99999.00  99999.00  99999.00  99999.00       0       0      20       6
94312  08  12    30  99999.00  99999.00  23639.55  24133.83   -648.48   -461.64   -966.02   -786.02       0     166     168     147
94312  08  12    20  99999.00  99999.00  26201.52  26796.48   -625.20   -405.60   -947.53   -745.09       0      70      89      78
94312  08  12    15  99999.00  99999.00  99999.00  99999.00  99999.00  99999.00  99999.00  99999.00       0       0       4       4
94312  08  12    10  99999.00  99999.00  99999.00  99999.00  99999.00  99999.00  99999.00  99999.00       0       0       0       0
94312  08  12     7  99999.00  99999.00  99999.00  99999.00  99999.00  99999.00  99999.00  99999.00       0       0       0       0
94312  08  12     5  99999.00  99999.00  99999.00  99999.00  99999.00  99999.00  99999.00  99999.00       0       0       0       0
94312  08  12     3  99999.00  99999.00  99999.00  99999.00  99999.00  99999.00  99999.00  99999.00       0       0       0       0
94312  08  12     2  99999.00  99999.00  99999.00  99999.00  99999.00  99999.00  99999.00  99999.00       0       0       0       0
94312  08  12     1  99999.00  99999.00  99999.00  99999.00  99999.00  99999.00  99999.00  99999.00       0       0       0       0
94312  09  12  9999    999.53   1025.93  99999.00  99999.00    103.13    339.77   -230.44    369.20     170       0     168     167
94312  09  12  1000  99999.00  99999.00      9.14    226.46     75.54    413.58   -322.60    531.44       0     169     170     170
94312  09  12   925  99999.00  99999.00    695.81    904.73     33.39    434.31   -285.98    311.26       0     169     169     169
94312  09  12   900  99999.00  99999.00  99999.00  99999.00  99999.00  99999.00  99999.00  99999.00       0       0       3       3
94312  09  12   850  99999.00  99999.00   1420.90   1639.06      2.88    356.76   -446.10    394.14       0     169     169     168
94312  09  12   800  99999.00  99999.00  99999.00  99999.00  99999.00  99999.00  99999.00  99999.00       0       0       3       2
94312  09  12   700  99999.00  99999.00   3025.00   3285.76    -55.54    191.78  -1042.72    680.84       0     169     169     169
94312  09  12   600  99999.00  99999.00  99999.00  99999.00  99999.00  99999.00  99999.00  99999.00       0       0       6       6
94312  09  12   500  99999.00  99999.00   5691.33   5996.13   -231.98     85.42  -1213.87    432.41       0     169     169     168
94312  09  12   400  99999.00  99999.00   7346.93   7748.57   -327.02    -26.18  -1149.43    198.05       0     169     169     165
94312  09  12   300  99999.00  99999.00   9385.00   9895.72   -416.29   -223.69  -1062.41   -121.25       0     169     169     169
94312  09  12   250  99999.00  99999.00  10633.10  11172.14   -489.75   -344.55  -1041.51   -289.95       0     168     168     168
94312  09  12   200  99999.00  99999.00  12103.08  12649.08   -597.82   -470.74  -1035.44   -444.56       0     166     166     166
94312  09  12   150  99999.00  99999.00  13914.56  14421.08   -756.93   -580.65  99999.00  99999.00       0     165     165       0
94312  09  12   100  99999.00  99999.00  16364.69  16726.85   -911.34   -606.42  99999.00  99999.00       0     163     164       0
94312  09  12    80  99999.00  99999.00  99999.00  99999.00  99999.00  99999.00  99999.00  99999.00       0       0      18       0
94312  09  12    70  99999.00  99999.00  18470.92  18776.20   -845.07   -568.11  99999.00  99999.00       0     160     161       0
94312  09  12    60  99999.00  99999.00  99999.00  99999.00  99999.00  99999.00  99999.00  99999.00       0       0      13       0
94312  09  12    50  99999.00  99999.00  20449.23  20871.15   -740.57   -512.09  99999.00  99999.00       0     158     158      15
94312  09  12    40  99999.00  99999.00  99999.00  99999.00  99999.00  99999.00  99999.00  99999.00       0       0      17      12
94312  09  12    30  99999.00  99999.00  23581.36  24143.68   -670.62   -455.46  -1064.03   -684.71       0     151     153     136
94312  09  12    20  99999.00  99999.00  99999.00  99999.00   -641.76   -405.00   -987.35   -714.11       0      55      73      67
94312  09  12    15  99999.00  99999.00  99999.00  99999.00  99999.00  99999.00  99999.00  99999.00       0       0       7       5
94312  09  12    10  99999.00  99999.00  99999.00  99999.00  99999.00  99999.00  99999.00  99999.00       0       0       0       0
94312  09  12     7  99999.00  99999.00  99999.00  99999.00  99999.00  99999.00  99999.00  99999.00       0       0       0       0
94312  09  12     5  99999.00  99999.00  99999.00  99999.00  99999.00  99999.00  99999.00  99999.00       0       0       0       0
94312  09  12     3  99999.00  99999.00  99999.00  99999.00  99999.00  99999.00  99999.00  99999.00       0       0       0       0
94312  09  12     2  99999.00  99999.00  99999.00  99999.00  99999.00  99999.00  99999.00  99999.00       0       0       0       0
94312  09  12     1  99999.00  99999.00  99999.00  99999.00  99999.00  99999.00  99999.00  99999.00       0       0       0       0
94312  10  12  9999    997.96   1021.48  99999.00  99999.00    124.15    372.79   -141.69    273.39     188       0     186     186
94312  10  12  1000  99999.00  99999.00     -8.24    193.72     95.26    419.14   -150.71    465.13       0     187     185     185
94312  10  12   925  99999.00  99999.00    662.12    898.28     -8.53    527.03   -309.23    372.49       0     186     186     185
94312  10  12   900  99999.00  99999.00  99999.00  99999.00  99999.00  99999.00  99999.00  99999.00       0       0       2       2
94312  10  12   850  99999.00  99999.00   1368.61   1666.69     15.70    405.82   -412.92    392.64       0     186     185     185
94312  10  12   800  99999.00  99999.00  99999.00  99999.00  99999.00  99999.00  99999.00  99999.00       0       0       3       3
94312  10  12   700  99999.00  99999.00   2958.89   3357.17    -39.16    212.36   -937.58    665.26       0     186     186     184
94312  10  12   600  99999.00  99999.00  99999.00  99999.00  99999.00  99999.00  99999.00  99999.00       0       0       3       3
94312  10  12   500  99999.00  99999.00   5655.95   6050.39   -218.44     69.08  -1133.03    334.33       0     186     186     181
94312  10  12   400  99999.00  99999.00   7337.03   7775.51   -318.13    -38.77  -1045.75     64.01       0     185     185     182
94312  10  12   300  99999.00  99999.00   9390.70   9903.10   -436.56   -207.60  -1054.35   -124.35       0     184     184     177
94312  10  12   250  99999.00  99999.00  10635.07  11180.47   -506.29   -328.21  -1043.36   -281.24       0     184     184     181
94312  10  12   200  99999.00  99999.00  12107.94  12658.14   -602.18   -458.90  -1065.42   -421.38       0     184     184     179
94312  10  12   150  99999.00  99999.00  13916.21  14444.45   -753.57   -570.93  99999.00  99999.00       0     184     184       0
94312  10  12   100  99999.00  99999.00  16349.82  16759.74   -921.11   -628.19  99999.00  99999.00       0     180     182       0
94312  10  12    80  99999.00  99999.00  99999.00  99999.00  99999.00  99999.00  99999.00  99999.00       0       0      20       0
94312  10  12    70  99999.00  99999.00  18433.03  18793.63   -916.45   -541.69  99999.00  99999.00       0     180     181       0
94312  10  12    60  99999.00  99999.00  99999.00  99999.00  99999.00  99999.00  99999.00  99999.00       0       0      20       0
94312  10  12    50  99999.00  99999.00  20364.68  20895.20   -783.73   -507.97  99999.00  99999.00       0     176     177       3
94312  10  12    40  99999.00  99999.00  99999.00  99999.00  99999.00  99999.00  99999.00  99999.00       0       0      22       4
94312  10  12    30  99999.00  99999.00  23451.08  24165.44   -693.18   -457.62   -968.44   -804.88       0     167     168     135
94312  10  12    20  99999.00  99999.00  25964.03  26839.07   -664.83   -387.15   -969.29   -740.81       0     103     117     112
94312  10  12    15  99999.00  99999.00  99999.00  99999.00  99999.00  99999.00  99999.00  99999.00       0       0      11      11
94312  10  12    10  99999.00  99999.00  99999.00  99999.00  99999.00  99999.00  99999.00  99999.00       0       0       0       0
94312  10  12     7  99999.00  99999.00  99999.00  99999.00  99999.00  99999.00  99999.00  99999.00       0       0       0       0
94312  10  12     5  99999.00  99999.00  99999.00  99999.00  99999.00  99999.00  99999.00  99999.00       0       0       0       0
94312  10  12     3  99999.00  99999.00  99999.00  99999.00  99999.00  99999.00  99999.00  99999.00       0       0       0       0
94312  10  12     2  99999.00  99999.00  99999.00  99999.00  99999.00  99999.00  99999.00  99999.00       0       0       0       0
94312  10  12     1  99999.00  99999.00  99999.00  99999.00  99999.00  99999.00  99999.00  99999.00       0       0       0       0
94312  11  12  9999    993.92   1020.44  99999.00  99999.00    158.99    374.75   -137.36    272.20     172       0     170     170
94312  11  12  1000  99999.00  99999.00    -44.40    187.20    145.68    385.80     -4.57    372.71       0     171     169     169
94312  11  12   925  99999.00  99999.00    640.23    881.31     48.44    497.48   -270.49    369.71       0     171     171     168
94312  11  12   900  99999.00  99999.00  99999.00  99999.00  99999.00  99999.00  99999.00  99999.00       0       0       2       2
94312  11  12   850  99999.00  99999.00   1368.98   1636.58     94.07    364.67   -445.53    458.07       0     171     171     171
94312  11  12   800  99999.00  99999.00  99999.00  99999.00  99999.00  99999.00  99999.00  99999.00       0       0       2       2
94312  11  12   700  99999.00  99999.00   3001.57   3305.41     13.22    186.50   -695.93    532.75       0     171     171     170
94312  11  12   600  99999.00  99999.00  99999.00  99999.00  99999.00  99999.00  99999.00  99999.00       0       0       4       4
94312  11  12   500  99999.00  99999.00   5717.13   5994.21   -206.90     59.14  -1096.09    444.71       0     171     171     163
94312  11  12   400  99999.00  99999.00   7388.06   7730.18   -305.68    -52.48  -1061.12    193.24       0     170     170     167
94312  11  12   300  99999.00  99999.00   9411.58   9886.90   -436.96   -208.00  -1004.60   -124.52       0     170     170     163
94312  11  12   250  99999.00  99999.00  10641.12  11181.60   -510.69   -317.73  -1011.09   -268.53       0     169     169     165
94312  11  12   200  99999.00  99999.00  12095.29  12681.37   -598.93   -457.09  -1045.40   -418.64       0     168     168     165
94312  11  12   150  99999.00  99999.00  13887.65  14485.61   -744.64   -579.04  99999.00  99999.00       0     169     169       0
94312  11  12   100  99999.00  99999.00  16330.50  16789.74   -941.69   -624.89  99999.00  99999.00       0     166     165       0
94312  11  12    80  99999.00  99999.00  99999.00  99999.00  99999.00  99999.00  99999.00  99999.00       0       0      12       0
94312  11  12    70  99999.00  99999.00  18433.80  18766.20   -904.17   -593.37  99999.00  99999.00       0     167     167       0
94312  11  12    60  99999.00  99999.00  99999.00  99999.00  99999.00  99999.00  99999.00  99999.00       0       0      19       0
94312  11  12    50  99999.00  99999.00  20381.19  20825.07   -792.29   -515.57  99999.00  99999.00       0     163     165       0
94312  11  12    40  99999.00  99999.00  99999.00  99999.00  99999.00  99999.00  99999.00  99999.00       0       0      22       6
94312  11  12    30  99999.00  99999.00  23461.97  24094.13   -682.75   -459.91   -972.48   -799.32       0     154     157     131
94312  11  12    20  99999.00  99999.00  26002.52  26738.12   -648.05   -387.53   -944.36   -758.84       0      94     107      93
94312  11  12    15  99999.00  99999.00  99999.00  99999.00  99999.00  99999.00  99999.00  99999.00       0       0       7       3
94312  11  12    10  99999.00  99999.00  99999.00  99999.00  99999.00  99999.00  99999.00  99999.00       0       0       0       0
94312  11  12     7  99999.00  99999.00  99999.00  99999.00  99999.00  99999.00  99999.00  99999.00       0       0       0       0
94312  11  12     5  99999.00  99999.00  99999.00  99999.00  99999.00  99999.00  99999.00  99999.00       0       0       0       0
94312  11  12     3  99999.00  99999.00  99999.00  99999.00  99999.00  99999.00  99999.00  99999.00       0       0       0       0
94312  11  12     2  99999.00  99999.00  99999.00  99999.00  99999.00  99999.00  99999.00  99999.00       0       0       0       0
94312  11  12     1  99999.00  99999.00  99999.00  99999.00  99999.00  99999.00  99999.00  99999.00       0       0       0       0
94312  12  12  9999    987.67   1021.99  99999.00  99999.00    166.38    406.86   -125.21    254.23     199       0     198     198
94312  12  12  1000  99999.00  99999.00    -78.56    182.92    152.23    413.11     74.25    342.93       0     198     197     197
94312  12  12   925  99999.00  99999.00    586.67    898.55     79.47    491.91   -311.39    501.25       0     205     206     205
94312  12  12   900  99999.00  99999.00  99999.00  99999.00  99999.00  99999.00  99999.00  99999.00       0       0       4       4
94312  12  12   850  99999.00  99999.00   1330.84   1648.12     96.81    384.93   -294.28    434.48       0     204     206     206
94312  12  12   800  99999.00  99999.00  99999.00  99999.00  99999.00  99999.00  99999.00  99999.00       0       0       2       2
94312  12  12   700  99999.00  99999.00   2971.27   3326.95     39.98    182.42   -483.70    461.42       0     203     205     205
94312  12  12   600  99999.00  99999.00  99999.00  99999.00  99999.00  99999.00  99999.00  99999.00       0       0       7       7
94312  12  12   500  99999.00  99999.00   5704.01   6027.17   -167.59     56.93  -1122.18    571.62       0     202     203     199
94312  12  12   400  99999.00  99999.00   7424.86   7741.06   -270.01    -42.49  -1180.97    348.67       0     203     203     196
94312  12  12   300  99999.00  99999.00   9525.41   9856.37   -425.56   -182.32  -1152.78     77.82       0     203     203     195
94312  12  12   250  99999.00  99999.00  10771.82  11150.06   -513.41   -287.69  -1153.24    -64.48       0     203     203     198
94312  12  12   200  99999.00  99999.00  12223.42  12669.58   -607.25   -429.05  -1184.41   -210.01       0     200     200     194
94312  12  12   150  99999.00  99999.00  13998.74  14499.14   -718.57   -604.69  99999.00  99999.00       0     199     199       0
94312  12  12   100  99999.00  99999.00  16402.42  16822.30   -948.36   -669.24  99999.00  99999.00       0     191     191       0
94312  12  12    80  99999.00  99999.00  99999.00  99999.00  99999.00  99999.00  99999.00  99999.00       0       0      24       0
94312  12  12    70  99999.00  99999.00  18471.12  18761.76   -945.75   -616.47  99999.00  99999.00       0     177     180       0
94312  12  12    60  99999.00  99999.00  99999.00  99999.00  99999.00  99999.00  99999.00  99999.00       0       0      23       0
94312  12  12    50  99999.00  99999.00  20438.51  20758.31   -792.14   -538.22  99999.00  99999.00       0     170     173       1
94312  12  12    40  99999.00  99999.00  99999.00  99999.00  99999.00  99999.00  99999.00  99999.00       0       0      23       6
94312  12  12    30  99999.00  99999.00  23561.36  23967.08   -685.66   -458.98   -991.64   -776.48       0     161     164     139
94312  12  12    20  99999.00  99999.00  26114.03  26604.83   -639.90   -391.38   -979.90   -714.46       0      87     107      99
94312  12  12    15  99999.00  99999.00  99999.00  99999.00  99999.00  99999.00  99999.00  99999.00       0       0      18      16
94312  12  12    10  99999.00  99999.00  99999.00  99999.00  99999.00  99999.00  99999.00  99999.00       0       0       0       0
94312  12  12     7  99999.00  99999.00  99999.00  99999.00  99999.00  99999.00  99999.00  99999.00       0       0       0       0
94312  12  12     5  99999.00  99999.00  99999.00  99999.00  99999.00  99999.00  99999.00  99999.00       0       0       0       0
94312  12  12     3  99999.00  99999.00  99999.00  99999.00  99999.00  99999.00  99999.00  99999.00       0       0       0       0
94312  12  12     2  99999.00  99999.00  99999.00  99999.00  99999.00  99999.00  99999.00  99999.00       0       0       0       0
94312  12  12     1  99999.00  99999.00  99999.00  99999.00  99999.00  99999.00  99999.00  99999.00       0       0       0       0
