26063  01  00  9999    908.98   1096.06  99999.00  99999.00   -527.28    385.32    -48.99     84.57     951       0     951     950
26063  01  00  1000  99999.00  99999.00   -284.45    635.11   -488.01    320.79   -553.23    344.73       0     584     585     579
26063  01  00   925  99999.00  99999.00      6.15   1417.23   -359.91    230.37   -494.24    304.00       0     666     692     687
26063  01  00   900  99999.00  99999.00  99999.00  99999.00  99999.00  99999.00  99999.00  99999.00       0       0      35      35
26063  01  00   850  99999.00  99999.00    652.17   2066.37   -408.22    234.02   -578.08    309.08       0    1019    1018    1010
26063  01  00   800  99999.00  99999.00  99999.00  99999.00  99999.00  99999.00  99999.00  99999.00       0       0      25      25
26063  01  00   700  99999.00  99999.00   2077.01   3614.93   -483.21    167.07   -706.34    248.26       0    1015    1017    1009
26063  01  00   600  99999.00  99999.00  99999.00  99999.00  99999.00  99999.00  99999.00  99999.00       0       0      28      28
26063  01  00   500  99999.00  99999.00   4342.44   6271.08   -640.77     10.95   -794.68     22.88       0    1012    1013     988
26063  01  00   400  99999.00  99999.00   5729.09   7971.89   -719.00   -131.00   -864.30   -119.58       0    1008    1011     884
26063  01  00   300  99999.00  99999.00   7468.54  10008.22   -747.83   -349.91   -892.98   -343.62       0    1001    1003     818
26063  01  00   250  99999.00  99999.00   8604.00  11178.12   -830.85   -359.97   -966.97   -370.93       0     992     996     814
26063  01  00   200  99999.00  99999.00  10049.67  12504.75   -950.31   -272.31  -1099.43   -288.47       0     977     980     806
26063  01  00   150  99999.00  99999.00  11854.27  14272.87   -925.69   -294.49  -1167.33   -247.53       0     958     959     790
26063  01  00   100  99999.00  99999.00  14193.56  16948.52   -968.10   -307.74  -1249.79   -237.59       0     907     914     759
26063  01  00    80  99999.00  99999.00  99999.00  99999.00  99999.00  99999.00  99999.00  99999.00       0       0      13      10
26063  01  00    70  99999.00  99999.00  16145.25  19347.33  -2702.32   1343.60  -1305.28   -250.96       0     786     792     670
26063  01  00    60  99999.00  99999.00  99999.00  99999.00  99999.00  99999.00  99999.00  99999.00       0       0      29      24
26063  01  00    50  99999.00  99999.00  17986.94  21634.34  -1079.87   -283.19  -1353.48   -240.24       0     627     638     540
26063  01  00    40  99999.00  99999.00  99999.00  99999.00  99999.00  99999.00  99999.00  99999.00       0       0      31      27
26063  01  00    30  99999.00  99999.00  20645.89  25265.53  -1163.78   -209.30  -1416.73   -195.61       0     350     370     275
26063  01  00    20  99999.00  99999.00  22667.76  28314.72  -1301.84    -14.48  -1515.80    -22.88       0     161     173     115
26063  01  00    15  99999.00  99999.00  99999.00  99999.00  99999.00  99999.00  99999.00  99999.00       0       0      21      15
26063  01  00    10  99999.00  99999.00  99999.00  99999.00  99999.00  99999.00  99999.00  99999.00       0      17      26      13
26063  01  00     7  99999.00  99999.00  99999.00  99999.00  99999.00  99999.00  99999.00  99999.00       0       0       3       1
26063  01  00     5  99999.00  99999.00  99999.00  99999.00  99999.00  99999.00  99999.00  99999.00       0       0       1       0
26063  01  00     3  99999.00  99999.00  99999.00  99999.00  99999.00  99999.00  99999.00  99999.00       0       0       0       0
26063  01  00     2  99999.00  99999.00  99999.00  99999.00  99999.00  99999.00  99999.00  99999.00       0       0       0       0
26063  01  00     1  99999.00  99999.00  99999.00  99999.00  99999.00  99999.00  99999.00  99999.00       0       0       0       0
26063  02  00  9999    914.55   1096.47  99999.00  99999.00   -497.25    344.79    -57.79     97.61     885       0     884     882
26063  02  00  1000  99999.00  99999.00   -262.75    629.69   -460.52    278.20   -508.05    281.67       0     603     603     600
26063  02  00   925  99999.00  99999.00     58.06   1363.66   -412.73    260.11   -518.88    301.32       0     622     647     642
26063  02  00   900  99999.00  99999.00  99999.00  99999.00  99999.00  99999.00  99999.00  99999.00       0       0      27      27
26063  02  00   850  99999.00  99999.00    712.40   2048.96   -411.44    226.48   -595.78    307.58       0     936     937     928
26063  02  00   800  99999.00  99999.00  99999.00  99999.00  99999.00  99999.00  99999.00  99999.00       0       0      25      25
26063  02  00   700  99999.00  99999.00   2146.35   3581.55   -482.80    158.96   -706.14    227.10       0     935     934     923
26063  02  00   600  99999.00  99999.00  99999.00  99999.00  99999.00  99999.00  99999.00  99999.00       0       0      24      24
26063  02  00   500  99999.00  99999.00   4427.68   6217.12   -631.47     -1.35   -827.40     51.12       0     930     930     906
26063  02  00   400  99999.00  99999.00   5834.82   7895.10   -698.56   -151.24   -877.83   -102.39       0     925     926     813
26063  02  00   300  99999.00  99999.00   7606.21   9901.81   -748.48   -344.32   -897.87   -335.67       0     917     918     745
26063  02  00   250  99999.00  99999.00   8749.63  11065.03   -873.11   -307.55   -996.38   -333.62       0     909     911     739
26063  02  00   200  99999.00  99999.00  10230.21  12373.77  -1002.73   -193.69  -1149.69   -217.89       0     900     900     733
26063  02  00   150  99999.00  99999.00  12055.55  14146.19   -977.83   -208.75  -1208.15   -180.11       0     889     889     723
26063  02  00   100  99999.00  99999.00  14393.23  16863.19  -1024.73   -202.13  -1280.01   -167.85       0     839     844     690
26063  02  00    80  99999.00  99999.00  99999.00  99999.00  99999.00  99999.00  99999.00  99999.00       0       0      21      18
26063  02  00    70  99999.00  99999.00  16325.12  19346.84  -1088.51   -171.11  -1336.67   -156.23       0     753     757     620
26063  02  00    60  99999.00  99999.00  99999.00  99999.00  99999.00  99999.00  99999.00  99999.00       0       0      26      22
26063  02  00    50  99999.00  99999.00  18123.32  21731.12  -1106.21   -170.09  -1356.03   -160.71       0     625     629     518
26063  02  00    40  99999.00  99999.00  99999.00  99999.00  99999.00  99999.00  99999.00  99999.00       0       0      25      19
26063  02  00    30  99999.00  99999.00  20915.41  25387.93  -1142.52   -120.96  -1394.34   -134.82       0     408     419     313
26063  02  00    20  99999.00  99999.00  23031.30  28404.42  -1138.72    -86.92  -1317.22   -162.82       0     238     252     171
26063  02  00    15  99999.00  99999.00  99999.00  99999.00  99999.00  99999.00  99999.00  99999.00       0       0      28      18
26063  02  00    10  99999.00  99999.00  99999.00  99999.00  99999.00  99999.00  99999.00  99999.00       0      30      49      25
26063  02  00     7  99999.00  99999.00  99999.00  99999.00  99999.00  99999.00  99999.00  99999.00       0       0       5       2
26063  02  00     5  99999.00  99999.00  99999.00  99999.00  99999.00  99999.00  99999.00  99999.00       0       0       2       0
26063  02  00     3  99999.00  99999.00  99999.00  99999.00  99999.00  99999.00  99999.00  99999.00       0       0       0       0
26063  02  00     2  99999.00  99999.00  99999.00  99999.00  99999.00  99999.00  99999.00  99999.00       0       0       0       0
26063  02  00     1  99999.00  99999.00  99999.00  99999.00  99999.00  99999.00  99999.00  99999.00       0       0       1       0
26063  03  00  9999    917.38   1090.78  99999.00  99999.00   -334.12    261.08   -104.19    160.53     982       0     982     982
26063  03  00  1000  99999.00  99999.00   -253.85    609.43   -325.63    255.65   -390.21    248.91       0     636     634     630
26063  03  00   925  99999.00  99999.00     50.71   1380.55   -330.41    234.91   -429.74    248.86       0     693     715     710
26063  03  00   900  99999.00  99999.00  99999.00  99999.00  99999.00  99999.00  99999.00  99999.00       0       0      30      29
26063  03  00   850  99999.00  99999.00    704.79   2064.15  -1749.32   1580.32   -551.86    288.14       0    1041    1043    1034
26063  03  00   800  99999.00  99999.00  99999.00  99999.00  99999.00  99999.00  99999.00  99999.00       0       0      19      19
26063  03  00   700  99999.00  99999.00    352.03   5372.59  -1816.77   1493.79   -695.96    236.80       0    1040    1042    1032
26063  03  00   600  99999.00  99999.00  99999.00  99999.00  99999.00  99999.00  99999.00  99999.00       0       0      26      26
26063  03  00   500  99999.00  99999.00   4373.17   6309.97   -633.55     14.81   -810.47     47.29       0    1035    1036    1024
26063  03  00   400  99999.00  99999.00   5762.87   8015.63   -698.11   -136.75   -863.76   -103.80       0    1032    1031     911
26063  03  00   300  99999.00  99999.00   7533.18  10037.94   -742.49   -326.69   -919.53   -297.57       0    1027    1026     808
26063  03  00   250  99999.00  99999.00   8694.68  11201.36   -870.36   -272.88  -1029.09   -279.69       0    1019    1021     804
26063  03  00   200  99999.00  99999.00  10183.36  12530.44   -961.84   -182.08  -1160.48   -178.76       0    1011    1012     797
26063  03  00   150  99999.00  99999.00  12013.17  14348.49   -909.32   -220.40  -1222.73   -136.73       0     995     996     786
26063  03  00   100  99999.00  99999.00  14408.73  17079.93   -931.69   -231.73  -1264.05   -151.29       0     955     956     752
26063  03  00    80  99999.00  99999.00  99999.00  99999.00  99999.00  99999.00  99999.00  99999.00       0       0      18      15
26063  03  00    70  99999.00  99999.00  16435.89  19537.29   -968.50   -226.30  -1296.92   -165.44       0     853     853     679
26063  03  00    60  99999.00  99999.00  99999.00  99999.00  99999.00  99999.00  99999.00  99999.00       0       0      23      17
26063  03  00    50  99999.00  99999.00  18329.44  21855.76   -989.12   -223.28  -1302.16   -185.20       0     763     769     608
26063  03  00    40  99999.00  99999.00  99999.00  99999.00  99999.00  99999.00  99999.00  99999.00       0       0      38      28
26063  03  00    30  99999.00  99999.00  21394.84  25269.28   -975.73   -229.33  -1263.96   -246.96       0     548     565     394
26063  03  00    20  99999.00  99999.00  23861.43  27956.31   -975.84   -203.16  -1225.26   -274.86       0     373     396     257
26063  03  00    15  99999.00  99999.00  99999.00  99999.00  99999.00  99999.00  99999.00  99999.00       0       0      59      36
26063  03  00    10  99999.00  99999.00  27993.43  32823.91  -1080.88     59.36  99999.00  99999.00       0      75      98      42
26063  03  00     7  99999.00  99999.00  99999.00  99999.00  99999.00  99999.00  99999.00  99999.00       0       0      14       5
26063  03  00     5  99999.00  99999.00  99999.00  99999.00  99999.00  99999.00  99999.00  99999.00       0       0       4       0
26063  03  00     3  99999.00  99999.00  99999.00  99999.00  99999.00  99999.00  99999.00  99999.00       0       0       0       0
26063  03  00     2  99999.00  99999.00  99999.00  99999.00  99999.00  99999.00  99999.00  99999.00       0       0       0       0
26063  03  00     1  99999.00  99999.00  99999.00  99999.00  99999.00  99999.00  99999.00  99999.00       0       0       0       0
26063  04  00  9999    948.11   1061.99  99999.00  99999.00   -239.02    277.82   -140.98    219.62     948       0     948     948
26063  04  00  1000  99999.00  99999.00   -146.38    447.86   -253.15    311.81   -310.72    267.80       0     741     741     735
26063  04  00   925  99999.00  99999.00    280.99   1218.31   -306.18    327.90   -385.78    284.90       0     666     683     680
26063  04  00   900  99999.00  99999.00  99999.00  99999.00  99999.00  99999.00  99999.00  99999.00       0       0      10      10
26063  04  00   850  99999.00  99999.00   -811.58   3629.50  -1747.38   1664.94   -490.66    313.94       0    1003    1003     994
26063  04  00   800  99999.00  99999.00  99999.00  99999.00  99999.00  99999.00  99999.00  99999.00       0       0      12      12
26063  04  00   700  99999.00  99999.00   2340.08   3526.88  -1814.14   1568.78   -677.53    293.87       0    1000    1000     997
26063  04  00   600  99999.00  99999.00  99999.00  99999.00  99999.00  99999.00  99999.00  99999.00       0       0      14      14
26063  04  00   500  99999.00  99999.00   4622.68   6256.36  -1938.08   1381.60   -784.27     87.41       0    1000    1001     997
26063  04  00   400  99999.00  99999.00   6057.70   7966.78   -640.23   -125.31   -815.17    -84.01       0     997     997     911
26063  04  00   300  99999.00  99999.00   7861.91  10005.11   -686.51   -335.87   -866.29   -297.61       0     988     987     772
26063  04  00   250  99999.00  99999.00   9048.75  11160.27   -829.17   -281.61   -959.64   -313.68       0     977     980     769
26063  04  00   200  99999.00  99999.00  10567.58  12485.66   -897.65   -201.77  -1127.90   -184.82       0     968     971     764
26063  04  00   150  99999.00  99999.00  12458.64  14286.12   -790.05   -281.61  -1232.42   -104.90       0     959     959     758
26063  04  00   100  99999.00  99999.00  14961.83  16983.35   -797.20   -303.52  -1262.46   -129.42       0     930     932     741
26063  04  00    80  99999.00  99999.00  99999.00  99999.00  99999.00  99999.00  99999.00  99999.00       0       0      19      17
26063  04  00    70  99999.00  99999.00  17102.12  19376.60   -821.95   -301.75  -1271.64   -153.72       0     862     870     691
26063  04  00    60  99999.00  99999.00  99999.00  99999.00  99999.00  99999.00  99999.00  99999.00       0       0      26      21
26063  04  00    50  99999.00  99999.00  19109.29  21650.29   -822.21   -309.57  -1285.60   -155.44       0     805     811     636
26063  04  00    40  99999.00  99999.00  99999.00  99999.00  99999.00  99999.00  99999.00  99999.00       0       0      30      24
26063  04  00    30  99999.00  99999.00  22274.10  25000.98  -2533.52   1383.28  -1301.17   -151.21       0     658     662     488
26063  04  00    20  99999.00  99999.00  24731.94  27711.18   -832.87   -264.91  -1269.16   -144.28       0     462     484     335
26063  04  00    15  99999.00  99999.00  99999.00  99999.00 -15626.11  13252.01  99999.00  99999.00       0       0      73      56
26063  04  00    10  99999.00  99999.00  28880.87  32599.55   -833.29   -130.69  -1125.23   -126.11       0     146     172      91
26063  04  00     7  99999.00  99999.00  99999.00  99999.00  99999.00  99999.00  99999.00  99999.00       0       0      38      14
26063  04  00     5  99999.00  99999.00  99999.00  99999.00  99999.00  99999.00  99999.00  99999.00       0       0      19       5
26063  04  00     3  99999.00  99999.00  99999.00  99999.00  99999.00  99999.00  99999.00  99999.00       0       0       0       0
26063  04  00     2  99999.00  99999.00  99999.00  99999.00  99999.00  99999.00  99999.00  99999.00       0       0       0       0
26063  04  00     1  99999.00  99999.00  99999.00  99999.00  99999.00  99999.00  99999.00  99999.00       0       0       0       0
26063  05  00  9999    956.92   1055.20  99999.00  99999.00   -190.56    335.40   -137.84    222.52     966       0     966     963
26063  05  00  1000  99999.00  99999.00   -140.97    437.67   -207.10    369.98   -281.82    336.78       0     820     818     812
26063  05  00   925  99999.00  99999.00    340.16   1195.64   -270.13    402.59   -346.61    336.43       0     687     698     695
26063  05  00   900  99999.00  99999.00  99999.00  99999.00  99999.00  99999.00  99999.00  99999.00       0       0      24      24
26063  05  00   850  99999.00  99999.00   1023.77   1887.89   -299.26    337.70   -406.54    330.26       0    1033    1033    1031
26063  05  00   800  99999.00  99999.00  99999.00  99999.00  99999.00  99999.00  99999.00  99999.00       0       0      20      20
26063  05  00   700  99999.00  99999.00   2471.28   3522.48   -361.58    224.74   -621.66    324.06       0    1030    1031    1028
26063  05  00   600  99999.00  99999.00  99999.00  99999.00  99999.00  99999.00  99999.00  99999.00       0       0      23      23
26063  05  00   500  99999.00  99999.00   4814.43   6276.87   -506.07     51.45   -739.49    105.79       0    1028    1027    1019
26063  05  00   400  99999.00  99999.00   6268.18   8022.34   -599.28    -87.48   -786.72    -51.48       0    1020    1021     996
26063  05  00   300  99999.00  99999.00   8071.66  10124.38   -658.73   -304.73   -862.92   -246.84       0    1010    1010     793
26063  05  00   250  99999.00  99999.00   9278.66  11288.42   -788.11   -276.31   -953.47   -277.63       0    1001    1001     788
26063  05  00   200  99999.00  99999.00  10838.83  12597.43   -867.61   -190.57  -1101.14   -171.26       0     986     987     778
26063  05  00   150  99999.00  99999.00  12818.91  14351.19   -702.48   -317.40  -1206.82    -84.46       0     966     967     759
26063  05  00   100  99999.00  99999.00  15484.63  16948.75   -681.73   -364.09  -1224.08   -116.36       0     939     939     742
26063  05  00    80  99999.00  99999.00  99999.00  99999.00  99999.00  99999.00  99999.00  99999.00       0       0      15      14
26063  05  00    70  99999.00  99999.00  17779.27  19261.63   -676.15   -379.27  -1229.51   -135.59       0     890     891     713
26063  05  00    60  99999.00  99999.00  99999.00  99999.00  99999.00  99999.00  99999.00  99999.00       0       0      18      16
26063  05  00    50  99999.00  99999.00  19930.80  21455.88   -669.81   -378.57  -1223.28   -143.04       0     842     845     674
26063  05  00    40  99999.00  99999.00  99999.00  99999.00  99999.00  99999.00  99999.00  99999.00       0       0      29      22
26063  05  00    30  99999.00  99999.00  23151.95  24853.19   -671.54   -352.94  -1210.18   -161.62       0     712     720     516
26063  05  00    20  99999.00  99999.00  25752.71  27569.03   -666.11   -306.83  -1160.76   -171.24       0     517     540     365
26063  05  00    15  99999.00  99999.00  99999.00  99999.00 -13407.71  11537.77  99999.00  99999.00       0       0      61      43
26063  05  00    10  99999.00  99999.00  30122.21  32522.33   -598.39   -192.43  -1017.91   -162.91       0     194     223     131
26063  05  00     7  99999.00  99999.00  99999.00  99999.00  99999.00  99999.00  99999.00  99999.00       0       0      41      11
26063  05  00     5  99999.00  99999.00  99999.00  99999.00  99999.00  99999.00  99999.00  99999.00       0       0      25       8
26063  05  00     3  99999.00  99999.00  99999.00  99999.00  99999.00  99999.00  99999.00  99999.00       0       0       0       0
26063  05  00     2  99999.00  99999.00  99999.00  99999.00  99999.00  99999.00  99999.00  99999.00       0       0       0       0
26063  05  00     1  99999.00  99999.00  99999.00  99999.00  99999.00  99999.00  99999.00  99999.00       0       0       0       0
26063  06  00  9999    961.11   1045.11  99999.00  99999.00    -93.94    326.54   -105.57    168.87     849       0     848     848
26063  06  00  1000  99999.00  99999.00   -105.48    366.12   -109.02    362.46   -171.87    342.21       0     641     641     636
26063  06  00   925  99999.00  99999.00    385.67   1137.47   -151.85    373.99   -246.65    334.87       0     642     647     645
26063  06  00   900  99999.00  99999.00  99999.00  99999.00  99999.00  99999.00  99999.00  99999.00       0       0      10      10
26063  06  00   850  99999.00  99999.00   1061.27   1851.23   -196.13    321.55   -314.98    335.30       0     910     909     902
26063  06  00   800  99999.00  99999.00  99999.00  99999.00  99999.00  99999.00  99999.00  99999.00       0       0      17      17
26063  06  00   700  99999.00  99999.00   2543.78   3498.38   -261.90    202.62   -567.38    360.22       0     908     907     899
26063  06  00   600  99999.00  99999.00  99999.00  99999.00  99999.00  99999.00  99999.00  99999.00       0       0      10      10
26063  06  00   500  99999.00  99999.00   4965.36   6256.80   -419.99     46.93   -710.14    155.18       0     908     908     902
26063  06  00   400  99999.00  99999.00   6462.76   8009.44   -539.45    -69.77   -738.61    -27.13       0     901     901     892
26063  06  00   300  99999.00  99999.00   8306.54  10129.70   -637.38   -268.14   -795.12   -249.48       0     895     894     717
26063  06  00   250  99999.00  99999.00   9490.48  11342.32   -755.81   -267.89   -896.65   -279.61       0     885     885     705
26063  06  00   200  99999.00  99999.00  11058.48  12666.84   -865.91   -155.39  -1110.73   -123.25       0     869     867     690
26063  06  00   150  99999.00  99999.00  13055.78  14437.70   -688.47   -289.71  -1238.13    -32.37       0     850     851     682
26063  06  00   100  99999.00  99999.00  15768.98  17033.78   -649.19   -358.07  -1236.02    -95.90       0     828     829     670
26063  06  00    80  99999.00  99999.00  99999.00  99999.00  99999.00  99999.00  99999.00  99999.00       0       0      12      11
26063  06  00    70  99999.00  99999.00  18114.77  19334.69   -627.09   -385.65  -1227.12   -127.68       0     759     760     619
26063  06  00    60  99999.00  99999.00  99999.00  99999.00  99999.00  99999.00  99999.00  99999.00       0       0      13      12
26063  06  00    50  99999.00  99999.00  20321.31  21521.19   -600.28   -391.72  -1215.59   -132.23       0     711     710     573
26063  06  00    40  99999.00  99999.00  99999.00  99999.00  99999.00  99999.00  99999.00  99999.00       0       0      21      18
26063  06  00    30  99999.00  99999.00  23640.61  24915.01  -2774.58   1794.54  -1200.80   -142.28       0     617     627     468
26063  06  00    20  99999.00  99999.00  26280.66  27669.18   -563.72   -323.24  -1155.05   -153.29       0     486     496     356
26063  06  00    15  99999.00  99999.00  99999.00  99999.00  99999.00  99999.00  99999.00  99999.00       0       0      54      38
26063  06  00    10  99999.00  99999.00  30775.62  32665.62   -500.40   -206.76  -1098.47    -94.19       0     179     206     128
26063  06  00     7  99999.00  99999.00  99999.00  99999.00  99999.00  99999.00  99999.00  99999.00       0       0      50      26
26063  06  00     5  99999.00  99999.00  99999.00  99999.00  99999.00  99999.00  99999.00  99999.00       0       0      25       9
26063  06  00     3  99999.00  99999.00  99999.00  99999.00  99999.00  99999.00  99999.00  99999.00       0       0       1       0
26063  06  00     2  99999.00  99999.00  99999.00  99999.00  99999.00  99999.00  99999.00  99999.00       0       0       0       0
26063  06  00     1  99999.00  99999.00  99999.00  99999.00  99999.00  99999.00  99999.00  99999.00       0       0       0       0
26063  07  00  9999    963.66   1044.06  99999.00  99999.00    -34.96    329.60    -92.93    147.07     911       0     911     911
26063  07  00  1000  99999.00  99999.00   -102.35    365.29    -38.58    351.30    -91.43    331.09       0     746     746     743
26063  07  00   925  99999.00  99999.00    427.46   1124.30    -99.97    383.03   -150.20    311.20       0     662     674     673
26063  07  00   900  99999.00  99999.00  99999.00  99999.00  99999.00  99999.00  99999.00  99999.00       0       0      13      13
26063  07  00   850  99999.00  99999.00   1096.44   1853.76   -128.04    307.20   -201.40    287.36       0    1004    1006    1001
26063  07  00   800  99999.00  99999.00  99999.00  99999.00  99999.00  99999.00  99999.00  99999.00       0       0      30      30
26063  07  00   700  99999.00  99999.00   2614.89   3498.93   -195.99    194.01   -460.52    314.80       0    1000    1000     994
26063  07  00   600  99999.00  99999.00  99999.00  99999.00  99999.00  99999.00  99999.00  99999.00       0       0      26      25
26063  07  00   500  99999.00  99999.00   5105.41   6246.01   -355.98     43.26   -652.75    146.45       0     996     998     985
26063  07  00   400  99999.00  99999.00   6648.87   7993.11   -488.47    -57.91   -705.76     -8.68       0     988     991     972
26063  07  00   300  99999.00  99999.00   8515.86  10139.34   -617.86   -234.22   -769.43   -219.47       0     988     986     817
26063  07  00   250  99999.00  99999.00   9686.35  11389.75   -697.77   -295.53   -846.42   -293.34       0     980     979     778
26063  07  00   200  99999.00  99999.00  11234.74  12747.82   -845.96   -167.84  -1053.55   -159.55       0     958     962     756
26063  07  00   150  99999.00  99999.00  13263.12  14490.96   -678.84   -296.28  -1213.82    -43.46       0     937     938     739
26063  07  00   100  99999.00  99999.00  16038.13  17030.65   -633.90   -365.70  -1214.09    -95.93       0     918     921     726
26063  07  00    80  99999.00  99999.00  99999.00  99999.00  99999.00  99999.00  99999.00  99999.00       0       0      12      10
26063  07  00    70  99999.00  99999.00  18420.54  19307.34   -604.35   -395.67  -1209.67   -118.87       0     837     840     663
26063  07  00    60  99999.00  99999.00  99999.00  99999.00  99999.00  99999.00  99999.00  99999.00       0       0      15       9
26063  07  00    50  99999.00  99999.00  20664.58  21470.86   -581.03   -401.15  -1185.00   -137.28       0     789     789     619
26063  07  00    40  99999.00  99999.00  99999.00  99999.00  99999.00  99999.00  99999.00  99999.00       0       0      29      22
26063  07  00    30  99999.00  99999.00  24052.42  24817.06   -564.58   -371.62  -1134.56   -159.92       0     688     692     500
26063  07  00    20  99999.00  99999.00  26729.84  27557.36  -2896.15   1999.85  -1076.86   -163.54       0     531     551     381
26063  07  00    15  99999.00  99999.00  99999.00  99999.00 -19692.09  16755.51  99999.00  99999.00       0       0      72      52
26063  07  00    10  99999.00  99999.00  31383.97  32406.49   -477.15   -222.99   -879.00   -229.20       0     216     259     167
26063  07  00     7  99999.00  99999.00  99999.00  99999.00 -10892.91   9660.21  99999.00  99999.00       0       0      63      38
26063  07  00     5  99999.00  99999.00  99999.00  99999.00  99999.00  99999.00  99999.00  99999.00       0       0      21       8
26063  07  00     3  99999.00  99999.00  99999.00  99999.00  99999.00  99999.00  99999.00  99999.00       0       0       1       0
26063  07  00     2  99999.00  99999.00  99999.00  99999.00  99999.00  99999.00  99999.00  99999.00       0       0       2       0
26063  07  00     1  99999.00  99999.00  99999.00  99999.00  99999.00  99999.00  99999.00  99999.00       0       0       0       0
26063  08  00  9999    957.95   1049.39  99999.00  99999.00    -53.31    318.09    -77.85    119.67     966       0     965     965
26063  08  00  1000  99999.00  99999.00   -111.69    385.59    -64.25    348.79   -118.89    340.95       0     747     747     743
26063  08  00   925  99999.00  99999.00    400.67   1150.67   -105.09    356.19   -141.36    290.16       0     685     692     690
26063  08  00   900  99999.00  99999.00  99999.00  99999.00  99999.00  99999.00  99999.00  99999.00       0       0       6       6
26063  08  00   850  99999.00  99999.00   1044.56   1887.32   -143.40    291.84   -221.05    284.63       0    1049    1048    1045
26063  08  00   800  99999.00  99999.00  99999.00  99999.00  99999.00  99999.00  99999.00  99999.00       0       0      15      15
26063  08  00   700  99999.00  99999.00   2558.39   3521.03   -211.19    186.73   -503.39    329.89       0    1049    1050    1042
26063  08  00   600  99999.00  99999.00  99999.00  99999.00  99999.00  99999.00  99999.00  99999.00       0       0      24      24
26063  08  00   500  99999.00  99999.00   5014.34   6278.42   -377.18     40.42   -671.62    155.54       0    1043    1041    1037
26063  08  00   400  99999.00  99999.00   6554.47   8016.67   -503.25    -65.13   -727.18      2.06       0    1037    1036    1028
26063  08  00   300  99999.00  99999.00   8403.46  10162.30   -627.84   -245.16   -783.77   -216.89       0    1031    1030     851
26063  08  00   250  99999.00  99999.00   9565.83  11410.35   -695.74   -317.86   -833.92   -316.12       0    1020    1021     811
26063  08  00   200  99999.00  99999.00  11098.92  12767.28   -842.78   -191.30  -1052.56   -167.80       0    1003    1006     802
26063  08  00   150  99999.00  99999.00  13111.28  14507.48   -697.93   -300.97  -1193.35    -61.15       0     998     999     793
26063  08  00   100  99999.00  99999.00  15861.79  17050.63   -652.44   -355.92  -1203.61    -93.01       0     961     963     760
26063  08  00    80  99999.00  99999.00  99999.00  99999.00  99999.00  99999.00  99999.00  99999.00       0       0       7       5
26063  08  00    70  99999.00  99999.00  18234.00  19328.16   -621.45   -390.57  -1203.51   -118.95       0     886     889     718
26063  08  00    60  99999.00  99999.00  99999.00  99999.00  99999.00  99999.00  99999.00  99999.00       0       0      15      13
26063  08  00    50  99999.00  99999.00  20430.63  21516.87  -2484.50   1451.62  -1194.76   -135.52       0     830     840     668
26063  08  00    40  99999.00  99999.00  99999.00  99999.00  99999.00  99999.00  99999.00  99999.00       0       0      33      24
26063  08  00    30  99999.00  99999.00  23729.01  24895.05   -611.87   -375.71  -1183.50   -158.46       0     685     697     502
26063  08  00    20  99999.00  99999.00  26329.98  27646.74   -596.17   -331.09  -1131.51   -163.83       0     512     534     369
26063  08  00    15  99999.00  99999.00  99999.00  99999.00  99999.00  99999.00  99999.00  99999.00       0       0      53      35
26063  08  00    10  99999.00  99999.00  30760.39  32582.35   -557.85   -228.57   -901.10   -256.22       0     197     221     136
26063  08  00     7  99999.00  99999.00  99999.00  99999.00  99999.00  99999.00  99999.00  99999.00       0       0      41      26
26063  08  00     5  99999.00  99999.00  99999.00  99999.00  99999.00  99999.00  99999.00  99999.00       0       0      23       3
26063  08  00     3  99999.00  99999.00  99999.00  99999.00  99999.00  99999.00  99999.00  99999.00       0       0       4       0
26063  08  00     2  99999.00  99999.00  99999.00  99999.00  99999.00  99999.00  99999.00  99999.00       0       0       0       0
26063  08  00     1  99999.00  99999.00  99999.00  99999.00  99999.00  99999.00  99999.00  99999.00       0       0       0       0
26063  09  00  9999    947.98   1061.02  99999.00  99999.00   -124.65    301.35    -63.05     97.75     936       0     936     935
26063  09  00  1000  99999.00  99999.00   -143.55    451.53   -117.92    305.56   -161.41    301.31       0     688     689     685
26063  09  00   925  99999.00  99999.00    305.03   1240.31   -173.18    324.22   -233.15    308.05       0     659     670     669
26063  09  00   900  99999.00  99999.00  99999.00  99999.00  99999.00  99999.00  99999.00  99999.00       0       0      15      15
26063  09  00   850  99999.00  99999.00    970.38   1928.58   -222.82    288.50   -352.00    328.64       0     998     997     991
26063  09  00   800  99999.00  99999.00  99999.00  99999.00  99999.00  99999.00  99999.00  99999.00       0       0      30      30
26063  09  00   700  99999.00  99999.00   2456.21   3549.05   -303.88    215.12   -607.82    360.22       0     996     994     988
26063  09  00   600  99999.00  99999.00  99999.00  99999.00  99999.00  99999.00  99999.00  99999.00       0       0      26      26
26063  09  00   500  99999.00  99999.00   4836.49   6318.85   -471.21     72.27   -705.70    136.10       0     990     989     981
26063  09  00   400  99999.00  99999.00   6310.61   8085.29   -583.84    -42.88   -761.11    -12.55       0     986     986     956
26063  09  00   300  99999.00  99999.00   8121.49  10225.45   -660.14   -253.58   -801.53   -240.77       0     979     979     800
26063  09  00   250  99999.00  99999.00   9283.33  11456.17   -723.06   -317.58   -843.55   -336.19       0     976     977     792
26063  09  00   200  99999.00  99999.00  10815.67  12797.35   -866.65   -206.17  -1000.25   -242.09       0     965     965     785
26063  09  00   150  99999.00  99999.00  12834.91  14487.43   -766.75   -286.03  -1136.35   -143.83       0     949     949     771
26063  09  00   100  99999.00  99999.00  15543.02  17005.82   -716.19   -351.51  -1180.32   -147.48       0     916     915     745
26063  09  00    80  99999.00  99999.00  99999.00  99999.00  99999.00  99999.00  99999.00  99999.00       0       0      16      13
26063  09  00    70  99999.00  99999.00  17848.68  19283.28   -689.67   -387.87  -1189.33   -166.33       0     854     855     704
26063  09  00    60  99999.00  99999.00  99999.00  99999.00  99999.00  99999.00  99999.00  99999.00       0       0      15       9
26063  09  00    50  99999.00  99999.00  19974.99  21471.87   -687.21   -400.89  -1200.07   -181.75       0     795     796     646
26063  09  00    40  99999.00  99999.00  99999.00  99999.00  99999.00  99999.00  99999.00  99999.00       0       0      30      23
26063  09  00    30  99999.00  99999.00  23120.83  24866.83   -692.39   -393.71  -1221.42   -196.14       0     634     645     476
26063  09  00    20  99999.00  99999.00  25609.15  27614.11   -692.70   -361.98  -1148.69   -245.33       0     437     453     327
26063  09  00    15  99999.00  99999.00  99999.00  99999.00  99999.00  99999.00  99999.00  99999.00       0       0      51      30
26063  09  00    10  99999.00  99999.00  29729.75  32550.11   -674.19   -273.51   -912.92   -352.88       0     133     156     102
26063  09  00     7  99999.00  99999.00  99999.00  99999.00  99999.00  99999.00  99999.00  99999.00       0       0      31      21
26063  09  00     5  99999.00  99999.00  99999.00  99999.00  99999.00  99999.00  99999.00  99999.00       0       0      17       4
26063  09  00     3  99999.00  99999.00  99999.00  99999.00  99999.00  99999.00  99999.00  99999.00       0       0       2       0
26063  09  00     2  99999.00  99999.00  99999.00  99999.00  99999.00  99999.00  99999.00  99999.00       0       0       0       0
26063  09  00     1  99999.00  99999.00  99999.00  99999.00  99999.00  99999.00  99999.00  99999.00       0       0       0       0
26063  10  00  9999    932.48   1076.00  99999.00  99999.00   -205.34    293.74    -71.31    109.41     963       0     963     962
26063  10  00  1000  99999.00  99999.00   -203.64    532.32   -206.85    293.07   -267.19    306.41       0     662     662     657
26063  10  00   925  99999.00  99999.00    180.10   1310.62   -251.17    293.39   -332.88    313.56       0     639     662     657
26063  10  00   900  99999.00  99999.00  99999.00  99999.00  99999.00  99999.00  99999.00  99999.00       0       0      25      25
26063  10  00   850  99999.00  99999.00    831.30   2012.94   -310.77    298.35   -468.45    352.95       0    1015    1015    1003
26063  10  00   800  99999.00  99999.00  99999.00  99999.00  99999.00  99999.00  99999.00  99999.00       0       0      37      37
26063  10  00   700  99999.00  99999.00   2274.88   3633.04   -396.35    236.53   -673.63    352.73       0    1014    1014     999
26063  10  00   600  99999.00  99999.00  99999.00  99999.00  99999.00  99999.00  99999.00  99999.00       0       0      29      29
26063  10  00   500  99999.00  99999.00   4575.19   6413.95   -561.55     94.37   -799.04    167.56       0    1012    1011     995
26063  10  00   400  99999.00  99999.00   6000.52   8181.52   -652.61    -39.29   -840.67      5.09       0    1008    1006     969
26063  10  00   300  99999.00  99999.00   7775.88  10311.24   -690.17   -269.69   -856.18   -238.78       0     996     996     800
26063  10  00   250  99999.00  99999.00   8942.86  11518.66   -764.65   -304.45   -902.26   -312.94       0     981     981     788
26063  10  00   200  99999.00  99999.00  10470.38  12842.90   -896.65   -211.93  -1045.85   -236.09       0     960     961     773
26063  10  00   150  99999.00  99999.00  12455.82  14522.22   -801.90   -302.70  -1116.11   -199.91       0     931     931     756
26063  10  00   100  99999.00  99999.00  15116.05  17017.45   -759.00   -377.64  -1167.61   -205.45       0     889     888     733
26063  10  00    80  99999.00  99999.00  99999.00  99999.00  99999.00  99999.00  99999.00  99999.00       0       0      12      11
26063  10  00    70  99999.00  99999.00  17428.23  19218.51   -757.04   -410.60  -1179.98   -234.26       0     825     825     693
26063  10  00    60  99999.00  99999.00  99999.00  99999.00  99999.00  99999.00  99999.00  99999.00       0       0      26      26
26063  10  00    50  99999.00  99999.00  19498.46  21365.06   -775.72   -423.28  -1200.51   -252.03       0     768     772     647
26063  10  00    40  99999.00  99999.00  99999.00  99999.00  99999.00  99999.00  99999.00  99999.00       0       0      29      24
26063  10  00    30  99999.00  99999.00  22534.43  24691.43   -828.58   -393.70  -1234.43   -271.67       0     588     606     447
26063  10  00    20  99999.00  99999.00  24866.88  27405.24   -845.49   -370.89  -1174.53   -315.81       0     353     383     266
26063  10  00    15  99999.00  99999.00  99999.00  99999.00  99999.00  99999.00  99999.00  99999.00       0       0      58      46
26063  10  00    10  99999.00  99999.00  28723.67  32197.19   -872.71   -268.75  -1128.94   -279.22       0      70      90      61
26063  10  00     7  99999.00  99999.00  99999.00  99999.00  99999.00  99999.00  99999.00  99999.00       0       0      18      15
26063  10  00     5  99999.00  99999.00  99999.00  99999.00  99999.00  99999.00  99999.00  99999.00       0       0       4       2
26063  10  00     3  99999.00  99999.00  99999.00  99999.00  99999.00  99999.00  99999.00  99999.00       0       0       0       0
26063  10  00     2  99999.00  99999.00  99999.00  99999.00  99999.00  99999.00  99999.00  99999.00       0       0       0       0
26063  10  00     1  99999.00  99999.00  99999.00  99999.00  99999.00  99999.00  99999.00  99999.00       0       0       0       0
26063  11  00  9999    921.63   1085.43  99999.00  99999.00   -324.48    303.12   -102.42    136.50     928       0     927     927
26063  11  00  1000  99999.00  99999.00   -241.74    575.58   -324.01    289.43   -378.85    307.55       0     609     607     604
26063  11  00   925  99999.00  99999.00    120.12   1341.00   -293.75    246.13   -436.81    329.63       0     631     654     649
26063  11  00   900  99999.00  99999.00  99999.00  99999.00  99999.00  99999.00  99999.00  99999.00       0       0      23      23
26063  11  00   850  99999.00  99999.00    751.45   2028.49   -345.51    248.49   -533.19    339.21       0     982     982     971
26063  11  00   800  99999.00  99999.00  99999.00  99999.00  99999.00  99999.00  99999.00  99999.00       0       0      19      18
26063  11  00   700  99999.00  99999.00   2186.05   3612.37   -437.57    198.19   -715.11    323.01       0     978     980     971
26063  11  00   600  99999.00  99999.00  99999.00  99999.00  99999.00  99999.00  99999.00  99999.00       0       0      19      19
26063  11  00   500  99999.00  99999.00   4472.91   6329.43   -590.37     47.79   -805.41    112.35       0     978     975     962
26063  11  00   400  99999.00  99999.00   5880.09   8065.17   -672.03    -92.07   -850.24    -43.60       0     972     971     886
26063  11  00   300  99999.00  99999.00   7660.31  10130.63   -713.14   -310.06   -882.07   -277.03       0     954     954     755
26063  11  00   250  99999.00  99999.00   8821.64  11309.12   -801.06   -324.78   -938.10   -335.94       0     945     944     749
26063  11  00   200  99999.00  99999.00  10325.12  12627.80   -920.48   -242.72  -1083.90   -258.18       0     933     933     745
26063  11  00   150  99999.00  99999.00  12235.73  14346.89   -825.52   -328.60  -1164.16   -207.52       0     913     913     729
26063  11  00   100  99999.00  99999.00  14825.65  16848.61   -808.57   -392.77  -1240.96   -200.68       0     861     860     697
26063  11  00    80  99999.00  99999.00  99999.00  99999.00  99999.00  99999.00  99999.00  99999.00       0       0      23      20
26063  11  00    70  99999.00  99999.00  16993.74  19111.62   -841.87   -409.99  -1270.13   -231.17       0     769     773     640
26063  11  00    60  99999.00  99999.00  99999.00  99999.00  99999.00  99999.00  99999.00  99999.00       0       0      41      32
26063  11  00    50  99999.00  99999.00  18909.95  21324.35   -892.24   -411.88  -1298.90   -258.50       0     692     700     579
26063  11  00    40  99999.00  99999.00  99999.00  99999.00  99999.00  99999.00  99999.00  99999.00       0       0      51      40
26063  11  00    30  99999.00  99999.00  21832.82  24634.22   -943.96   -411.64  -1308.49   -307.81       0     454     470     365
26063  11  00    20  99999.00  99999.00  24126.39  27258.63   -964.20   -415.92  -1214.96   -402.56       0     219     232     169
26063  11  00    15  99999.00  99999.00  99999.00  99999.00  99999.00  99999.00  99999.00  99999.00       0       0      23      15
26063  11  00    10  99999.00  99999.00  99999.00  99999.00  99999.00  99999.00  99999.00  99999.00       0      27      39      25
26063  11  00     7  99999.00  99999.00  99999.00  99999.00  99999.00  99999.00  99999.00  99999.00       0       0       2       1
26063  11  00     5  99999.00  99999.00  99999.00  99999.00  99999.00  99999.00  99999.00  99999.00       0       0       2       0
26063  11  00     3  99999.00  99999.00  99999.00  99999.00  99999.00  99999.00  99999.00  99999.00       0       0       0       0
26063  11  00     2  99999.00  99999.00  99999.00  99999.00  99999.00  99999.00  99999.00  99999.00       0       0       0       0
26063  11  00     1  99999.00  99999.00  99999.00  99999.00  99999.00  99999.00  99999.00  99999.00       0       0       0       0
26063  12  00  9999    915.31   1088.83  99999.00  99999.00   -431.01    330.03    -46.75     79.01     977       0     977     975
26063  12  00  1000  99999.00  99999.00   -239.44    583.52   -398.76    278.40   -445.89    291.99       0     568     570     569
26063  12  00   925  99999.00  99999.00     55.76   1374.68   -322.86    218.22   -450.11    286.33       0     696     714     709
26063  12  00   900  99999.00  99999.00  99999.00  99999.00  99999.00  99999.00  99999.00  99999.00       0       0      26      26
26063  12  00   850  99999.00  99999.00    685.05   2041.53   -370.02    222.54   -556.96    314.12       0    1029    1029    1022
26063  12  00   800  99999.00  99999.00  99999.00  99999.00  99999.00  99999.00  99999.00  99999.00       0       0      26      26
26063  12  00   700  99999.00  99999.00   2110.54   3604.18   -468.34    181.58   -709.11    274.53       0    1025    1024    1018
26063  12  00   600  99999.00  99999.00  99999.00  99999.00  99999.00  99999.00  99999.00  99999.00       0       0      26      26
26063  12  00   500  99999.00  99999.00   4370.65   6294.13   -638.62     41.78   -829.74     88.02       0    1016    1016    1000
26063  12  00   400  99999.00  99999.00   5756.35   8018.59   -713.84   -100.76   -890.39    -56.27       0    1011    1011     895
26063  12  00   300  99999.00  99999.00   7505.84  10076.60   -737.79   -324.75   -904.76   -299.84       0     999     998     800
26063  12  00   250  99999.00  99999.00   8655.21  11246.61   -823.32   -337.56   -956.90   -357.98       0     993     996     799
26063  12  00   200  99999.00  99999.00  10126.99  12568.87   -937.75   -255.07  -1096.65   -276.21       0     983     983     791
26063  12  00   150  99999.00  99999.00  12017.33  14277.77   -905.49   -284.13  -1198.25   -209.69       0     965     970     780
26063  12  00   100  99999.00  99999.00  14489.93  16856.09   -920.12   -321.44  -1267.27   -219.31       0     900     906     742
26063  12  00    80  99999.00  99999.00  99999.00  99999.00  99999.00  99999.00  99999.00  99999.00       0       0      16      12
26063  12  00    70  99999.00  99999.00  16531.25  19202.93   -982.05   -317.01  -1301.59   -250.99       0     797     803     674
26063  12  00    60  99999.00  99999.00  99999.00  99999.00  99999.00  99999.00  99999.00  99999.00       0       0      26      23
26063  12  00    50  99999.00  99999.00  18360.59  21474.83  -1025.73   -322.65  -1315.01   -289.49       0     658     673     556
26063  12  00    40  99999.00  99999.00  99999.00  99999.00  99999.00  99999.00  99999.00  99999.00       0       0      34      30
26063  12  00    30  99999.00  99999.00  21217.70  24918.02  -1085.22   -297.06  -1322.40   -333.24       0     365     383     268
26063  12  00    20  99999.00  99999.00  23451.26  27681.74  -1118.78   -268.94  -1289.64   -348.60       0     157     173      97
26063  12  00    15  99999.00  99999.00  99999.00  99999.00  99999.00  99999.00  99999.00  99999.00       0       0      19       7
26063  12  00    10  99999.00  99999.00  99999.00  99999.00  99999.00  99999.00  99999.00  99999.00       0      20      29      13
26063  12  00     7  99999.00  99999.00  99999.00  99999.00  99999.00  99999.00  99999.00  99999.00       0       0       5       1
26063  12  00     5  99999.00  99999.00  99999.00  99999.00  99999.00  99999.00  99999.00  99999.00       0       0       1       0
26063  12  00     3  99999.00  99999.00  99999.00  99999.00  99999.00  99999.00  99999.00  99999.00       0       0       0       0
26063  12  00     2  99999.00  99999.00  99999.00  99999.00  99999.00  99999.00  99999.00  99999.00       0       0       0       0
26063  12  00     1  99999.00  99999.00  99999.00  99999.00  99999.00  99999.00  99999.00  99999.00       0       0       0       0
