31369  01  00  9999    960.59   1059.95  99999.00  99999.00   -727.62    229.50    -27.73     77.75     782       0     782     781
31369  01  00  1000  99999.00  99999.00   -138.91    405.65   -626.39    170.53   -669.28    160.16       0     701     708     692
31369  01  00   925  99999.00  99999.00    313.68   1078.20   -513.43    127.13   -560.45    115.39       0     484     507     499
31369  01  00   900  99999.00  99999.00  99999.00  99999.00  99999.00  99999.00  99999.00  99999.00       0       0      13      13
31369  01  00   850  99999.00  99999.00    924.99   1723.95   -542.26    124.58   -602.91    110.61       0     781     784     770
31369  01  00   800  99999.00  99999.00  99999.00  99999.00  99999.00  99999.00  99999.00  99999.00       0       0      10      10
31369  01  00   700  99999.00  99999.00   2256.82   3242.38   -556.88     43.12   -635.78     23.14       0     780     779     771
31369  01  00   600  99999.00  99999.00  99999.00  99999.00  99999.00  99999.00  99999.00  99999.00       0       0      11      11
31369  01  00   500  99999.00  99999.00   4423.75   5819.71   -670.73   -120.29   -744.07   -141.31       0     775     773     671
31369  01  00   400  99999.00  99999.00   5807.78   7428.50   -710.66   -266.06   -788.90   -286.58       0     770     772     600
31369  01  00   300  99999.00  99999.00   7597.00   9344.92   -768.30   -360.66   -835.88   -396.32       0     759     765     591
31369  01  00   250  99999.00  99999.00   8792.45  10458.05   -853.95   -275.19   -916.66   -328.30       0     746     750     582
31369  01  00   200  99999.00  99999.00  10248.98  11848.10   -814.16   -260.48   -877.47   -330.75       0     741     742     572
31369  01  00   150  99999.00  99999.00  12073.97  13739.09   -776.02   -257.38   -861.65   -334.61       0     729     734     563
31369  01  00   100  99999.00  99999.00  14571.54  16523.82   -782.49   -209.61   -889.21   -302.65       0     698     706     534
31369  01  00    80  99999.00  99999.00  99999.00  99999.00  99999.00  99999.00  99999.00  99999.00       0       0      19      15
31369  01  00    70  99999.00  99999.00  16754.50  19035.82   -773.46   -175.98   -904.29   -276.21       0     690     689     532
31369  01  00    60  99999.00  99999.00  99999.00  99999.00  99999.00  99999.00  99999.00  99999.00       0       0      26      16
31369  01  00    50  99999.00  99999.00  18834.96  21404.52  -2478.38   1523.02   -939.64   -247.24       0     652     654     492
31369  01  00    40  99999.00  99999.00  99999.00  99999.00  99999.00  99999.00  99999.00  99999.00       0       0      40      17
31369  01  00    30  99999.00  99999.00  22086.79  24953.35   -799.54   -107.86  -1014.56   -189.68       0     571     579     343
31369  01  00    20  99999.00  99999.00  15600.50  36717.02  -2868.80   1944.28  -1055.23   -145.15       0     433     456     246
31369  01  00    15  99999.00  99999.00  99999.00  99999.00 -10208.82   8807.10  99999.00  99999.00       0       0      72      33
31369  01  00    10  99999.00  99999.00  29270.18  32611.82   -817.97     -4.25  99999.00  99999.00       0     120     140      35
31369  01  00     7  99999.00  99999.00  99999.00  99999.00  99999.00  99999.00  99999.00  99999.00       0       0      34       6
31369  01  00     5  99999.00  99999.00  99999.00  99999.00  99999.00  99999.00  99999.00  99999.00       0       0       5       1
31369  01  00     3  99999.00  99999.00  99999.00  99999.00  99999.00  99999.00  99999.00  99999.00       0       0       0       0
31369  01  00     2  99999.00  99999.00  99999.00  99999.00  99999.00  99999.00  99999.00  99999.00       0       0       0       0
31369  01  00     1  99999.00  99999.00  99999.00  99999.00  99999.00  99999.00  99999.00  99999.00       0       0       0       0
31369  02  00  9999    967.95   1052.07  99999.00  99999.00   -649.76    201.04    -34.10     85.06     755       0     755     755
31369  02  00  1000  99999.00  99999.00   -141.87    399.21  -3249.57   2785.47   -603.50    137.50       0     683     686     677
31369  02  00   925  99999.00  99999.00    387.45   1002.09   -479.47    109.01   -527.51     87.85       0     473     488     481
31369  02  00   900  99999.00  99999.00  99999.00  99999.00  99999.00  99999.00  99999.00  99999.00       0       0       5       5
31369  02  00   850  99999.00  99999.00  -1210.44   3844.92   -509.86    103.70   -571.99     86.21       0     738     740     726
31369  02  00   800  99999.00  99999.00  99999.00  99999.00  99999.00  99999.00  99999.00  99999.00       0       0      11      11
31369  02  00   700  99999.00  99999.00    128.41   5358.13   -534.88     24.56   -613.23      3.21       0     736     734     726
31369  02  00   600  99999.00  99999.00  99999.00  99999.00  99999.00  99999.00  99999.00  99999.00       0       0       3       3
31369  02  00   500  99999.00  99999.00   4488.87   5774.67   -663.30   -128.82   -732.35   -156.83       0     729     730     644
31369  02  00   400  99999.00  99999.00   5853.09   7399.89   -723.31   -256.03   -787.63   -294.07       0     727     730     552
31369  02  00   300  99999.00  99999.00   7607.85   9352.53   -775.47   -350.67   -818.80   -410.44       0     719     721     538
31369  02  00   250  99999.00  99999.00   8767.40  10501.88   -846.51   -273.63   -869.09   -361.13       0     709     710     529
31369  02  00   200  99999.00  99999.00  10188.56  11935.76   -809.60   -253.16   -835.47   -359.55       0     698     699     521
31369  02  00   150  99999.00  99999.00  11974.24  13871.20   -798.86   -226.34   -838.01   -350.69       0     692     694     517
31369  02  00   100  99999.00  99999.00  14438.39  16701.95  -2744.10   1733.22   -890.00   -299.36       0     659     662     484
31369  02  00    80  99999.00  99999.00  99999.00  99999.00  99999.00  99999.00  99999.00  99999.00       0       0      14      12
31369  02  00    70  99999.00  99999.00  16629.42  19208.22   -789.49   -160.21   -930.94   -260.98       0     652     656     471
31369  02  00    60  99999.00  99999.00  99999.00  99999.00  99999.00  99999.00  99999.00  99999.00       0       0      25      16
31369  02  00    50  99999.00  99999.00  18738.61  21560.89  -2547.90   1590.78   -957.24   -243.84       0     608     609     420
31369  02  00    40  99999.00  99999.00  99999.00  99999.00  99999.00  99999.00  99999.00  99999.00       0       0      48      29
31369  02  00    30  99999.00  99999.00  22045.50  25054.26   -746.64   -174.72  -1014.31   -226.15       0     507     513     290
31369  02  00    20  99999.00  99999.00  14723.80  37607.56  -3054.78   2108.10  -1101.79   -164.71       0     368     391     179
31369  02  00    15  99999.00  99999.00  99999.00  99999.00  99999.00  99999.00  99999.00  99999.00       0       0      47      19
31369  02  00    10  99999.00  99999.00  29301.24  32565.36   -845.53      8.39  99999.00  99999.00       0      91     121      28
31369  02  00     7  99999.00  99999.00  99999.00  99999.00  99999.00  99999.00  99999.00  99999.00       0       0      18       2
31369  02  00     5  99999.00  99999.00  99999.00  99999.00  99999.00  99999.00  99999.00  99999.00       0       0       7       0
31369  02  00     3  99999.00  99999.00  99999.00  99999.00  99999.00  99999.00  99999.00  99999.00       0       0       0       0
31369  02  00     2  99999.00  99999.00  99999.00  99999.00  99999.00  99999.00  99999.00  99999.00       0       0       0       0
31369  02  00     1  99999.00  99999.00  99999.00  99999.00  99999.00  99999.00  99999.00  99999.00       0       0       0       0
31369  03  00  9999    955.89   1061.25  99999.00  99999.00   -534.45    253.23    -60.96    117.24     845       0     845     845
31369  03  00  1000  99999.00  99999.00   -160.45    422.51   -470.82    208.26   -534.01    205.91       0     717     715     708
31369  03  00   925  99999.00  99999.00    287.13   1110.21   -443.34    188.22   -498.57    149.19       0     521     542     534
31369  03  00   900  99999.00  99999.00  99999.00  99999.00  99999.00  99999.00  99999.00  99999.00       0       0      12      12
31369  03  00   850  99999.00  99999.00    939.52   1762.00   -473.41    157.07   -534.78    120.78       0     851     851     835
31369  03  00   800  99999.00  99999.00  99999.00  99999.00  99999.00  99999.00  99999.00  99999.00       0       0      16      15
31369  03  00   700  99999.00  99999.00   2314.00   3279.40   -516.22     64.82   -607.88     43.96       0     851     852     842
31369  03  00   600  99999.00  99999.00  99999.00  99999.00  99999.00  99999.00  99999.00  99999.00       0       0      11      11
31369  03  00   500  99999.00  99999.00   4529.76   5867.28   -653.06    -85.10   -734.08   -113.56       0     844     843     794
31369  03  00   400  99999.00  99999.00   5904.60   7513.56   -719.01   -215.85   -789.14   -250.82       0     836     837     652
31369  03  00   300  99999.00  99999.00   7669.79   9484.43   -770.33   -339.65   -811.79   -404.87       0     820     821     631
31369  03  00   250  99999.00  99999.00   8842.67  10628.39   -841.86   -275.58   -880.40   -351.20       0     809     811     622
31369  03  00   200  99999.00  99999.00  10307.63  12015.11   -827.74   -241.42   -878.62   -327.94       0     802     804     615
31369  03  00   150  99999.00  99999.00  12143.32  13893.76   -797.74   -242.02   -871.31   -336.59       0     792     792     603
31369  03  00   100  99999.00  99999.00  14642.41  16664.77   -808.84   -204.40   -927.17   -289.73       0     771     772     582
31369  03  00    80  99999.00  99999.00  99999.00  99999.00  99999.00  99999.00  99999.00  99999.00       0       0      16      14
31369  03  00    70  99999.00  99999.00  16838.18  19134.86  -2346.68   1336.12   -941.58   -277.38       0     764     768     571
31369  03  00    60  99999.00  99999.00  99999.00  99999.00  99999.00  99999.00  99999.00  99999.00       0       0      29      15
31369  03  00    50  99999.00  99999.00  18934.12  21450.40  -2423.12   1426.96   -945.74   -279.14       0     695     701     513
31369  03  00    40  99999.00  99999.00  99999.00  99999.00  99999.00  99999.00  99999.00  99999.00       0       0      45      32
31369  03  00    30  99999.00  99999.00  22215.76  24901.84  -2569.79   1593.49   -977.26   -258.10       0     593     599     372
31369  03  00    20  99999.00  99999.00  15747.11  36562.07  -3160.96   2198.24  -1035.66   -206.94       0     445     463     237
31369  03  00    15  99999.00  99999.00  99999.00  99999.00 -13424.82  11601.06  99999.00  99999.00       0       0      81      45
31369  03  00    10  99999.00  99999.00  29405.41  32392.45   -927.13     75.11  99999.00  99999.00       0     131     167      43
31369  03  00     7  99999.00  99999.00  99999.00  99999.00  99999.00  99999.00  99999.00  99999.00       0       0      30       2
31369  03  00     5  99999.00  99999.00  99999.00  99999.00  99999.00  99999.00  99999.00  99999.00       0       0      10       0
31369  03  00     3  99999.00  99999.00  99999.00  99999.00  99999.00  99999.00  99999.00  99999.00       0       0       1       0
31369  03  00     2  99999.00  99999.00  99999.00  99999.00  99999.00  99999.00  99999.00  99999.00       0       0       0       0
31369  03  00     1  99999.00  99999.00  99999.00  99999.00  99999.00  99999.00  99999.00  99999.00       0       0       0       0
31369  04  00  9999    955.64   1056.56  99999.00  99999.00   -292.46    238.90    -85.17    154.11     800       0     799     799
31369  04  00  1000  99999.00  99999.00   -150.38    389.86   -291.60    231.00   -343.05    203.55       0     642     641     635
31369  04  00   925  99999.00  99999.00    337.83   1079.43   -367.92    274.20   -383.20    184.28       0     488     509     501
31369  04  00   900  99999.00  99999.00  99999.00  99999.00  99999.00  99999.00  99999.00  99999.00       0       0       8       8
31369  04  00   850  99999.00  99999.00    972.00   1778.40   -417.39    267.81   -473.81    204.91       0     809     807     795
31369  04  00   800  99999.00  99999.00  99999.00  99999.00  99999.00  99999.00  99999.00  99999.00       0       0      14      14
31369  04  00   700  99999.00  99999.00   2390.77   3342.13   -473.07    170.73   -616.27    178.25       0     809     807     796
31369  04  00   600  99999.00  99999.00  99999.00  99999.00  99999.00  99999.00  99999.00  99999.00       0       0       7       7
31369  04  00   500  99999.00  99999.00   4653.78   6018.30   -617.25     10.95   -751.76      9.40       0     805     805     791
31369  04  00   400  99999.00  99999.00   6048.13   7728.49   -704.65   -116.17   -813.57   -124.65       0     799     799     690
31369  04  00   300  99999.00  99999.00   7812.92   9770.36   -752.21   -294.17   -835.71   -331.95       0     793     794     598
31369  04  00   250  99999.00  99999.00   8985.40  10938.04   -852.47   -245.27   -894.00   -333.36       0     779     780     587
31369  04  00   200  99999.00  99999.00  10491.74  12289.58   -865.47   -199.23   -904.93   -308.05       0     772     774     588
31369  04  00   150  99999.00  99999.00  12399.49  14101.93   -758.63   -275.51   -846.13   -366.13       0     763     763     574
31369  04  00   100  99999.00  99999.00  15030.86  16730.06   -734.30   -292.22   -874.15   -362.23       0     739     743     551
31369  04  00    80  99999.00  99999.00  99999.00  99999.00  99999.00  99999.00  99999.00  99999.00       0       0      13      10
31369  04  00    70  99999.00  99999.00  17312.78  19092.86  -2393.24   1359.76   -905.75   -339.23       0     728     728     534
31369  04  00    60  99999.00  99999.00  99999.00  99999.00  99999.00  99999.00  99999.00  99999.00       0       0      32      24
31369  04  00    50  99999.00  99999.00  19481.68  21309.76  -2725.96   1703.60   -924.02   -323.78       0     662     668     485
31369  04  00    40  99999.00  99999.00  99999.00  99999.00  99999.00  99999.00  99999.00  99999.00       0       0      35      29
31369  04  00    30  99999.00  99999.00  22756.02  24724.02   -675.23   -295.79   -981.53   -278.33       0     576     579     322
31369  04  00    20  99999.00  99999.00  16129.22  36539.30  -2801.80   1825.28  -1036.60   -227.32       0     463     481     236
31369  04  00    15  99999.00  99999.00  99999.00  99999.00 -13103.38  11290.10  99999.00  99999.00       0       0      64      31
31369  04  00    10  99999.00  99999.00  29941.97  32129.57   -710.69   -161.57  99999.00  99999.00       0     163     196      44
31369  04  00     7  99999.00  99999.00  99999.00  99999.00  99999.00  99999.00  99999.00  99999.00       0       0      39       6
31369  04  00     5  99999.00  99999.00  99999.00  99999.00  99999.00  99999.00  99999.00  99999.00       0       0      16       2
31369  04  00     3  99999.00  99999.00  99999.00  99999.00  99999.00  99999.00  99999.00  99999.00       0       0       0       0
31369  04  00     2  99999.00  99999.00  99999.00  99999.00  99999.00  99999.00  99999.00  99999.00       0       0       0       0
31369  04  00     1  99999.00  99999.00  99999.00  99999.00  99999.00  99999.00  99999.00  99999.00       0       0       0       0
31369  05  00  9999    960.81   1049.73  99999.00  99999.00   -198.85    311.51   -148.39    231.53     781       0     780     778
31369  05  00  1000  99999.00  99999.00   -128.78    354.70   -209.83    311.21   -206.88    213.24       0     610     610     607
31369  05  00   925  99999.00  99999.00    384.92   1072.88   -305.68    386.24   -289.05    241.83       0     493     510     492
31369  05  00   900  99999.00  99999.00  99999.00  99999.00  99999.00  99999.00  99999.00  99999.00       0       0      11      11
31369  05  00   850  99999.00  99999.00   1040.71   1775.47   -319.74    339.54   -390.87    267.93       0     791     792     773
31369  05  00   800  99999.00  99999.00  99999.00  99999.00  99999.00  99999.00  99999.00  99999.00       0       0       8       8
31369  05  00   700  99999.00  99999.00   2497.36   3396.40   -354.71    213.73   -553.15    262.85       0     790     793     778
31369  05  00   600  99999.00  99999.00  99999.00  99999.00  99999.00  99999.00  99999.00  99999.00       0       0      12      10
31369  05  00   500  99999.00  99999.00   4873.58   6115.10   -486.98     36.22   -719.74    103.82       0     785     788     769
31369  05  00   400  99999.00  99999.00   6347.45   7845.89   -600.35    -80.75   -765.61    -59.53       0     781     780     749
31369  05  00   300  99999.00  99999.00   8183.58   9913.62   -698.09   -261.17   -822.12   -266.76       0     772     776     604
31369  05  00   250  99999.00  99999.00   9356.19  11111.67   -798.70   -269.50   -872.24   -329.96       0     766     763     588
31369  05  00   200  99999.00  99999.00  10884.34  12450.22   -877.89   -188.73   -929.80   -296.20       0     758     759     590
31369  05  00   150  99999.00  99999.00  12849.51  14212.71   -712.97   -309.53   -815.06   -397.10       0     747     748     579
31369  05  00   100  99999.00  99999.00  15518.45  16812.77   -672.06   -358.02   -838.18   -416.50       0     729     733     560
31369  05  00    80  99999.00  99999.00  99999.00  99999.00  99999.00  99999.00  99999.00  99999.00       0       0      18      15
31369  05  00    70  99999.00  99999.00  17860.77  19101.09   -651.04   -385.60   -872.11   -408.79       0     719     724     553
31369  05  00    60  99999.00  99999.00  99999.00  99999.00  99999.00  99999.00  99999.00  99999.00       0       0      24      18
31369  05  00    50  99999.00  99999.00  20033.88  21286.08  -2485.16   1435.12   -907.14   -381.06       0     652     660     495
31369  05  00    40  99999.00  99999.00  99999.00  99999.00  99999.00  99999.00  99999.00  99999.00       0       0      17      11
31369  05  00    30  99999.00  99999.00  23300.93  24664.97   -630.06   -367.26   -953.68   -340.12       0     546     553     337
31369  05  00    20  99999.00  99999.00  16265.88  36873.12  -2831.53   1844.51   -972.88   -300.52       0     458     468     257
31369  05  00    15  99999.00  99999.00  99999.00  99999.00  99999.00  99999.00  99999.00  99999.00       0       0      54      31
31369  05  00    10  99999.00  99999.00  30406.57  32200.33   -575.29   -235.21   -923.14   -251.62       0     148     194      78
31369  05  00     7  99999.00  99999.00  99999.00  99999.00  99999.00  99999.00  99999.00  99999.00       0       0      36      11
31369  05  00     5  99999.00  99999.00  99999.00  99999.00  99999.00  99999.00  99999.00  99999.00       0       0      13       1
31369  05  00     3  99999.00  99999.00  99999.00  99999.00  99999.00  99999.00  99999.00  99999.00       0       0       0       0
31369  05  00     2  99999.00  99999.00  99999.00  99999.00  99999.00  99999.00  99999.00  99999.00       0       0       0       0
31369  05  00     1  99999.00  99999.00  99999.00  99999.00  99999.00  99999.00  99999.00  99999.00       0       0       0       0
31369  06  00  9999    968.03   1039.79  99999.00  99999.00   -129.58    405.26   -114.78    204.78     791       0     791     789
31369  06  00  1000  99999.00  99999.00   -116.47    310.49   -142.00    403.04   -149.69    311.83       0     655     656     654
31369  06  00   925  99999.00  99999.00    448.94   1014.74   -238.50    457.26   -231.16    323.36       0     540     558     546
31369  06  00   900  99999.00  99999.00  99999.00  99999.00  99999.00  99999.00  99999.00  99999.00       0       0      24      24
31369  06  00   850  99999.00  99999.00   1143.11   1728.23   -205.57    372.11   -308.28    325.80       0     832     832     823
31369  06  00   800  99999.00  99999.00  99999.00  99999.00  99999.00  99999.00  99999.00  99999.00       0       0      12      12
31369  06  00   700  99999.00  99999.00   2666.80   3363.76   -225.19    217.73   -468.81    295.35       0     825     828     816
31369  06  00   600  99999.00  99999.00  99999.00  99999.00  99999.00  99999.00  99999.00  99999.00       0       0       8       7
31369  06  00   500  99999.00  99999.00   5143.24   6112.96   -378.93     53.67   -661.68    132.00       0     827     827     811
31369  06  00   400  99999.00  99999.00   6683.57   7853.21   -512.73    -46.29   -737.13     -5.49       0     827     825     810
31369  06  00   300  99999.00  99999.00   8540.90   9996.26   -656.34   -205.50   -816.09   -195.69       0     816     816     672
31369  06  00   250  99999.00  99999.00   9680.70  11269.02   -731.13   -289.53   -842.06   -322.94       0     809     809     622
31369  06  00   200  99999.00  99999.00  11144.10  12680.46   -859.67   -223.55   -925.24   -312.40       0     799     801     611
31369  06  00   150  99999.00  99999.00  13093.71  14441.67   -717.17   -318.41   -824.84   -399.08       0     793     791     598
31369  06  00   100  99999.00  99999.00  15764.64  17021.88   -661.76   -388.88   -851.15   -421.31       0     765     768     572
31369  06  00    80  99999.00  99999.00  99999.00  99999.00  99999.00  99999.00  99999.00  99999.00       0       0      12       7
31369  06  00    70  99999.00  99999.00  18098.28  19299.48   -636.15   -402.99   -879.74   -401.78       0     744     743     554
31369  06  00    60  99999.00  99999.00  99999.00  99999.00  99999.00  99999.00  99999.00  99999.00       0       0      22      19
31369  06  00    50  99999.00  99999.00  20260.45  21511.09  -2719.29   1681.23   -898.68   -375.00       0     671     672     501
31369  06  00    40  99999.00  99999.00  99999.00  99999.00  99999.00  99999.00  99999.00  99999.00       0       0      14      10
31369  06  00    30  99999.00  99999.00  23572.12  24895.00  -2534.10   1547.10   -915.81   -344.13       0     609     613     371
31369  06  00    20  99999.00  99999.00  26220.14  27627.14   -580.30   -312.34   -960.54   -276.42       0     525     535     289
31369  06  00    15  99999.00  99999.00  99999.00  99999.00  -7095.91   6010.01  99999.00  99999.00       0       0      77      42
31369  06  00    10  99999.00  99999.00  30820.80  32541.60   -510.06   -224.10   -922.89   -226.77       0     209     253     106
31369  06  00     7  99999.00  99999.00  99999.00  99999.00  99999.00  99999.00  99999.00  99999.00       0       0      53      22
31369  06  00     5  99999.00  99999.00  99999.00  99999.00  99999.00  99999.00  99999.00  99999.00       0       0      20       1
31369  06  00     3  99999.00  99999.00  99999.00  99999.00  99999.00  99999.00  99999.00  99999.00       0       0       4       0
31369  06  00     2  99999.00  99999.00  99999.00  99999.00  99999.00  99999.00  99999.00  99999.00       0       0       0       0
31369  06  00     1  99999.00  99999.00  99999.00  99999.00  99999.00  99999.00  99999.00  99999.00       0       0       0       0
31369  07  00  9999    971.44   1034.68  99999.00  99999.00    -38.43    381.69    -89.21    161.11     738       0     738     738
31369  07  00  1000  99999.00  99999.00    -91.60    267.92    -42.96    373.92    -62.16    315.12       0     611     610     607
31369  07  00   925  99999.00  99999.00    468.93    991.41   -165.20    442.24   -151.94    333.70       0     480     506     487
31369  07  00   900  99999.00  99999.00  99999.00  99999.00  99999.00  99999.00  99999.00  99999.00       0       0      20      20
31369  07  00   850  99999.00  99999.00   1170.42   1716.54   -135.67    366.05   -239.31    344.13       0     797     798     786
31369  07  00   800  99999.00  99999.00  99999.00  99999.00  99999.00  99999.00  99999.00  99999.00       0       0      16      15
31369  07  00   700  99999.00  99999.00   2717.14   3368.74   -152.11    212.45   -411.05    326.47       0     799     797     781
31369  07  00   600  99999.00  99999.00  99999.00  99999.00  99999.00  99999.00  99999.00  99999.00       0       0      13      13
31369  07  00   500  99999.00  99999.00   5270.71   6117.67   -297.65     57.07   -629.19    192.93       0     795     795     773
31369  07  00   400  99999.00  99999.00   6859.05   7870.05   -434.00    -30.80   -717.06     70.98       0     787     787     766
31369  07  00   300  99999.00  99999.00   8769.19  10042.15   -605.60   -160.76   -798.53   -115.49       0     778     778     688
31369  07  00   250  99999.00  99999.00   9925.35  11345.19   -680.49   -262.65   -819.53   -268.37       0     773     771     575
31369  07  00   200  99999.00  99999.00  11369.32  12808.60   -835.22   -216.98   -899.20   -305.92       0     761     763     557
31369  07  00   150  99999.00  99999.00  13302.51  14600.31   -731.74   -303.58   -843.33   -380.25       0     738     736     526
31369  07  00   100  99999.00  99999.00  15997.58  17143.10   -694.36   -372.40   -884.13   -403.41       0     710     715     501
31369  07  00    80  99999.00  99999.00  99999.00  99999.00  99999.00  99999.00  99999.00  99999.00       0       0      18      14
31369  07  00    70  99999.00  99999.00  18362.67  19378.59   -652.52   -397.88   -899.58   -393.66       0     681     684     479
31369  07  00    60  99999.00  99999.00  99999.00  99999.00  99999.00  99999.00  99999.00  99999.00       0       0       7       3
31369  07  00    50  99999.00  99999.00  20560.67  21548.63   -612.17   -404.81   -915.54   -365.10       0     624     628     425
31369  07  00    40  99999.00  99999.00  99999.00  99999.00  99999.00  99999.00  99999.00  99999.00       0       0      26      15
31369  07  00    30  99999.00  99999.00  23865.48  24934.80   -582.81   -370.17   -929.52   -327.00       0     556     563     317
31369  07  00    20  99999.00  99999.00  26507.10  27681.90   -547.10   -331.22   -987.43   -236.47       0     467     490     249
31369  07  00    15  99999.00  99999.00  99999.00  99999.00 -10561.53   9163.83  99999.00  99999.00       0       0      67      31
31369  07  00    10  99999.00  99999.00  31115.84  32530.16   -518.33   -215.69   -891.60   -224.28       0     190     232     108
31369  07  00     7  99999.00  99999.00  99999.00  99999.00  99999.00  99999.00  99999.00  99999.00       0       0      46      18
31369  07  00     5  99999.00  99999.00  99999.00  99999.00  99999.00  99999.00  99999.00  99999.00       0       0      17       0
31369  07  00     3  99999.00  99999.00  99999.00  99999.00  99999.00  99999.00  99999.00  99999.00       0       0       2       0
31369  07  00     2  99999.00  99999.00  99999.00  99999.00  99999.00  99999.00  99999.00  99999.00       0       0       0       0
31369  07  00     1  99999.00  99999.00  99999.00  99999.00  99999.00  99999.00  99999.00  99999.00       0       0       0       0
31369  08  00  9999    967.51   1040.11  99999.00  99999.00    -12.08    353.44    -74.05    137.99     750       0     750     749
31369  08  00  1000  99999.00  99999.00   -103.07    299.89    -20.39    352.33    -53.47    310.73       0     607     607     602
31369  08  00   925  99999.00  99999.00    431.91   1037.31   -108.80    386.32   -172.96    341.72       0     467     495     482
31369  08  00   900  99999.00  99999.00  99999.00  99999.00  99999.00  99999.00  99999.00  99999.00       0       0      21      21
31369  08  00   850  99999.00  99999.00   1130.18   1764.86   -121.64    324.28   -246.94    331.70       0     779     779     763
31369  08  00   800  99999.00  99999.00  99999.00  99999.00  99999.00  99999.00  99999.00  99999.00       0       0      11      11
31369  08  00   700  99999.00  99999.00   2683.10   3395.78   -174.08    211.96   -482.63    365.77       0     771     769     748
31369  08  00   600  99999.00  99999.00  99999.00  99999.00  99999.00  99999.00  99999.00  99999.00       0       0       9       9
31369  08  00   500  99999.00  99999.00   5216.44   6142.72   -336.49     73.91   -695.97    220.35       0     766     764     742
31369  08  00   400  99999.00  99999.00   6780.69   7904.97   -478.56     -6.60   -767.23     87.53       0     764     762     746
31369  08  00   300  99999.00  99999.00   8668.53  10083.33   -643.86   -139.14   -830.93   -107.09       0     751     753     677
31369  08  00   250  99999.00  99999.00   9807.58  11397.34   -715.51   -230.23   -847.53   -249.93       0     740     741     579
31369  08  00   200  99999.00  99999.00  11267.57  12857.09   -818.83   -204.07   -886.82   -301.22       0     722     724     555
31369  08  00   150  99999.00  99999.00  13184.82  14675.34   -723.83   -308.99   -848.45   -382.61       0     703     703     539
31369  08  00   100  99999.00  99999.00  15947.94  17149.86   -709.26   -362.82   -896.00   -400.04       0     682     695     525
31369  08  00    80  99999.00  99999.00  99999.00  99999.00  99999.00  99999.00  99999.00  99999.00       0       0      14      11
31369  08  00    70  99999.00  99999.00  18300.65  19375.13   -665.54   -400.34   -900.04   -405.40       0     658     659     483
31369  08  00    60  99999.00  99999.00  99999.00  99999.00  99999.00  99999.00  99999.00  99999.00       0       0      10       5
31369  08  00    50  99999.00  99999.00  20475.20  21546.56   -626.28   -415.20   -902.65   -392.41       0     613     610     438
31369  08  00    40  99999.00  99999.00  99999.00  99999.00  99999.00  99999.00  99999.00  99999.00       0       0      24      15
31369  08  00    30  99999.00  99999.00  23763.89  24906.77   -605.10   -375.42   -899.02   -367.54       0     548     551     320
31369  08  00    20  99999.00  99999.00  26384.30  27649.70   -575.66   -333.74   -954.54   -282.42       0     457     466     243
31369  08  00    15  99999.00  99999.00  99999.00  99999.00  99999.00  99999.00  99999.00  99999.00       0       0      53      35
31369  08  00    10  99999.00  99999.00  30921.89  32508.77   -534.12   -245.28  -1005.11   -164.87       0     199     235     103
31369  08  00     7  99999.00  99999.00  99999.00  99999.00  99999.00  99999.00  99999.00  99999.00       0       0      53      20
31369  08  00     5  99999.00  99999.00  99999.00  99999.00  99999.00  99999.00  99999.00  99999.00       0       0      22       3
31369  08  00     3  99999.00  99999.00  99999.00  99999.00  99999.00  99999.00  99999.00  99999.00       0       0       1       0
31369  08  00     2  99999.00  99999.00  99999.00  99999.00  99999.00  99999.00  99999.00  99999.00       0       0       0       0
31369  08  00     1  99999.00  99999.00  99999.00  99999.00  99999.00  99999.00  99999.00  99999.00       0       0       0       0
31369  09  00  9999    965.04   1047.72  99999.00  99999.00   -120.21    336.87    -75.97    128.39     718       0     718     718
31369  09  00  1000  99999.00  99999.00   -128.50    359.66   -127.88    338.56   -160.10    309.70       0     637     636     625
31369  09  00   925  99999.00  99999.00    394.46   1092.86   -203.53    363.71   -235.26    297.66       0     462     476     462
31369  09  00   900  99999.00  99999.00  99999.00  99999.00  99999.00  99999.00  99999.00  99999.00       0       0      13      13
31369  09  00   850  99999.00  99999.00   1080.04   1795.24   -256.91    328.57   -340.26    307.86       0     749     747     727
31369  09  00   800  99999.00  99999.00  99999.00  99999.00  99999.00  99999.00  99999.00  99999.00       0       0      14      14
31369  09  00   700  99999.00  99999.00   2553.87   3427.95   -322.89    226.59   -544.49    307.99       0     747     743     713
31369  09  00   600  99999.00  99999.00  99999.00  99999.00  99999.00  99999.00  99999.00  99999.00       0       0      13      13
31369  09  00   500  99999.00  99999.00   4942.99   6183.07   -487.47     83.13   -722.23    149.93       0     739     738     717
31369  09  00   400  99999.00  99999.00   6412.77   7946.61   -613.72    -17.32   -784.12      2.72       0     740     739     719
31369  09  00   300  99999.00  99999.00   8178.84  10129.32   -745.77   -165.09   -856.72   -185.80       0     733     732     626
31369  09  00   250  99999.00  99999.00   9312.85  11390.17   -810.57   -215.25   -882.65   -276.41       0     727     727     608
31369  09  00   200  99999.00  99999.00  10782.60  12814.08   -824.15   -206.15   -880.15   -300.79       0     715     713     594
31369  09  00   150  99999.00  99999.00  12725.95  14607.07   -712.09   -310.09   -835.89   -370.05       0     700     700     579
31369  09  00   100  99999.00  99999.00  15465.42  17125.26   -707.96   -335.24   -891.45   -365.01       0     682     683     558
31369  09  00    80  99999.00  99999.00  99999.00  99999.00  99999.00  99999.00  99999.00  99999.00       0       0      14      11
31369  09  00    70  99999.00  99999.00  17834.65  19371.25   -680.61   -364.05   -902.99   -373.55       0     652     655     534
31369  09  00    60  99999.00  99999.00  99999.00  99999.00  99999.00  99999.00  99999.00  99999.00       0       0      17      13
31369  09  00    50  99999.00  99999.00  20062.80  21494.76   -664.51   -375.55   -920.12   -366.68       0     605     609     485
31369  09  00    40  99999.00  99999.00  99999.00  99999.00  99999.00  99999.00  99999.00  99999.00       0       0      23      18
31369  09  00    30  99999.00  99999.00  23395.41  24791.37   -642.26   -367.34   -936.25   -351.97       0     540     548     343
31369  09  00    20  99999.00  99999.00  25972.08  27522.00   -616.17   -352.17   -948.16   -326.08       0     469     478     272
31369  09  00    15  99999.00  99999.00  99999.00  99999.00  99999.00  99999.00  99999.00  99999.00       0       0      57      31
31369  09  00    10  99999.00  99999.00  30348.98  32383.58  -4130.21   3177.91  -1016.37   -227.49       0     204     247     120
31369  09  00     7  99999.00  99999.00  99999.00  99999.00  99999.00  99999.00  99999.00  99999.00       0       0      43      19
31369  09  00     5  99999.00  99999.00  99999.00  99999.00  99999.00  99999.00  99999.00  99999.00       0       0      17       0
31369  09  00     3  99999.00  99999.00  99999.00  99999.00  99999.00  99999.00  99999.00  99999.00       0       0       2       0
31369  09  00     2  99999.00  99999.00  99999.00  99999.00  99999.00  99999.00  99999.00  99999.00       0       0       0       0
31369  09  00     1  99999.00  99999.00  99999.00  99999.00  99999.00  99999.00  99999.00  99999.00       0       0       0       0
31369  10  00  9999    957.13   1055.53  99999.00  99999.00   -238.68    273.96    -93.67    150.05     696       0     696     696
31369  10  00  1000  99999.00  99999.00   -124.91    365.77   -241.80    273.24   -300.23    266.41       0     581     581     575
31369  10  00   925  99999.00  99999.00    326.46   1121.34   -300.57    294.63   -349.97    249.19       0     414     425     406
31369  10  00   900  99999.00  99999.00  99999.00  99999.00  99999.00  99999.00  99999.00  99999.00       0       0       6       6
31369  10  00   850  99999.00  99999.00    956.54   1830.38   -357.10    262.94   -403.27    216.89       0     708     708     686
31369  10  00   800  99999.00  99999.00  99999.00  99999.00  99999.00  99999.00  99999.00  99999.00       0       0       4       4
31369  10  00   700  99999.00  99999.00   2393.80   3409.60   -419.34    175.50   -570.71    197.77       0     706     708     694
31369  10  00   600  99999.00  99999.00  99999.00  99999.00  99999.00  99999.00  99999.00  99999.00       0       0      10      10
31369  10  00   500  99999.00  99999.00   4698.45   6102.09   -557.04      8.52   -694.41      9.63       0     707     706     699
31369  10  00   400  99999.00  99999.00   6120.99   7818.87   -646.94   -125.66   -760.56   -129.36       0     696     696     632
31369  10  00   300  99999.00  99999.00   7897.17   9884.49   -714.22   -300.94   -793.38   -337.38       0     684     685     544
31369  10  00   250  99999.00  99999.00   9070.95  11060.55   -819.29   -256.25   -862.91   -332.63       0     678     681     536
31369  10  00   200  99999.00  99999.00  10606.49  12399.53   -816.92   -230.36   -865.47   -321.03       0     668     669     523
31369  10  00   150  99999.00  99999.00  12551.15  14183.75   -707.20   -326.68   -816.74   -387.14       0     658     660     515
31369  10  00   100  99999.00  99999.00  15233.99  16756.67   -681.48   -359.16   -853.07   -386.75       0     630     634     490
31369  10  00    80  99999.00  99999.00  99999.00  99999.00  99999.00  99999.00  99999.00  99999.00       0       0      14      11
31369  10  00    70  99999.00  99999.00  17545.37  19061.81   -682.53   -362.49   -886.06   -380.98       0     605     607     463
31369  10  00    60  99999.00  99999.00  99999.00  99999.00  99999.00  99999.00  99999.00  99999.00       0       0      34      20
31369  10  00    50  99999.00  99999.00  19700.83  21259.27   -703.62   -338.22   -921.53   -359.45       0     556     557     417
31369  10  00    40  99999.00  99999.00  99999.00  99999.00  99999.00  99999.00  99999.00  99999.00       0       0      41      32
31369  10  00    30  99999.00  99999.00  22925.23  24664.87   -699.96   -310.20   -930.38   -346.34       0     483     489     289
31369  10  00    20  99999.00  99999.00  25451.54  27426.62   -688.44   -296.76   -939.89   -337.49       0     404     413     232
31369  10  00    15  99999.00  99999.00  99999.00  99999.00 -16049.48  13711.24  99999.00  99999.00       0       0      83      56
31369  10  00    10  99999.00  99999.00  29866.48  32205.88  -4515.50   3514.66   -999.92   -260.48       0     165     204     110
31369  10  00     7  99999.00  99999.00  99999.00  99999.00  99999.00  99999.00  99999.00  99999.00       0       0      40      23
31369  10  00     5  99999.00  99999.00  99999.00  99999.00  99999.00  99999.00  99999.00  99999.00       0       0       9       0
31369  10  00     3  99999.00  99999.00  99999.00  99999.00  99999.00  99999.00  99999.00  99999.00       0       0       0       0
31369  10  00     2  99999.00  99999.00  99999.00  99999.00  99999.00  99999.00  99999.00  99999.00       0       0       0       0
31369  10  00     1  99999.00  99999.00  99999.00  99999.00  99999.00  99999.00  99999.00  99999.00       0       0       0       0
31369  11  00  9999    951.07   1062.79  99999.00  99999.00   -550.71    326.01  -2304.09   2327.43     679       0     679     676
31369  11  00  1000  99999.00  99999.00   -167.02    411.02   -509.20    281.96   -555.54    270.42       0     553     554     549
31369  11  00   925  99999.00  99999.00    262.13   1123.25  -3903.96   3594.24   -522.02    233.38       0     381     397     390
31369  11  00   900  99999.00  99999.00  99999.00  99999.00  99999.00  99999.00  99999.00  99999.00       0       0      10      10
31369  11  00   850  99999.00  99999.00  -1315.59   3970.41   -459.50    182.74   -532.84    176.48       0     682     683     673
31369  11  00   800  99999.00  99999.00  99999.00  99999.00  99999.00  99999.00  99999.00  99999.00       0       0      14      14
31369  11  00   700  99999.00  99999.00   -201.44   5772.76   -519.76    124.64   -630.88    119.84       0     682     685     682
31369  11  00   600  99999.00  99999.00  99999.00  99999.00  99999.00  99999.00  99999.00  99999.00       0       0      10      10
31369  11  00   500  99999.00  99999.00   4492.68   5975.16   -652.10    -28.22   -752.81    -41.57       0     678     681     663
31369  11  00   400  99999.00  99999.00   5862.93   7662.21   -709.87   -175.99   -801.25   -185.05       0     677     677     556
31369  11  00   300  99999.00  99999.00   7632.46   9656.50   -739.74   -337.98   -799.29   -385.65       0     669     672     519
31369  11  00   250  99999.00  99999.00   8816.24  10805.72   -838.05   -261.81   -871.71   -344.07       0     660     659     508
31369  11  00   200  99999.00  99999.00  10348.33  12132.49   -816.85   -245.17   -857.19   -340.11       0     652     653     500
31369  11  00   150  99999.00  99999.00   7522.78  18603.82   -736.96   -304.84   -818.30   -388.46       0     640     639     486
31369  11  00   100  99999.00  99999.00   9405.86  21956.78  -2570.51   1499.41   -856.12   -382.84       0     615     616     469
31369  11  00    80  99999.00  99999.00  99999.00  99999.00  99999.00  99999.00  99999.00  99999.00       0       0      18      14
31369  11  00    70  99999.00  99999.00  17150.24  18924.08  -2567.50   1500.14   -880.27   -374.83       0     620     618     471
31369  11  00    60  99999.00  99999.00  99999.00  99999.00  99999.00  99999.00  99999.00  99999.00       0       0      48      40
31369  11  00    50  99999.00  99999.00  19220.83  21206.83  -3710.87   2619.97   -901.93   -361.45       0     572     578     431
31369  11  00    40  99999.00  99999.00  99999.00  99999.00  99999.00  99999.00  99999.00  99999.00       0       0      45      33
31369  11  00    30  99999.00  99999.00  14012.97  32960.73   -777.34   -204.82   -932.86   -317.74       0     460     469     281
31369  11  00    20  99999.00  99999.00   9967.05  42087.21  -3096.82   2103.86   -977.52   -264.12       0     368     382     215
31369  11  00    15  99999.00  99999.00  99999.00  99999.00 -10564.55   9053.17  99999.00  99999.00       0       0      67      36
31369  11  00    10  99999.00  99999.00  29416.46  32347.70   -772.09   -143.89  99999.00  99999.00       0     101     133      58
31369  11  00     7  99999.00  99999.00  99999.00  99999.00  99999.00  99999.00  99999.00  99999.00       0       0      23       8
31369  11  00     5  99999.00  99999.00  99999.00  99999.00  99999.00  99999.00  99999.00  99999.00       0       0       6       1
31369  11  00     3  99999.00  99999.00  99999.00  99999.00  99999.00  99999.00  99999.00  99999.00       0       0       0       0
31369  11  00     2  99999.00  99999.00  99999.00  99999.00  99999.00  99999.00  99999.00  99999.00       0       0       0       0
31369  11  00     1  99999.00  99999.00  99999.00  99999.00  99999.00  99999.00  99999.00  99999.00       0       0       0       0
31369  12  00  9999    962.28   1054.68  99999.00  99999.00   -694.33    264.23    -37.73     87.43     732       0     732     731
31369  12  00  1000  99999.00  99999.00   -147.08    390.64   -607.97    199.03   -653.36    191.32       0     664     663     659
31369  12  00   925  99999.00  99999.00    362.53   1028.17   -509.79    156.93   -568.26    155.94       0     494     505     495
31369  12  00   900  99999.00  99999.00  99999.00  99999.00  99999.00  99999.00  99999.00  99999.00       0       0      12      12
31369  12  00   850  99999.00  99999.00    960.27   1688.55   -507.05    130.39   -574.45    126.47       0     748     751     746
31369  12  00   800  99999.00  99999.00  99999.00  99999.00  99999.00  99999.00  99999.00  99999.00       0       0      13      13
31369  12  00   700  99999.00  99999.00   2309.36   3209.12   -533.44     50.12   -615.91     34.73       0     746     750     746
31369  12  00   600  99999.00  99999.00  99999.00  99999.00  99999.00  99999.00  99999.00  99999.00       0       0      12      12
31369  12  00   500  99999.00  99999.00   4490.76   5800.44   -655.94   -108.26   -740.49   -124.05       0     743     746     704
31369  12  00   400  99999.00  99999.00   5868.51   7429.11   -702.67   -251.83   -783.81   -274.29       0     745     744     613
31369  12  00   300  99999.00  99999.00   7645.39   9370.51   -768.87   -351.39   -835.43   -389.99       0     741     742     600
31369  12  00   250  99999.00  99999.00   8836.20  10492.92   -849.94   -275.98   -898.17   -340.05       0     733     731     596
31369  12  00   200  99999.00  99999.00  10313.61  11861.73   -815.00   -265.52   -859.80   -350.28       0     726     726     591
31369  12  00   150  99999.00  99999.00  12165.94  13712.14   -782.42   -274.94   -854.64   -359.88       0     718     718     583
31369  12  00   100  99999.00  99999.00  14656.59  16465.71   -798.33   -247.89   -873.16   -358.24       0     693     697     558
31369  12  00    80  99999.00  99999.00  99999.00  99999.00  99999.00  99999.00  99999.00  99999.00       0       0      17      10
31369  12  00    70  99999.00  99999.00  16815.85  18921.01   -809.58   -217.26   -893.70   -342.78       0     686     684     544
31369  12  00    60  99999.00  99999.00  99999.00  99999.00  99999.00  99999.00  99999.00  99999.00       0       0      33      24
31369  12  00    50  99999.00  99999.00  18819.59  21308.03   -820.32   -179.76   -932.69   -298.37       0     635     634     492
31369  12  00    40  99999.00  99999.00  99999.00  99999.00  99999.00  99999.00  99999.00  99999.00       0       0      44      32
31369  12  00    30  99999.00  99999.00  21961.11  24897.51  -2689.68   1709.88   -968.00   -251.84       0     538     542     360
31369  12  00    20  99999.00  99999.00  24421.51  27840.55   -914.86      6.02  -1059.09   -157.53       0     417     438     258
31369  12  00    15  99999.00  99999.00  99999.00  99999.00  -9646.33   8315.27  99999.00  99999.00       0       0      81      45
31369  12  00    10  99999.00  99999.00  28643.63  33057.35  -1014.31    167.81  99999.00  99999.00       0     101     131      51
31369  12  00     7  99999.00  99999.00  99999.00  99999.00  99999.00  99999.00  99999.00  99999.00       0       0      29       6
31369  12  00     5  99999.00  99999.00  99999.00  99999.00  99999.00  99999.00  99999.00  99999.00       0       0       4       0
31369  12  00     3  99999.00  99999.00  99999.00  99999.00  99999.00  99999.00  99999.00  99999.00       0       0       0       0
31369  12  00     2  99999.00  99999.00  99999.00  99999.00  99999.00  99999.00  99999.00  99999.00       0       0       0       0
31369  12  00     1  99999.00  99999.00  99999.00  99999.00  99999.00  99999.00  99999.00  99999.00       0       0       0       0
