72251  01  00  9999    976.50   1056.30  99999.00  99999.00   -175.04    507.88   -290.21    456.07    1076       0    1057     876
72251  01  00  1000  99999.00  99999.00   -156.18    474.06   -205.29    509.43   -471.94    614.18       0    1071    1071     890
72251  01  00   925  99999.00  99999.00    530.75   1098.47   -200.69    452.11   -564.17    658.03       0     682     683     675
72251  01  00   900  99999.00  99999.00  99999.00  99999.00  99999.00  99999.00  99999.00  99999.00       0      18      31      22
72251  01  00   850  99999.00  99999.00   1283.21   1757.93   -180.80    377.56   -693.27    653.49       0    1078    1076     895
72251  01  00   800  99999.00  99999.00  99999.00  99999.00  99999.00  99999.00  99999.00  99999.00       0      20      37      27
72251  01  00   700  99999.00  99999.00   2877.87   3356.43   -159.85    232.67   -825.53    503.95       0    1077    1076     889
72251  01  00   600  99999.00  99999.00  99999.00  99999.00  99999.00  99999.00  99999.00  99999.00       0      16      37      33
72251  01  00   500  99999.00  99999.00   5432.52   6099.48   -292.63     31.73  -1051.51    371.57       0    1076    1074     879
72251  01  00   400  99999.00  99999.00   7023.74   7832.30   -413.41    -81.13  -1111.90    263.18       0    1075    1075     884
72251  01  00   300  99999.00  99999.00   8972.81   9942.89   -563.07   -231.87  -1121.98     44.30       0    1070    1070     775
72251  01  00   250  99999.00  99999.00  10158.75  11201.31   -660.76   -309.16  -1046.07   -183.99       0    1063    1063     638
72251  01  00   200  99999.00  99999.00  11598.42  12644.70   -809.27   -307.67  -1022.55   -343.83       0    1062    1061     632
72251  01  00   150  99999.00  99999.00  13443.68  14412.80   -810.52   -418.00  -1074.89   -403.85       0    1059    1059     628
72251  01  00   100  99999.00  99999.00  15986.21  16792.85   -877.20   -519.84  -1096.53   -519.45       0    1048    1049     627
72251  01  00    80  99999.00  99999.00  17323.62  18026.94   -934.60   -493.96  -1156.33   -497.89       0     105     172     101
72251  01  00    70  99999.00  99999.00  18174.47  18824.87   -907.31   -510.23  -1117.32   -520.68       0    1025    1027     624
72251  01  00    60  99999.00  99999.00  19060.69  19706.77   -908.24   -484.76  -1097.75   -532.19       0      70     170     124
72251  01  00    50  99999.00  99999.00  20169.32  20857.76   -848.95   -475.39  -1121.81   -447.05       0    1000    1001     618
72251  01  00    40  99999.00  99999.00  21442.35  22213.83   -818.48   -441.08  -1148.53   -385.69       0      92     193     141
72251  01  00    30  99999.00  99999.00  23196.54  24127.50   -772.08   -419.04  -1152.01   -327.25       0     955     955     600
72251  01  00    20  99999.00  99999.00  25619.87  26818.79   -736.14   -373.98  -1187.65   -251.05       0     898     900     576
72251  01  00    15  99999.00  99999.00  26974.56  28874.40   -754.92   -300.60  -1251.94   -194.38       0     128     310     242
72251  01  00    10  99999.00  99999.00  29785.84  31585.96   -734.99   -233.87  -1269.47   -123.47       0     631     661     475
72251  01  00     7  99999.00  99999.00  31579.53  34374.57   -702.76   -195.16  -1276.05    -92.01       0     214     290     207
72251  01  00     5  99999.00  99999.00  99999.00  99999.00   -701.40   -157.44  99999.00  99999.00       0      33      62      44
72251  01  00     3  99999.00  99999.00  99999.00  99999.00  99999.00  99999.00  99999.00  99999.00       0       1       2       1
72251  01  00     2  99999.00  99999.00  99999.00  99999.00  99999.00  99999.00  99999.00  99999.00       0       1       1       1
72251  01  00     1  99999.00  99999.00  99999.00  99999.00  99999.00  99999.00  99999.00  99999.00       0       0       0       0
72251  02  00  9999    973.90   1055.14  99999.00  99999.00   -169.71    533.25   -292.66    456.50     982       0     941     765
72251  02  00  1000  99999.00  99999.00   -181.66    469.58   -200.94    535.26   -438.76    608.84       0     978     978     801
72251  02  00   925  99999.00  99999.00    524.94   1076.70   -198.36    469.20   -496.04    619.84       0     652     657     625
72251  02  00   900  99999.00  99999.00  99999.00  99999.00  99999.00  99999.00  99999.00  99999.00       0      14      35      29
72251  02  00   850  99999.00  99999.00   1257.86   1763.18   -175.01    387.55   -690.69    669.87       0     988     987     806
72251  02  00   800  99999.00  99999.00  99999.00  99999.00  99999.00  99999.00  99999.00  99999.00       0      22      41      26
72251  02  00   700  99999.00  99999.00   2848.83   3373.11   -169.19    250.69   -830.46    507.66       0     987     987     800
72251  02  00   600  99999.00  99999.00  99999.00  99999.00  99999.00  99999.00  99999.00  99999.00       0      10      24      19
72251  02  00   500  99999.00  99999.00   5397.24   6125.64   -296.45     34.63  -1068.35    402.61       0     986     986     793
72251  02  00   400  99999.00  99999.00   6985.63   7860.43   -417.36    -79.92  -1149.90    299.22       0     984     984     799
72251  02  00   300  99999.00  99999.00   8930.51   9972.47   -572.47   -223.03  -1127.02     47.78       0     981     981     680
72251  02  00   250  99999.00  99999.00  10121.68  11227.00   -688.59   -273.87  -1043.30   -182.30       0     975     975     594
72251  02  00   200  99999.00  99999.00  11566.59  12671.43   -821.36   -282.80  -1022.56   -340.96       0     973     973     586
72251  02  00   150  99999.00  99999.00  13421.01  14443.41   -797.72   -419.84  -1077.42   -397.86       0     973     973     586
72251  02  00   100  99999.00  99999.00  15977.38  16815.70   -893.19   -501.63  -1122.59   -498.47       0     965     965     586
72251  02  00    80  99999.00  99999.00  17355.83  18056.39  -5376.86   3822.22  -1131.53   -505.85       0      94     147      97
72251  02  00    70  99999.00  99999.00  18163.29  18848.97   -935.24   -487.52  -1136.81   -513.53       0     962     962     586
72251  02  00    60  99999.00  99999.00  19038.11  19755.47   -936.26   -464.18  -1123.48   -512.68       0      87     177     134
72251  02  00    50  99999.00  99999.00  20152.20  20885.40   -860.29   -462.37  -1126.39   -447.67       0     945     944     578
72251  02  00    40  99999.00  99999.00  21343.76  22344.56   -828.90   -437.34  -1144.80   -389.40       0      90     190     143
72251  02  00    30  99999.00  99999.00  23167.58  24175.82   -759.02   -425.42  -1142.09   -339.05       0     921     921     567
72251  02  00    20  99999.00  99999.00  25612.54  26858.74   -725.06   -375.86  -1191.86   -259.46       0     869     869     543
72251  02  00    15  99999.00  99999.00  26986.69  28933.57   -728.22   -308.94  -1244.72   -211.64       0     138     305     230
72251  02  00    10  99999.00  99999.00  29769.62  31672.22   -698.90   -237.98  -1245.29   -146.09       0     597     628     427
72251  02  00     7  99999.00  99999.00  31494.09  34564.53   -722.64   -120.24  -1206.54   -117.30       0     205     288     188
72251  02  00     5  99999.00  99999.00  99999.00  99999.00   -768.85     35.75  99999.00  99999.00       0      38      76      42
72251  02  00     3  99999.00  99999.00  99999.00  99999.00  99999.00  99999.00  99999.00  99999.00       0       1       4       2
72251  02  00     2  99999.00  99999.00  99999.00  99999.00  99999.00  99999.00  99999.00  99999.00       0       0       0       0
72251  02  00     1  99999.00  99999.00  99999.00  99999.00  99999.00  99999.00  99999.00  99999.00       0       0       0       0
72251  03  00  9999    973.44   1050.60  99999.00  99999.00    -45.82    472.70   -318.23    497.77    1054       0    1024     858
72251  03  00  1000  99999.00  99999.00   -181.12    430.76    -71.68    468.80   -409.38    626.82       0    1044    1043     878
72251  03  00   925  99999.00  99999.00    511.51   1066.75   -107.34    425.70   -497.50    657.02       0     707     710     676
72251  03  00   900  99999.00  99999.00  99999.00  99999.00  99999.00  99999.00  99999.00  99999.00       0      14      30      23
72251  03  00   850  99999.00  99999.00   1243.76   1760.12   -147.94    397.22   -658.09    668.99       0    1076    1075     902
72251  03  00   800  99999.00  99999.00  99999.00  99999.00  99999.00  99999.00  99999.00  99999.00       0      17      37      33
72251  03  00   700  99999.00  99999.00   2856.17   3366.41   -168.58    275.90   -847.97    533.71       0    1074    1074     899
72251  03  00   600  99999.00  99999.00  99999.00  99999.00  99999.00  99999.00  99999.00  99999.00       0      23      42      35
72251  03  00   500  99999.00  99999.00   5422.82   6117.74   -288.16     37.52  -1034.20    361.88       0    1076    1076     898
72251  03  00   400  99999.00  99999.00   7022.20   7848.64   -411.77    -75.17  -1140.03    280.05       0    1072    1073     895
72251  03  00   300  99999.00  99999.00   8968.93   9965.77   -576.81   -211.65  -1125.82     41.42       0    1072    1072     747
72251  03  00   250  99999.00  99999.00  10149.27  11233.23   -668.60   -295.28  -1036.32   -190.44       0    1067    1067     641
72251  03  00   200  99999.00  99999.00  11586.86  12681.50   -796.54   -319.90  -1013.48   -352.76       0    1063    1062     638
72251  03  00   150  99999.00  99999.00  13436.45  14449.61   -796.14   -422.46  -1057.60   -404.56       0    1062    1062     636
72251  03  00   100  99999.00  99999.00  15991.24  16832.80   -877.60   -501.76  -1093.77   -503.01       0    1053    1053     635
72251  03  00    80  99999.00  99999.00  17296.05  18145.41   -904.07   -523.91  -1041.81   -577.05       0     107     162     104
72251  03  00    70  99999.00  99999.00  18183.48  18877.32   -902.70   -500.94  -1105.13   -517.73       0    1045    1045     630
72251  03  00    60  99999.00  99999.00  19083.73  19794.25   -905.24   -469.88  -1185.24   -435.48       0      75     176     121
72251  03  00    50  99999.00  99999.00  20199.37  20908.33   -845.07   -450.39  -1118.61   -426.33       0    1035    1035     626
72251  03  00    40  99999.00  99999.00  21358.30  22414.06   -782.42   -439.58  -1106.26   -386.50       0      82     189     134
72251  03  00    30  99999.00  99999.00  23273.04  24191.88   -730.93   -415.81  -1171.19   -288.23       0    1018    1019     621
72251  03  00    20  99999.00  99999.00  25751.91  26892.75   -697.49   -351.77  -1241.48   -192.32       0     991     991     610
72251  03  00    15  99999.00  99999.00  27139.09  28959.85   -691.45   -280.09  -1280.11   -155.71       0     138     346     256
72251  03  00    10  99999.00  99999.00  29977.82  31785.86   -663.31   -196.99  -1250.91   -107.55       0     729     766     505
72251  03  00     7  99999.00  99999.00  31731.89  34782.41   -666.19    -92.71  -1218.61    -81.13       0     258     381     228
72251  03  00     5  99999.00  99999.00  99999.00  99999.00   -659.03     -6.59  99999.00  99999.00       0      39      90      51
72251  03  00     3  99999.00  99999.00  99999.00  99999.00  99999.00  99999.00  99999.00  99999.00       0       2       3       1
72251  03  00     2  99999.00  99999.00  99999.00  99999.00  99999.00  99999.00  99999.00  99999.00       0       0       1       0
72251  03  00     1  99999.00  99999.00  99999.00  99999.00  99999.00  99999.00  99999.00  99999.00       0       0       0       0
72251  04  00  9999    978.51   1041.75  99999.00  99999.00     40.64    452.48   -320.17    510.23    1018       0     960     797
72251  04  00  1000  99999.00  99999.00   -150.69    369.63     22.64    441.80   -339.23    620.41       0    1011    1009     844
72251  04  00   925  99999.00  99999.00  -1710.08   3238.12    -37.50    413.58   -374.27    601.33       0     690     693     661
72251  04  00   900  99999.00  99999.00  99999.00  99999.00  99999.00  99999.00  99999.00  99999.00       0      21      39      29
72251  04  00   850  99999.00  99999.00   1284.15   1722.03    -90.46    401.18   -572.08    632.72       0    1046    1046     870
72251  04  00   800  99999.00  99999.00  99999.00  99999.00  99999.00  99999.00  99999.00  99999.00       0      23      38      30
72251  04  00   700  99999.00  99999.00   2925.98   3332.66   -128.71    285.89   -724.03    485.21       0    1046    1043     863
72251  04  00   600  99999.00  99999.00  99999.00  99999.00  99999.00  99999.00  99999.00  99999.00       0      15      32      27
72251  04  00   500  99999.00  99999.00   5528.87   6086.87   -245.90     23.98   -981.96    367.44       0    1045    1045     863
72251  04  00   400  99999.00  99999.00   7140.41   7823.21   -368.77    -90.73  -1100.24    269.80       0    1041    1040     861
72251  04  00   300  99999.00  99999.00   9103.42   9947.62   -534.27   -229.59  -1138.30     74.30       0    1037    1037     783
72251  04  00   250  99999.00  99999.00  10287.53  11222.45   -630.35   -318.23  -1081.62   -135.06       0    1033    1033     624
72251  04  00   200  99999.00  99999.00  11700.88  12694.60   -752.34   -383.22  -1046.02   -325.54       0    1032    1032     622
72251  04  00   150  99999.00  99999.00   9452.19  18489.51   -821.37   -421.65  -1092.23   -383.99       0    1026    1026     618
72251  04  00   100  99999.00  99999.00  11456.49  21408.81   -863.59   -512.59  -1135.89   -460.17       0    1024    1023     618
72251  04  00    80  99999.00  99999.00  17338.35  18177.39   -930.78   -477.30  -1140.54   -482.94       0      90     152      96
72251  04  00    70  99999.00  99999.00  18261.69  18903.45   -909.48   -479.52  -1164.99   -451.11       0    1018    1018     615
72251  04  00    60  99999.00  99999.00    280.53  37971.81   -894.03   -449.67  -1180.11   -407.55       0      88     204     148
72251  04  00    50  99999.00  99999.00  20296.44  20940.36   -807.36   -454.32  -1152.94   -369.10       0    1013    1014     612
72251  04  00    40  99999.00  99999.00   3118.93  40211.65   -782.89   -406.81  -1169.50   -309.22       0     107     194     139
72251  04  00    30  99999.00  99999.00  23406.50  24244.22   -692.79   -405.15  -1235.45   -197.57       0     994     993     603
72251  04  00    20  99999.00  99999.00  25927.49  26969.57   -650.72   -332.48  -1277.66   -110.18       0     959     960     584
72251  04  00    15  99999.00  99999.00  27263.74  29089.78   -639.17   -276.05  -1323.44    -70.40       0     160     353     263
72251  04  00    10  99999.00  99999.00  30176.00  31952.72   -587.50   -213.70  -1250.66    -64.58       0     651     690     439
72251  04  00     7  99999.00  99999.00  31818.68  35090.36   -547.25   -162.77  -1245.06    -41.34       0     179     274     152
72251  04  00     5  99999.00  99999.00  99999.00  99999.00  99999.00  99999.00  99999.00  99999.00       0      20      45      15
72251  04  00     3  99999.00  99999.00  99999.00  99999.00  99999.00  99999.00  99999.00  99999.00       0       0       2       0
72251  04  00     2  99999.00  99999.00  99999.00  99999.00  99999.00  99999.00  99999.00  99999.00       0       0       0       0
72251  04  00     1  99999.00  99999.00  99999.00  99999.00  99999.00  99999.00  99999.00  99999.00       0       0       0       0
72251  05  00  9999    984.49   1033.45  99999.00  99999.00    121.48    428.20   -175.36    327.44    1058       0    1005     829
72251  05  00  1000  99999.00  99999.00    -98.96    300.76    109.36    412.12    -87.89    472.75       0    1050    1047     870
72251  05  00   925  99999.00  99999.00  -1682.82   3215.46     36.87    391.59   -179.30    488.98       0     702     706     674
72251  05  00   900  99999.00  99999.00  99999.00  99999.00  99999.00  99999.00  99999.00  99999.00       0      22      40      31
72251  05  00   850  99999.00  99999.00   1344.59   1677.71    -20.14    382.34   -395.71    544.37       0    1068    1067     886
72251  05  00   800  99999.00  99999.00  99999.00  99999.00  99999.00  99999.00  99999.00  99999.00       0      16      37      31
72251  05  00   700  99999.00  99999.00   3003.21   3297.57    -85.94    278.38   -609.99    463.17       0    1067    1067     885
72251  05  00   600  99999.00  99999.00  99999.00  99999.00  99999.00  99999.00  99999.00  99999.00       0      22      51      42
72251  05  00   500  99999.00  99999.00   5635.22   6062.90   -212.47     34.61   -882.09    339.87       0    1065    1064     879
72251  05  00   400  99999.00  99999.00   7271.65   7804.69   -336.19    -77.23  -1021.94    234.58       0    1061    1061     877
72251  05  00   300  99999.00  99999.00   9256.46   9944.90   -493.40   -230.24  -1122.63     64.17       0    1050    1050     863
72251  05  00   250  99999.00  99999.00  10445.22  11236.26   -587.78   -322.82  -1047.37   -146.05       0    1047    1046     629
72251  05  00   200  99999.00  99999.00  11845.38  12742.74   -697.14   -416.34   -972.33   -378.45       0    1041    1041     624
72251  05  00   150  99999.00  99999.00   9550.04  18578.36   -810.27   -464.19  -1021.35   -466.47       0    1036    1036     621
72251  05  00   100  99999.00  99999.00  11527.32  21495.36   -879.25   -508.93  -1098.87   -500.55       0    1027    1026     618
72251  05  00    80  99999.00  99999.00  17487.24  18209.16   -918.74   -489.14  -1071.18   -528.90       0     101     154     102
72251  05  00    70  99999.00  99999.00  18325.51  18997.15   -879.08   -492.68  -1123.39   -477.79       0    1023    1024     617
72251  05  00    60  99999.00  99999.00  19197.44  19933.88   -859.90   -467.86  -1200.97   -390.97       0      68     164     124
72251  05  00    50  99999.00  99999.00  20343.78  21079.02   -766.25   -462.53  -1144.73   -352.97       0    1018    1017     616
72251  05  00    40  99999.00  99999.00   2093.78  41388.02   -730.63   -427.99  -1167.56   -285.32       0      96     187     130
72251  05  00    30  99999.00  99999.00  23475.34  24409.78   -667.57   -397.09  -1223.22   -194.82       0     987     985     600
72251  05  00    20  99999.00  99999.00  26028.98  27143.42  -2360.60   1388.68  -1287.76   -103.00       0     932     934     577
72251  05  00    15  99999.00  99999.00  27367.86  29326.98   -596.89   -291.73  -1308.38    -85.70       0     127     320     249
72251  05  00    10  99999.00  99999.00  30402.01  32043.73   -541.06   -247.06  -1232.44   -104.80       0     615     644     423
72251  05  00     7  99999.00  99999.00  32066.05  35160.13   -594.52   -119.56  -1222.29    -98.85       0     164     256     151
72251  05  00     5  99999.00  99999.00  99999.00  99999.00  99999.00  99999.00  99999.00  99999.00       0      22      43      12
72251  05  00     3  99999.00  99999.00  99999.00  99999.00  99999.00  99999.00  99999.00  99999.00       0       2       4       1
72251  05  00     2  99999.00  99999.00  99999.00  99999.00  99999.00  99999.00  99999.00  99999.00       0       0       0       0
72251  05  00     1  99999.00  99999.00  99999.00  99999.00  99999.00  99999.00  99999.00  99999.00       0       0       0       0
72251  06  00  9999    991.73   1026.77  99999.00  99999.00    171.39    435.75   -104.19    264.33    1035       0     998     823
72251  06  00  1000  99999.00  99999.00    -50.28    256.80    176.45    400.25     71.23    365.23       0    1039    1034     859
72251  06  00   925  99999.00  99999.00    636.81    941.49    134.74    334.66    -16.93    378.71       0     685     689     658
72251  06  00   900  99999.00  99999.00  99999.00  99999.00  99999.00  99999.00  99999.00  99999.00       0      14      33      28
72251  06  00   850  99999.00  99999.00   1386.45   1667.37     70.75    319.39   -206.77    423.83       0    1040    1039     863
72251  06  00   800  99999.00  99999.00  99999.00  99999.00  99999.00  99999.00  99999.00  99999.00       0      27      46      37
72251  06  00   700  99999.00  99999.00   3038.81   3306.89    -21.29    230.95   -457.56    398.64       0    1040    1039     863
72251  06  00   600  99999.00  99999.00  99999.00  99999.00  99999.00  99999.00  99999.00  99999.00       0      28      60      49
72251  06  00   500  99999.00  99999.00   5720.91   6057.99   -161.27     37.81   -828.26    366.94       0    1038    1038     861
72251  06  00   400  99999.00  99999.00   7397.97   7800.45   -277.67    -71.27   -944.49    242.19       0    1032    1032     855
72251  06  00   300  99999.00  99999.00   9431.30   9947.66   -444.68   -211.76  -1041.52     58.76       0    1026    1025     850
72251  06  00   250  99999.00  99999.00  10646.20  11247.16   -539.72   -310.64  -1011.01   -125.17       0    1026    1026     637
72251  06  00   200  99999.00  99999.00  12074.95  12760.15   -646.07   -421.67   -974.66   -342.02       0    1023    1021     614
72251  06  00   150  99999.00  99999.00  13855.95  14581.71   -781.64   -512.84   -980.20   -523.48       0    1018    1018     611
72251  06  00   100  99999.00  99999.00  16327.92  16949.64   -895.84   -544.24  -1066.31   -569.99       0    1010    1010     609
72251  06  00    80  99999.00  99999.00  17569.53  18271.65   -890.23   -515.35  -1056.99   -535.83       0      93     145     100
72251  06  00    70  99999.00  99999.00  18454.61  19058.09   -839.03   -507.11  -1105.76   -467.84       0    1003    1002     605
72251  06  00    60  99999.00  99999.00  19293.51  20039.19   -795.15   -487.95  -1160.25   -383.01       0      68     148     112
72251  06  00    50  99999.00  99999.00  20470.71  21165.87   -732.10   -480.82  -1146.45   -337.77       0     996     996     605
72251  06  00    40  99999.00  99999.00  21651.77  22662.65   -703.64   -446.96  -1169.92   -275.08       0      75     152     112
72251  06  00    30  99999.00  99999.00  23617.10  24495.50   -652.81   -406.45  -1205.86   -201.22       0     971     973     601
72251  06  00    20  99999.00  99999.00  26175.10  27231.70   -604.40   -342.20  -1260.53   -112.25       0     931     930     580
72251  06  00    15  99999.00  99999.00  27384.87  29531.79   -593.16   -290.40  -1279.73    -98.57       0     124     322     241
72251  06  00    10  99999.00  99999.00  30423.82  32243.02   -536.91   -251.19  -1223.08    -89.20       0     608     645     436
72251  06  00     7  99999.00  99999.00  32081.53  35408.65   -535.81   -180.49  -1225.60   -104.56       0     149     233     128
72251  06  00     5  99999.00  99999.00  99999.00  99999.00  99999.00  99999.00  99999.00  99999.00       0      24      50      18
72251  06  00     3  99999.00  99999.00  99999.00  99999.00  99999.00  99999.00  99999.00  99999.00       0       0       2       0
72251  06  00     2  99999.00  99999.00  99999.00  99999.00  99999.00  99999.00  99999.00  99999.00       0       0       0       0
72251  06  00     1  99999.00  99999.00  99999.00  99999.00  99999.00  99999.00  99999.00  99999.00       0       0       0       0
72251  07  00  9999    996.77   1025.93  99999.00  99999.00    189.01    436.45   -104.18    278.62    1071       0    1023     849
72251  07  00  1000  99999.00  99999.00     -5.20    249.20    190.40    400.16    100.97    341.81       0    1077    1078     903
72251  07  00   925  99999.00  99999.00  -1637.63   3226.09    144.53    339.53    -46.12    399.68       0     713     714     678
72251  07  00   900  99999.00  99999.00  99999.00  99999.00  99999.00  99999.00  99999.00  99999.00       0       8      29      24
72251  07  00   850  99999.00  99999.00   1429.04   1668.56    104.32    292.96   -148.18    372.02       0    1077    1076     901
72251  07  00   800  99999.00  99999.00  99999.00  99999.00  99999.00  99999.00  99999.00  99999.00       0      20      39      34
72251  07  00   700  99999.00  99999.00   3080.55   3308.79     13.73    189.17   -323.01    303.15       0    1075    1076     900
72251  07  00   600  99999.00  99999.00  99999.00  99999.00  99999.00  99999.00  99999.00  99999.00       0      30      55      45
72251  07  00   500  99999.00  99999.00   5777.16   6045.48   -135.86     19.06   -725.37    323.67       0    1076    1078     901
72251  07  00   400  99999.00  99999.00   7469.18   7780.82   -251.36    -80.60   -854.75    216.61       0    1076    1076     898
72251  07  00   300  99999.00  99999.00   9524.79   9921.15   -412.75   -226.27   -978.88     46.88       0    1072    1074     895
72251  07  00   250  99999.00  99999.00  10752.45  11216.01   -511.51   -326.95   -960.39   -134.91       0    1072    1072     667
72251  07  00   200  99999.00  99999.00   8302.30  16569.22   -618.49   -451.21   -903.03   -384.27       0    1067    1067     641
72251  07  00   150  99999.00  99999.00  13965.22  14542.78   -774.47   -534.83   -931.42   -562.78       0    1065    1065     641
72251  07  00   100  99999.00  99999.00  11724.41  21572.45   -860.99   -548.03  -1014.63   -582.27       0    1059    1060     639
72251  07  00    80  99999.00  99999.00  17703.64  18238.48   -825.09   -540.69  -1067.67   -500.43       0      89     135      84
72251  07  00    70  99999.00  99999.00  18556.14  19066.74   -790.65   -527.61  -1082.83   -458.35       0    1053    1053     635
72251  07  00    60  99999.00  99999.00  19380.55  20059.03   -776.40   -506.52  -1165.05   -370.77       0      66     138     105
72251  07  00    50  99999.00  99999.00  20571.65  21191.93   -725.49   -475.77  -1132.21   -333.13       0    1047    1047     633
72251  07  00    40  99999.00  99999.00  21772.33  22704.61   -710.42   -433.70  -1146.01   -272.65       0      85     149     111
72251  07  00    30  99999.00  99999.00  23713.83  24531.87   -659.38   -402.94  -1241.72   -174.92       0    1021    1021     625
72251  07  00    20  99999.00  99999.00  26272.81  27257.17   -619.77   -338.49  -1298.73    -97.53       0     977     978     603
72251  07  00    15  99999.00  99999.00   8324.89  48167.89   -615.16   -281.20  -1318.38    -83.82       0     135     338     241
72251  07  00    10  99999.00  99999.00  21672.78  40980.66   -563.32   -237.52  -1264.69    -80.77       0     667     708     472
72251  07  00     7  99999.00  99999.00  32289.20  35319.80   -557.74   -179.74  -1202.56   -192.04       0     149     269     169
72251  07  00     5  99999.00  99999.00  99999.00  99999.00  99999.00  99999.00  99999.00  99999.00       0      19      43       9
72251  07  00     3  99999.00  99999.00  99999.00  99999.00  99999.00  99999.00  99999.00  99999.00       0       2       4       0
72251  07  00     2  99999.00  99999.00  99999.00  99999.00  99999.00  99999.00  99999.00  99999.00       0       0       1       0
72251  07  00     1  99999.00  99999.00  99999.00  99999.00  99999.00  99999.00  99999.00  99999.00       0       0       0       0
72251  08  00  9999    996.35   1025.03  99999.00  99999.00    197.20    438.40   -102.23    294.49    1062       0    1012     845
72251  08  00  1000  99999.00  99999.00     -5.99    238.69    194.03    407.27     88.62    353.58       0    1063    1063     896
72251  08  00   925  99999.00  99999.00    685.96    924.88    149.90    345.62    -33.57    386.07       0     696     696     663
72251  08  00   900  99999.00  99999.00  99999.00  99999.00  99999.00  99999.00  99999.00  99999.00       0      12      28      23
72251  08  00   850  99999.00  99999.00   1432.56   1658.40    110.69    290.45   -109.21    353.99       0    1064    1063     896
72251  08  00   800  99999.00  99999.00  99999.00  99999.00  99999.00  99999.00  99999.00  99999.00       0      24      39      34
72251  08  00   700  99999.00  99999.00   3079.36   3304.36     21.85    181.93   -324.16    329.48       0    1064    1063     896
72251  08  00   600  99999.00  99999.00  99999.00  99999.00  99999.00  99999.00  99999.00  99999.00       0      30      58      52
72251  08  00   500  99999.00  99999.00   5787.30   6037.50   -125.93     17.47   -712.03    322.97       0    1061    1061     893
72251  08  00   400  99999.00  99999.00   7487.17   7770.49   -240.91    -83.23   -849.11    222.85       0    1060    1060     891
72251  08  00   300  99999.00  99999.00   9555.27   9904.71   -402.43   -227.95   -939.95     29.53       0    1057    1056     891
72251  08  00   250  99999.00  99999.00  10792.11  11195.31   -499.81   -330.25   -915.79   -154.99       0    1054    1054     654
72251  08  00   200  99999.00  99999.00  12235.58  12702.26   -612.67   -451.27   -860.94   -406.50       0    1053    1053     626
72251  08  00   150  99999.00  99999.00  14018.52  14516.76   -758.49   -551.61   -900.23   -583.19       0    1050    1051     627
72251  08  00   100  99999.00  99999.00  16466.06  16896.50   -873.83   -547.19   -998.70   -596.10       0    1044    1047     625
72251  08  00    80  99999.00  99999.00  17723.50  18237.94   -824.54   -537.98   -932.28   -594.96       0     113     165     109
72251  08  00    70  99999.00  99999.00  18570.33  19066.05   -793.49   -522.53  -1049.84   -475.16       0    1039    1040     623
72251  08  00    60  99999.00  99999.00  19371.90  20083.02   -789.80   -491.12  -1050.36   -451.44       0      70     136      97
72251  08  00    50  99999.00  99999.00  20573.33  21204.29   -730.03   -475.87  -1074.16   -372.88       0    1030    1028     619
72251  08  00    40  99999.00  99999.00  21770.67  22669.95   -719.15   -434.03  -1127.27   -293.99       0      75     160     122
72251  08  00    30  99999.00  99999.00  23685.58  24561.70   -671.11   -404.83  -1146.87   -246.87       0     997     997     601
72251  08  00    20  99999.00  99999.00  26211.11  27304.31   -629.39   -344.63  -1234.41   -145.29       0     953     955     582
72251  08  00    15  99999.00  99999.00  27617.13  29411.25   -618.26   -299.66  -1258.68   -135.24       0     134     296     204
72251  08  00    10  99999.00  99999.00  30449.42  32292.02   -570.51   -246.99  -1219.54   -117.70       0     648     684     459
72251  08  00     7  99999.00  99999.00  32169.89  35354.93   -564.84   -190.32  -1206.75   -138.63       0     165     258     156
72251  08  00     5  99999.00  99999.00  99999.00  99999.00  99999.00  99999.00  99999.00  99999.00       0      17      37      13
72251  08  00     3  99999.00  99999.00  99999.00  99999.00  99999.00  99999.00  99999.00  99999.00       0       2       4       0
72251  08  00     2  99999.00  99999.00  99999.00  99999.00  99999.00  99999.00  99999.00  99999.00       0       1       1       0
72251  08  00     1  99999.00  99999.00  99999.00  99999.00  99999.00  99999.00  99999.00  99999.00       0       0       0       0
72251  09  00  9999    990.84   1029.72  99999.00  99999.00    139.23    454.11   -184.66    359.42    1001       0     958     796
72251  09  00  1000  99999.00  99999.00    -56.07    281.13    132.02    436.34    -66.64    474.20       0    1003    1002     840
72251  09  00   925  99999.00  99999.00    635.49    954.57    100.23    362.91    -92.06    430.78       0     653     653     619
72251  09  00   900  99999.00  99999.00  99999.00  99999.00  99999.00  99999.00  99999.00  99999.00       0      20      33      23
72251  09  00   850  99999.00  99999.00   1389.85   1675.69     59.39    307.07   -273.48    494.40       0    1006    1007     844
72251  09  00   800  99999.00  99999.00  99999.00  99999.00  99999.00  99999.00  99999.00  99999.00       0      20      36      27
72251  09  00   700  99999.00  99999.00   3035.16   3308.88     -2.04    191.04   -560.95    530.93       0    1007    1007     841
72251  09  00   600  99999.00  99999.00  99999.00  99999.00    -62.65    110.15  99999.00  99999.00       0      36      61      53
72251  09  00   500  99999.00  99999.00   5737.28   6038.96   -148.39     34.61   -882.53    450.67       0    1005    1003     835
72251  09  00   400  99999.00  99999.00   7421.66   7782.38   -275.60    -57.56   -988.05    323.07       0    1001    1000     834
72251  09  00   300  99999.00  99999.00   9460.54   9939.46   -433.47   -203.19  -1055.19    104.13       0     993     993     829
72251  09  00   250  99999.00  99999.00  10684.79  11239.55   -524.45   -309.05  -1046.59    -71.35       0     993     992     603
72251  09  00   200  99999.00  99999.00  12123.06  12750.42   -631.00   -432.16   -972.80   -327.32       0     987     987     579
72251  09  00   150  99999.00  99999.00  13906.92  14564.76   -761.07   -549.39   -955.79   -545.15       0     985     985     578
72251  09  00   100  99999.00  99999.00  16350.39  16924.47   -909.53   -557.09  -1028.28   -616.92       0     974     974     577
72251  09  00    80  99999.00  99999.00  17624.19  18219.51   -898.82   -506.78  -1026.63   -568.35       0     115     195     136
72251  09  00    70  99999.00  99999.00  18467.57  19041.89   -827.16   -506.28  -1023.40   -524.56       0     977     977     575
72251  09  00    60  99999.00  99999.00  19283.06  20031.74   -798.20   -484.52  -1004.96   -495.56       0      75     132      93
72251  09  00    50  99999.00  99999.00  20483.39  21154.07   -730.50   -488.58  -1078.73   -393.53       0     972     971     574
72251  09  00    40  99999.00  99999.00  21676.18  22608.58   -723.02   -452.18  -1158.44   -306.80       0      74     162     124
72251  09  00    30  99999.00  99999.00  23603.02  24479.98   -667.83   -424.23  -1185.47   -236.75       0     945     946     559
72251  09  00    20  99999.00  99999.00  26146.47  27184.95   -628.53   -365.97  -1248.89   -150.65       0     908     910     545
72251  09  00    15  99999.00  99999.00  27468.25  29365.57   -630.22   -310.18  -1267.28   -134.60       0     137     295     202
72251  09  00    10  99999.00  99999.00  30420.39  32081.67   -588.01   -270.37  -1240.84   -108.40       0     643     671     445
72251  09  00     7  99999.00  99999.00  31943.53  35289.37   -576.86   -222.02  -1245.92    -74.96       0     226     341     212
72251  09  00     5  99999.00  99999.00  99999.00  99999.00   -566.42   -185.42  99999.00  99999.00       0      43      64      25
72251  09  00     3  99999.00  99999.00  99999.00  99999.00  99999.00  99999.00  99999.00  99999.00       0       6       8       0
72251  09  00     2  99999.00  99999.00  99999.00  99999.00  99999.00  99999.00  99999.00  99999.00       0       2       3       0
72251  09  00     1  99999.00  99999.00  99999.00  99999.00  99999.00  99999.00  99999.00  99999.00       0       0       1       0
72251  10  00  9999    984.33   1040.61  99999.00  99999.00     51.68    467.84   -211.20    380.64    1032       0     995     843
72251  10  00  1000  99999.00  99999.00   -117.57    376.11     36.54    456.90   -254.83    584.81       0    1044    1039     886
72251  10  00   925  99999.00  99999.00    580.55   1025.15     -5.59    402.77   -303.21    570.75       0     679     682     647
72251  10  00   900  99999.00  99999.00  99999.00  99999.00  99999.00  99999.00  99999.00  99999.00       0      12      26      20
72251  10  00   850  99999.00  99999.00   1340.02   1722.46    -23.26    338.66   -542.76    672.12       0    1049    1046     892
72251  10  00   800  99999.00  99999.00  99999.00  99999.00  99999.00  99999.00  99999.00  99999.00       0      21      46      43
72251  10  00   700  99999.00  99999.00   2990.57   3327.05    -64.86    227.10   -698.76    558.60       0    1049    1049     891
72251  10  00   600  99999.00  99999.00  99999.00  99999.00  99999.00  99999.00  99999.00  99999.00       0      27      54      50
72251  10  00   500  99999.00  99999.00   5647.57   6067.09   -208.62     53.22   -967.27    410.57       0    1049    1048     888
72251  10  00   400  99999.00  99999.00   7289.72   7819.40   -341.76    -45.72  -1036.97    280.75       0    1048    1046     882
72251  10  00   300  99999.00  99999.00   9268.45   9988.45   -513.07   -178.51  -1110.96     83.52       0    1043    1041     861
72251  10  00   250  99999.00  99999.00  10461.05  11294.21   -590.66   -286.94  -1032.07   -142.15       0    1038    1037     638
72251  10  00   200  99999.00  99999.00  11868.05  12813.53   -673.37   -415.37   -972.60   -365.88       0    1038    1037     634
72251  10  00   150  99999.00  99999.00  13651.34  14617.94   -785.41   -524.89   -965.34   -550.50       0    1032    1032     638
72251  10  00   100  99999.00  99999.00  16176.02  16902.98   -947.98   -525.34  -1049.60   -613.76       0    1018    1018     633
72251  10  00    80  99999.00  99999.00  17470.15  18173.83   -930.44   -506.24  -1070.18   -557.78       0     104     174     127
72251  10  00    70  99999.00  99999.00  18314.10  18967.02   -861.05   -512.33  -1019.27   -566.75       0    1006    1005     625
72251  10  00    60  99999.00  99999.00  19163.78  19927.46   -818.19   -498.51  -1059.58   -488.14       0      76     155     108
72251  10  00    50  99999.00  99999.00  20309.95  21069.07   -753.09   -491.97  -1066.95   -428.43       0     994     993     621
72251  10  00    40  99999.00  99999.00  21540.91  22494.67   -726.05   -463.01  -1063.06   -403.06       0      66     148     110
72251  10  00    30  99999.00  99999.00  23413.95  24375.15   -685.93   -428.29  -1109.66   -311.18       0     966     966     610
72251  10  00    20  99999.00  99999.00  25934.34  27069.42   -654.69   -371.49  -1154.41   -232.09       0     922     925     584
72251  10  00    15  99999.00  99999.00  27162.16  29259.64   -659.02   -319.78  -1226.33   -174.77       0     125     315     242
72251  10  00    10  99999.00  99999.00  30258.01  31847.29  -2662.70   1731.10  -1204.16   -134.24       0     655     684     481
72251  10  00     7  99999.00  99999.00  31750.62  34993.02   -594.01   -249.25  -1221.59    -94.91       0     244     366     259
72251  10  00     5  99999.00  99999.00  99999.00  99999.00   -579.92   -200.24  99999.00  99999.00       0      33      73      43
72251  10  00     3  99999.00  99999.00  99999.00  99999.00  99999.00  99999.00  99999.00  99999.00       0       3       4       1
72251  10  00     2  99999.00  99999.00  99999.00  99999.00  99999.00  99999.00  99999.00  99999.00       0       1       1       1
72251  10  00     1  99999.00  99999.00  99999.00  99999.00  99999.00  99999.00  99999.00  99999.00       0       0       0       0
72251  11  00  9999    978.07   1050.79  99999.00  99999.00    -74.80    499.76  -2076.36   2207.04    1006       0     983     816
72251  11  00  1000  99999.00  99999.00   -142.38    432.18    -95.75    495.49   -384.32    631.60       0    1000    1000     833
72251  11  00   925  99999.00  99999.00    549.43   1076.23   -109.22    430.18   -431.57    617.35       0     659     661     628
72251  11  00   900  99999.00  99999.00  99999.00  99999.00  99999.00  99999.00  99999.00  99999.00       0      18      33      25
72251  11  00   850  99999.00  99999.00   1294.22   1758.50   -106.52    364.48   -669.27    719.61       0    1011    1011     840
72251  11  00   800  99999.00  99999.00  99999.00  99999.00  99999.00  99999.00  99999.00  99999.00       0      18      37      31
72251  11  00   700  99999.00  99999.00   2913.06   3367.62   -106.41    234.51   -840.29    584.11       0    1007    1004     830
72251  11  00   600  99999.00  99999.00  99999.00  99999.00  99999.00  99999.00  99999.00  99999.00       0      24      40      29
72251  11  00   500  99999.00  99999.00   5517.10   6120.70   -248.68     50.36  -1040.28    375.48       0    1006    1006     828
72251  11  00   400  99999.00  99999.00   7135.17   7867.41   -372.76    -62.68  -1116.68    268.60       0     998     998     824
72251  11  00   300  99999.00  99999.00   9099.05  10009.73   -528.19   -214.99  -1159.22     83.50       0     993     991     785
72251  11  00   250  99999.00  99999.00  10287.94  11291.62   -613.31   -313.07  -1082.01   -133.17       0     987     986     616
72251  11  00   200  99999.00  99999.00  11706.53  12771.05   -717.46   -405.58  -1004.47   -365.23       0     987     985     613
72251  11  00   150  99999.00  99999.00  13525.34  14526.62   -826.24   -476.80  -1021.38   -497.58       0     983     982     612
72251  11  00   100  99999.00  99999.00  16068.13  16827.97   -899.17   -542.41  -1053.62   -580.58       0     968     969     613
72251  11  00    80  99999.00  99999.00  17357.38  18119.74   -909.47   -541.19  -1034.34   -602.46       0      95     153     116
72251  11  00    70  99999.00  99999.00  18238.87  18859.15   -881.76   -522.96  -1052.32   -557.32       0     944     946     602
72251  11  00    60  99999.00  99999.00  19030.49  19834.85   -854.83   -498.91  -1077.72   -494.16       0      89     160     121
72251  11  00    50  99999.00  99999.00  20255.50  20904.58   -790.13   -486.89  -1081.01   -439.49       0     918     919     594
72251  11  00    40  99999.00  99999.00  21379.51  22398.07   -778.03   -437.35  -1103.57   -369.89       0      68     154     120
72251  11  00    30  99999.00  99999.00  23363.71  24165.79   -716.66   -424.94  -1123.14   -314.22       0     898     899     587
72251  11  00    20  99999.00  99999.00  25858.11  26852.91   -709.03   -352.99  -1158.89   -249.29       0     851     851     565
72251  11  00    15  99999.00  99999.00  27062.90  29004.74   -710.26   -299.02  -1233.12   -171.96       0     142     321     270
72251  11  00    10  99999.00  99999.00  30014.29  31717.69   -685.83   -252.99  -1234.43   -129.71       0     623     644     459
72251  11  00     7  99999.00  99999.00  31471.52  34814.00   -675.09   -200.61  -1234.28    -94.28       0     223     330     243
72251  11  00     5  99999.00  99999.00  99999.00  99999.00   -665.73   -154.17  99999.00  99999.00       0      22      66      41
72251  11  00     3  99999.00  99999.00  99999.00  99999.00  99999.00  99999.00  99999.00  99999.00       0       0       0       0
72251  11  00     2  99999.00  99999.00  99999.00  99999.00  99999.00  99999.00  99999.00  99999.00       0       0       0       0
72251  11  00     1  99999.00  99999.00  99999.00  99999.00  99999.00  99999.00  99999.00  99999.00       0       0       0       0
72251  12  00  9999    977.25   1055.25  99999.00  99999.00   -183.31    523.73   -279.54    435.42     988       0     971     779
72251  12  00  1000  99999.00  99999.00   -151.08    466.08   -213.36    529.32   -468.52    632.60       0     987     987     796
72251  12  00   925  99999.00  99999.00    562.46   1065.02   -194.68    450.44   -530.58    637.74       0     631     633     599
72251  12  00   900  99999.00  99999.00  99999.00  99999.00  99999.00  99999.00  99999.00  99999.00       0      18      32      24
72251  12  00   850  99999.00  99999.00   1293.45   1751.13   -164.86    375.86   -705.77    688.99       0     995     993     801
72251  12  00   800  99999.00  99999.00  99999.00  99999.00  99999.00  99999.00  99999.00  99999.00       0      29      42      32
72251  12  00   700  99999.00  99999.00   2894.68   3355.12   -148.97    244.51   -831.43    524.33       0     994     993     797
72251  12  00   600  99999.00  99999.00  99999.00  99999.00  99999.00  99999.00  99999.00  99999.00       0      24      36      24
72251  12  00   500  99999.00  99999.00   5461.60   6111.52   -277.23     43.17  -1041.08    371.92       0     994     994     790
72251  12  00   400  99999.00  99999.00   7054.70   7859.42   -408.76    -61.84  -1110.43    273.17       0     991     990     789
72251  12  00   300  99999.00  99999.00   8996.69   9995.69   -556.48   -218.08  -1120.29     58.71       0     985     984     716
72251  12  00   250  99999.00  99999.00  10175.71  11270.35   -630.90   -326.58  -1051.04   -162.68       0     982     981     591
72251  12  00   200  99999.00  99999.00  11597.72  12729.56   -758.41   -383.65  -1012.20   -360.72       0     975     975     591
72251  12  00   150  99999.00  99999.00  13431.03  14473.71   -847.27   -430.63  -1029.89   -462.89       0     969     969     591
72251  12  00   100  99999.00  99999.00  15970.89  16816.77   -878.68   -532.12  -1061.95   -542.11       0     952     954     586
72251  12  00    80  99999.00  99999.00    256.41  34543.29  -5411.02   3848.06  -1061.25   -555.45       0      94     145     105
72251  12  00    70  99999.00  99999.00  18162.73  18841.81   -897.50   -515.78  -1071.19   -540.67       0     912     915     577
72251  12  00    60  99999.00  99999.00    254.04  37860.60   -876.65   -498.17  -1103.84   -488.72       0      88     165     123
72251  12  00    50  99999.00  99999.00  20204.82  20841.06   -817.39   -488.47  -1100.03   -437.27       0     886     889     571
72251  12  00    40  99999.00  99999.00   2404.90  40603.54   -793.97   -446.21  -1145.20   -364.24       0     100     193     144
72251  12  00    30  99999.00  99999.00  23299.14  24076.74   -770.60   -398.96  -1119.16   -338.92       0     853     858     560
72251  12  00    20  99999.00  99999.00  18587.95  33839.35   -752.70   -340.86  -1166.11   -263.47       0     818     820     545
72251  12  00    15  99999.00  99999.00  26914.74  28937.10   -756.74   -286.58  -1210.19   -207.59       0     137     291     227
72251  12  00    10  99999.00  99999.00  29794.50  31697.70   -746.12   -220.64  -1234.30   -146.62       0     604     632     457
72251  12  00     7  99999.00  99999.00  31274.01  34756.29   -751.03   -148.27  -1262.05    -93.61       0     257     338     252
72251  12  00     5  99999.00  99999.00  99999.00  99999.00   -832.03    -14.95  99999.00  99999.00       0      31      68      46
72251  12  00     3  99999.00  99999.00  99999.00  99999.00  99999.00  99999.00  99999.00  99999.00       0       2       3       1
72251  12  00     2  99999.00  99999.00  99999.00  99999.00  99999.00  99999.00  99999.00  99999.00       0       0       0       0
72251  12  00     1  99999.00  99999.00  99999.00  99999.00  99999.00  99999.00  99999.00  99999.00       0       0       0       0
