41923  01  12  9999  99999.00  99999.00  99999.00  99999.00  99999.00  99999.00  99999.00  99999.00      23       0      23      23
41923  01  12  1000  99999.00  99999.00  99999.00  99999.00  99999.00  99999.00  99999.00  99999.00       0      23      23      23
41923  01  12   925  99999.00  99999.00  99999.00  99999.00  99999.00  99999.00  99999.00  99999.00       0      24      24      24
41923  01  12   900  99999.00  99999.00  99999.00  99999.00  99999.00  99999.00  99999.00  99999.00       0       0       0       0
41923  01  12   850  99999.00  99999.00  99999.00  99999.00  99999.00  99999.00  99999.00  99999.00       0      23      24      24
41923  01  12   800  99999.00  99999.00  99999.00  99999.00  99999.00  99999.00  99999.00  99999.00       0       0       0       0
41923  01  12   700  99999.00  99999.00  99999.00  99999.00  99999.00  99999.00  99999.00  99999.00       0      23      24      24
41923  01  12   600  99999.00  99999.00  99999.00  99999.00  99999.00  99999.00  99999.00  99999.00       0       0       2       2
41923  01  12   500  99999.00  99999.00  99999.00  99999.00  99999.00  99999.00  99999.00  99999.00       0      23      24      24
41923  01  12   400  99999.00  99999.00  99999.00  99999.00  99999.00  99999.00  99999.00  99999.00       0      23      24      24
41923  01  12   300  99999.00  99999.00  99999.00  99999.00  99999.00  99999.00  99999.00  99999.00       0      23      24      23
41923  01  12   250  99999.00  99999.00  99999.00  99999.00  99999.00  99999.00  99999.00  99999.00       0      23      24       4
41923  01  12   200  99999.00  99999.00  99999.00  99999.00  99999.00  99999.00  99999.00  99999.00       0      24      24       0
41923  01  12   150  99999.00  99999.00  99999.00  99999.00  99999.00  99999.00  99999.00  99999.00       0      24      24       0
41923  01  12   100  99999.00  99999.00  99999.00  99999.00  99999.00  99999.00  99999.00  99999.00       0      22      22       0
41923  01  12    80  99999.00  99999.00  99999.00  99999.00  99999.00  99999.00  99999.00  99999.00       0       0       1       0
41923  01  12    70  99999.00  99999.00  99999.00  99999.00  99999.00  99999.00  99999.00  99999.00       0      19      19       0
41923  01  12    60  99999.00  99999.00  99999.00  99999.00  99999.00  99999.00  99999.00  99999.00       0       0       3       0
41923  01  12    50  99999.00  99999.00  99999.00  99999.00  99999.00  99999.00  99999.00  99999.00       0      13      13       0
41923  01  12    40  99999.00  99999.00  99999.00  99999.00  99999.00  99999.00  99999.00  99999.00       0       0       0       0
41923  01  12    30  99999.00  99999.00  99999.00  99999.00  99999.00  99999.00  99999.00  99999.00       0      11      11       0
41923  01  12    20  99999.00  99999.00  99999.00  99999.00  99999.00  99999.00  99999.00  99999.00       0       0       0       0
41923  01  12    15  99999.00  99999.00  99999.00  99999.00  99999.00  99999.00  99999.00  99999.00       0       0       0       0
41923  01  12    10  99999.00  99999.00  99999.00  99999.00  99999.00  99999.00  99999.00  99999.00       0       0       0       0
41923  01  12     7  99999.00  99999.00  99999.00  99999.00  99999.00  99999.00  99999.00  99999.00       0       0       0       0
41923  01  12     5  99999.00  99999.00  99999.00  99999.00  99999.00  99999.00  99999.00  99999.00       0       0       0       0
41923  01  12     3  99999.00  99999.00  99999.00  99999.00  99999.00  99999.00  99999.00  99999.00       0       0       0       0
41923  01  12     2  99999.00  99999.00  99999.00  99999.00  99999.00  99999.00  99999.00  99999.00       0       0       0       0
41923  01  12     1  99999.00  99999.00  99999.00  99999.00  99999.00  99999.00  99999.00  99999.00       0       0       0       0
41923  02  12  9999  99999.00  99999.00  99999.00  99999.00  99999.00  99999.00  99999.00  99999.00      27       0      27      27
41923  02  12  1000  99999.00  99999.00  99999.00  99999.00  99999.00  99999.00  99999.00  99999.00       0      27      27      27
41923  02  12   925  99999.00  99999.00  99999.00  99999.00  99999.00  99999.00  99999.00  99999.00       0      27      27      27
41923  02  12   900  99999.00  99999.00  99999.00  99999.00  99999.00  99999.00  99999.00  99999.00       0       0       0       0
41923  02  12   850  99999.00  99999.00  99999.00  99999.00  99999.00  99999.00  99999.00  99999.00       0      27      27      27
41923  02  12   800  99999.00  99999.00  99999.00  99999.00  99999.00  99999.00  99999.00  99999.00       0       0       0       0
41923  02  12   700  99999.00  99999.00  99999.00  99999.00  99999.00  99999.00  99999.00  99999.00       0      27      27      27
41923  02  12   600  99999.00  99999.00  99999.00  99999.00  99999.00  99999.00  99999.00  99999.00       0       0       0       0
41923  02  12   500  99999.00  99999.00  99999.00  99999.00  99999.00  99999.00  99999.00  99999.00       0      27      27      27
41923  02  12   400  99999.00  99999.00  99999.00  99999.00  99999.00  99999.00  99999.00  99999.00       0      27      27      27
41923  02  12   300  99999.00  99999.00  99999.00  99999.00  99999.00  99999.00  99999.00  99999.00       0      27      27      27
41923  02  12   250  99999.00  99999.00  99999.00  99999.00  99999.00  99999.00  99999.00  99999.00       0      27      27      11
41923  02  12   200  99999.00  99999.00  99999.00  99999.00  99999.00  99999.00  99999.00  99999.00       0      26      26       0
41923  02  12   150  99999.00  99999.00  99999.00  99999.00  99999.00  99999.00  99999.00  99999.00       0      24      24       0
41923  02  12   100  99999.00  99999.00  99999.00  99999.00  99999.00  99999.00  99999.00  99999.00       0      23      23       0
41923  02  12    80  99999.00  99999.00  99999.00  99999.00  99999.00  99999.00  99999.00  99999.00       0       0       1       0
41923  02  12    70  99999.00  99999.00  99999.00  99999.00  99999.00  99999.00  99999.00  99999.00       0      19      19       0
41923  02  12    60  99999.00  99999.00  99999.00  99999.00  99999.00  99999.00  99999.00  99999.00       0       0       2       0
41923  02  12    50  99999.00  99999.00  99999.00  99999.00  99999.00  99999.00  99999.00  99999.00       0      17      17       0
41923  02  12    40  99999.00  99999.00  99999.00  99999.00  99999.00  99999.00  99999.00  99999.00       0       0       1       0
41923  02  12    30  99999.00  99999.00  99999.00  99999.00  99999.00  99999.00  99999.00  99999.00       0       9      11       0
41923  02  12    20  99999.00  99999.00  99999.00  99999.00  99999.00  99999.00  99999.00  99999.00       0       0       0       0
41923  02  12    15  99999.00  99999.00  99999.00  99999.00  99999.00  99999.00  99999.00  99999.00       0       0       0       0
41923  02  12    10  99999.00  99999.00  99999.00  99999.00  99999.00  99999.00  99999.00  99999.00       0       0       0       0
41923  02  12     7  99999.00  99999.00  99999.00  99999.00  99999.00  99999.00  99999.00  99999.00       0       0       0       0
41923  02  12     5  99999.00  99999.00  99999.00  99999.00  99999.00  99999.00  99999.00  99999.00       0       0       0       0
41923  02  12     3  99999.00  99999.00  99999.00  99999.00  99999.00  99999.00  99999.00  99999.00       0       0       0       0
41923  02  12     2  99999.00  99999.00  99999.00  99999.00  99999.00  99999.00  99999.00  99999.00       0       0       0       0
41923  02  12     1  99999.00  99999.00  99999.00  99999.00  99999.00  99999.00  99999.00  99999.00       0       0       0       0
41923  03  12  9999  99999.00  99999.00  99999.00  99999.00  99999.00  99999.00  99999.00  99999.00      55       0      55      55
41923  03  12  1000  99999.00  99999.00  99999.00  99999.00  99999.00  99999.00  99999.00  99999.00       0      53      53      53
41923  03  12   925  99999.00  99999.00  99999.00  99999.00  99999.00  99999.00  99999.00  99999.00       0      52      52      52
41923  03  12   900  99999.00  99999.00  99999.00  99999.00  99999.00  99999.00  99999.00  99999.00       0       0       0       0
41923  03  12   850  99999.00  99999.00  99999.00  99999.00  99999.00  99999.00  99999.00  99999.00       0      52      52      52
41923  03  12   800  99999.00  99999.00  99999.00  99999.00  99999.00  99999.00  99999.00  99999.00       0       0       1       1
41923  03  12   700  99999.00  99999.00  99999.00  99999.00  99999.00  99999.00  99999.00  99999.00       0      52      52      52
41923  03  12   600  99999.00  99999.00  99999.00  99999.00  99999.00  99999.00  99999.00  99999.00       0       0       0       0
41923  03  12   500  99999.00  99999.00  99999.00  99999.00  99999.00  99999.00  99999.00  99999.00       0      52      52      52
41923  03  12   400  99999.00  99999.00  99999.00  99999.00  99999.00  99999.00  99999.00  99999.00       0      52      52      52
41923  03  12   300  99999.00  99999.00  99999.00  99999.00  99999.00  99999.00  99999.00  99999.00       0      51      51      47
41923  03  12   250  99999.00  99999.00  99999.00  99999.00  99999.00  99999.00  99999.00  99999.00       0      49      49       8
41923  03  12   200  99999.00  99999.00  99999.00  99999.00  99999.00  99999.00  99999.00  99999.00       0      47      47       0
41923  03  12   150  99999.00  99999.00  99999.00  99999.00  99999.00  99999.00  99999.00  99999.00       0      42      42       0
41923  03  12   100  99999.00  99999.00  99999.00  99999.00  99999.00  99999.00  99999.00  99999.00       0      41      41       0
41923  03  12    80  99999.00  99999.00  99999.00  99999.00  99999.00  99999.00  99999.00  99999.00       0       0       2       0
41923  03  12    70  99999.00  99999.00  99999.00  99999.00  99999.00  99999.00  99999.00  99999.00       0      28      29       0
41923  03  12    60  99999.00  99999.00  99999.00  99999.00  99999.00  99999.00  99999.00  99999.00       0       0       1       0
41923  03  12    50  99999.00  99999.00  99999.00  99999.00  99999.00  99999.00  99999.00  99999.00       0      24      24       0
41923  03  12    40  99999.00  99999.00  99999.00  99999.00  99999.00  99999.00  99999.00  99999.00       0       0       3       0
41923  03  12    30  99999.00  99999.00  99999.00  99999.00  99999.00  99999.00  99999.00  99999.00       0      16      16       0
41923  03  12    20  99999.00  99999.00  99999.00  99999.00  99999.00  99999.00  99999.00  99999.00       0       0       0       0
41923  03  12    15  99999.00  99999.00  99999.00  99999.00  99999.00  99999.00  99999.00  99999.00       0       0       0       0
41923  03  12    10  99999.00  99999.00  99999.00  99999.00  99999.00  99999.00  99999.00  99999.00       0       0       1       0
41923  03  12     7  99999.00  99999.00  99999.00  99999.00  99999.00  99999.00  99999.00  99999.00       0       0       0       0
41923  03  12     5  99999.00  99999.00  99999.00  99999.00  99999.00  99999.00  99999.00  99999.00       0       0       0       0
41923  03  12     3  99999.00  99999.00  99999.00  99999.00  99999.00  99999.00  99999.00  99999.00       0       0       0       0
41923  03  12     2  99999.00  99999.00  99999.00  99999.00  99999.00  99999.00  99999.00  99999.00       0       0       0       0
41923  03  12     1  99999.00  99999.00  99999.00  99999.00  99999.00  99999.00  99999.00  99999.00       0       0       0       0
41923  04  12  9999    990.72   1017.84  99999.00  99999.00    182.10    479.82   -225.77    498.67      67       0      67      67
41923  04  12  1000  99999.00  99999.00    -74.67    168.45    161.86    466.78    -64.80    507.60       0      63      63      63
41923  04  12   925  99999.00  99999.00    568.46    891.98    126.74    393.38   -100.52    477.52       0      65      66      66
41923  04  12   900  99999.00  99999.00  99999.00  99999.00  99999.00  99999.00  99999.00  99999.00       0       0       0       0
41923  04  12   850  99999.00  99999.00   1291.20   1633.80     97.25    320.33   -139.65    411.99       0      66      66      66
41923  04  12   800  99999.00  99999.00  99999.00  99999.00  99999.00  99999.00  99999.00  99999.00       0       0       0       0
41923  04  12   700  99999.00  99999.00   2920.62   3289.50     -6.80    196.96   -506.52    471.96       0      65      65      65
41923  04  12   600  99999.00  99999.00  99999.00  99999.00  99999.00  99999.00  99999.00  99999.00       0       0       2       2
41923  04  12   500  99999.00  99999.00   5601.09   6012.45   -277.78    121.94   -906.04    394.88       0      65      65      65
41923  04  12   400  99999.00  99999.00   7247.24   7763.84   -349.72    -22.24  -1003.37    270.91       0      65      65      65
41923  04  12   300  99999.00  99999.00   9252.59   9918.83   -507.73   -148.93   -981.76     -8.92       0      63      63      62
41923  04  12   250  99999.00  99999.00  10468.83  11217.63   -605.59   -221.11  99999.00  99999.00       0      62      63      23
41923  04  12   200  99999.00  99999.00  11664.71  13012.07   -648.80   -370.04  99999.00  99999.00       0      62      62       0
41923  04  12   150  99999.00  99999.00  99999.00  99999.00  99999.00  99999.00  99999.00  99999.00       0      60      59       0
41923  04  12   100  99999.00  99999.00  99999.00  99999.00  99999.00  99999.00  99999.00  99999.00       0      58      60       0
41923  04  12    80  99999.00  99999.00  99999.00  99999.00  99999.00  99999.00  99999.00  99999.00       0       0       4       0
41923  04  12    70  99999.00  99999.00  99999.00  99999.00  99999.00  99999.00  99999.00  99999.00       0      40      40       0
41923  04  12    60  99999.00  99999.00  99999.00  99999.00  99999.00  99999.00  99999.00  99999.00       0       0       2       0
41923  04  12    50  99999.00  99999.00  99999.00  99999.00  99999.00  99999.00  99999.00  99999.00       0      32      32       0
41923  04  12    40  99999.00  99999.00  99999.00  99999.00  99999.00  99999.00  99999.00  99999.00       0       0       4       0
41923  04  12    30  99999.00  99999.00  99999.00  99999.00  99999.00  99999.00  99999.00  99999.00       0      28      29       0
41923  04  12    20  99999.00  99999.00  99999.00  99999.00  99999.00  99999.00  99999.00  99999.00       0       3       3       0
41923  04  12    15  99999.00  99999.00  99999.00  99999.00  99999.00  99999.00  99999.00  99999.00       0       0       0       0
41923  04  12    10  99999.00  99999.00  99999.00  99999.00  99999.00  99999.00  99999.00  99999.00       0       0       1       0
41923  04  12     7  99999.00  99999.00  99999.00  99999.00  99999.00  99999.00  99999.00  99999.00       0       0       0       0
41923  04  12     5  99999.00  99999.00  99999.00  99999.00  99999.00  99999.00  99999.00  99999.00       0       0       0       0
41923  04  12     3  99999.00  99999.00  99999.00  99999.00  99999.00  99999.00  99999.00  99999.00       0       0       0       0
41923  04  12     2  99999.00  99999.00  99999.00  99999.00  99999.00  99999.00  99999.00  99999.00       0       0       0       0
41923  04  12     1  99999.00  99999.00  99999.00  99999.00  99999.00  99999.00  99999.00  99999.00       0       0       0       0
41923  05  12  9999  99999.00  99999.00  99999.00  99999.00  99999.00  99999.00  99999.00  99999.00      51       0      51      51
41923  05  12  1000  99999.00  99999.00  99999.00  99999.00  99999.00  99999.00  99999.00  99999.00       0      50      50      50
41923  05  12   925  99999.00  99999.00    520.05    892.29    136.75    375.19     80.82    358.38       0      65      65      65
41923  05  12   900  99999.00  99999.00  99999.00  99999.00  99999.00  99999.00  99999.00  99999.00       0       0       0       0
41923  05  12   850  99999.00  99999.00   1295.67   1578.27    115.19    309.59    -98.99    439.45       0      66      66      66
41923  05  12   800  99999.00  99999.00  99999.00  99999.00  99999.00  99999.00  99999.00  99999.00       0       0       1       1
41923  05  12   700  99999.00  99999.00   2930.52   3246.96     42.60    185.64   -322.32    405.12       0      66      65      65
41923  05  12   600  99999.00  99999.00  99999.00  99999.00  99999.00  99999.00  99999.00  99999.00       0       0       1       1
41923  05  12   500  99999.00  99999.00   5656.26   5964.66   -175.71     97.77   -836.62    494.66       0      65      65      65
41923  05  12   400  99999.00  99999.00   7348.97   7724.69   -308.61     28.95   -930.64    384.44       0      63      63      63
41923  05  12   300  99999.00  99999.00   9299.00  10011.32   -443.94   -110.58  -1012.06    197.42       0      62      62      62
41923  05  12   250  99999.00  99999.00  10532.84  11351.36   -494.83   -246.91  99999.00  99999.00       0      62      62      58
41923  05  12   200  99999.00  99999.00  11996.45  12896.33  99999.00  99999.00  99999.00  99999.00       0      61      60       0
41923  05  12   150  99999.00  99999.00  99999.00  99999.00  99999.00  99999.00  99999.00  99999.00       0      59      58       0
41923  05  12   100  99999.00  99999.00  99999.00  99999.00  99999.00  99999.00  99999.00  99999.00       0      58      58       0
41923  05  12    80  99999.00  99999.00  99999.00  99999.00  99999.00  99999.00  99999.00  99999.00       0       0       4       0
41923  05  12    70  99999.00  99999.00  99999.00  99999.00  99999.00  99999.00  99999.00  99999.00       0      47      47       0
41923  05  12    60  99999.00  99999.00  99999.00  99999.00  99999.00  99999.00  99999.00  99999.00       0       0       3       0
41923  05  12    50  99999.00  99999.00  99999.00  99999.00  99999.00  99999.00  99999.00  99999.00       0      40      40       0
41923  05  12    40  99999.00  99999.00  99999.00  99999.00  99999.00  99999.00  99999.00  99999.00       0       0       7       0
41923  05  12    30  99999.00  99999.00  99999.00  99999.00  99999.00  99999.00  99999.00  99999.00       0      32      33       0
41923  05  12    20  99999.00  99999.00  99999.00  99999.00  99999.00  99999.00  99999.00  99999.00       0       3       3       0
41923  05  12    15  99999.00  99999.00  99999.00  99999.00  99999.00  99999.00  99999.00  99999.00       0       0       0       0
41923  05  12    10  99999.00  99999.00  99999.00  99999.00  99999.00  99999.00  99999.00  99999.00       0       0       1       0
41923  05  12     7  99999.00  99999.00  99999.00  99999.00  99999.00  99999.00  99999.00  99999.00       0       0       0       0
41923  05  12     5  99999.00  99999.00  99999.00  99999.00  99999.00  99999.00  99999.00  99999.00       0       0       0       0
41923  05  12     3  99999.00  99999.00  99999.00  99999.00  99999.00  99999.00  99999.00  99999.00       0       0       0       0
41923  05  12     2  99999.00  99999.00  99999.00  99999.00  99999.00  99999.00  99999.00  99999.00       0       0       0       0
41923  05  12     1  99999.00  99999.00  99999.00  99999.00  99999.00  99999.00  99999.00  99999.00       0       0       0       0
41923  06  12  9999  99999.00  99999.00  99999.00  99999.00  99999.00  99999.00  99999.00  99999.00      53       0      53      53
41923  06  12  1000  99999.00  99999.00  99999.00  99999.00  99999.00  99999.00  99999.00  99999.00       0       8       8       8
41923  06  12   925  99999.00  99999.00  99999.00  99999.00  99999.00  99999.00  99999.00  99999.00       0      54      54      54
41923  06  12   900  99999.00  99999.00  99999.00  99999.00  99999.00  99999.00  99999.00  99999.00       0       0       1       1
41923  06  12   850  99999.00  99999.00  99999.00  99999.00  99999.00  99999.00  99999.00  99999.00       0      54      54      54
41923  06  12   800  99999.00  99999.00  99999.00  99999.00  99999.00  99999.00  99999.00  99999.00       0       0       0       0
41923  06  12   700  99999.00  99999.00  99999.00  99999.00  99999.00  99999.00  99999.00  99999.00       0      54      54      54
41923  06  12   600  99999.00  99999.00  99999.00  99999.00  99999.00  99999.00  99999.00  99999.00       0       0       1       1
41923  06  12   500  99999.00  99999.00  99999.00  99999.00  99999.00  99999.00  99999.00  99999.00       0      54      54      54
41923  06  12   400  99999.00  99999.00  99999.00  99999.00  99999.00  99999.00  99999.00  99999.00       0      53      53      53
41923  06  12   300  99999.00  99999.00  99999.00  99999.00  99999.00  99999.00  99999.00  99999.00       0      53      53      53
41923  06  12   250  99999.00  99999.00  99999.00  99999.00  99999.00  99999.00  99999.00  99999.00       0      52      52      52
41923  06  12   200  99999.00  99999.00  99999.00  99999.00  99999.00  99999.00  99999.00  99999.00       0      51      51      10
41923  06  12   150  99999.00  99999.00  99999.00  99999.00  99999.00  99999.00  99999.00  99999.00       0      50      50      10
41923  06  12   100  99999.00  99999.00  99999.00  99999.00  99999.00  99999.00  99999.00  99999.00       0      45      45       8
41923  06  12    80  99999.00  99999.00  99999.00  99999.00  99999.00  99999.00  99999.00  99999.00       0       0       1       0
41923  06  12    70  99999.00  99999.00  99999.00  99999.00  99999.00  99999.00  99999.00  99999.00       0      36      36       7
41923  06  12    60  99999.00  99999.00  99999.00  99999.00  99999.00  99999.00  99999.00  99999.00       0       0       4       1
41923  06  12    50  99999.00  99999.00  99999.00  99999.00  99999.00  99999.00  99999.00  99999.00       0      33      34       7
41923  06  12    40  99999.00  99999.00  99999.00  99999.00  99999.00  99999.00  99999.00  99999.00       0       0       1       0
41923  06  12    30  99999.00  99999.00  99999.00  99999.00  99999.00  99999.00  99999.00  99999.00       0      19      20       5
41923  06  12    20  99999.00  99999.00  99999.00  99999.00  99999.00  99999.00  99999.00  99999.00       0       2       2       1
41923  06  12    15  99999.00  99999.00  99999.00  99999.00  99999.00  99999.00  99999.00  99999.00       0       0       0       0
41923  06  12    10  99999.00  99999.00  99999.00  99999.00  99999.00  99999.00  99999.00  99999.00       0       0       0       0
41923  06  12     7  99999.00  99999.00  99999.00  99999.00  99999.00  99999.00  99999.00  99999.00       0       0       0       0
41923  06  12     5  99999.00  99999.00  99999.00  99999.00  99999.00  99999.00  99999.00  99999.00       0       0       0       0
41923  06  12     3  99999.00  99999.00  99999.00  99999.00  99999.00  99999.00  99999.00  99999.00       0       0       0       0
41923  06  12     2  99999.00  99999.00  99999.00  99999.00  99999.00  99999.00  99999.00  99999.00       0       0       0       0
41923  06  12     1  99999.00  99999.00  99999.00  99999.00  99999.00  99999.00  99999.00  99999.00       0       0       0       0
41923  07  12  9999  99999.00  99999.00  99999.00  99999.00  99999.00  99999.00  99999.00  99999.00      58       0      58      58
41923  07  12  1000  99999.00  99999.00  99999.00  99999.00  99999.00  99999.00  99999.00  99999.00       0       6       6       6
41923  07  12   925  99999.00  99999.00  99999.00  99999.00  99999.00  99999.00  99999.00  99999.00       0      58      58      58
41923  07  12   900  99999.00  99999.00  99999.00  99999.00  99999.00  99999.00  99999.00  99999.00       0       0       0       0
41923  07  12   850  99999.00  99999.00  99999.00  99999.00  99999.00  99999.00  99999.00  99999.00       0      58      58      58
41923  07  12   800  99999.00  99999.00  99999.00  99999.00  99999.00  99999.00  99999.00  99999.00       0       0       0       0
41923  07  12   700  99999.00  99999.00  99999.00  99999.00  99999.00  99999.00  99999.00  99999.00       0      58      58      58
41923  07  12   600  99999.00  99999.00  99999.00  99999.00  99999.00  99999.00  99999.00  99999.00       0       0       1       1
41923  07  12   500  99999.00  99999.00  99999.00  99999.00  99999.00  99999.00  99999.00  99999.00       0      58      58      58
41923  07  12   400  99999.00  99999.00  99999.00  99999.00  99999.00  99999.00  99999.00  99999.00       0      58      58      58
41923  07  12   300  99999.00  99999.00  99999.00  99999.00  99999.00  99999.00  99999.00  99999.00       0      57      58      58
41923  07  12   250  99999.00  99999.00  99999.00  99999.00  99999.00  99999.00  99999.00  99999.00       0      57      57      57
41923  07  12   200  99999.00  99999.00  99999.00  99999.00  99999.00  99999.00  99999.00  99999.00       0      57      57      23
41923  07  12   150  99999.00  99999.00  99999.00  99999.00  99999.00  99999.00  99999.00  99999.00       0      57      57      23
41923  07  12   100  99999.00  99999.00  99999.00  99999.00  99999.00  99999.00  99999.00  99999.00       0      56      57      23
41923  07  12    80  99999.00  99999.00  99999.00  99999.00  99999.00  99999.00  99999.00  99999.00       0       0       6       2
41923  07  12    70  99999.00  99999.00  99999.00  99999.00  99999.00  99999.00  99999.00  99999.00       0      38      39      14
41923  07  12    60  99999.00  99999.00  99999.00  99999.00  99999.00  99999.00  99999.00  99999.00       0       0       5       3
41923  07  12    50  99999.00  99999.00  99999.00  99999.00  99999.00  99999.00  99999.00  99999.00       0      32      32      13
41923  07  12    40  99999.00  99999.00  99999.00  99999.00  99999.00  99999.00  99999.00  99999.00       0       0       3       2
41923  07  12    30  99999.00  99999.00  99999.00  99999.00  99999.00  99999.00  99999.00  99999.00       0      25      25      12
41923  07  12    20  99999.00  99999.00  99999.00  99999.00  99999.00  99999.00  99999.00  99999.00       0       0       0       0
41923  07  12    15  99999.00  99999.00  99999.00  99999.00  99999.00  99999.00  99999.00  99999.00       0       0       0       0
41923  07  12    10  99999.00  99999.00  99999.00  99999.00  99999.00  99999.00  99999.00  99999.00       0       0       0       0
41923  07  12     7  99999.00  99999.00  99999.00  99999.00  99999.00  99999.00  99999.00  99999.00       0       0       0       0
41923  07  12     5  99999.00  99999.00  99999.00  99999.00  99999.00  99999.00  99999.00  99999.00       0       0       0       0
41923  07  12     3  99999.00  99999.00  99999.00  99999.00  99999.00  99999.00  99999.00  99999.00       0       0       0       0
41923  07  12     2  99999.00  99999.00  99999.00  99999.00  99999.00  99999.00  99999.00  99999.00       0       0       0       0
41923  07  12     1  99999.00  99999.00  99999.00  99999.00  99999.00  99999.00  99999.00  99999.00       0       0       0       0
41923  08  12  9999    981.69   1017.21  99999.00  99999.00    173.60    430.40    -96.17    206.35      65       0      65      65
41923  08  12  1000  99999.00  99999.00  99999.00  99999.00  99999.00  99999.00  99999.00  99999.00       0      41      41      41
41923  08  12   925  99999.00  99999.00    551.17    832.93    180.37    309.73    117.07    319.87       0      74      74      74
41923  08  12   900  99999.00  99999.00  99999.00  99999.00  99999.00  99999.00  99999.00  99999.00       0       0       0       0
41923  08  12   850  99999.00  99999.00  -6642.79   9192.89  -7001.15   7136.65     76.55    277.91       0      75      75      75
41923  08  12   800  99999.00  99999.00  99999.00  99999.00  99999.00  99999.00  99999.00  99999.00       0       0       0       0
41923  08  12   700  99999.00  99999.00   2930.26   3229.42     72.99    177.87    -20.12    202.96       0      74      74      74
41923  08  12   600  99999.00  99999.00  99999.00  99999.00  99999.00  99999.00  99999.00  99999.00       0       0       1       1
41923  08  12   500  99999.00  99999.00   5667.79   5999.23    -64.74     37.50   -253.32    134.76       0      74      74      74
41923  08  12   400  99999.00  99999.00   7406.61   7750.41   -160.77    -62.25   -455.97    112.59       0      74      74      74
41923  08  12   300  99999.00  99999.00   9552.79   9903.43   -305.80   -198.04   -683.02     20.54       0      74      74      74
41923  08  12   250  99999.00  99999.00  10657.04  11380.76   -413.65   -290.41   -706.52   -145.40       0      73      74      74
41923  08  12   200  99999.00  99999.00  12099.08  12960.92   -540.42   -415.38  99999.00  99999.00       0      73      73      30
41923  08  12   150  99999.00  99999.00  13956.89  14765.57   -701.22   -567.30  99999.00  99999.00       0      73      73      30
41923  08  12   100  99999.00  99999.00  16351.57  17141.29   -909.23   -652.43  99999.00  99999.00       0      70      70      28
41923  08  12    80  99999.00  99999.00  99999.00  99999.00  99999.00  99999.00  99999.00  99999.00       0       0       1       0
41923  08  12    70  99999.00  99999.00  99999.00  99999.00  99999.00  99999.00  99999.00  99999.00       0      40      40       3
41923  08  12    60  99999.00  99999.00  99999.00  99999.00  99999.00  99999.00  99999.00  99999.00       0       0       1       0
41923  08  12    50  99999.00  99999.00  99999.00  99999.00  99999.00  99999.00  99999.00  99999.00       0      31      31       3
41923  08  12    40  99999.00  99999.00  99999.00  99999.00  99999.00  99999.00  99999.00  99999.00       0       0       3       0
41923  08  12    30  99999.00  99999.00  99999.00  99999.00  99999.00  99999.00  99999.00  99999.00       0      22      22       2
41923  08  12    20  99999.00  99999.00  99999.00  99999.00  99999.00  99999.00  99999.00  99999.00       0       5       5       1
41923  08  12    15  99999.00  99999.00  99999.00  99999.00  99999.00  99999.00  99999.00  99999.00       0       0       0       0
41923  08  12    10  99999.00  99999.00  99999.00  99999.00  99999.00  99999.00  99999.00  99999.00       0       0       0       0
41923  08  12     7  99999.00  99999.00  99999.00  99999.00  99999.00  99999.00  99999.00  99999.00       0       0       0       0
41923  08  12     5  99999.00  99999.00  99999.00  99999.00  99999.00  99999.00  99999.00  99999.00       0       0       0       0
41923  08  12     3  99999.00  99999.00  99999.00  99999.00  99999.00  99999.00  99999.00  99999.00       0       0       0       0
41923  08  12     2  99999.00  99999.00  99999.00  99999.00  99999.00  99999.00  99999.00  99999.00       0       0       0       0
41923  08  12     1  99999.00  99999.00  99999.00  99999.00  99999.00  99999.00  99999.00  99999.00       0       0       0       0
41923  09  12  9999  99999.00  99999.00  99999.00  99999.00  99999.00  99999.00  99999.00  99999.00      48       0      48      48
41923  09  12  1000  99999.00  99999.00  99999.00  99999.00  99999.00  99999.00  99999.00  99999.00       0      39      39      39
41923  09  12   925  99999.00  99999.00  99999.00  99999.00  99999.00  99999.00  99999.00  99999.00       0      50      50      50
41923  09  12   900  99999.00  99999.00  99999.00  99999.00  99999.00  99999.00  99999.00  99999.00       0       0       0       0
41923  09  12   850  99999.00  99999.00  99999.00  99999.00  99999.00  99999.00  99999.00  99999.00       0      50      50      50
41923  09  12   800  99999.00  99999.00  99999.00  99999.00  99999.00  99999.00  99999.00  99999.00       0       0       0       0
41923  09  12   700  99999.00  99999.00  99999.00  99999.00  99999.00  99999.00  99999.00  99999.00       0      49      51      51
41923  09  12   600  99999.00  99999.00  99999.00  99999.00  99999.00  99999.00  99999.00  99999.00       0       0       0       0
41923  09  12   500  99999.00  99999.00  99999.00  99999.00  99999.00  99999.00  99999.00  99999.00       0      50      50      50
41923  09  12   400  99999.00  99999.00  99999.00  99999.00  99999.00  99999.00  99999.00  99999.00       0      49      49      49
41923  09  12   300  99999.00  99999.00  99999.00  99999.00  99999.00  99999.00  99999.00  99999.00       0      48      48      48
41923  09  12   250  99999.00  99999.00  99999.00  99999.00  99999.00  99999.00  99999.00  99999.00       0      48      48      48
41923  09  12   200  99999.00  99999.00  99999.00  99999.00  99999.00  99999.00  99999.00  99999.00       0      47      47      22
41923  09  12   150  99999.00  99999.00  99999.00  99999.00  99999.00  99999.00  99999.00  99999.00       0      45      45      20
41923  09  12   100  99999.00  99999.00  99999.00  99999.00  99999.00  99999.00  99999.00  99999.00       0      42      43      19
41923  09  12    80  99999.00  99999.00  99999.00  99999.00  99999.00  99999.00  99999.00  99999.00       0       0       0       0
41923  09  12    70  99999.00  99999.00  99999.00  99999.00  99999.00  99999.00  99999.00  99999.00       0      20      20       3
41923  09  12    60  99999.00  99999.00  99999.00  99999.00  99999.00  99999.00  99999.00  99999.00       0       0       3       1
41923  09  12    50  99999.00  99999.00  99999.00  99999.00  99999.00  99999.00  99999.00  99999.00       0      16      16       3
41923  09  12    40  99999.00  99999.00  99999.00  99999.00  99999.00  99999.00  99999.00  99999.00       0       0       2       0
41923  09  12    30  99999.00  99999.00  99999.00  99999.00  99999.00  99999.00  99999.00  99999.00       0      12      12       2
41923  09  12    20  99999.00  99999.00  99999.00  99999.00  99999.00  99999.00  99999.00  99999.00       0       0       0       0
41923  09  12    15  99999.00  99999.00  99999.00  99999.00  99999.00  99999.00  99999.00  99999.00       0       0       0       0
41923  09  12    10  99999.00  99999.00  99999.00  99999.00  99999.00  99999.00  99999.00  99999.00       0       0       0       0
41923  09  12     7  99999.00  99999.00  99999.00  99999.00  99999.00  99999.00  99999.00  99999.00       0       0       0       0
41923  09  12     5  99999.00  99999.00  99999.00  99999.00  99999.00  99999.00  99999.00  99999.00       0       0       0       0
41923  09  12     3  99999.00  99999.00  99999.00  99999.00  99999.00  99999.00  99999.00  99999.00       0       0       0       0
41923  09  12     2  99999.00  99999.00  99999.00  99999.00  99999.00  99999.00  99999.00  99999.00       0       0       0       0
41923  09  12     1  99999.00  99999.00  99999.00  99999.00  99999.00  99999.00  99999.00  99999.00       0       0       0       0
41923  10  12  9999  99999.00  99999.00  99999.00  99999.00  99999.00  99999.00  99999.00  99999.00      30       0      30      30
41923  10  12  1000  99999.00  99999.00  99999.00  99999.00  99999.00  99999.00  99999.00  99999.00       0      31      31      31
41923  10  12   925  99999.00  99999.00  99999.00  99999.00  99999.00  99999.00  99999.00  99999.00       0      29      29      29
41923  10  12   900  99999.00  99999.00  99999.00  99999.00  99999.00  99999.00  99999.00  99999.00       0       0       1       1
41923  10  12   850  99999.00  99999.00  99999.00  99999.00  99999.00  99999.00  99999.00  99999.00       0      29      29      29
41923  10  12   800  99999.00  99999.00  99999.00  99999.00  99999.00  99999.00  99999.00  99999.00       0       0       0       0
41923  10  12   700  99999.00  99999.00  99999.00  99999.00  99999.00  99999.00  99999.00  99999.00       0      29      29      29
41923  10  12   600  99999.00  99999.00  99999.00  99999.00  99999.00  99999.00  99999.00  99999.00       0       0       1       1
41923  10  12   500  99999.00  99999.00  99999.00  99999.00  99999.00  99999.00  99999.00  99999.00       0      29      29      29
41923  10  12   400  99999.00  99999.00  99999.00  99999.00  99999.00  99999.00  99999.00  99999.00       0      28      28      28
41923  10  12   300  99999.00  99999.00  99999.00  99999.00  99999.00  99999.00  99999.00  99999.00       0      27      27      27
41923  10  12   250  99999.00  99999.00  99999.00  99999.00  99999.00  99999.00  99999.00  99999.00       0      27      27      21
41923  10  12   200  99999.00  99999.00  99999.00  99999.00  99999.00  99999.00  99999.00  99999.00       0      27      27       0
41923  10  12   150  99999.00  99999.00  99999.00  99999.00  99999.00  99999.00  99999.00  99999.00       0      26      26       0
41923  10  12   100  99999.00  99999.00  99999.00  99999.00  99999.00  99999.00  99999.00  99999.00       0      23      23       0
41923  10  12    80  99999.00  99999.00  99999.00  99999.00  99999.00  99999.00  99999.00  99999.00       0       0       1       0
41923  10  12    70  99999.00  99999.00  99999.00  99999.00  99999.00  99999.00  99999.00  99999.00       0      16      16       0
41923  10  12    60  99999.00  99999.00  99999.00  99999.00  99999.00  99999.00  99999.00  99999.00       0       0       1       0
41923  10  12    50  99999.00  99999.00  99999.00  99999.00  99999.00  99999.00  99999.00  99999.00       0      12      12       0
41923  10  12    40  99999.00  99999.00  99999.00  99999.00  99999.00  99999.00  99999.00  99999.00       0       0       0       0
41923  10  12    30  99999.00  99999.00  99999.00  99999.00  99999.00  99999.00  99999.00  99999.00       0       7       8       0
41923  10  12    20  99999.00  99999.00  99999.00  99999.00  99999.00  99999.00  99999.00  99999.00       0       0       0       0
41923  10  12    15  99999.00  99999.00  99999.00  99999.00  99999.00  99999.00  99999.00  99999.00       0       0       0       0
41923  10  12    10  99999.00  99999.00  99999.00  99999.00  99999.00  99999.00  99999.00  99999.00       0       0       0       0
41923  10  12     7  99999.00  99999.00  99999.00  99999.00  99999.00  99999.00  99999.00  99999.00       0       0       0       0
41923  10  12     5  99999.00  99999.00  99999.00  99999.00  99999.00  99999.00  99999.00  99999.00       0       0       0       0
41923  10  12     3  99999.00  99999.00  99999.00  99999.00  99999.00  99999.00  99999.00  99999.00       0       0       0       0
41923  10  12     2  99999.00  99999.00  99999.00  99999.00  99999.00  99999.00  99999.00  99999.00       0       0       0       0
41923  10  12     1  99999.00  99999.00  99999.00  99999.00  99999.00  99999.00  99999.00  99999.00       0       0       0       0
41923  11  12  9999  99999.00  99999.00  99999.00  99999.00  99999.00  99999.00  99999.00  99999.00      32       0      32      32
41923  11  12  1000  99999.00  99999.00  99999.00  99999.00  99999.00  99999.00  99999.00  99999.00       0      30      31      31
41923  11  12   925  99999.00  99999.00  99999.00  99999.00  99999.00  99999.00  99999.00  99999.00       0      29      29      29
41923  11  12   900  99999.00  99999.00  99999.00  99999.00  99999.00  99999.00  99999.00  99999.00       0       0       0       0
41923  11  12   850  99999.00  99999.00  99999.00  99999.00  99999.00  99999.00  99999.00  99999.00       0      30      30      30
41923  11  12   800  99999.00  99999.00  99999.00  99999.00  99999.00  99999.00  99999.00  99999.00       0       0       0       0
41923  11  12   700  99999.00  99999.00  99999.00  99999.00  99999.00  99999.00  99999.00  99999.00       0      29      29      29
41923  11  12   600  99999.00  99999.00  99999.00  99999.00  99999.00  99999.00  99999.00  99999.00       0       0       1       1
41923  11  12   500  99999.00  99999.00  99999.00  99999.00  99999.00  99999.00  99999.00  99999.00       0      29      30      30
41923  11  12   400  99999.00  99999.00  99999.00  99999.00  99999.00  99999.00  99999.00  99999.00       0      29      30      30
41923  11  12   300  99999.00  99999.00  99999.00  99999.00  99999.00  99999.00  99999.00  99999.00       0      29      30      30
41923  11  12   250  99999.00  99999.00  99999.00  99999.00  99999.00  99999.00  99999.00  99999.00       0      30      30       9
41923  11  12   200  99999.00  99999.00  99999.00  99999.00  99999.00  99999.00  99999.00  99999.00       0      30      30       1
41923  11  12   150  99999.00  99999.00  99999.00  99999.00  99999.00  99999.00  99999.00  99999.00       0      30      30       1
41923  11  12   100  99999.00  99999.00  99999.00  99999.00  99999.00  99999.00  99999.00  99999.00       0      30      30       1
41923  11  12    80  99999.00  99999.00  99999.00  99999.00  99999.00  99999.00  99999.00  99999.00       0       0       4       0
41923  11  12    70  99999.00  99999.00  99999.00  99999.00  99999.00  99999.00  99999.00  99999.00       0      26      26       2
41923  11  12    60  99999.00  99999.00  99999.00  99999.00  99999.00  99999.00  99999.00  99999.00       0       0       0       0
41923  11  12    50  99999.00  99999.00  99999.00  99999.00  99999.00  99999.00  99999.00  99999.00       0      23      23       2
41923  11  12    40  99999.00  99999.00  99999.00  99999.00  99999.00  99999.00  99999.00  99999.00       0       0       2       0
41923  11  12    30  99999.00  99999.00  99999.00  99999.00  99999.00  99999.00  99999.00  99999.00       0      15      16       1
41923  11  12    20  99999.00  99999.00  99999.00  99999.00  99999.00  99999.00  99999.00  99999.00       0       0       0       0
41923  11  12    15  99999.00  99999.00  99999.00  99999.00  99999.00  99999.00  99999.00  99999.00       0       0       0       0
41923  11  12    10  99999.00  99999.00  99999.00  99999.00  99999.00  99999.00  99999.00  99999.00       0       0       0       0
41923  11  12     7  99999.00  99999.00  99999.00  99999.00  99999.00  99999.00  99999.00  99999.00       0       0       0       0
41923  11  12     5  99999.00  99999.00  99999.00  99999.00  99999.00  99999.00  99999.00  99999.00       0       0       0       0
41923  11  12     3  99999.00  99999.00  99999.00  99999.00  99999.00  99999.00  99999.00  99999.00       0       0       0       0
41923  11  12     2  99999.00  99999.00  99999.00  99999.00  99999.00  99999.00  99999.00  99999.00       0       0       0       0
41923  11  12     1  99999.00  99999.00  99999.00  99999.00  99999.00  99999.00  99999.00  99999.00       0       0       0       0
41923  12  12  9999  99999.00  99999.00  99999.00  99999.00  99999.00  99999.00  99999.00  99999.00      28       0      28      28
41923  12  12  1000  99999.00  99999.00  99999.00  99999.00  99999.00  99999.00  99999.00  99999.00       0      29      29      29
41923  12  12   925  99999.00  99999.00  99999.00  99999.00  99999.00  99999.00  99999.00  99999.00       0      28      28      28
41923  12  12   900  99999.00  99999.00  99999.00  99999.00  99999.00  99999.00  99999.00  99999.00       0       0       0       0
41923  12  12   850  99999.00  99999.00  99999.00  99999.00  99999.00  99999.00  99999.00  99999.00       0      28      29      29
41923  12  12   800  99999.00  99999.00  99999.00  99999.00  99999.00  99999.00  99999.00  99999.00       0       0       1       1
41923  12  12   700  99999.00  99999.00  99999.00  99999.00  99999.00  99999.00  99999.00  99999.00       0      29      29      29
41923  12  12   600  99999.00  99999.00  99999.00  99999.00  99999.00  99999.00  99999.00  99999.00       0       0       0       0
41923  12  12   500  99999.00  99999.00  99999.00  99999.00  99999.00  99999.00  99999.00  99999.00       0      28      28      28
41923  12  12   400  99999.00  99999.00  99999.00  99999.00  99999.00  99999.00  99999.00  99999.00       0      28      28      28
41923  12  12   300  99999.00  99999.00  99999.00  99999.00  99999.00  99999.00  99999.00  99999.00       0      28      28      27
41923  12  12   250  99999.00  99999.00  99999.00  99999.00  99999.00  99999.00  99999.00  99999.00       0      28      28      12
41923  12  12   200  99999.00  99999.00  99999.00  99999.00  99999.00  99999.00  99999.00  99999.00       0      27      27       0
41923  12  12   150  99999.00  99999.00  99999.00  99999.00  99999.00  99999.00  99999.00  99999.00       0      27      27       0
41923  12  12   100  99999.00  99999.00  99999.00  99999.00  99999.00  99999.00  99999.00  99999.00       0      27      27       0
41923  12  12    80  99999.00  99999.00  99999.00  99999.00  99999.00  99999.00  99999.00  99999.00       0       0       1       0
41923  12  12    70  99999.00  99999.00  99999.00  99999.00  99999.00  99999.00  99999.00  99999.00       0      24      24       0
41923  12  12    60  99999.00  99999.00  99999.00  99999.00  99999.00  99999.00  99999.00  99999.00       0       0       1       0
41923  12  12    50  99999.00  99999.00  99999.00  99999.00  99999.00  99999.00  99999.00  99999.00       0      19      19       0
41923  12  12    40  99999.00  99999.00  99999.00  99999.00  99999.00  99999.00  99999.00  99999.00       0       0       2       0
41923  12  12    30  99999.00  99999.00  99999.00  99999.00  99999.00  99999.00  99999.00  99999.00       0      15      14       0
41923  12  12    20  99999.00  99999.00  99999.00  99999.00  99999.00  99999.00  99999.00  99999.00       0       0       1       0
41923  12  12    15  99999.00  99999.00  99999.00  99999.00  99999.00  99999.00  99999.00  99999.00       0       0       0       0
41923  12  12    10  99999.00  99999.00  99999.00  99999.00  99999.00  99999.00  99999.00  99999.00       0       0       0       0
41923  12  12     7  99999.00  99999.00  99999.00  99999.00  99999.00  99999.00  99999.00  99999.00       0       0       0       0
41923  12  12     5  99999.00  99999.00  99999.00  99999.00  99999.00  99999.00  99999.00  99999.00       0       0       0       0
41923  12  12     3  99999.00  99999.00  99999.00  99999.00  99999.00  99999.00  99999.00  99999.00       0       0       0       0
41923  12  12     2  99999.00  99999.00  99999.00  99999.00  99999.00  99999.00  99999.00  99999.00       0       0       0       0
41923  12  12     1  99999.00  99999.00  99999.00  99999.00  99999.00  99999.00  99999.00  99999.00       0       0       0       0
