40394  01  00  9999    884.62    925.54  99999.00  99999.00   -173.74    307.34   -161.66    288.82     549       0     547     546
40394  01  00  1000  99999.00  99999.00  99999.00  99999.00  99999.00  99999.00  99999.00  99999.00       0       0       0       0
40394  01  00   925  99999.00  99999.00  99999.00  99999.00  99999.00  99999.00  99999.00  99999.00       0       0       0       0
40394  01  00   900  99999.00  99999.00  99999.00  99999.00   -144.23    330.73  99999.00  99999.00       0      17      61      60
40394  01  00   850  99999.00  99999.00   1341.62   1704.74   -196.72    356.96   -371.27    320.05       0     628     629     621
40394  01  00   800  99999.00  99999.00  99999.00  99999.00  99999.00  99999.00  99999.00  99999.00       0       0      12      12
40394  01  00   700  99999.00  99999.00   2886.21   3325.53   -199.21    216.71  -1004.46    598.14       0     625     627     597
40394  01  00   600  99999.00  99999.00  99999.00  99999.00  99999.00  99999.00  99999.00  99999.00       0       0      14      14
40394  01  00   500  99999.00  99999.00   5384.52   6082.68   -322.63     27.05  -1161.10    370.10       0     623     627     618
40394  01  00   400  99999.00  99999.00   6961.10   7810.58   -441.98    -78.26  -1193.32    272.24       0     623     624     617
40394  01  00   300  99999.00  99999.00   8899.20   9919.32   -614.39   -177.35  -1151.01     -1.53       0     621     622     605
40394  01  00   250  99999.00  99999.00  10080.87  11192.55   -707.66   -227.78  -1132.94   -185.06       0     618     620     590
40394  01  00   200  99999.00  99999.00  11510.93  12673.25   -737.58   -342.66  -1145.28   -355.56       0     612     612     580
40394  01  00   150  99999.00  99999.00  13368.54  14440.02   -808.86   -422.82  -1171.58   -529.94       0     605     606     570
40394  01  00   100  99999.00  99999.00  15953.94  16776.06   -895.63   -505.75  -1259.03   -604.43       0     516     524     474
40394  01  00    80  99999.00  99999.00  99999.00  99999.00  99999.00  99999.00  99999.00  99999.00       0       0      42      41
40394  01  00    70  99999.00  99999.00  18155.86  18791.86   -906.05   -501.41  -1205.38   -637.78       0     547     550     506
40394  01  00    60  99999.00  99999.00  99999.00  99999.00 -15244.44  12649.56  99999.00  99999.00       0       0      61      57
40394  01  00    50  99999.00  99999.00  20199.77  20793.17   -818.32   -483.88  -1170.23   -636.71       0     536     541     489
40394  01  00    40  99999.00  99999.00  99999.00  99999.00 -19684.50  16309.38  -1184.08   -600.76       0       0      79      67
40394  01  00    30  99999.00  99999.00  14689.84  32506.00  -3087.72   1888.08  -1124.87   -624.95       0     515     519     433
40394  01  00    20  99999.00  99999.00  16360.58  35970.98  -4172.80   3016.28  -1087.21   -611.65       0     493     499     403
40394  01  00    15  99999.00  99999.00  99999.00  99999.00 -26921.44  21458.12  -1075.70   -594.50       0       0     158     124
40394  01  00    10  99999.00  99999.00  16790.87  44470.67  -4798.34   3772.78  -1032.41   -557.69       0     313     357     275
40394  01  00     7  99999.00  99999.00  99999.00  99999.00 -20354.46  17192.58  -1073.24   -474.92       0       5     108      96
40394  01  00     5  99999.00  99999.00  99999.00  99999.00  99999.00  99999.00  99999.00  99999.00       0       1      22      20
40394  01  00     3  99999.00  99999.00  99999.00  99999.00  99999.00  99999.00  99999.00  99999.00       0       0       0       0
40394  01  00     2  99999.00  99999.00  99999.00  99999.00  99999.00  99999.00  99999.00  99999.00       0       0       0       0
40394  01  00     1  99999.00  99999.00  99999.00  99999.00  99999.00  99999.00  99999.00  99999.00       0       0       0       0
40394  02  00  9999    882.57    925.41  99999.00  99999.00   -163.32    343.80  -2717.00   2861.08     477       0     476     476
40394  02  00  1000  99999.00  99999.00  99999.00  99999.00  99999.00  99999.00  99999.00  99999.00       0       0       0       0
40394  02  00   925  99999.00  99999.00  99999.00  99999.00  99999.00  99999.00  99999.00  99999.00       0       0       0       0
40394  02  00   900  99999.00  99999.00  99999.00  99999.00    -83.63    310.57   -347.58    315.54       0      52      96      96
40394  02  00   850  99999.00  99999.00   1335.68   1698.68   -184.74    380.22   -387.40    306.08       0     569     571     567
40394  02  00   800  99999.00  99999.00  99999.00  99999.00  99999.00  99999.00  99999.00  99999.00       0       0      11      11
40394  02  00   700  99999.00  99999.00   2897.13   3317.61   -201.89    232.99   -971.41    609.95       0     571     572     551
40394  02  00   600  99999.00  99999.00  99999.00  99999.00  99999.00  99999.00  99999.00  99999.00       0       0      13      13
40394  02  00   500  99999.00  99999.00   1742.49   9682.17  -2643.63   2321.61  -1135.12    367.28       0     570     570     568
40394  02  00   400  99999.00  99999.00   6984.65   7804.73   -421.86    -89.46  -1200.84    270.84       0     572     575     570
40394  02  00   300  99999.00  99999.00   8940.97   9905.89   -620.31   -156.75  -1141.87     -0.67       0     571     572     558
40394  02  00   250  99999.00  99999.00  10142.43  11169.39   -711.31   -200.83  -1130.28   -175.44       0     567     569     546
40394  02  00   200  99999.00  99999.00  11592.22  12643.66   -730.05   -330.81  -1134.05   -366.65       0     563     567     539
40394  02  00   150  99999.00  99999.00  13445.41  14421.61   -796.85   -439.73  -1147.54   -550.66       0     559     563     534
40394  02  00   100  99999.00  99999.00  16019.29  16744.21  -2967.03   1521.81  -1212.65   -643.01       0     473     482     451
40394  02  00    80  99999.00  99999.00  99999.00  99999.00  99999.00  99999.00  99999.00  99999.00       0       0      52      52
40394  02  00    70  99999.00  99999.00  18213.58  18752.62   -939.79   -490.75  -1192.92   -661.92       0     519     520     503
40394  02  00    60  99999.00  99999.00  99999.00  99999.00 -21164.44  17254.28  -1134.61   -695.53       0       0      74      73
40394  02  00    50  99999.00  99999.00  20205.22  20785.78   -847.98   -470.70  -1151.97   -651.81       0     502     504     478
40394  02  00    40  99999.00  99999.00  99999.00  99999.00 -22196.70  18148.14  -1124.99   -650.27       0       0      87      78
40394  02  00    30  99999.00  99999.00  23232.48  24084.84   -778.43   -391.07  -1141.97   -605.33       0     477     480     429
40394  02  00    20  99999.00  99999.00  25686.34  26783.86   -715.85   -360.89  -1111.26   -576.30       0     455     463     401
40394  02  00    15  99999.00  99999.00  99999.00  99999.00 -26703.42  21343.86  -1080.56   -571.40       0       0     118     105
40394  02  00    10  99999.00  99999.00  30068.47  31451.23  -5032.92   4004.16  -1053.11   -518.51       0     263     321     267
40394  02  00     7  99999.00  99999.00  99999.00  99999.00 -23715.97  19674.11  -1054.12   -445.24       0       2      83      79
40394  02  00     5  99999.00  99999.00  99999.00  99999.00  99999.00  99999.00  99999.00  99999.00       0       0      11      11
40394  02  00     3  99999.00  99999.00  99999.00  99999.00  99999.00  99999.00  99999.00  99999.00       0       0       0       0
40394  02  00     2  99999.00  99999.00  99999.00  99999.00  99999.00  99999.00  99999.00  99999.00       0       0       0       0
40394  02  00     1  99999.00  99999.00  99999.00  99999.00  99999.00  99999.00  99999.00  99999.00       0       0       0       0
40394  03  00  9999    882.15    922.23  99999.00  99999.00    -90.59    349.33   -233.68    474.44     540       0     538     538
40394  03  00  1000  99999.00  99999.00  99999.00  99999.00  99999.00  99999.00  99999.00  99999.00       0       0       0       0
40394  03  00   925  99999.00  99999.00  99999.00  99999.00  99999.00  99999.00  99999.00  99999.00       0       0       0       0
40394  03  00   900  99999.00  99999.00  99999.00  99999.00    -92.36    385.72   -340.70    332.50       0      55     102     102
40394  03  00   850  99999.00  99999.00   1337.72   1680.56   -140.32    401.48   -369.20    302.20       0     638     638     636
40394  03  00   800  99999.00  99999.00  99999.00  99999.00  99999.00  99999.00  99999.00  99999.00       0       0      12      12
40394  03  00   700  99999.00  99999.00   2897.41   3329.53   -167.21    231.79   -754.35    491.61       0     638     640     634
40394  03  00   600  99999.00  99999.00  99999.00  99999.00  99999.00  99999.00  99999.00  99999.00       0       0      15      15
40394  03  00   500  99999.00  99999.00   5408.75   6097.19   -310.82     31.30  -1098.48    350.40       0     639     639     637
40394  03  00   400  99999.00  99999.00   6980.91   7836.39   -431.28    -83.52  -1111.44    184.44       0     635     633     632
40394  03  00   300  99999.00  99999.00   8902.54   9960.10   -604.22   -194.78  -1097.04    -55.56       0     630     632     626
40394  03  00   250  99999.00  99999.00  10086.01  11227.69   -696.57   -242.61  -1110.55   -199.03       0     625     628     621
40394  03  00   200  99999.00  99999.00   6718.89  17441.01   -727.67   -330.59  -1147.88   -347.60       0     620     624     613
40394  03  00   150  99999.00  99999.00  13409.82  14466.06   -796.30   -420.70  -1169.63   -517.19       0     607     612     598
40394  03  00   100  99999.00  99999.00   9368.76  23324.28   -904.09   -496.09  -1245.05   -594.53       0     517     532     512
40394  03  00    80  99999.00  99999.00  99999.00  99999.00 -16278.52  13455.92  -1236.79   -610.03       0       0      66      64
40394  03  00    70  99999.00  99999.00  18217.26  18798.66  -2815.03   1379.33  -1214.41   -622.21       0     554     555     540
40394  03  00    60  99999.00  99999.00  99999.00  99999.00 -19842.17  16287.31  -1203.78   -610.62       0       0      77      74
40394  03  00    50  99999.00  99999.00  20241.14  20814.26   -840.63   -467.31  -1214.12   -579.08       0     543     547     526
40394  03  00    40  99999.00  99999.00  99999.00  99999.00 -21667.67  17797.93  -1244.95   -503.95       0       0      78      73
40394  03  00    30  99999.00  99999.00  23306.25  24101.25   -750.35   -395.39  -1210.12   -507.52       0     522     529     491
40394  03  00    20  99999.00  99999.00  25796.55  26798.31  -3092.38   2010.62  -1165.20   -485.88       0     486     499     444
40394  03  00    15  99999.00  99999.00  99999.00  99999.00 -28681.03  22473.53  -1172.13   -429.81       0       0     149     135
40394  03  00    10  99999.00  99999.00  30314.20  31463.92  -5646.72   4661.40  -1083.51   -422.79       0     330     372     319
40394  03  00     7  99999.00  99999.00  99999.00  99999.00 -23096.54  19305.70  -1141.65   -288.33       0       9     101      97
40394  03  00     5  99999.00  99999.00  99999.00  99999.00  99999.00  99999.00  99999.00  99999.00       0       1      13      12
40394  03  00     3  99999.00  99999.00  99999.00  99999.00  99999.00  99999.00  99999.00  99999.00       0       0       1       1
40394  03  00     2  99999.00  99999.00  99999.00  99999.00  99999.00  99999.00  99999.00  99999.00       0       0       0       0
40394  03  00     1  99999.00  99999.00  99999.00  99999.00  99999.00  99999.00  99999.00  99999.00       0       0       0       0
40394  04  00  9999    883.66    918.70  99999.00  99999.00    -34.94    395.14   -217.67    505.33     504       0     503     502
40394  04  00  1000  99999.00  99999.00  99999.00  99999.00  99999.00  99999.00  99999.00  99999.00       0       0       0       0
40394  04  00   925  99999.00  99999.00  99999.00  99999.00  99999.00  99999.00  99999.00  99999.00       0       0       0       0
40394  04  00   900  99999.00  99999.00    980.98   1024.78    -30.57    412.11   -344.10    382.98       0      89     111     111
40394  04  00   850  99999.00  99999.00   1344.37   1673.29    -60.20    418.24   -368.15    331.45       0     608     608     606
40394  04  00   800  99999.00  99999.00  99999.00  99999.00  99999.00  99999.00  99999.00  99999.00       0       0       6       6
40394  04  00   700  99999.00  99999.00   2938.29   3335.97   -100.68    236.16   -590.07    401.97       0     606     606     603
40394  04  00   600  99999.00  99999.00  99999.00  99999.00  99999.00  99999.00  99999.00  99999.00       0       0      12      12
40394  04  00   500  99999.00  99999.00   5517.92   6083.36   -255.90     10.26  -1064.09    402.91       0     606     606     605
40394  04  00   400  99999.00  99999.00   7124.01   7809.33   -382.32   -103.32  -1089.03    225.09       0     597     597     596
40394  04  00   300  99999.00  99999.00   9080.43   9916.11   -550.42   -239.38  -1071.90    -26.22       0     601     599     597
40394  04  00   250  99999.00  99999.00  10273.49  11172.53   -670.36   -286.36  -1063.44   -206.52       0     597     596     593
40394  04  00   200  99999.00  99999.00  11705.37  12635.61   -767.32   -328.60  -1078.10   -391.46       0     594     594     591
40394  04  00   150  99999.00  99999.00  13549.26  14419.02   -789.67   -428.47  -1185.03   -482.79       0     580     581     571
40394  04  00   100  99999.00  99999.00  16118.02  16784.02   -897.66   -493.50  -1253.93   -580.37       0     500     509     497
40394  04  00    80  99999.00  99999.00  99999.00  99999.00 -16514.59  13647.53  -1264.11   -592.83       0       0      64      64
40394  04  00    70  99999.00  99999.00  18312.51  18824.91   -893.20   -501.76  -1236.64   -603.40       0     541     544     531
40394  04  00    60  99999.00  99999.00  99999.00  99999.00 -11862.59   9786.13  -1196.41   -618.97       0       0      78      77
40394  04  00    50  99999.00  99999.00   9201.75  31762.11  -4112.35   2758.85  -1225.42   -561.82       0     529     534     510
40394  04  00    40  99999.00  99999.00  99999.00  99999.00 -20298.42  16806.42  -1317.37   -412.09       0       0      74      67
40394  04  00    30  99999.00  99999.00  23461.96  24112.12   -700.96   -423.04  -1210.86   -493.98       0     510     516     466
40394  04  00    20  99999.00  99999.00  16377.06  36266.58  -3089.72   2046.04  -1172.41   -453.73       0     483     494     437
40394  04  00    15  99999.00  99999.00  99999.00  99999.00 -26304.31  21214.37  -1134.85   -433.33       0       0     128     112
40394  04  00    10  99999.00  99999.00  16129.18  45614.26  -6688.39   5667.17  -1072.08   -421.44       0     279     345     292
40394  04  00     7  99999.00  99999.00  99999.00  99999.00 -20064.68  17111.80  -1086.25   -334.45       0       5      78      68
40394  04  00     5  99999.00  99999.00  99999.00  99999.00  99999.00  99999.00  99999.00  99999.00       0       0       8       8
40394  04  00     3  99999.00  99999.00  99999.00  99999.00  99999.00  99999.00  99999.00  99999.00       0       0       1       1
40394  04  00     2  99999.00  99999.00  99999.00  99999.00  99999.00  99999.00  99999.00  99999.00       0       0       0       0
40394  04  00     1  99999.00  99999.00  99999.00  99999.00  99999.00  99999.00  99999.00  99999.00       0       0       0       0
40394  05  00  9999    886.25    913.85  99999.00  99999.00     29.42    434.78   -175.02    573.78     512       0     510     508
40394  05  00  1000  99999.00  99999.00  99999.00  99999.00  99999.00  99999.00  99999.00  99999.00       0       0       0       0
40394  05  00   925  99999.00  99999.00  99999.00  99999.00  99999.00  99999.00  99999.00  99999.00       0       0       0       0
40394  05  00   900  99999.00  99999.00    983.34   1021.50     56.65    419.77   -265.96    341.72       0     112     129     128
40394  05  00   850  99999.00  99999.00  -1196.25   4177.47  -2179.34   2609.50   -359.34    314.94       0     662     662     657
40394  05  00   800  99999.00  99999.00  99999.00  99999.00  99999.00  99999.00  99999.00  99999.00       0       0       6       6
40394  05  00   700  99999.00  99999.00     53.79   6228.99  -2283.21   2464.83   -430.51    285.65       0     656     655     648
40394  05  00   600  99999.00  99999.00  99999.00  99999.00  99999.00  99999.00  99999.00  99999.00       0       0      10      10
40394  05  00   500  99999.00  99999.00    539.81  11071.37  -2443.93   2213.87  -1002.50    474.10       0     653     652     647
40394  05  00   400  99999.00  99999.00   3380.11  11642.59  -2532.41   2072.71  -1081.49    277.39       0     652     652     648
40394  05  00   300  99999.00  99999.00   4944.33  14183.01  -2649.28   1884.08  -1051.51    -18.07       0     652     653     647
40394  05  00   250  99999.00  99999.00   5875.35  15725.79  -2723.56   1788.92  -1058.85   -187.05       0     649     649     643
40394  05  00   200  99999.00  99999.00   6971.50  17548.42  -2790.05   1693.15  -1065.25   -386.89       0     645     647     638
40394  05  00   150  99999.00  99999.00   8307.69  19836.69  -2871.95   1611.61  -1142.42   -517.22       0     634     634     627
40394  05  00   100  99999.00  99999.00   9843.24  23192.28   -902.12   -527.96  -1248.47   -593.87       0     572     577     569
40394  05  00    80  99999.00  99999.00  99999.00  99999.00 -16378.19  13489.57  -1252.35   -613.71       0       0      65      65
40394  05  00    70  99999.00  99999.00  18371.26  18942.58   -875.75   -547.19  -1215.48   -618.60       0     578     582     576
40394  05  00    60  99999.00  99999.00  99999.00  99999.00 -15436.92  12804.48  -1208.61   -592.89       0       0      74      73
40394  05  00    50  99999.00  99999.00  12948.20  28313.12   -771.04   -502.60  -1218.80   -559.40       0     575     578     570
40394  05  00    40  99999.00  99999.00  99999.00  99999.00  99999.00  99999.00  99999.00  99999.00       0       0      53      51
40394  05  00    30  99999.00  99999.00  23552.76  24225.00  -2964.32   1834.00  -1180.36   -510.28       0     555     560     531
40394  05  00    20  99999.00  99999.00  26125.76  26911.28   -607.24   -367.48  -1132.87   -477.43       0     534     537     500
40394  05  00    15  99999.00  99999.00  99999.00  99999.00 -26883.16  21572.72  -1131.12   -426.96       0       0     130     120
40394  05  00    10  99999.00  99999.00  30706.03  31632.07  -7553.99   6470.77  -1010.57   -490.25       0     337     400     367
40394  05  00     7  99999.00  99999.00  99999.00  99999.00 -21884.75  18461.77   -989.46   -458.46       0       5     107     102
40394  05  00     5  99999.00  99999.00  99999.00  99999.00  99999.00  99999.00  99999.00  99999.00       0       0      12      12
40394  05  00     3  99999.00  99999.00  99999.00  99999.00  99999.00  99999.00  99999.00  99999.00       0       0       0       0
40394  05  00     2  99999.00  99999.00  99999.00  99999.00  99999.00  99999.00  99999.00  99999.00       0       0       0       0
40394  05  00     1  99999.00  99999.00  99999.00  99999.00  99999.00  99999.00  99999.00  99999.00       0       0       0       0
40394  06  00  9999    885.26    909.38  99999.00  99999.00    119.73    412.65      9.84    492.96     536       0     534     534
40394  06  00  1000  99999.00  99999.00  99999.00  99999.00  99999.00  99999.00  99999.00  99999.00       0       0       0       0
40394  06  00   925  99999.00  99999.00  99999.00  99999.00  99999.00  99999.00  99999.00  99999.00       0       0       0       0
40394  06  00   900  99999.00  99999.00    992.58   1010.70    127.60    399.04   -206.70    242.10       0      66      69      69
40394  06  00   850  99999.00  99999.00  -3307.70   6179.74  -4033.95   4484.13   -299.29    223.31       0     632     627     624
40394  06  00   800  99999.00  99999.00  99999.00  99999.00  99999.00  99999.00  99999.00  99999.00       0       0       1       1
40394  06  00   700  99999.00  99999.00  -2367.48   8571.00  -4123.80   4308.48   -380.48    210.52       0     624     623     619
40394  06  00   600  99999.00  99999.00  99999.00  99999.00  99999.00  99999.00  99999.00  99999.00       0       0       8       8
40394  06  00   500  99999.00  99999.00   -802.75  12433.25  -4251.48   4043.52  -1163.66    482.14       0     621     620     589
40394  06  00   400  99999.00  99999.00    209.05  14842.09  -4294.85   3892.15  -1054.54     76.82       0     624     624     622
40394  06  00   300  99999.00  99999.00   1382.84  17866.40  -4398.48   3706.92  -1042.13   -133.73       0     617     618     615
40394  06  00   250  99999.00  99999.00   2072.54  19710.62  -4463.19   3590.49  -1027.71   -275.55       0     611     614     610
40394  06  00   200  99999.00  99999.00   4653.88  20179.84  -3802.56   2746.44  -1053.40   -402.16       0     605     606     602
40394  06  00   150  99999.00  99999.00   3869.00  24522.44  -4647.98   3299.02  -1117.72   -531.76       0     598     599     594
40394  06  00   100  99999.00  99999.00   4549.20  28599.84   -897.38   -627.14  -1217.96   -645.56       0     532     534     526
40394  06  00    80  99999.00  99999.00  99999.00  99999.00  99999.00  99999.00  99999.00  99999.00       0       0      51      51
40394  06  00    70  99999.00  99999.00  18455.08  19104.40   -922.48   -563.20  -1160.02   -661.42       0     539     541     537
40394  06  00    60  99999.00  99999.00  99999.00  99999.00 -25979.72  20503.48  -1109.78   -659.78       0       0      73      73
40394  06  00    50  99999.00  99999.00  20491.14  21092.46  -2808.20   1498.84  -1102.11   -672.75       0     527     530     520
40394  06  00    40  99999.00  99999.00  99999.00  99999.00  99999.00  99999.00  99999.00  99999.00       0       0      54      54
40394  06  00    30  99999.00  99999.00  23677.00  24320.20   -643.22   -445.82  -1034.45   -676.61       0     514     519     476
40394  06  00    20  99999.00  99999.00  26278.09  26987.29  -3082.37   2074.63  -1004.65   -626.29       0     483     491     434
40394  06  00    15  99999.00  99999.00  99999.00  99999.00 -25695.52  20851.04   -964.19   -624.59       0       0     126     110
40394  06  00    10  99999.00  99999.00  30859.99  31685.95 -10131.87   8792.61   -970.27   -544.27       0     296     361     309
40394  06  00     7  99999.00  99999.00  99999.00  99999.00 -20679.73  17554.43  -1084.89   -367.53       0       8      89      85
40394  06  00     5  99999.00  99999.00  99999.00  99999.00  99999.00  99999.00  99999.00  99999.00       0       1      16      16
40394  06  00     3  99999.00  99999.00  99999.00  99999.00  99999.00  99999.00  99999.00  99999.00       0       0       0       0
40394  06  00     2  99999.00  99999.00  99999.00  99999.00  99999.00  99999.00  99999.00  99999.00       0       0       0       0
40394  06  00     1  99999.00  99999.00  99999.00  99999.00  99999.00  99999.00  99999.00  99999.00       0       0       0       0
40394  07  00  9999    886.90    904.66  99999.00  99999.00    130.63    427.75     21.00    478.56     604       0     598     597
40394  07  00  1000  99999.00  99999.00  99999.00  99999.00  99999.00  99999.00  99999.00  99999.00       0       0       0       0
40394  07  00   925  99999.00  99999.00  99999.00  99999.00  99999.00  99999.00  99999.00  99999.00       0       0       0       0
40394  07  00   900  99999.00  99999.00  99999.00  99999.00  99999.00  99999.00  99999.00  99999.00       0       8       8       8
40394  07  00   850  99999.00  99999.00  -1248.61   4164.95  -2151.33   2698.11   -220.70    195.34       0     648     650     650
40394  07  00   800  99999.00  99999.00  99999.00  99999.00  99999.00  99999.00  99999.00  99999.00       0       0       1       1
40394  07  00   700  99999.00  99999.00     35.87   6238.19  -2252.08   2518.52   -335.98    213.98       0     649     653     647
40394  07  00   600  99999.00  99999.00  99999.00  99999.00  99999.00  99999.00  99999.00  99999.00       0       0      10       8
40394  07  00   500  99999.00  99999.00   2138.24   9608.48  -2396.49   2299.47  -1174.34    547.78       0     653     653     576
40394  07  00   400  99999.00  99999.00   3451.84  11762.68  -2474.62   2196.74  -1076.14    123.50       0     649     645     638
40394  07  00   300  99999.00  99999.00   5050.60  14425.84  -2592.54   2018.22  -1081.52    -46.16       0     641     642     637
40394  07  00   250  99999.00  99999.00   6007.37  16041.05  -2671.21   1907.39  -1079.31   -175.59       0     635     638     635
40394  07  00   200  99999.00  99999.00   7162.24  17897.80  -2757.76   1766.60  -1089.88   -326.20       0     637     638     636
40394  07  00   150  99999.00  99999.00   8539.29  20185.29  -2873.65   1600.91  -1126.46   -473.66       0     633     633     629
40394  07  00   100  99999.00  99999.00   9810.17  23714.09   -857.48   -678.20  -1201.14   -633.54       0     536     541     533
40394  07  00    80  99999.00  99999.00  99999.00  99999.00  99999.00  99999.00  99999.00  99999.00       0       0      42      42
40394  07  00    70  99999.00  99999.00  18666.77  19047.17   -896.31   -587.55  -1116.64   -666.28       0     587     589     585
40394  07  00    60  99999.00  99999.00  99999.00  99999.00 -15435.73  12799.43  -1105.92   -620.16       0       0      74      73
40394  07  00    50  99999.00  99999.00  20658.60  21086.52   -752.54   -524.18  -1123.78   -637.06       0     575     580     572
40394  07  00    40  99999.00  99999.00  99999.00  99999.00  99999.00  99999.00  99999.00  99999.00       0       0      53      52
40394  07  00    30  99999.00  99999.00  23796.05  24349.61   -665.61   -433.05  -1052.05   -667.45       0     568     573     538
40394  07  00    20  99999.00  99999.00  26366.51  27034.07  -3991.45   2946.23  -1008.09   -631.29       0     526     541     491
40394  07  00    15  99999.00  99999.00  99999.00  99999.00 -21853.47  18230.61   -994.46   -605.18       0       0     120     109
40394  07  00    10  99999.00  99999.00  30913.84  31737.76  -8699.51   7486.69   -997.79   -534.83       0     338     397     353
40394  07  00     7  99999.00  99999.00  99999.00  99999.00 -21753.91  18324.41  -1211.36   -236.96       0       5     101      98
40394  07  00     5  99999.00  99999.00  99999.00  99999.00  99999.00  99999.00  99999.00  99999.00       0       0      20      20
40394  07  00     3  99999.00  99999.00  99999.00  99999.00  99999.00  99999.00  99999.00  99999.00       0       0       0       0
40394  07  00     2  99999.00  99999.00  99999.00  99999.00  99999.00  99999.00  99999.00  99999.00       0       0       0       0
40394  07  00     1  99999.00  99999.00  99999.00  99999.00  99999.00  99999.00  99999.00  99999.00       0       0       0       0
40394  08  00  9999    887.82    905.58  99999.00  99999.00    121.48    452.80     35.77    461.89     572       0     568     567
40394  08  00  1000  99999.00  99999.00  99999.00  99999.00  99999.00  99999.00  99999.00  99999.00       0       0       0       0
40394  08  00   925  99999.00  99999.00  99999.00  99999.00  99999.00  99999.00  99999.00  99999.00       0       0       0       0
40394  08  00   900  99999.00  99999.00  99999.00  99999.00  99999.00  99999.00  99999.00  99999.00       0      20      21      21
40394  08  00   850  99999.00  99999.00   1379.30   1595.66    168.62    424.94   -238.07    237.13       0     634     634     632
40394  08  00   800  99999.00  99999.00  99999.00  99999.00  99999.00  99999.00  99999.00  99999.00       0       0       0       0
40394  08  00   700  99999.00  99999.00   3055.64   3291.80     65.68    248.44   -271.39    179.57       0     648     649     645
40394  08  00   600  99999.00  99999.00  99999.00  99999.00  99999.00  99999.00  99999.00  99999.00       0       0       8       8
40394  08  00   500  99999.00  99999.00   5790.04   6035.32   -230.69    130.63  -1067.62    579.38       0     642     639     589
40394  08  00   400  99999.00  99999.00   3445.96  11778.16  -2222.26   1923.86  -1109.67    189.21       0     646     644     640
40394  08  00   300  99999.00  99999.00   9596.33   9935.21   -373.50   -189.30  -1073.45    -55.37       0     645     646     643
40394  08  00   250  99999.00  99999.00  10860.74  11237.06   -455.40   -295.68  -1073.87   -192.23       0     639     640     635
40394  08  00   200  99999.00  99999.00  12330.11  12771.11   -560.77   -419.17  -1043.10   -372.66       0     636     636     634
40394  08  00   150  99999.00  99999.00   8521.88  20159.60  -2880.80   1593.52  -1097.97   -513.21       0     633     632     629
40394  08  00   100  99999.00  99999.00  16539.44  17028.68   -866.74   -663.34  -1184.65   -642.97       0     530     539     535
40394  08  00    80  99999.00  99999.00  99999.00  99999.00  99999.00  99999.00  99999.00  99999.00       0       0      58      58
40394  08  00    70  99999.00  99999.00  18656.18  19034.90   -870.30   -564.78  -1089.15   -660.75       0     594     597     592
40394  08  00    60  99999.00  99999.00  99999.00  99999.00  99999.00  99999.00  99999.00  99999.00       0       0      56      56
40394  08  00    50  99999.00  99999.00  20663.04  21091.56   -739.98   -523.98  -1120.52   -650.60       0     586     586     576
40394  08  00    40  99999.00  99999.00  99999.00  99999.00  99999.00  99999.00  99999.00  99999.00       0       0      54      54
40394  08  00    30  99999.00  99999.00  23791.30  24368.14  -2915.53   1781.51  -1065.86   -645.98       0     582     584     546
40394  08  00    20  99999.00  99999.00  26352.49  27054.01  -2950.83   1926.33  -1030.12   -608.56       0     538     548     493
40394  08  00    15  99999.00  99999.00  99999.00  99999.00 -23007.99  19036.65  -1072.14   -522.30       0       0     113     104
40394  08  00    10  99999.00  99999.00  30852.92  31787.36  -6815.38   5742.14   -961.14   -583.74       0     355     415     363
40394  08  00     7  99999.00  99999.00  99999.00  99999.00 -25374.65  20780.47   -975.70   -519.10       0       3     101      94
40394  08  00     5  99999.00  99999.00  99999.00  99999.00  99999.00  99999.00  99999.00  99999.00       0       0      20      20
40394  08  00     3  99999.00  99999.00  99999.00  99999.00  99999.00  99999.00  99999.00  99999.00       0       0       0       0
40394  08  00     2  99999.00  99999.00  99999.00  99999.00  99999.00  99999.00  99999.00  99999.00       0       0       0       0
40394  08  00     1  99999.00  99999.00  99999.00  99999.00  99999.00  99999.00  99999.00  99999.00       0       0       0       0
40394  09  00  9999    886.74    912.90  99999.00  99999.00     73.54    441.46     -3.23    453.97     477       0     477     477
40394  09  00  1000  99999.00  99999.00  99999.00  99999.00  99999.00  99999.00  99999.00  99999.00       0       0       0       0
40394  09  00   925  99999.00  99999.00  99999.00  99999.00  99999.00  99999.00  99999.00  99999.00       0       0       0       0
40394  09  00   900  99999.00  99999.00    975.88   1031.68     97.89    416.97   -146.60    200.80       0     115     132     132
40394  09  00   850  99999.00  99999.00   1388.66   1637.30    128.90    411.14   -274.21    252.71       0     634     634     630
40394  09  00   800  99999.00  99999.00  99999.00  99999.00  99999.00  99999.00  99999.00  99999.00       0       0       3       3
40394  09  00   700  99999.00  99999.00   3073.17   3300.21     42.58    230.98   -281.50    165.62       0     630     628     622
40394  09  00   600  99999.00  99999.00  99999.00  99999.00  99999.00  99999.00  99999.00  99999.00       0       0       9       9
40394  09  00   500  99999.00  99999.00   5782.39   6026.35   -234.73    101.03  -1164.33    568.35       0     629     629     618
40394  09  00   400  99999.00  99999.00   7462.24   7772.92   -292.28    -29.24  -1004.23     49.61       0     627     629     626
40394  09  00   300  99999.00  99999.00   9496.82   9945.14   -440.80   -176.68  -1008.20   -150.80       0     624     624     622
40394  09  00   250  99999.00  99999.00  10717.82  11260.58   -522.75   -282.99  -1027.67   -270.95       0     622     622     615
40394  09  00   200  99999.00  99999.00  12154.46  12795.62   -611.73   -414.81  -1040.66   -413.42       0     619     620     612
40394  09  00   150  99999.00  99999.00  13930.60  14644.36   -712.23   -573.15  -1108.09   -539.65       0     608     609     599
40394  09  00   100  99999.00  99999.00  16343.03  17020.07   -891.43   -626.83  -1196.38   -637.90       0     540     549     539
40394  09  00    80  99999.00  99999.00  99999.00  99999.00  99999.00  99999.00  99999.00  99999.00       0       0      46      46
40394  09  00    70  99999.00  99999.00   8445.32  28880.12  -4784.56   3288.44  -1095.85   -658.09       0     570     572     563
40394  09  00    60  99999.00  99999.00  99999.00  99999.00  99999.00  99999.00  99999.00  99999.00       0       0      44      44
40394  09  00    50  99999.00  99999.00  20516.19  21093.03  -3029.94   1744.98  -1122.21   -668.37       0     553     556     537
40394  09  00    40  99999.00  99999.00  99999.00  99999.00  99999.00  99999.00  99999.00  99999.00       0       0      51      50
40394  09  00    30  99999.00  99999.00  15202.97  32699.45  -2989.37   1854.07  -1058.09   -659.57       0     545     549     502
40394  09  00    20  99999.00  99999.00  12718.23  40256.07  -4081.23   3003.57  -1019.18   -633.14       0     509     517     449
40394  09  00    15  99999.00  99999.00  99999.00  99999.00 -29241.09  22799.43   -969.77   -649.85       0       0     104      91
40394  09  00    10  99999.00  99999.00  12120.31  49857.55  -8256.37   7043.87   -985.99   -574.51       0     343     388     334
40394  09  00     7  99999.00  99999.00  99999.00  99999.00 -24117.79  19936.97   -991.74   -522.66       0       4     108     101
40394  09  00     5  99999.00  99999.00  99999.00  99999.00  99999.00  99999.00  99999.00  99999.00       0       0      28      28
40394  09  00     3  99999.00  99999.00  99999.00  99999.00  99999.00  99999.00  99999.00  99999.00       0       0       0       0
40394  09  00     2  99999.00  99999.00  99999.00  99999.00  99999.00  99999.00  99999.00  99999.00       0       0       0       0
40394  09  00     1  99999.00  99999.00  99999.00  99999.00  99999.00  99999.00  99999.00  99999.00       0       0       0       0
40394  10  00  9999    892.09    915.01  99999.00  99999.00     22.49    376.73   -155.73    488.31     555       0     555     554
40394  10  00  1000  99999.00  99999.00  99999.00  99999.00  99999.00  99999.00  99999.00  99999.00       0       0       0       0
40394  10  00   925  99999.00  99999.00  99999.00  99999.00  99999.00  99999.00  99999.00  99999.00       0       0       0       0
40394  10  00   900  99999.00  99999.00  99999.00  99999.00     23.85    406.77   -280.60    306.08       0      33      87      87
40394  10  00   850  99999.00  99999.00   1413.82   1661.26     26.37    410.13   -313.62    288.18       0     643     644     643
40394  10  00   800  99999.00  99999.00  99999.00  99999.00  99999.00  99999.00  99999.00  99999.00       0       0       7       7
40394  10  00   700  99999.00  99999.00     44.35   6284.35    -30.81    215.07   -369.71    246.61       0     644     643     642
40394  10  00   600  99999.00  99999.00  99999.00  99999.00  99999.00  99999.00  99999.00  99999.00       0       0      20      20
40394  10  00   500  99999.00  99999.00   5684.75   6057.23   -248.66     65.14  -1045.02    396.42       0     639     639     636
40394  10  00   400  99999.00  99999.00   7308.50   7810.82   -350.54    -62.42   -992.11    122.93       0     640     637     635
40394  10  00   300  99999.00  99999.00   4916.97  14263.53  -2403.87   1656.09  -1012.23    -81.03       0     638     639     637
40394  10  00   250  99999.00  99999.00  10452.21  11273.49   -613.34   -287.18  -1020.05   -241.85       0     632     631     615
40394  10  00   200  99999.00  99999.00  11846.89  12798.61   -683.97   -404.25  -1036.10   -422.90       0     628     628     611
40394  10  00   150  99999.00  99999.00  13624.55  14621.75   -761.99   -518.99  -1093.34   -563.06       0     619     619     603
40394  10  00   100  99999.00  99999.00  16160.62  16937.86   -916.85   -532.13  -1216.80   -602.40       0     563     570     549
40394  10  00    80  99999.00  99999.00  99999.00  99999.00  99999.00  99999.00  99999.00  99999.00       0       0      48      48
40394  10  00    70  99999.00  99999.00  11335.51  25864.39  -3063.56   1651.48  -1157.54   -622.34       0     561     564     544
40394  10  00    60  99999.00  99999.00  99999.00  99999.00  99999.00  99999.00  99999.00  99999.00       0       0      49      47
40394  10  00    50  99999.00  99999.00  20385.41  21006.05   -736.33   -518.29  -1148.85   -636.45       0     551     554     518
40394  10  00    40  99999.00  99999.00  99999.00  99999.00  99999.00  99999.00  99999.00  99999.00       0       0      48      43
40394  10  00    30  99999.00  99999.00  15073.43  32593.91   -683.76   -435.00  -1107.77   -615.89       0     540     546     482
40394  10  00    20  99999.00  99999.00  26052.56  26947.28   -646.58   -381.14  -1090.42   -571.66       0     502     509     429
40394  10  00    15  99999.00  99999.00  99999.00  99999.00 -21718.57  18090.47  -1002.57   -625.05       0       0      93      79
40394  10  00    10  99999.00  99999.00  17177.27  44711.39  -3449.59   2509.61  -1024.26   -545.10       0     321     371     307
40394  10  00     7  99999.00  99999.00  99999.00  99999.00 -20745.30  17527.14  -1039.47   -462.75       0       2      88      84
40394  10  00     5  99999.00  99999.00  99999.00  99999.00  99999.00  99999.00  99999.00  99999.00       0       0      13      13
40394  10  00     3  99999.00  99999.00  99999.00  99999.00  99999.00  99999.00  99999.00  99999.00       0       0       0       0
40394  10  00     2  99999.00  99999.00  99999.00  99999.00  99999.00  99999.00  99999.00  99999.00       0       0       0       0
40394  10  00     1  99999.00  99999.00  99999.00  99999.00  99999.00  99999.00  99999.00  99999.00       0       0       0       0
40394  11  00  9999    891.03    918.99  99999.00  99999.00    -65.74    328.10   -214.73    405.79     548       0     546     546
40394  11  00  1000  99999.00  99999.00  99999.00  99999.00  99999.00  99999.00  99999.00  99999.00       0       0       0       0
40394  11  00   925  99999.00  99999.00  99999.00  99999.00  99999.00  99999.00  99999.00  99999.00       0       0       0       0
40394  11  00   900  99999.00  99999.00  99999.00  99999.00    -40.53    354.75   -345.63    390.45       0      12      70      70
40394  11  00   850  99999.00  99999.00   1397.24   1679.96    -96.79    393.41   -306.84    317.04       0     630     629     626
40394  11  00   800  99999.00  99999.00  99999.00  99999.00  99999.00  99999.00  99999.00  99999.00       0       0       9       9
40394  11  00   700  99999.00  99999.00   2978.12   3331.76    -87.28    187.76   -708.64    527.36       0     628     628     618
40394  11  00   600  99999.00  99999.00  99999.00  99999.00  99999.00  99999.00  99999.00  99999.00       0       0      16      16
40394  11  00   500  99999.00  99999.00   5550.70   6083.14   -267.14     37.18  -1008.79    311.57       0     626     624     617
40394  11  00   400  99999.00  99999.00   7148.05   7828.93   -381.67    -85.99  -1036.79    168.85       0     621     620     616
40394  11  00   300  99999.00  99999.00   9095.54   9960.86   -534.72   -235.32  -1036.33    -56.89       0     621     621     611
40394  11  00   250  99999.00  99999.00  10275.02  11239.58   -622.88   -325.40  -1034.51   -226.91       0     618     617     589
40394  11  00   200  99999.00  99999.00  11684.89  12719.89   -713.51   -407.63  -1046.43   -404.79       0     612     612     585
40394  11  00   150  99999.00  99999.00   8108.66  19810.94  -2930.92   1638.08  -1105.25   -547.49       0     610     609     580
40394  11  00   100  99999.00  99999.00   9560.16  23244.96   -892.50   -513.90  -1220.02   -596.26       0     540     542     511
40394  11  00    80  99999.00  99999.00  99999.00  99999.00  99999.00  99999.00  99999.00  99999.00       0       0      44      43
40394  11  00    70  99999.00  99999.00  18232.19  18895.79   -870.60   -508.68  -1175.98   -620.50       0     539     542     511
40394  11  00    60  99999.00  99999.00  99999.00  99999.00 -16664.53  13846.79  99999.00  99999.00       0       0      63      60
40394  11  00    50  99999.00  99999.00  12576.29  28509.17  -3089.70   1778.70  -1169.82   -622.14       0     532     534     498
40394  11  00    40  99999.00  99999.00  99999.00  99999.00 -16010.63  13451.77  -1230.02   -512.78       0       0      69      63
40394  11  00    30  99999.00  99999.00  23437.89  24140.01   -704.97   -423.33  -1125.04   -601.12       0     515     518     454
40394  11  00    20  99999.00  99999.00  16546.18  36094.66  -3056.90   1991.02  -1065.58   -597.22       0     500     510     432
40394  11  00    15  99999.00  99999.00  99999.00  99999.00 -27252.98  21721.66  -1023.21   -600.09       0       0     125     107
40394  11  00    10  99999.00  99999.00  17256.39  44420.19  -4710.97   3730.55   -981.55   -581.83       0     328     369     305
40394  11  00     7  99999.00  99999.00  99999.00  99999.00 -23031.43  19189.13   -926.12   -583.88       0       1     120     111
40394  11  00     5  99999.00  99999.00  99999.00  99999.00  99999.00  99999.00  99999.00  99999.00       0       0      17      17
40394  11  00     3  99999.00  99999.00  99999.00  99999.00  99999.00  99999.00  99999.00  99999.00       0       0       0       0
40394  11  00     2  99999.00  99999.00  99999.00  99999.00  99999.00  99999.00  99999.00  99999.00       0       0       0       0
40394  11  00     1  99999.00  99999.00  99999.00  99999.00  99999.00  99999.00  99999.00  99999.00       0       0       0       0
40394  12  00  9999    887.06    924.02  99999.00  99999.00   -134.89    301.67   -173.50    313.82     579       0     576     576
40394  12  00  1000  99999.00  99999.00  99999.00  99999.00  99999.00  99999.00  99999.00  99999.00       0       0       0       0
40394  12  00   925  99999.00  99999.00  99999.00  99999.00  99999.00  99999.00  99999.00  99999.00       0       0       0       0
40394  12  00   900  99999.00  99999.00  99999.00  99999.00   -118.51    359.33   -277.93    310.19       0      16      63      63
40394  12  00   850  99999.00  99999.00   1368.46   1700.74   -160.29    371.31   -353.43    338.25       0     649     648     645
40394  12  00   800  99999.00  99999.00  99999.00  99999.00  99999.00  99999.00  99999.00  99999.00       0       0      12      12
40394  12  00   700  99999.00  99999.00     -0.99   6221.01   -148.67    203.41   -949.29    620.91       0     644     645     625
40394  12  00   600  99999.00  99999.00  99999.00  99999.00  99999.00  99999.00  99999.00  99999.00       0       0      16      16
40394  12  00   500  99999.00  99999.00   2008.76   9492.92   -282.26     17.26  -1072.97    330.79       0     644     646     640
40394  12  00   400  99999.00  99999.00   3268.39  11546.95   -395.74   -105.46  -1099.45    216.71       0     644     645     640
40394  12  00   300  99999.00  99999.00   2863.89  15938.61   -560.08   -234.76  -1075.32    -47.40       0     640     640     626
40394  12  00   250  99999.00  99999.00   5709.18  15596.70   -663.94   -297.94  -1075.92   -207.24       0     636     636     610
40394  12  00   200  99999.00  99999.00   6790.52  17398.16   -755.12   -364.52  -1087.48   -379.12       0     632     633     604
40394  12  00   150  99999.00  99999.00   5684.13  22018.29   -817.75   -434.35  -1149.61   -518.17       0     619     618     586
40394  12  00   100  99999.00  99999.00   6608.99  25965.11   -872.27   -523.19  -1234.41   -591.09       0     535     544     508
40394  12  00    80  99999.00  99999.00  99999.00  99999.00  99999.00  99999.00  99999.00  99999.00       0       0      37      32
40394  12  00    70  99999.00  99999.00  18176.56  18828.04   -877.04   -506.00  -1190.20   -618.88       0     548     550     512
40394  12  00    60  99999.00  99999.00  99999.00  99999.00 -11027.20   9061.88  99999.00  99999.00       0       0      61      56
40394  12  00    50  99999.00  99999.00  20237.88  20833.68   -805.75   -482.47  -1161.25   -639.37       0     538     545     501
40394  12  00    40  99999.00  99999.00  99999.00  99999.00 -22389.72  18322.20  -1130.14   -656.50       0       0      79      74
40394  12  00    30  99999.00  99999.00  23373.32  24054.08  -3058.27   1877.45  -1110.64   -632.20       0     522     528     463
40394  12  00    20  99999.00  99999.00  25866.41  26745.29   -721.71   -329.07  -1065.61   -615.13       0     499     508     424
40394  12  00    15  99999.00  99999.00  99999.00  99999.00 -25714.93  20764.67  -1044.46   -603.34       0       0     144     116
40394  12  00    10  99999.00  99999.00  30097.56  31613.88  -3536.61   2585.67  -1015.41   -561.45       0     311     353     291
40394  12  00     7  99999.00  99999.00  99999.00  99999.00 -21846.61  18338.99  -1021.03   -493.39       0       5     128     112
40394  12  00     5  99999.00  99999.00  99999.00  99999.00  99999.00  99999.00  99999.00  99999.00       0       0      23      21
40394  12  00     3  99999.00  99999.00  99999.00  99999.00  99999.00  99999.00  99999.00  99999.00       0       0       0       0
40394  12  00     2  99999.00  99999.00  99999.00  99999.00  99999.00  99999.00  99999.00  99999.00       0       0       0       0
40394  12  00     1  99999.00  99999.00  99999.00  99999.00  99999.00  99999.00  99999.00  99999.00       0       0       0       0
