56985  01  12  9999   8504.53   8898.37  99999.00  99999.00    -88.26    361.74    -84.13    227.51    1023       0    1023    1023
56985  01  12  1000  99999.00  99999.00  99999.00  99999.00  99999.00  99999.00  99999.00  99999.00       0       0       0       0
56985  01  12   925  99999.00  99999.00  99999.00  99999.00  99999.00  99999.00  99999.00  99999.00       0       0       0       0
56985  01  12   900  99999.00  99999.00  99999.00  99999.00  99999.00  99999.00  99999.00  99999.00       0       0       0       0
56985  01  12   850  99999.00  99999.00   1317.69   1679.73   -114.15    378.81    -98.12    226.96       0    1022    1021    1021
56985  01  12   800  99999.00  99999.00  99999.00  99999.00  99999.00  99999.00  99999.00  99999.00       0       0       0       0
56985  01  12   700  99999.00  99999.00   2958.84   3258.48   -118.45    206.75   -323.82    237.78       0    1022    1022    1022
56985  01  12   600  99999.00  99999.00   4173.68   4531.76   -233.65    222.83   -644.00    268.60       0    1022    1023    1023
56985  01  12   500  99999.00  99999.00   5556.24   6022.80   -300.45    138.63   -699.99    122.37       0    1022    1022    1022
56985  01  12   400  99999.00  99999.00   7180.70   7796.90   -419.33     51.07   -756.34     -1.06       0    1018    1019    1019
56985  01  12   300  99999.00  99999.00   9171.73   9982.33   -517.04   -129.32   -821.97   -166.29       0    1018    1018    1018
56985  01  12   250  99999.00  99999.00  10392.43  11285.83   -561.97   -263.29   -872.80   -263.20       0    1016    1016    1016
56985  01  12   200  99999.00  99999.00  11848.55  12790.31   -649.46   -387.26   -952.74   -363.66       0    1011    1011    1011
56985  01  12   150  99999.00  99999.00  13670.45  14595.53   -799.02   -473.22   -873.95   -499.67       0    1008    1008      79
56985  01  12   100  99999.00  99999.00  16139.81  16951.37   -968.58   -537.54  99999.00  99999.00       0     995     995       0
56985  01  12    80  99999.00  99999.00  99999.00  99999.00  99999.00  99999.00  99999.00  99999.00       0       0       0       0
56985  01  12    70  99999.00  99999.00  18203.68  18982.36   -992.79   -541.47  99999.00  99999.00       0     979     980       0
56985  01  12    60  99999.00  99999.00  99999.00  99999.00  99999.00  99999.00  99999.00  99999.00       0       0       0       0
56985  01  12    50  99999.00  99999.00  20161.67  20983.55   -887.47   -455.35  99999.00  99999.00       0     951     947       0
56985  01  12    40  99999.00  99999.00  21491.67  22383.51   -784.73   -452.45  99999.00  99999.00       0     937     936       0
56985  01  12    30  99999.00  99999.00  23233.44  24232.32   -733.10   -432.62  99999.00  99999.00       0     906     910       0
56985  01  12    20  99999.00  99999.00  25714.34  26889.86   -711.32   -382.64  99999.00  99999.00       0     780     785       0
56985  01  12    15  99999.00  99999.00  27479.50  28799.62   -697.56   -353.64  99999.00  99999.00       0     537     539       0
56985  01  12    10  99999.00  99999.00  29980.36  31485.76   -663.17   -343.61  99999.00  99999.00       0     230     230       0
56985  01  12     7  99999.00  99999.00  99999.00  99999.00  99999.00  99999.00  99999.00  99999.00       0      60      60       0
56985  01  12     5  99999.00  99999.00  99999.00  99999.00  99999.00  99999.00  99999.00  99999.00       0       8       8       0
56985  01  12     3  99999.00  99999.00  99999.00  99999.00  99999.00  99999.00  99999.00  99999.00       0       0       0       0
56985  01  12     2  99999.00  99999.00  99999.00  99999.00  99999.00  99999.00  99999.00  99999.00       0       0       0       0
56985  01  12     1  99999.00  99999.00  99999.00  99999.00  99999.00  99999.00  99999.00  99999.00       0       0       0       0
56985  02  12  9999   8493.67   8872.27  99999.00  99999.00   -103.20    428.16   -112.57    264.95     933       0     933     933
56985  02  12  1000  99999.00  99999.00  99999.00  99999.00  99999.00  99999.00  99999.00  99999.00       0       0       0       0
56985  02  12   925  99999.00  99999.00  99999.00  99999.00  99999.00  99999.00  99999.00  99999.00       0       0       0       0
56985  02  12   900  99999.00  99999.00  99999.00  99999.00  99999.00  99999.00  99999.00  99999.00       0       0       0       0
56985  02  12   850  99999.00  99999.00   1308.13   1656.85   -122.71    436.73   -120.38    258.46       0     933     933     933
56985  02  12   800  99999.00  99999.00  99999.00  99999.00  99999.00  99999.00  99999.00  99999.00       0       0       0       0
56985  02  12   700  99999.00  99999.00   2959.94   3249.86    -79.53    190.59   -271.04    220.36       0     933     933     933
56985  02  12   600  99999.00  99999.00   4175.97   4522.05   -216.12    192.84   -643.01    324.79       0     933     933     933
56985  02  12   500  99999.00  99999.00   5554.65   6012.57   -303.00    135.48   -745.33    193.31       0     933     933     933
56985  02  12   400  99999.00  99999.00   7172.69   7790.45   -420.60     46.56   -768.98     21.46       0     928     928     928
56985  02  12   300  99999.00  99999.00   9159.29   9977.33   -530.55   -115.35   -847.93   -130.81       0     927     927     927
56985  02  12   250  99999.00  99999.00  10379.49  11282.97   -569.54   -250.46   -904.49   -223.13       0     925     925     925
56985  02  12   200  99999.00  99999.00  11843.94  12784.02   -645.01   -384.01   -981.11   -326.51       0     919     919     919
56985  02  12   150  99999.00  99999.00  13684.23  14578.71   -794.48   -467.36   -878.67   -479.19       0     912     912      99
56985  02  12   100  99999.00  99999.00  16169.95  16927.27   -966.57   -536.01  99999.00  99999.00       0     897     897       0
56985  02  12    80  99999.00  99999.00  99999.00  99999.00  99999.00  99999.00  99999.00  99999.00       0       0       0       0
56985  02  12    70  99999.00  99999.00  18229.43  18961.55   -998.85   -544.65  99999.00  99999.00       0     872     871       0
56985  02  12    60  99999.00  99999.00  99999.00  99999.00  99999.00  99999.00  99999.00  99999.00       0       0       0       0
56985  02  12    50  99999.00  99999.00  20163.10  20973.82   -914.33   -443.93  99999.00  99999.00       0     840     836       0
56985  02  12    40  99999.00  99999.00  21478.33  22379.53   -818.01   -432.69  99999.00  99999.00       0     825     824       0
56985  02  12    30  99999.00  99999.00  23205.86  24235.58   -753.15   -421.23  99999.00  99999.00       0     802     800       0
56985  02  12    20  99999.00  99999.00  25677.95  26902.55   -710.21   -381.29  99999.00  99999.00       0     668     670       0
56985  02  12    15  99999.00  99999.00  27479.05  28784.05   -680.96   -363.56  99999.00  99999.00       0     477     479       0
56985  02  12    10  99999.00  99999.00  30007.40  31481.00   -656.96   -335.00  99999.00  99999.00       0     216     216       0
56985  02  12     7  99999.00  99999.00  32239.76  33850.52   -645.88   -309.28  99999.00  99999.00       0      72      72       0
56985  02  12     5  99999.00  99999.00  99999.00  99999.00  99999.00  99999.00  99999.00  99999.00       0       9       9       0
56985  02  12     3  99999.00  99999.00  99999.00  99999.00  99999.00  99999.00  99999.00  99999.00       0       0       0       0
56985  02  12     2  99999.00  99999.00  99999.00  99999.00  99999.00  99999.00  99999.00  99999.00       0       0       0       0
56985  02  12     1  99999.00  99999.00  99999.00  99999.00  99999.00  99999.00  99999.00  99999.00       0       0       0       0
56985  03  12  9999   8462.72   8876.12  99999.00  99999.00    -81.41    479.35   -130.37    315.43    1023       0    1023    1023
56985  03  12  1000  99999.00  99999.00  99999.00  99999.00  99999.00  99999.00  99999.00  99999.00       0       0       0       0
56985  03  12   925  99999.00  99999.00  99999.00  99999.00  99999.00  99999.00  99999.00  99999.00       0       0       0       0
56985  03  12   900  99999.00  99999.00  99999.00  99999.00  99999.00  99999.00  99999.00  99999.00       0       0       0       0
56985  03  12   850  99999.00  99999.00   1280.27   1662.11   -102.25    486.35   -141.16    309.80       0    1023    1021    1021
56985  03  12   800  99999.00  99999.00  99999.00  99999.00  99999.00  99999.00  99999.00  99999.00       0       0       0       0
56985  03  12   700  99999.00  99999.00   2974.37   3249.05    -58.24    225.44   -198.24    188.52       0    1023    1023    1023
56985  03  12   600  99999.00  99999.00   4213.65   4515.81   -156.05    148.51   -508.55    284.17       0    1023    1023    1023
56985  03  12   500  99999.00  99999.00   5623.22   5983.46   -260.24    106.36   -711.65    217.15       0    1022    1022    1022
56985  03  12   400  99999.00  99999.00   7266.89   7742.33   -376.93      8.03   -750.34     50.06       0    1019    1020    1020
56985  03  12   300  99999.00  99999.00   9263.60   9917.48   -516.75   -136.59   -833.82   -115.74       0    1018    1018    1018
56985  03  12   250  99999.00  99999.00  10476.18  11226.42   -582.89   -246.77   -882.02   -219.98       0    1016    1016    1016
56985  03  12   200  99999.00  99999.00  11915.76  12747.12   -659.61   -373.77   -957.48   -325.56       0    1014    1014    1014
56985  03  12   150  99999.00  99999.00  13728.33  14568.81   -800.15   -459.47   -866.18   -493.82       0    1012    1012     139
56985  03  12   100  99999.00  99999.00  16167.81  16974.81   -954.02   -539.54  99999.00  99999.00       0    1000    1000       0
56985  03  12    80  99999.00  99999.00  99999.00  99999.00  99999.00  99999.00  99999.00  99999.00       0       0       0       0
56985  03  12    70  99999.00  99999.00  18210.51  19030.59   -994.82   -549.02  99999.00  99999.00       0     966     966       0
56985  03  12    60  99999.00  99999.00  99999.00  99999.00  99999.00  99999.00  99999.00  99999.00       0       0       0       0
56985  03  12    50  99999.00  99999.00  20161.06  21027.10   -889.43   -457.67  99999.00  99999.00       0     902     898       0
56985  03  12    40  99999.00  99999.00  21509.76  22409.52   -783.07   -449.59  99999.00  99999.00       0     866     867       0
56985  03  12    30  99999.00  99999.00  23281.02  24233.94   -739.79   -414.59  99999.00  99999.00       0     842     845       0
56985  03  12    20  99999.00  99999.00  25799.49  26879.73   -692.76   -364.32  99999.00  99999.00       0     694     695       0
56985  03  12    15  99999.00  99999.00  27604.12  28792.48   -676.25   -322.37  99999.00  99999.00       0     486     489       0
56985  03  12    10  99999.00  99999.00  30243.78  31411.38   -643.12   -309.88  99999.00  99999.00       0     207     208       0
56985  03  12     7  99999.00  99999.00  99999.00  99999.00  99999.00  99999.00  99999.00  99999.00       0      60      60       0
56985  03  12     5  99999.00  99999.00  99999.00  99999.00  99999.00  99999.00  99999.00  99999.00       0      11      11       0
56985  03  12     3  99999.00  99999.00  99999.00  99999.00  99999.00  99999.00  99999.00  99999.00       0       0       0       0
56985  03  12     2  99999.00  99999.00  99999.00  99999.00  99999.00  99999.00  99999.00  99999.00       0       0       0       0
56985  03  12     1  99999.00  99999.00  99999.00  99999.00  99999.00  99999.00  99999.00  99999.00       0       0       0       0
56985  04  12  9999   8491.71   8824.95  99999.00  99999.00      2.28    457.68    -54.65    307.51     990       0     990     990
56985  04  12  1000  99999.00  99999.00  99999.00  99999.00  99999.00  99999.00  99999.00  99999.00       0       0       0       0
56985  04  12   925  99999.00  99999.00  99999.00  99999.00  99999.00  99999.00  99999.00  99999.00       0       0       0       0
56985  04  12   900  99999.00  99999.00  99999.00  99999.00  99999.00  99999.00  99999.00  99999.00       0       0       0       0
56985  04  12   850  99999.00  99999.00   1304.58   1619.82    -14.12    455.20    -65.02    298.58       0     990     990     990
56985  04  12   800  99999.00  99999.00  99999.00  99999.00  99999.00  99999.00  99999.00  99999.00       0       0       0       0
56985  04  12   700  99999.00  99999.00   2999.02   3236.02    -19.73    228.67   -136.36    184.76       0     989     989     989
56985  04  12   600  99999.00  99999.00   4249.19   4510.91    -98.82    123.06   -347.31    218.37       0     988     988     988
56985  04  12   500  99999.00  99999.00   5667.59   5985.71   -201.04     76.76   -633.45    248.31       0     990     990     990
56985  04  12   400  99999.00  99999.00   7330.15   7748.35   -308.08    -28.48   -714.11    104.77       0     985     985     985
56985  04  12   300  99999.00  99999.00   9350.26   9922.54   -463.01   -168.77   -786.17    -82.85       0     981     981     981
56985  04  12   250  99999.00  99999.00  10567.74  11236.02   -544.30   -269.74   -822.43   -210.43       0     979     979     979
56985  04  12   200  99999.00  99999.00  12005.31  12766.71   -635.60   -389.96   -898.77   -331.65       0     978     977     977
56985  04  12   150  99999.00  99999.00  13799.94  14610.78   -767.85   -488.85   -849.71   -488.99       0     971     971     106
56985  04  12   100  99999.00  99999.00  16221.50  17033.30   -923.16   -571.68  99999.00  99999.00       0     954     954       0
56985  04  12    80  99999.00  99999.00  99999.00  99999.00  99999.00  99999.00  99999.00  99999.00       0       0       0       0
56985  04  12    70  99999.00  99999.00  18259.59  19093.71   -968.92   -575.08  99999.00  99999.00       0     926     926       0
56985  04  12    60  99999.00  99999.00  99999.00  99999.00  99999.00  99999.00  99999.00  99999.00       0       0       0       0
56985  04  12    50  99999.00  99999.00  20238.27  21071.07   -886.67   -450.59  99999.00  99999.00       0     840     839       0
56985  04  12    40  99999.00  99999.00  21596.77  22448.65   -773.74   -452.50  99999.00  99999.00       0     812     814       0
56985  04  12    30  99999.00  99999.00  23373.40  24277.84   -722.45   -414.77  99999.00  99999.00       0     782     783       0
56985  04  12    20  99999.00  99999.00  25904.54  26938.70   -669.27   -357.15  99999.00  99999.00       0     666     668       0
56985  04  12    15  99999.00  99999.00  27714.33  28869.21   -641.47   -322.03  99999.00  99999.00       0     487     489       0
56985  04  12    10  99999.00  99999.00  30314.66  31576.34   -604.98   -298.74  99999.00  99999.00       0     221     221       0
56985  04  12     7  99999.00  99999.00  32590.62  33964.02   -590.16   -272.28  99999.00  99999.00       0      63      63       0
56985  04  12     5  99999.00  99999.00  99999.00  99999.00  99999.00  99999.00  99999.00  99999.00       0      11      11       0
56985  04  12     3  99999.00  99999.00  99999.00  99999.00  99999.00  99999.00  99999.00  99999.00       0       0       0       0
56985  04  12     2  99999.00  99999.00  99999.00  99999.00  99999.00  99999.00  99999.00  99999.00       0       0       0       0
56985  04  12     1  99999.00  99999.00  99999.00  99999.00  99999.00  99999.00  99999.00  99999.00       0       0       0       0
56985  05  12  9999   8493.23   8801.27  99999.00  99999.00     47.12    434.12     -0.72    315.24    1023       0    1023    1023
56985  05  12  1000  99999.00  99999.00  99999.00  99999.00  99999.00  99999.00  99999.00  99999.00       0       0       0       0
56985  05  12   925  99999.00  99999.00  99999.00  99999.00  99999.00  99999.00  99999.00  99999.00       0       0       0       0
56985  05  12   900  99999.00  99999.00  99999.00  99999.00  99999.00  99999.00  99999.00  99999.00       0       0       0       0
56985  05  12   850  99999.00  99999.00   1303.97   1599.77     34.32    425.28    -16.67    309.25       0    1023    1023    1023
56985  05  12   800  99999.00  99999.00  99999.00  99999.00  99999.00  99999.00  99999.00  99999.00       0       0       0       0
56985  05  12   700  99999.00  99999.00   3004.48   3221.20      2.16    227.04   -109.82    223.18       0    1023    1023    1023
56985  05  12   600  99999.00  99999.00   4271.40   4498.08    -65.03    138.49   -272.46    231.06       0    1020    1021    1021
56985  05  12   500  99999.00  99999.00   5712.38   5982.50   -141.64     72.92   -512.15    269.53       0    1023    1023    1023
56985  05  12   400  99999.00  99999.00   7407.03   7753.59   -241.32    -30.00   -629.06    164.86       0    1021    1021    1021
56985  05  12   300  99999.00  99999.00   9468.76   9946.00   -393.67   -166.75   -731.79    -24.39       0    1019    1019    1019
56985  05  12   250  99999.00  99999.00  10709.77  11271.73   -481.58   -271.70   -792.76   -150.64       0    1016    1016    1016
56985  05  12   200  99999.00  99999.00  12164.26  12819.58   -593.06   -390.62   -866.53   -291.97       0    1013    1013    1013
56985  05  12   150  99999.00  99999.00  13950.02  14694.38   -735.69   -514.05   -853.53   -490.29       0    1008    1008      77
56985  05  12   100  99999.00  99999.00  16326.90  17147.34   -912.75   -610.47  99999.00  99999.00       0     997     998       0
56985  05  12    80  99999.00  99999.00  99999.00  99999.00  99999.00  99999.00  99999.00  99999.00       0       0       0       0
56985  05  12    70  99999.00  99999.00  18345.23  19200.35   -933.36   -626.64  99999.00  99999.00       0     955     954       0
56985  05  12    60  99999.00  99999.00  99999.00  99999.00  99999.00  99999.00  99999.00  99999.00       0       0       0       0
56985  05  12    50  99999.00  99999.00  20319.79  21171.67   -873.00   -472.56  99999.00  99999.00       0     867     866       0
56985  05  12    40  99999.00  99999.00  21664.95  22558.95   -756.74   -468.26  99999.00  99999.00       0     829     828       0
56985  05  12    30  99999.00  99999.00  23432.15  24402.47   -711.61   -415.45  99999.00  99999.00       0     785     787       0
56985  05  12    20  99999.00  99999.00  25968.80  27076.40   -654.14   -356.78  99999.00  99999.00       0     659     664       0
56985  05  12    15  99999.00  99999.00  27808.16  28979.72   -629.11   -325.63  99999.00  99999.00       0     460     467       0
56985  05  12    10  99999.00  99999.00  30377.45  31717.61   -600.00   -291.96  99999.00  99999.00       0     176     176       0
56985  05  12     7  99999.00  99999.00  99999.00  99999.00  99999.00  99999.00  99999.00  99999.00       0      40      40       0
56985  05  12     5  99999.00  99999.00  99999.00  99999.00  99999.00  99999.00  99999.00  99999.00       0       2       2       0
56985  05  12     3  99999.00  99999.00  99999.00  99999.00  99999.00  99999.00  99999.00  99999.00       0       0       0       0
56985  05  12     2  99999.00  99999.00  99999.00  99999.00  99999.00  99999.00  99999.00  99999.00       0       0       0       0
56985  05  12     1  99999.00  99999.00  99999.00  99999.00  99999.00  99999.00  99999.00  99999.00       0       0       0       0
56985  06  12  9999   8498.59   8759.59  99999.00  99999.00    114.59    380.63     98.18    268.82     990       0     990     990
56985  06  12  1000  99999.00  99999.00  99999.00  99999.00  99999.00  99999.00  99999.00  99999.00       0       0       0       0
56985  06  12   925  99999.00  99999.00  99999.00  99999.00  99999.00  99999.00  99999.00  99999.00       0       0       0       0
56985  06  12   900  99999.00  99999.00  99999.00  99999.00  99999.00  99999.00  99999.00  99999.00       0       0       0       0
56985  06  12   850  99999.00  99999.00   1305.00   1562.88    105.06    372.42     78.28    266.80       0     990     990     990
56985  06  12   800  99999.00  99999.00  99999.00  99999.00  99999.00  99999.00  99999.00  99999.00       0       0       0       0
56985  06  12   700  99999.00  99999.00   2995.70   3208.10     53.09    197.45    -31.20    199.44       0     990     990     990
56985  06  12   600  99999.00  99999.00   4277.34   4486.62    -12.99    129.69   -146.98    170.66       0     989     989     989
56985  06  12   500  99999.00  99999.00   5746.73   5965.85    -86.55     50.25   -301.36    150.80       0     990     990     990
56985  06  12   400  99999.00  99999.00   7478.97   7723.17   -182.32    -51.16   -453.71     79.33       0     989     989     989
56985  06  12   300  99999.00  99999.00   9594.21   9897.57   -340.20   -177.12   -629.97    -49.05       0     983     983     983
56985  06  12   250  99999.00  99999.00  10859.73  11221.65   -442.31   -268.91   -700.63   -170.23       0     981     981     981
56985  06  12   200  99999.00  99999.00  12328.19  12780.23   -571.19   -380.03   -807.66   -291.06       0     979     979     979
56985  06  12   150  99999.00  99999.00  14100.48  14688.00   -732.95   -505.91   -819.35   -498.59       0     976     976     129
56985  06  12   100  99999.00  99999.00  16420.00  17194.72   -907.31   -624.71  99999.00  99999.00       0     951     951       0
56985  06  12    80  99999.00  99999.00  99999.00  99999.00  99999.00  99999.00  99999.00  99999.00       0       0       0       0
56985  06  12    70  99999.00  99999.00  18412.67  19277.75   -930.19   -610.87  99999.00  99999.00       0     878     877       0
56985  06  12    60  99999.00  99999.00  99999.00  99999.00  99999.00  99999.00  99999.00  99999.00       0       0       0       0
56985  06  12    50  99999.00  99999.00  20383.78  21284.14   -819.61   -499.09  99999.00  99999.00       0     768     765       0
56985  06  12    40  99999.00  99999.00  21735.20  22676.84   -748.03   -470.11  99999.00  99999.00       0     727     727       0
56985  06  12    30  99999.00  99999.00  23517.34  24511.06   -699.72   -423.36  99999.00  99999.00       0     677     680       0
56985  06  12    20  99999.00  99999.00  26067.86  27165.62   -656.34   -359.70  99999.00  99999.00       0     567     571       0
56985  06  12    15  99999.00  99999.00  27883.97  29094.41   -626.23   -334.75  99999.00  99999.00       0     424     425       0
56985  06  12    10  99999.00  99999.00  30476.61  31824.93   -608.83   -291.79  99999.00  99999.00       0     177     177       0
56985  06  12     7  99999.00  99999.00  99999.00  99999.00  99999.00  99999.00  99999.00  99999.00       0      36      36       0
56985  06  12     5  99999.00  99999.00  99999.00  99999.00  99999.00  99999.00  99999.00  99999.00       0       6       6       0
56985  06  12     3  99999.00  99999.00  99999.00  99999.00  99999.00  99999.00  99999.00  99999.00       0       0       0       0
56985  06  12     2  99999.00  99999.00  99999.00  99999.00  99999.00  99999.00  99999.00  99999.00       0       0       0       0
56985  06  12     1  99999.00  99999.00  99999.00  99999.00  99999.00  99999.00  99999.00  99999.00       0       0       0       0
56985  07  12  9999   8511.23   8747.03  99999.00  99999.00    116.87    368.27    121.14    255.90    1023       0    1023    1023
56985  07  12  1000  99999.00  99999.00  99999.00  99999.00  99999.00  99999.00  99999.00  99999.00       0       0       0       0
56985  07  12   925  99999.00  99999.00  99999.00  99999.00  99999.00  99999.00  99999.00  99999.00       0       0       0       0
56985  07  12   900  99999.00  99999.00  99999.00  99999.00  99999.00  99999.00  99999.00  99999.00       0       0       0       0
56985  07  12   850  99999.00  99999.00   1318.32   1549.44    114.27    356.19     56.69    298.37       0    1023    1023    1023
56985  07  12   800  99999.00  99999.00  99999.00  99999.00  99999.00  99999.00  99999.00  99999.00       0       0       0       0
56985  07  12   700  99999.00  99999.00   2998.95   3203.07     57.90    191.10    -41.97    214.83       0    1023    1023    1023
56985  07  12   600  99999.00  99999.00   4280.04   4482.24     -8.74    123.50   -146.98    175.34       0    1023    1023    1023
56985  07  12   500  99999.00  99999.00   5744.84   5964.56    -81.46     43.46   -359.41    206.87       0    1023    1023    1023
56985  07  12   400  99999.00  99999.00   7479.83   7718.63   -184.27    -48.91   -599.84    214.24       0    1022    1023    1023
56985  07  12   300  99999.00  99999.00   9598.23   9889.83   -341.05   -175.21   -720.79     40.01       0    1021    1021    1021
56985  07  12   250  99999.00  99999.00  10865.05  11213.65   -440.65   -268.21   -784.66    -83.50       0    1017    1017    1017
56985  07  12   200  99999.00  99999.00  12336.39  12771.39   -570.46   -377.02   -888.18   -209.34       0    1016    1016    1016
56985  07  12   150  99999.00  99999.00  14112.30  14678.34   -730.94   -506.30   -790.66   -513.94       0    1010    1010     132
56985  07  12   100  99999.00  99999.00  16446.02  17168.78   -902.16   -627.96  99999.00  99999.00       0     988     989       0
56985  07  12    80  99999.00  99999.00  99999.00  99999.00  99999.00  99999.00  99999.00  99999.00       0       0       0       0
56985  07  12    70  99999.00  99999.00  18496.30  19228.06   -916.88   -552.08  99999.00  99999.00       0     887     889       0
56985  07  12    60  99999.00  99999.00  99999.00  99999.00  99999.00  99999.00  99999.00  99999.00       0       0       0       0
56985  07  12    50  99999.00  99999.00  20484.87  21273.99   -790.39   -499.27  99999.00  99999.00       0     760     760       0
56985  07  12    40  99999.00  99999.00  21828.03  22685.91   -743.38   -461.26  99999.00  99999.00       0     711     712       0
56985  07  12    30  99999.00  99999.00  23581.81  24556.81   -706.83   -412.95  99999.00  99999.00       0     657     659       0
56985  07  12    20  99999.00  99999.00  26104.57  27236.89   -662.21   -365.21  99999.00  99999.00       0     525     528       0
56985  07  12    15  99999.00  99999.00  27918.83  29156.63   -643.06   -338.38  99999.00  99999.00       0     378     383       0
56985  07  12    10  99999.00  99999.00  30472.30  31888.30   -611.95   -313.63  99999.00  99999.00       0     160     160       0
56985  07  12     7  99999.00  99999.00  99999.00  99999.00  99999.00  99999.00  99999.00  99999.00       0      42      42       0
56985  07  12     5  99999.00  99999.00  99999.00  99999.00  99999.00  99999.00  99999.00  99999.00       0       6       6       0
56985  07  12     3  99999.00  99999.00  99999.00  99999.00  99999.00  99999.00  99999.00  99999.00       0       0       0       0
56985  07  12     2  99999.00  99999.00  99999.00  99999.00  99999.00  99999.00  99999.00  99999.00       0       0       0       0
56985  07  12     1  99999.00  99999.00  99999.00  99999.00  99999.00  99999.00  99999.00  99999.00       0       0       0       0
56985  08  12  9999   8512.01   8770.61  99999.00  99999.00    124.28    355.40    100.48    272.20    1023       0    1023    1023
56985  08  12  1000  99999.00  99999.00  99999.00  99999.00  99999.00  99999.00  99999.00  99999.00       0       0       0       0
56985  08  12   925  99999.00  99999.00  99999.00  99999.00  99999.00  99999.00  99999.00  99999.00       0       0       0       0
56985  08  12   900  99999.00  99999.00  99999.00  99999.00  99999.00  99999.00  99999.00  99999.00       0       0       0       0
56985  08  12   850  99999.00  99999.00   1319.44   1572.88    116.56    349.00     80.69    268.97       0    1023    1023    1023
56985  08  12   800  99999.00  99999.00  99999.00  99999.00  99999.00  99999.00  99999.00  99999.00       0       0       0       0
56985  08  12   700  99999.00  99999.00   3001.48   3221.32     52.27    190.15    -19.88    184.60       0    1023    1023    1023
56985  08  12   600  99999.00  99999.00   4280.75   4498.43    -14.75    119.77   -147.02    164.86       0    1023    1023    1023
56985  08  12   500  99999.00  99999.00   5745.69   5974.89    -87.62     40.66   -349.32    188.64       0    1022    1023    1023
56985  08  12   400  99999.00  99999.00   7477.03   7727.23   -189.32    -51.68   -536.33    146.23       0    1017    1019    1019
56985  08  12   300  99999.00  99999.00   9592.03   9894.79   -344.25   -182.73   -712.67     19.93       0    1017    1017    1017
56985  08  12   250  99999.00  99999.00  10858.56  11212.92   -446.78   -273.38   -802.40    -82.04       0    1015    1015    1015
56985  08  12   200  99999.00  99999.00  12327.71  12765.35   -575.33   -382.61   -903.15   -208.47       0    1014    1013    1013
56985  08  12   150  99999.00  99999.00  14107.24  14661.04   -732.63   -509.67   -779.06   -527.66       0    1008    1008     114
56985  08  12   100  99999.00  99999.00  16436.50  17151.10   -896.27   -635.15  99999.00  99999.00       0     984     984       0
56985  08  12    80  99999.00  99999.00  99999.00  99999.00  99999.00  99999.00  99999.00  99999.00       0       0       0       0
56985  08  12    70  99999.00  99999.00  18496.87  19208.71   -906.23   -548.15  99999.00  99999.00       0     899     897       0
56985  08  12    60  99999.00  99999.00  99999.00  99999.00  99999.00  99999.00  99999.00  99999.00       0       0       0       0
56985  08  12    50  99999.00  99999.00  20485.79  21258.95   -785.30   -504.62  99999.00  99999.00       0     788     788       0
56985  08  12    40  99999.00  99999.00  21824.33  22672.73   -737.12   -477.08  99999.00  99999.00       0     735     735       0
56985  08  12    30  99999.00  99999.00  23578.43  24530.75   -701.08   -428.56  99999.00  99999.00       0     686     689       0
56985  08  12    20  99999.00  99999.00  26083.30  27212.26   -665.27   -375.83  99999.00  99999.00       0     554     557       0
56985  08  12    15  99999.00  99999.00  27870.60  29149.44   -647.68   -345.64  99999.00  99999.00       0     389     391       0
56985  08  12    10  99999.00  99999.00  30368.46  31928.22   -645.82   -289.78  99999.00  99999.00       0     171     171       0
56985  08  12     7  99999.00  99999.00  99999.00  99999.00  99999.00  99999.00  99999.00  99999.00       0      53      53       0
56985  08  12     5  99999.00  99999.00  99999.00  99999.00  99999.00  99999.00  99999.00  99999.00       0      11      11       0
56985  08  12     3  99999.00  99999.00  99999.00  99999.00  99999.00  99999.00  99999.00  99999.00       0       0       0       0
56985  08  12     2  99999.00  99999.00  99999.00  99999.00  99999.00  99999.00  99999.00  99999.00       0       0       0       0
56985  08  12     1  99999.00  99999.00  99999.00  99999.00  99999.00  99999.00  99999.00  99999.00       0       0       0       0
56985  09  12  9999   8530.84   8820.76  99999.00  99999.00     95.03    355.55     33.51    302.55     990       0     990     990
56985  09  12  1000  99999.00  99999.00  99999.00  99999.00  99999.00  99999.00  99999.00  99999.00       0       0       0       0
56985  09  12   925  99999.00  99999.00  99999.00  99999.00  99999.00  99999.00  99999.00  99999.00       0       0       0       0
56985  09  12   900  99999.00  99999.00  99999.00  99999.00  99999.00  99999.00  99999.00  99999.00       0       0       0       0
56985  09  12   850  99999.00  99999.00   1340.10   1619.70     79.08    354.72     10.94    300.02       0     990     990     990
56985  09  12   800  99999.00  99999.00  99999.00  99999.00  99999.00  99999.00  99999.00  99999.00       0       0       0       0
56985  09  12   700  99999.00  99999.00   3033.27   3236.43     14.33    200.21    -75.55    211.13       0     990     990     990
56985  09  12   600  99999.00  99999.00   4312.55   4501.43    -30.36    115.32   -252.14    234.10       0     990     990     990
56985  09  12   500  99999.00  99999.00   5775.64   5969.44   -103.24     40.76   -389.97    188.43       0     990     990     990
56985  09  12   400  99999.00  99999.00   7498.74   7715.94   -206.30    -57.50   -573.23    130.81       0     989     989     989
56985  09  12   300  99999.00  99999.00   9596.13   9877.41   -367.53   -191.49   -747.50     -8.90       0     989     989     989
56985  09  12   250  99999.00  99999.00  10848.32  11191.04   -470.59   -286.39   -842.61   -107.01       0     989     989     989
56985  09  12   200  99999.00  99999.00  12304.25  12733.49   -597.33   -394.41   -943.80   -227.40       0     985     984     984
56985  09  12   150  99999.00  99999.00  14074.05  14615.61   -742.68   -519.24  99999.00  99999.00       0     978     978      40
56985  09  12   100  99999.00  99999.00  16403.77  17093.29   -895.67   -640.67  99999.00  99999.00       0     955     955       0
56985  09  12    80  99999.00  99999.00  99999.00  99999.00  99999.00  99999.00  99999.00  99999.00       0       0       0       0
56985  09  12    70  99999.00  99999.00  18438.62  19160.66   -894.80   -576.80  99999.00  99999.00       0     911     910       0
56985  09  12    60  99999.00  99999.00  99999.00  99999.00  99999.00  99999.00  99999.00  99999.00       0       0       0       0
56985  09  12    50  99999.00  99999.00  20431.32  21198.60   -780.50   -508.94  99999.00  99999.00       0     857     856       0
56985  09  12    40  99999.00  99999.00  21777.74  22604.42   -731.75   -481.79  99999.00  99999.00       0     834     835       0
56985  09  12    30  99999.00  99999.00  23535.85  24458.77   -700.93   -434.65  99999.00  99999.00       0     802     802       0
56985  09  12    20  99999.00  99999.00  26046.23  27133.19   -672.15   -368.19  99999.00  99999.00       0     691     692       0
56985  09  12    15  99999.00  99999.00  27841.89  29059.05   -650.16   -338.52  99999.00  99999.00       0     508     510       0
56985  09  12    10  99999.00  99999.00  30379.32  31826.76   -652.34   -275.54  99999.00  99999.00       0     213     214       0
56985  09  12     7  99999.00  99999.00  99999.00  99999.00  99999.00  99999.00  99999.00  99999.00       0      51      51       0
56985  09  12     5  99999.00  99999.00  99999.00  99999.00  99999.00  99999.00  99999.00  99999.00       0       4       4       0
56985  09  12     3  99999.00  99999.00  99999.00  99999.00  99999.00  99999.00  99999.00  99999.00       0       0       0       0
56985  09  12     2  99999.00  99999.00  99999.00  99999.00  99999.00  99999.00  99999.00  99999.00       0       0       0       0
56985  09  12     1  99999.00  99999.00  99999.00  99999.00  99999.00  99999.00  99999.00  99999.00       0       0       0       0
56985  10  12  9999   8555.56   8862.16  99999.00  99999.00     51.30    346.14    -10.71    305.49    1023       0    1023    1023
56985  10  12  1000  99999.00  99999.00  99999.00  99999.00  99999.00  99999.00  99999.00  99999.00       0       0       0       0
56985  10  12   925  99999.00  99999.00  99999.00  99999.00  99999.00  99999.00  99999.00  99999.00       0       0       0       0
56985  10  12   900  99999.00  99999.00  99999.00  99999.00  99999.00  99999.00  99999.00  99999.00       0       0       0       0
56985  10  12   850  99999.00  99999.00   1368.99   1652.91     31.20    345.96    -28.82    299.62       0    1023    1023    1022
56985  10  12   800  99999.00  99999.00  99999.00  99999.00  99999.00  99999.00  99999.00  99999.00       0       0       0       0
56985  10  12   700  99999.00  99999.00   3050.41   3252.25    -21.35    199.09   -133.74    228.90       0    1023    1023    1022
56985  10  12   600  99999.00  99999.00   4313.11   4517.71    -76.45    134.63   -452.18    363.82       0    1023    1023    1022
56985  10  12   500  99999.00  99999.00   5755.93   5991.61   -139.26     52.62   -618.92    320.32       0    1023    1023    1022
56985  10  12   400  99999.00  99999.00   7450.68   7747.32   -244.16    -51.20   -730.56    200.76       0    1023    1023    1022
56985  10  12   300  99999.00  99999.00   9514.06   9914.38   -396.45   -197.25   -843.71     12.01       0    1022    1022    1021
56985  10  12   250  99999.00  99999.00  10751.89  11224.21   -489.11   -300.23   -909.25   -107.65       0    1021    1021    1020
56985  10  12   200  99999.00  99999.00  12199.32  12755.40   -605.29   -413.77   -991.75   -237.55       0    1021    1021    1020
56985  10  12   150  99999.00  99999.00  13966.56  14620.32   -750.03   -534.99  99999.00  99999.00       0    1017    1017       7
56985  10  12   100  99999.00  99999.00  16293.67  17073.07   -925.25   -635.81  99999.00  99999.00       0     995     998       0
56985  10  12    80  99999.00  99999.00  99999.00  99999.00  99999.00  99999.00  99999.00  99999.00       0       0       0       0
56985  10  12    70  99999.00  99999.00  18322.40  19121.72   -928.70   -567.62  99999.00  99999.00       0     954     954       0
56985  10  12    60  99999.00  99999.00  99999.00  99999.00  99999.00  99999.00  99999.00  99999.00       0       0       0       0
56985  10  12    50  99999.00  99999.00  20314.36  21144.04   -793.36   -507.16  99999.00  99999.00       0     921     920       0
56985  10  12    40  99999.00  99999.00  21661.30  22544.38   -735.40   -486.28  99999.00  99999.00       0     905     906       0
56985  10  12    30  99999.00  99999.00  23421.59  24389.87   -703.80   -444.24  99999.00  99999.00       0     880     881       0
56985  10  12    20  99999.00  99999.00  25922.17  27056.29   -677.61   -375.21  99999.00  99999.00       0     749     749       0
56985  10  12    15  99999.00  99999.00  27703.38  28989.78   -661.60   -342.28  99999.00  99999.00       0     502     505       0
56985  10  12    10  99999.00  99999.00  30184.85  31786.97   -645.62   -308.78  99999.00  99999.00       0     212     213       0
56985  10  12     7  99999.00  99999.00  32313.45  34268.61   -635.40   -288.96  99999.00  99999.00       0      62      62       0
56985  10  12     5  99999.00  99999.00  99999.00  99999.00  99999.00  99999.00  99999.00  99999.00       0       9       9       0
56985  10  12     3  99999.00  99999.00  99999.00  99999.00  99999.00  99999.00  99999.00  99999.00       0       0       0       0
56985  10  12     2  99999.00  99999.00  99999.00  99999.00  99999.00  99999.00  99999.00  99999.00       0       0       0       0
56985  10  12     1  99999.00  99999.00  99999.00  99999.00  99999.00  99999.00  99999.00  99999.00       0       0       0       0
56985  11  12  9999   8543.80   8896.36  99999.00  99999.00      4.04    329.84    -63.42    286.50     990       0     990     990
56985  11  12  1000  99999.00  99999.00  99999.00  99999.00  99999.00  99999.00  99999.00  99999.00       0       0       0       0
56985  11  12   925  99999.00  99999.00  99999.00  99999.00  99999.00  99999.00  99999.00  99999.00       0       0       0       0
56985  11  12   900  99999.00  99999.00  99999.00  99999.00  99999.00  99999.00  99999.00  99999.00       0       0       0       0
56985  11  12   850  99999.00  99999.00   1356.83   1681.79    -18.79    337.61    -83.22    285.78       0     990     990     990
56985  11  12   800  99999.00  99999.00  99999.00  99999.00  99999.00  99999.00  99999.00  99999.00       0       0       0       0
56985  11  12   700  99999.00  99999.00   3021.39   3263.79    -89.22    215.58   -311.50    308.06       0     990     990     990
56985  11  12   600  99999.00  99999.00   4261.74   4530.54   -150.81    179.07   -729.40    457.52       0     990     990     990
56985  11  12   500  99999.00  99999.00   5670.19   6018.43   -214.01     89.47   -840.03    357.81       0     989     989     989
56985  11  12   400  99999.00  99999.00   7317.78   7793.34   -317.16    -20.28   -883.40    206.56       0     987     987     986
56985  11  12   300  99999.00  99999.00   9336.74   9971.90   -438.72   -189.12   -925.74     -5.34       0     986     986     986
56985  11  12   250  99999.00  99999.00  10567.75  11272.51   -509.26   -305.98   -952.56   -140.04       0     986     986     986
56985  11  12   200  99999.00  99999.00  12024.77  12780.05   -611.53   -423.61  -1009.87   -275.59       0     982     982     982
56985  11  12   150  99999.00  99999.00  13822.67  14603.39   -767.94   -524.82  99999.00  99999.00       0     976     975      19
56985  11  12   100  99999.00  99999.00  16226.65  16986.61   -945.32   -595.28  99999.00  99999.00       0     957     958       0
56985  11  12    80  99999.00  99999.00  99999.00  99999.00  99999.00  99999.00  99999.00  99999.00       0       0       0       0
56985  11  12    70  99999.00  99999.00  18272.49  19019.37   -957.32   -564.44  99999.00  99999.00       0     929     928       0
56985  11  12    60  99999.00  99999.00  99999.00  99999.00  99999.00  99999.00  99999.00  99999.00       0       0       0       0
56985  11  12    50  99999.00  99999.00  20249.65  21030.49   -828.99   -480.75  99999.00  99999.00       0     890     890       0
56985  11  12    40  99999.00  99999.00  21608.16  22419.72   -741.55   -476.23  99999.00  99999.00       0     868     867       0
56985  11  12    30  99999.00  99999.00  23384.40  24250.08   -704.38   -442.78  99999.00  99999.00       0     850     851       0
56985  11  12    20  99999.00  99999.00  25897.95  26904.15   -688.26   -371.46  99999.00  99999.00       0     729     731       0
56985  11  12    15  99999.00  99999.00  27676.00  28835.92   -679.90   -328.90  99999.00  99999.00       0     510     510       0
56985  11  12    10  99999.00  99999.00  30216.90  31543.14   -660.01   -296.77  99999.00  99999.00       0     209     209       0
56985  11  12     7  99999.00  99999.00  32403.21  33999.21   -617.04   -293.88  99999.00  99999.00       0      61      61       0
56985  11  12     5  99999.00  99999.00  99999.00  99999.00  99999.00  99999.00  99999.00  99999.00       0      16      16       0
56985  11  12     3  99999.00  99999.00  99999.00  99999.00  99999.00  99999.00  99999.00  99999.00       0       0       0       0
56985  11  12     2  99999.00  99999.00  99999.00  99999.00  99999.00  99999.00  99999.00  99999.00       0       0       0       0
56985  11  12     1  99999.00  99999.00  99999.00  99999.00  99999.00  99999.00  99999.00  99999.00       0       0       0       0
56985  12  12  9999   8530.07   8910.71  99999.00  99999.00    -47.18    321.22   -102.94    259.94    1023       0    1023    1023
56985  12  12  1000  99999.00  99999.00  99999.00  99999.00  99999.00  99999.00  99999.00  99999.00       0       0       0       0
56985  12  12   925  99999.00  99999.00  99999.00  99999.00  99999.00  99999.00  99999.00  99999.00       0       0       0       0
56985  12  12   900  99999.00  99999.00  99999.00  99999.00  99999.00  99999.00  99999.00  99999.00       0       0       0       0
56985  12  12   850  99999.00  99999.00   1343.01   1691.61    -73.92    335.16   -119.99    259.45       0    1023    1023    1023
56985  12  12   800  99999.00  99999.00  99999.00  99999.00  99999.00  99999.00  99999.00  99999.00       0       0       0       0
56985  12  12   700  99999.00  99999.00   2988.76   3262.48   -139.53    231.99   -413.54    319.66       0    1023    1022    1022
56985  12  12   600  99999.00  99999.00   4218.77   4528.37   -186.75    200.13   -729.71    335.05       0    1023    1023    1023
56985  12  12   500  99999.00  99999.00   5620.54   6012.22   -245.68    101.12   -762.38    182.50       0    1021    1021    1021
56985  12  12   400  99999.00  99999.00   7256.76   7782.84   -359.89      0.35   -814.14     57.66       0    1018    1018    1018
56985  12  12   300  99999.00  99999.00   9263.53   9956.05   -476.20   -171.04   -871.83   -118.95       0    1014    1014    1014
56985  12  12   250  99999.00  99999.00  10490.51  11251.91   -529.88   -299.60   -910.93   -227.77       0    1014    1014    1014
56985  12  12   200  99999.00  99999.00  11948.68  12750.88   -624.94   -419.02   -988.05   -335.49       0    1012    1011    1011
56985  12  12   150  99999.00  99999.00  13756.85  14561.81   -776.96   -508.16  99999.00  99999.00       0    1005    1005      43
56985  12  12   100  99999.00  99999.00  16198.99  16929.67   -956.33   -558.65  99999.00  99999.00       0     994     994       0
56985  12  12    80  99999.00  99999.00  99999.00  99999.00  99999.00  99999.00  99999.00  99999.00       0       0       0       0
56985  12  12    70  99999.00  99999.00  18246.41  18974.57   -966.16   -565.60  99999.00  99999.00       0     983     983       0
56985  12  12    60  99999.00  99999.00  99999.00  99999.00  99999.00  99999.00  99999.00  99999.00       0       0       0       0
56985  12  12    50  99999.00  99999.00  20195.39  20990.03   -868.25   -469.37  99999.00  99999.00       0     959     956       0
56985  12  12    40  99999.00  99999.00  21530.09  22386.77   -781.71   -452.55  99999.00  99999.00       0     951     952       0
56985  12  12    30  99999.00  99999.00  23279.12  24232.52   -746.85   -414.21  99999.00  99999.00       0     935     937       0
56985  12  12    20  99999.00  99999.00  25751.55  26909.19   -720.33   -356.97  99999.00  99999.00       0     802     802       0
56985  12  12    15  99999.00  99999.00  27533.45  28821.77   -698.66   -325.58  99999.00  99999.00       0     590     591       0
56985  12  12    10  99999.00  99999.00  30019.80  31548.36   -715.10   -260.06  99999.00  99999.00       0     250     251       0
56985  12  12     7  99999.00  99999.00  32159.37  33988.29   -748.74   -189.90  99999.00  99999.00       0      77      77       0
56985  12  12     5  99999.00  99999.00  99999.00  99999.00  99999.00  99999.00  99999.00  99999.00       0      20      20       0
56985  12  12     3  99999.00  99999.00  99999.00  99999.00  99999.00  99999.00  99999.00  99999.00       0       0       0       0
56985  12  12     2  99999.00  99999.00  99999.00  99999.00  99999.00  99999.00  99999.00  99999.00       0       0       0       0
56985  12  12     1  99999.00  99999.00  99999.00  99999.00  99999.00  99999.00  99999.00  99999.00       0       0       0       0
