40766  01  12  9999    846.96    892.32  99999.00  99999.00   -207.48    346.08   -269.85    481.59     507       0     505     505
40766  01  12  1000  99999.00  99999.00  99999.00  99999.00  99999.00  99999.00  99999.00  99999.00       0       0       0       0
40766  01  12   925  99999.00  99999.00  99999.00  99999.00  99999.00  99999.00  99999.00  99999.00       0       0       0       0
40766  01  12   900  99999.00  99999.00  99999.00  99999.00  99999.00  99999.00  99999.00  99999.00       0       0       0       0
40766  01  12   850  99999.00  99999.00   1301.97   1711.65   -222.53    310.27   -324.69    210.63       0     556     555     550
40766  01  12   800  99999.00  99999.00  99999.00  99999.00  99999.00  99999.00  99999.00  99999.00       0       0      12      12
40766  01  12   700  99999.00  99999.00   2792.72   3318.56   -280.37    161.83   -797.90    451.42       0     555     556     547
40766  01  12   600  99999.00  99999.00  99999.00  99999.00  99999.00  99999.00  99999.00  99999.00       0       0       8       8
40766  01  12   500  99999.00  99999.00   5188.07   6042.47   -429.02     -5.42  -1075.63    277.97       0     552     554     546
40766  01  12   400  99999.00  99999.00   6683.80   7759.84   -540.17   -124.13  -1135.84    123.32       0     545     547     523
40766  01  12   300  99999.00  99999.00   8526.70   9838.78   -660.79   -276.07  -1123.64   -156.68       0     529     530     171
40766  01  12   250  99999.00  99999.00   9692.20  11051.92   -767.59   -291.19  -1093.67   -338.27       0     500     501     147
40766  01  12   200  99999.00  99999.00  11141.29  12457.33   -838.45   -268.33  -1103.52   -475.56       0     461     461     119
40766  01  12   150  99999.00  99999.00  13044.60  14200.32   -766.92   -379.20  -1180.94   -520.34       0     407     407      92
40766  01  12   100  99999.00  99999.00  15687.64  16625.44   -810.11   -439.55  99999.00  99999.00       0     329     340      47
40766  01  12    80  99999.00  99999.00  99999.00  99999.00  99999.00  99999.00  99999.00  99999.00       0       0      16       0
40766  01  12    70  99999.00  99999.00  17957.61  18729.45   -841.92   -438.00  99999.00  99999.00       0     249     252       8
40766  01  12    60  99999.00  99999.00  99999.00  99999.00  99999.00  99999.00  99999.00  99999.00       0       0      22       0
40766  01  12    50  99999.00  99999.00  20027.35  20798.95  -4418.50   3095.18  99999.00  99999.00       0     222     225       4
40766  01  12    40  99999.00  99999.00  99999.00  99999.00  99999.00  99999.00  99999.00  99999.00       0       0      27       0
40766  01  12    30  99999.00  99999.00  23161.89  24082.89   -796.25   -342.65  99999.00  99999.00       0     159     163       2
40766  01  12    20  99999.00  99999.00  25594.46  26802.38   -809.38   -240.58  99999.00  99999.00       0     101     110       4
40766  01  12    15  99999.00  99999.00  99999.00  99999.00  99999.00  99999.00  99999.00  99999.00       0       0      28       1
40766  01  12    10  99999.00  99999.00  99999.00  99999.00  99999.00  99999.00  99999.00  99999.00       0      37      51       8
40766  01  12     7  99999.00  99999.00  99999.00  99999.00  99999.00  99999.00  99999.00  99999.00       0       0       4       0
40766  01  12     5  99999.00  99999.00  99999.00  99999.00  99999.00  99999.00  99999.00  99999.00       0       0       0       0
40766  01  12     3  99999.00  99999.00  99999.00  99999.00  99999.00  99999.00  99999.00  99999.00       0       0       0       0
40766  01  12     2  99999.00  99999.00  99999.00  99999.00  99999.00  99999.00  99999.00  99999.00       0       0       0       0
40766  01  12     1  99999.00  99999.00  99999.00  99999.00  99999.00  99999.00  99999.00  99999.00       0       0       0       0
40766  02  12  9999    844.72    891.88  99999.00  99999.00   -187.93    381.47   -287.26    557.42     472       0     470     469
40766  02  12  1000  99999.00  99999.00  99999.00  99999.00  99999.00  99999.00  99999.00  99999.00       0       0       0       0
40766  02  12   925  99999.00  99999.00  99999.00  99999.00  99999.00  99999.00  99999.00  99999.00       0       0       0       0
40766  02  12   900  99999.00  99999.00  99999.00  99999.00  99999.00  99999.00  99999.00  99999.00       0       0       0       0
40766  02  12   850  99999.00  99999.00   1272.46   1718.02   -197.72    331.96   -362.61    240.03       0     508     508     505
40766  02  12   800  99999.00  99999.00  99999.00  99999.00  99999.00  99999.00  99999.00  99999.00       0       0       2       2
40766  02  12   700  99999.00  99999.00   2791.98   3312.30   -269.18    160.18   -832.80    500.40       0     508     507     494
40766  02  12   600  99999.00  99999.00  99999.00  99999.00  99999.00  99999.00  99999.00  99999.00       0       0       6       6
40766  02  12   500  99999.00  99999.00   5187.23   6040.91   -434.45      1.63  -1084.12    306.56       0     508     509     499
40766  02  12   400  99999.00  99999.00   6682.06   7759.66   -538.69   -120.37  -1159.86    151.38       0     502     502     485
40766  02  12   300  99999.00  99999.00   8537.09   9836.33   -645.24   -284.52  -1099.19   -181.31       0     484     486     146
40766  02  12   250  99999.00  99999.00   9706.64  11054.24   -764.05   -282.97  -1044.80   -389.72       0     454     454     121
40766  02  12   200  99999.00  99999.00  11202.85  12424.45   -832.44   -256.68  -1106.68   -452.68       0     403     404      97
40766  02  12   150  99999.00  99999.00  13065.26  14222.54   -761.56   -374.20  -1258.18   -411.46       0     346     349      66
40766  02  12   100  99999.00  99999.00  15711.02  16645.70   -841.60   -415.48  99999.00  99999.00       0     274     281      32
40766  02  12    80  99999.00  99999.00  99999.00  99999.00  99999.00  99999.00  99999.00  99999.00       0       0      17       1
40766  02  12    70  99999.00  99999.00  17972.61  18746.61  -4600.92   3207.84  99999.00  99999.00       0     203     207       4
40766  02  12    60  99999.00  99999.00  99999.00  99999.00  99999.00  99999.00  99999.00  99999.00       0       0      23       0
40766  02  12    50  99999.00  99999.00  20024.59  20812.27   -865.24   -397.96  99999.00  99999.00       0     185     187       3
40766  02  12    40  99999.00  99999.00  99999.00  99999.00  99999.00  99999.00  99999.00  99999.00       0       0      30       0
40766  02  12    30  99999.00  99999.00  23050.09  24151.33   -839.28   -323.28  99999.00  99999.00       0     141     143       1
40766  02  12    20  99999.00  99999.00  25453.62  26854.38   -786.50   -294.86  99999.00  99999.00       0      95     100       1
40766  02  12    15  99999.00  99999.00  99999.00  99999.00  99999.00  99999.00  99999.00  99999.00       0       0      28       0
40766  02  12    10  99999.00  99999.00  99999.00  99999.00  99999.00  99999.00  99999.00  99999.00       0      34      49      15
40766  02  12     7  99999.00  99999.00  99999.00  99999.00  99999.00  99999.00  99999.00  99999.00       0       0      11       7
40766  02  12     5  99999.00  99999.00  99999.00  99999.00  99999.00  99999.00  99999.00  99999.00       0       0       1       1
40766  02  12     3  99999.00  99999.00  99999.00  99999.00  99999.00  99999.00  99999.00  99999.00       0       0       0       0
40766  02  12     2  99999.00  99999.00  99999.00  99999.00  99999.00  99999.00  99999.00  99999.00       0       0       0       0
40766  02  12     1  99999.00  99999.00  99999.00  99999.00  99999.00  99999.00  99999.00  99999.00       0       0       0       0
40766  03  12  9999    845.44    889.72  99999.00  99999.00   -158.82    456.78   -289.99    643.49     511       0     511     510
40766  03  12  1000  99999.00  99999.00  99999.00  99999.00  99999.00  99999.00  99999.00  99999.00       0       0       0       0
40766  03  12   925  99999.00  99999.00  99999.00  99999.00  99999.00  99999.00  99999.00  99999.00       0       0       0       0
40766  03  12   900  99999.00  99999.00  99999.00  99999.00  99999.00  99999.00  99999.00  99999.00       0       0       0       0
40766  03  12   850  99999.00  99999.00   1274.13   1709.49   -171.14    406.06   -391.21    278.63       0     562     561     555
40766  03  12   800  99999.00  99999.00  99999.00  99999.00  99999.00  99999.00  99999.00  99999.00       0       0       1       1
40766  03  12   700  99999.00  99999.00   2773.17   3375.45   -261.91    218.21   -674.42    416.02       0     552     552     538
40766  03  12   600  99999.00  99999.00  99999.00  99999.00  99999.00  99999.00  99999.00  99999.00       0       0       8       8
40766  03  12   500  99999.00  99999.00   5195.66   6119.42   -415.45     23.03  -1073.64    342.24       0     553     554     540
40766  03  12   400  99999.00  99999.00   6700.63   7852.87   -526.63   -100.39  -1125.97    162.35       0     541     542     522
40766  03  12   300  99999.00  99999.00   8559.90   9942.42   -642.96   -271.92  -1137.25   -102.01       0     527     529     171
40766  03  12   250  99999.00  99999.00   9713.28  11183.76   -740.19   -312.15  -1045.44   -367.80       0     494     495     131
40766  03  12   200  99999.00  99999.00  11162.19  12594.03   -848.61   -261.33  -1125.28   -422.92       0     450     450     112
40766  03  12   150  99999.00  99999.00  13063.26  14365.38   -780.48   -363.48  -1242.62   -434.66       0     398     399      86
40766  03  12   100  99999.00  99999.00  15727.82  16762.58   -836.43   -423.27  99999.00  99999.00       0     344     356      58
40766  03  12    80  99999.00  99999.00  99999.00  99999.00  99999.00  99999.00  99999.00  99999.00       0       0      24       0
40766  03  12    70  99999.00  99999.00  18015.79  18842.83   -874.82   -429.86  99999.00  99999.00       0     248     250      10
40766  03  12    60  99999.00  99999.00  99999.00  99999.00  99999.00  99999.00  99999.00  99999.00       0       0      29       0
40766  03  12    50  99999.00  99999.00  20092.93  20877.85   -840.97   -425.05  99999.00  99999.00       0     228     235       4
40766  03  12    40  99999.00  99999.00  99999.00  99999.00  99999.00  99999.00  99999.00  99999.00       0       0      43       1
40766  03  12    30  99999.00  99999.00  23178.84  24158.40   -791.58   -347.70  99999.00  99999.00       0     174     178       3
40766  03  12    20  99999.00  99999.00  25637.94  26890.86   -758.76   -272.64  99999.00  99999.00       0     134     141       1
40766  03  12    15  99999.00  99999.00  99999.00  99999.00  99999.00  99999.00  99999.00  99999.00       0       0      43       4
40766  03  12    10  99999.00  99999.00  99999.00  99999.00   -636.35   -190.55  99999.00  99999.00       0      55      66      24
40766  03  12     7  99999.00  99999.00  99999.00  99999.00  99999.00  99999.00  99999.00  99999.00       0       0      14      14
40766  03  12     5  99999.00  99999.00  99999.00  99999.00  99999.00  99999.00  99999.00  99999.00       0       0       1       1
40766  03  12     3  99999.00  99999.00  99999.00  99999.00  99999.00  99999.00  99999.00  99999.00       0       0       0       0
40766  03  12     2  99999.00  99999.00  99999.00  99999.00  99999.00  99999.00  99999.00  99999.00       0       0       0       0
40766  03  12     1  99999.00  99999.00  99999.00  99999.00  99999.00  99999.00  99999.00  99999.00       0       0       0       0
40766  04  12  9999    850.56    884.88  99999.00  99999.00    -63.91    462.29   -243.51    615.33     481       0     481     480
40766  04  12  1000  99999.00  99999.00  99999.00  99999.00  99999.00  99999.00  99999.00  99999.00       0       0       0       0
40766  04  12   925  99999.00  99999.00  99999.00  99999.00  99999.00  99999.00  99999.00  99999.00       0       0       0       0
40766  04  12   900  99999.00  99999.00  99999.00  99999.00  99999.00  99999.00  99999.00  99999.00       0       0       0       0
40766  04  12   850  99999.00  99999.00   1325.14   1667.86    -84.92    426.04   -345.28    304.04       0     517     515     510
40766  04  12   800  99999.00  99999.00  99999.00  99999.00  99999.00  99999.00  99999.00  99999.00       0       0       0       0
40766  04  12   700  99999.00  99999.00   2868.69   3344.73   -190.38    236.82   -491.89    334.31       0     509     507     501
40766  04  12   600  99999.00  99999.00  99999.00  99999.00  99999.00  99999.00  99999.00  99999.00       0       0       8       8
40766  04  12   500  99999.00  99999.00   5345.51   6109.07   -329.14      4.10  -1057.29    402.15       0     501     503     494
40766  04  12   400  99999.00  99999.00   6904.45   7833.25   -447.91   -115.99  -1069.18    170.18       0     486     489     479
40766  04  12   300  99999.00  99999.00   8800.52   9930.68   -575.08   -300.40  -1057.97    -98.45       0     477     478     149
40766  04  12   250  99999.00  99999.00   9941.51  11194.07   -661.60   -381.16  -1050.41   -301.49       0     462     465     123
40766  04  12   200  99999.00  99999.00  11424.43  12560.35   -837.40   -310.84  -1047.62   -465.02       0     439     442     110
40766  04  12   150  99999.00  99999.00  13304.28  14319.60   -783.50   -369.86  -1234.22   -417.50       0     386     388      88
40766  04  12   100  99999.00  99999.00  15863.94  16820.22   -807.76   -446.68  -1369.45   -397.33       0     341     360      75
40766  04  12    80  99999.00  99999.00  99999.00  99999.00  99999.00  99999.00  99999.00  99999.00       0       0      22       2
40766  04  12    70  99999.00  99999.00  18104.94  18952.98   -831.85   -457.57  99999.00  99999.00       0     270     272      34
40766  04  12    60  99999.00  99999.00  99999.00  99999.00  99999.00  99999.00  99999.00  99999.00       0       0      29       2
40766  04  12    50  99999.00  99999.00  20177.83  21013.51   -779.89   -461.29  99999.00  99999.00       0     245     242      26
40766  04  12    40  99999.00  99999.00  99999.00  99999.00  99999.00  99999.00  99999.00  99999.00       0       0      42       4
40766  04  12    30  99999.00  99999.00  23370.05  24215.45   -722.00   -394.28  99999.00  99999.00       0     200     207      21
40766  04  12    20  99999.00  99999.00  25872.17  26930.57   -681.61   -327.49  99999.00  99999.00       0     161     165      15
40766  04  12    15  99999.00  99999.00  99999.00  99999.00  99999.00  99999.00  99999.00  99999.00       0       0      42       1
40766  04  12    10  99999.00  99999.00  30181.43  31838.27   -599.00   -206.48  99999.00  99999.00       0      68      91      41
40766  04  12     7  99999.00  99999.00  99999.00  99999.00  99999.00  99999.00  99999.00  99999.00       0       0      17      17
40766  04  12     5  99999.00  99999.00  99999.00  99999.00  99999.00  99999.00  99999.00  99999.00       0       0       0       0
40766  04  12     3  99999.00  99999.00  99999.00  99999.00  99999.00  99999.00  99999.00  99999.00       0       0       0       0
40766  04  12     2  99999.00  99999.00  99999.00  99999.00  99999.00  99999.00  99999.00  99999.00       0       0       0       0
40766  04  12     1  99999.00  99999.00  99999.00  99999.00  99999.00  99999.00  99999.00  99999.00       0       0       0       0
40766  05  12  9999    852.23    882.11  99999.00  99999.00     -4.27    526.37   -219.38    693.46     510       0     509     507
40766  05  12  1000  99999.00  99999.00  99999.00  99999.00  99999.00  99999.00  99999.00  99999.00       0       0       0       0
40766  05  12   925  99999.00  99999.00  99999.00  99999.00  99999.00  99999.00  99999.00  99999.00       0       0       0       0
40766  05  12   900  99999.00  99999.00  99999.00  99999.00  99999.00  99999.00  99999.00  99999.00       0       0       0       0
40766  05  12   850  99999.00  99999.00   1351.20   1639.44    -15.75    469.77   -325.09    295.07       0     541     540     535
40766  05  12   800  99999.00  99999.00  99999.00  99999.00  99999.00  99999.00  99999.00  99999.00       0       0       1       1
40766  05  12   700  99999.00  99999.00   2942.96   3330.20   -122.29    267.11   -425.46    295.26       0     528     530     522
40766  05  12   600  99999.00  99999.00  99999.00  99999.00  99999.00  99999.00  99999.00  99999.00       0       0       9       9
40766  05  12   500  99999.00  99999.00   5475.04   6120.16   -278.91     23.13  -1058.93    435.07       0     526     526     515
40766  05  12   400  99999.00  99999.00   7055.44   7865.68   -404.32    -91.12  -1111.04    230.56       0     522     523     507
40766  05  12   300  99999.00  99999.00   8979.81   9993.45   -566.30   -238.22  -1113.74    -30.62       0     516     521     339
40766  05  12   250  99999.00  99999.00  10139.56  11275.36   -681.93   -288.57  -1046.27   -263.63       0     501     505     165
40766  05  12   200  99999.00  99999.00  11540.35  12767.95   -801.85   -294.85  -1027.34   -457.10       0     479     482     138
40766  05  12   150  99999.00  99999.00  13364.52  14602.68   -764.33   -389.09  -1198.07   -437.75       0     436     438     104
40766  05  12   100  99999.00  99999.00  15979.07  17024.39   -848.30   -441.38  -1339.85   -432.53       0     369     398      79
40766  05  12    80  99999.00  99999.00  99999.00  99999.00  99999.00  99999.00  99999.00  99999.00       0       0      21       1
40766  05  12    70  99999.00  99999.00  18273.51  19060.35  -4151.48   2749.00  99999.00  99999.00       0     264     264      23
40766  05  12    60  99999.00  99999.00  99999.00  99999.00  99999.00  99999.00  99999.00  99999.00       0       0      41       2
40766  05  12    50  99999.00  99999.00  20357.70  21089.58   -746.99   -491.27  99999.00  99999.00       0     242     245      20
40766  05  12    40  99999.00  99999.00  99999.00  99999.00  99999.00  99999.00  99999.00  99999.00       0       0      26       0
40766  05  12    30  99999.00  99999.00  23482.89  24397.41  -4532.82   3358.98  99999.00  99999.00       0     201     207      14
40766  05  12    20  99999.00  99999.00  25998.56  27150.08  -4974.22   3890.66  99999.00  99999.00       0     155     166       8
40766  05  12    15  99999.00  99999.00  99999.00  99999.00  99999.00  99999.00  99999.00  99999.00       0       0      37       5
40766  05  12    10  99999.00  99999.00  30607.28  31772.72   -547.72   -246.52  99999.00  99999.00       0      69      86      54
40766  05  12     7  99999.00  99999.00  99999.00  99999.00  99999.00  99999.00  99999.00  99999.00       0       0      19      18
40766  05  12     5  99999.00  99999.00  99999.00  99999.00  99999.00  99999.00  99999.00  99999.00       0       0       4       4
40766  05  12     3  99999.00  99999.00  99999.00  99999.00  99999.00  99999.00  99999.00  99999.00       0       0       0       0
40766  05  12     2  99999.00  99999.00  99999.00  99999.00  99999.00  99999.00  99999.00  99999.00       0       0       0       0
40766  05  12     1  99999.00  99999.00  99999.00  99999.00  99999.00  99999.00  99999.00  99999.00       0       0       0       0
40766  06  12  9999    847.46    880.34  99999.00  99999.00    165.50    513.98    -40.92    705.48     472       0     471     465
40766  06  12  1000  99999.00  99999.00  99999.00  99999.00  99999.00  99999.00  99999.00  99999.00       0       0       0       0
40766  06  12   925  99999.00  99999.00  99999.00  99999.00  99999.00  99999.00  99999.00  99999.00       0       0       0       0
40766  06  12   900  99999.00  99999.00  99999.00  99999.00  99999.00  99999.00  99999.00  99999.00       0       0       0       0
40766  06  12   850  99999.00  99999.00   1300.87   1627.87    122.51    481.31   -361.62    296.82       0     503     505     499
40766  06  12   800  99999.00  99999.00  99999.00  99999.00  99999.00  99999.00  99999.00  99999.00       0       0       0       0
40766  06  12   700  99999.00  99999.00   2984.68   3300.76    -21.68    294.16   -375.94    225.38       0     483     487     483
40766  06  12   600  99999.00  99999.00  99999.00  99999.00  99999.00  99999.00  99999.00  99999.00       0       0       4       4
40766  06  12   500  99999.00  99999.00   5635.88   6080.48   -259.47    106.65  -1232.15    485.89       0     479     480     440
40766  06  12   400  99999.00  99999.00   7253.39   7861.79   -420.27     52.77  -1102.96     68.24       0     473     473     444
40766  06  12   300  99999.00  99999.00   9183.00  10111.20   -598.05    -36.45  -1050.21   -223.05       0     473     475     442
40766  06  12   250  99999.00  99999.00  10334.91  11494.23   -666.06   -130.98  -1025.16   -390.36       0     462     465     344
40766  06  12   200  99999.00  99999.00  11715.51  13104.99   -673.06   -305.98  -1045.78   -508.66       0     446     446     139
40766  06  12   150  99999.00  99999.00  13545.47  14969.51   -721.74   -472.86  -1179.78   -557.46       0     407     407     116
40766  06  12   100  99999.00  99999.00  16136.94  17293.62   -925.92   -492.24  -1272.44   -629.36       0     354     379     105
40766  06  12    80  99999.00  99999.00  99999.00  99999.00  99999.00  99999.00  99999.00  99999.00       0       0      20       3
40766  06  12    70  99999.00  99999.00  18407.49  19236.93   -882.38   -534.14  99999.00  99999.00       0     276     278      36
40766  06  12    60  99999.00  99999.00  99999.00  99999.00  99999.00  99999.00  99999.00  99999.00       0       0      34       4
40766  06  12    50  99999.00  99999.00  20492.21  21219.89   -733.62   -515.58  99999.00  99999.00       0     258     260      31
40766  06  12    40  99999.00  99999.00  99999.00  99999.00  99999.00  99999.00  99999.00  99999.00       0       0      28       7
40766  06  12    30  99999.00  99999.00  23698.39  24462.43   -633.53   -434.81  99999.00  99999.00       0     221     227      18
40766  06  12    20  99999.00  99999.00  26285.22  27151.98   -576.34   -386.50  99999.00  99999.00       0     157     167      10
40766  06  12    15  99999.00  99999.00  99999.00  99999.00  99999.00  99999.00  99999.00  99999.00       0       0      34       2
40766  06  12    10  99999.00  99999.00  99999.00  99999.00  -7930.99   6827.81  99999.00  99999.00       0      45      61      36
40766  06  12     7  99999.00  99999.00  99999.00  99999.00  99999.00  99999.00  99999.00  99999.00       0       0       7       6
40766  06  12     5  99999.00  99999.00  99999.00  99999.00  99999.00  99999.00  99999.00  99999.00       0       0       0       0
40766  06  12     3  99999.00  99999.00  99999.00  99999.00  99999.00  99999.00  99999.00  99999.00       0       0       0       0
40766  06  12     2  99999.00  99999.00  99999.00  99999.00  99999.00  99999.00  99999.00  99999.00       0       0       0       0
40766  06  12     1  99999.00  99999.00  99999.00  99999.00  99999.00  99999.00  99999.00  99999.00       0       0       0       0
40766  07  12  9999    848.26    874.90  99999.00  99999.00    253.70    500.30    -18.26    734.74     495       0     488     480
40766  07  12  1000  99999.00  99999.00  99999.00  99999.00  99999.00  99999.00  99999.00  99999.00       0       0       0       0
40766  07  12   925  99999.00  99999.00  99999.00  99999.00  99999.00  99999.00  99999.00  99999.00       0       0       0       0
40766  07  12   900  99999.00  99999.00  99999.00  99999.00  99999.00  99999.00  99999.00  99999.00       0       0       0       0
40766  07  12   850  99999.00  99999.00   1306.12   1578.40    213.17    471.41   -353.00    307.96       0     545     538     528
40766  07  12   800  99999.00  99999.00  99999.00  99999.00  99999.00  99999.00  99999.00  99999.00       0       0       2       2
40766  07  12   700  99999.00  99999.00   2991.48   3294.84     53.22    291.66   -338.97    210.27       0     534     533     527
40766  07  12   600  99999.00  99999.00  99999.00  99999.00  99999.00  99999.00  99999.00  99999.00       0       0       5       4
40766  07  12   500  99999.00  99999.00   5682.70   6096.82   -211.90    118.94  -1248.70    644.90       0     535     538     439
40766  07  12   400  99999.00  99999.00   7381.64   7850.60   -297.29     23.83  -1096.21     39.47       0     521     521     489
40766  07  12   300  99999.00  99999.00   9452.00  10038.32   -386.32   -157.72  -1030.66   -252.22       0     514     516     480
40766  07  12   250  99999.00  99999.00   5395.56  16590.60  -2944.52   2186.20  -1064.26   -331.54       0     510     509     469
40766  07  12   200  99999.00  99999.00  12199.81  12899.29   -553.78   -382.42  -1125.94   -411.58       0     490     488     163
40766  07  12   150  99999.00  99999.00  14038.88  14762.24   -681.56   -515.36  -1151.93   -556.49       0     465     461     145
40766  07  12   100  99999.00  99999.00   9026.84  24541.04   -857.30   -606.74  -1222.73   -674.57       0     432     448     137
40766  07  12    80  99999.00  99999.00  99999.00  99999.00  99999.00  99999.00  99999.00  99999.00       0       0      40       6
40766  07  12    70  99999.00  99999.00  18646.10  19206.50   -876.07   -561.79  99999.00  99999.00       0     324     329      40
40766  07  12    60  99999.00  99999.00  99999.00  99999.00  99999.00  99999.00  99999.00  99999.00       0       0      28       3
40766  07  12    50  99999.00  99999.00  20700.15  21212.79   -730.63   -522.31  99999.00  99999.00       0     303     310      30
40766  07  12    40  99999.00  99999.00  99999.00  99999.00  99999.00  99999.00  99999.00  99999.00       0       0      28       1
40766  07  12    30  99999.00  99999.00  23906.14  24464.62   -620.44   -448.48  99999.00  99999.00       0     247     262      17
40766  07  12    20  99999.00  99999.00  26539.66  27133.90   -573.48   -390.36  99999.00  99999.00       0     171     182       9
40766  07  12    15  99999.00  99999.00  99999.00  99999.00  99999.00  99999.00  99999.00  99999.00       0       0      33       0
40766  07  12    10  99999.00  99999.00  99999.00  99999.00  99999.00  99999.00  99999.00  99999.00       0      35      50      21
40766  07  12     7  99999.00  99999.00  99999.00  99999.00  99999.00  99999.00  99999.00  99999.00       0       0       4       4
40766  07  12     5  99999.00  99999.00  99999.00  99999.00  99999.00  99999.00  99999.00  99999.00       0       0       0       0
40766  07  12     3  99999.00  99999.00  99999.00  99999.00  99999.00  99999.00  99999.00  99999.00       0       0       0       0
40766  07  12     2  99999.00  99999.00  99999.00  99999.00  99999.00  99999.00  99999.00  99999.00       0       0       0       0
40766  07  12     1  99999.00  99999.00  99999.00  99999.00  99999.00  99999.00  99999.00  99999.00       0       0       0       0
40766  08  12  9999    850.34    876.38  99999.00  99999.00    244.47    504.15     -9.35    716.41     501       0     497     486
40766  08  12  1000  99999.00  99999.00  99999.00  99999.00  99999.00  99999.00  99999.00  99999.00       0       0       0       0
40766  08  12   925  99999.00  99999.00  99999.00  99999.00  99999.00  99999.00  99999.00  99999.00       0       0       0       0
40766  08  12   900  99999.00  99999.00  99999.00  99999.00  99999.00  99999.00  99999.00  99999.00       0       0       0       0
40766  08  12   850  99999.00  99999.00   1326.68   1593.92    202.42    472.90   -296.63    237.13       0     530     528     502
40766  08  12   800  99999.00  99999.00  99999.00  99999.00  99999.00  99999.00  99999.00  99999.00       0       0       1       1
40766  08  12   700  99999.00  99999.00   3027.54   3292.02     53.05    285.01   -344.04    204.24       0     517     521     510
40766  08  12   600  99999.00  99999.00  99999.00  99999.00  99999.00  99999.00  99999.00  99999.00       0       0       5       4
40766  08  12   500  99999.00  99999.00   5735.82   6067.98   -220.72    117.32  -1229.66    634.90       0     515     513     407
40766  08  12   400  99999.00  99999.00   7417.31   7825.43   -309.47      9.85  -1068.16     11.12       0     502     504     478
40766  08  12   300  99999.00  99999.00   9468.49  10010.77   -414.66   -157.98  -1025.20   -256.24       0     490     493     463
40766  08  12   250  99999.00  99999.00   5519.51  16441.79   -480.90   -264.18  -1061.17   -352.33       0     480     481     440
40766  08  12   200  99999.00  99999.00  12190.08  12866.16   -561.91   -395.83  -1084.02   -465.30       0     473     474     138
40766  08  12   150  99999.00  99999.00  14008.47  14732.07   -685.44   -529.44  -1175.14   -557.86       0     450     458     133
40766  08  12   100  99999.00  99999.00  16471.57  17146.81   -861.60   -599.64  -1219.94   -682.58       0     433     458     120
40766  08  12    80  99999.00  99999.00  99999.00  99999.00  99999.00  99999.00  99999.00  99999.00       0       0      31       4
40766  08  12    70  99999.00  99999.00  18643.05  19166.73   -839.59   -560.83  99999.00  99999.00       0     321     327      38
40766  08  12    60  99999.00  99999.00  99999.00  99999.00  99999.00  99999.00  99999.00  99999.00       0       0      26       3
40766  08  12    50  99999.00  99999.00  20707.69  21191.41   -710.62   -523.18  99999.00  99999.00       0     288     293      30
40766  08  12    40  99999.00  99999.00  99999.00  99999.00  99999.00  99999.00  99999.00  99999.00       0       0      23       0
40766  08  12    30  99999.00  99999.00  23931.76  24441.52   -609.21   -451.89  99999.00  99999.00       0     238     243      17
40766  08  12    20  99999.00  99999.00  26555.29  27123.49  -5100.52   4015.88  99999.00  99999.00       0     148     157       7
40766  08  12    15  99999.00  99999.00  99999.00  99999.00  99999.00  99999.00  99999.00  99999.00       0       0      29       0
40766  08  12    10  99999.00  99999.00  99999.00  99999.00   -532.26   -286.62  99999.00  99999.00       0      46      68      22
40766  08  12     7  99999.00  99999.00  99999.00  99999.00  99999.00  99999.00  99999.00  99999.00       0       0       7       7
40766  08  12     5  99999.00  99999.00  99999.00  99999.00  99999.00  99999.00  99999.00  99999.00       0       0       0       0
40766  08  12     3  99999.00  99999.00  99999.00  99999.00  99999.00  99999.00  99999.00  99999.00       0       0       0       0
40766  08  12     2  99999.00  99999.00  99999.00  99999.00  99999.00  99999.00  99999.00  99999.00       0       0       0       0
40766  08  12     1  99999.00  99999.00  99999.00  99999.00  99999.00  99999.00  99999.00  99999.00       0       0       0       0
40766  09  12  9999    853.38    880.02  99999.00  99999.00    138.40    512.92   -120.66    766.86     481       0     476     466
40766  09  12  1000  99999.00  99999.00  99999.00  99999.00  99999.00  99999.00  99999.00  99999.00       0       0       0       0
40766  09  12   925  99999.00  99999.00  99999.00  99999.00  99999.00  99999.00  99999.00  99999.00       0       0       0       0
40766  09  12   900  99999.00  99999.00  99999.00  99999.00  99999.00  99999.00  99999.00  99999.00       0       0       0       0
40766  09  12   850  99999.00  99999.00   1358.04   1627.44    110.68    464.56   -356.25    248.07       0     511     508     486
40766  09  12   800  99999.00  99999.00  99999.00  99999.00  99999.00  99999.00  99999.00  99999.00       0       0       2       2
40766  09  12   700  99999.00  99999.00   3028.13   3300.65    -30.85    276.95   -444.01    247.43       0     506     505     497
40766  09  12   600  99999.00  99999.00  99999.00  99999.00  99999.00  99999.00  99999.00  99999.00       0       0       6       6
40766  09  12   500  99999.00  99999.00   5666.55   6075.75   -243.11     85.33  -1132.63    377.45       0     504     506     480
40766  09  12   400  99999.00  99999.00   7293.61   7841.89   -359.50    -24.10  -1050.83     35.53       0     497     497     480
40766  09  12   300  99999.00  99999.00   9252.84  10040.64   -544.16   -125.24  -1081.27   -154.75       0     491     491     469
40766  09  12   250  99999.00  99999.00  10418.79  11390.55   -615.73   -217.45  -1057.28   -345.32       0     482     486     296
40766  09  12   200  99999.00  99999.00  11827.45  12950.05   -638.95   -378.79  -1097.46   -458.94       0     478     477     155
40766  09  12   150  99999.00  99999.00  13622.05  14808.25   -708.53   -529.73  -1157.49   -580.05       0     454     453     143
40766  09  12   100  99999.00  99999.00  16126.52  17199.20   -910.90   -510.22  -1280.16   -613.92       0     406     438     112
40766  09  12    80  99999.00  99999.00  99999.00  99999.00  99999.00  99999.00  99999.00  99999.00       0       0      18       1
40766  09  12    70  99999.00  99999.00  18406.36  19156.60   -829.77   -526.89  99999.00  99999.00       0     298     300      50
40766  09  12    60  99999.00  99999.00  99999.00  99999.00  99999.00  99999.00  99999.00  99999.00       0       0      32       8
40766  09  12    50  99999.00  99999.00  20495.52  21185.28   -718.25   -505.49  99999.00  99999.00       0     275     273      39
40766  09  12    40  99999.00  99999.00  99999.00  99999.00  99999.00  99999.00  99999.00  99999.00       0       0      25       2
40766  09  12    30  99999.00  99999.00  23687.92  24458.44   -634.26   -442.26  99999.00  99999.00       0     245     251      26
40766  09  12    20  99999.00  99999.00  26294.67  27103.35   -586.38   -403.50  99999.00  99999.00       0     182     190      16
40766  09  12    15  99999.00  99999.00  99999.00  99999.00  99999.00  99999.00  99999.00  99999.00       0       0      35       0
40766  09  12    10  99999.00  99999.00  99999.00  99999.00   -556.45   -293.41  99999.00  99999.00       0      30      61       9
40766  09  12     7  99999.00  99999.00  99999.00  99999.00  99999.00  99999.00  99999.00  99999.00       0       0       4       2
40766  09  12     5  99999.00  99999.00  99999.00  99999.00  99999.00  99999.00  99999.00  99999.00       0       0       0       0
40766  09  12     3  99999.00  99999.00  99999.00  99999.00  99999.00  99999.00  99999.00  99999.00       0       0       0       0
40766  09  12     2  99999.00  99999.00  99999.00  99999.00  99999.00  99999.00  99999.00  99999.00       0       0       0       0
40766  09  12     1  99999.00  99999.00  99999.00  99999.00  99999.00  99999.00  99999.00  99999.00       0       0       0       0
40766  10  12  9999    857.05    883.93  99999.00  99999.00     -5.31    512.37   -233.71    733.97     493       0     489     485
40766  10  12  1000  99999.00  99999.00  99999.00  99999.00  99999.00  99999.00  99999.00  99999.00       0       0       0       0
40766  10  12   925  99999.00  99999.00  99999.00  99999.00  99999.00  99999.00  99999.00  99999.00       0       0       0       0
40766  10  12   900  99999.00  99999.00  99999.00  99999.00  99999.00  99999.00  99999.00  99999.00       0       0       0       0
40766  10  12   850  99999.00  99999.00   1398.74   1656.26     -9.81    442.23   -365.48    296.56       0     517     517     516
40766  10  12   800  99999.00  99999.00  99999.00  99999.00  99999.00  99999.00  99999.00  99999.00       0       0       0       0
40766  10  12   700  99999.00  99999.00   2991.20   3333.08   -104.77    230.03   -452.21    287.95       0     521     523     514
40766  10  12   600  99999.00  99999.00  99999.00  99999.00  99999.00  99999.00  99999.00  99999.00       0       0       5       5
40766  10  12   500  99999.00  99999.00   5552.89   6083.89   -269.97     14.31   -997.69    366.59       0     516     514     507
40766  10  12   400  99999.00  99999.00   7143.06   7823.22   -389.24   -101.48  -1037.79    156.09       0     497     500     492
40766  10  12   300  99999.00  99999.00   9078.88   9942.52   -553.56   -248.28  -1015.00   -131.80       0     498     500     328
40766  10  12   250  99999.00  99999.00  10243.83  11220.15   -664.49   -307.61   -983.34   -331.02       0     493     494     162
40766  10  12   200  99999.00  99999.00  11626.52  12721.28   -769.88   -349.64  -1039.80   -446.76       0     480     476     151
40766  10  12   150  99999.00  99999.00  13400.06  14564.18   -768.46   -466.54  -1145.69   -530.33       0     439     442     133
40766  10  12   100  99999.00  99999.00  15930.45  16982.13   -833.02   -493.78  -1176.04   -628.00       0     385     407     108
40766  10  12    80  99999.00  99999.00  99999.00  99999.00  99999.00  99999.00  99999.00  99999.00       0       0      34       3
40766  10  12    70  99999.00  99999.00  18173.72  19078.04  -4018.04   2642.68  99999.00  99999.00       0     279     284      41
40766  10  12    60  99999.00  99999.00  99999.00  99999.00  99999.00  99999.00  99999.00  99999.00       0       0      32       3
40766  10  12    50  99999.00  99999.00  20265.45  21114.09  -4147.90   2835.62  99999.00  99999.00       0     256     260      32
40766  10  12    40  99999.00  99999.00  99999.00  99999.00  99999.00  99999.00  99999.00  99999.00       0       0      28       0
40766  10  12    30  99999.00  99999.00  23414.24  24386.48  -5650.89   4382.55  99999.00  99999.00       0     220     226      23
40766  10  12    20  99999.00  99999.00  25960.13  27076.97   -623.45   -393.41  99999.00  99999.00       0     159     165      17
40766  10  12    15  99999.00  99999.00  99999.00  99999.00  99999.00  99999.00  99999.00  99999.00       0       0      34       7
40766  10  12    10  99999.00  99999.00  99999.00  99999.00   -589.26   -287.22  99999.00  99999.00       0      54      79       8
40766  10  12     7  99999.00  99999.00  99999.00  99999.00  99999.00  99999.00  99999.00  99999.00       0       0      15       9
40766  10  12     5  99999.00  99999.00  99999.00  99999.00  99999.00  99999.00  99999.00  99999.00       0       0       0       0
40766  10  12     3  99999.00  99999.00  99999.00  99999.00  99999.00  99999.00  99999.00  99999.00       0       0       0       0
40766  10  12     2  99999.00  99999.00  99999.00  99999.00  99999.00  99999.00  99999.00  99999.00       0       0       0       0
40766  10  12     1  99999.00  99999.00  99999.00  99999.00  99999.00  99999.00  99999.00  99999.00       0       0       0       0
40766  11  12  9999    855.51    886.71  99999.00  99999.00    -87.67    409.49   -253.88    596.56     459       0     458     457
40766  11  12  1000  99999.00  99999.00  99999.00  99999.00  99999.00  99999.00  99999.00  99999.00       0       0       0       0
40766  11  12   925  99999.00  99999.00  99999.00  99999.00  99999.00  99999.00  99999.00  99999.00       0       0       0       0
40766  11  12   900  99999.00  99999.00  99999.00  99999.00  99999.00  99999.00  99999.00  99999.00       0       0       0       0
40766  11  12   850  99999.00  99999.00   1371.92   1680.68   -102.99    358.29   -354.46    293.66       0     481     482     482
40766  11  12   800  99999.00  99999.00  99999.00  99999.00  99999.00  99999.00  99999.00  99999.00       0       0       2       2
40766  11  12   700  99999.00  99999.00   2905.69   3326.41   -198.60    193.80   -751.34    492.10       0     476     478     469
40766  11  12   600  99999.00  99999.00  99999.00  99999.00  99999.00  99999.00  99999.00  99999.00       0       0       2       2
40766  11  12   500  99999.00  99999.00   5374.63   6077.59   -339.88      1.64  -1045.66    323.78       0     483     483     475
40766  11  12   400  99999.00  99999.00   6904.30   7823.62   -459.79   -113.35  -1099.35    169.89       0     475     475     470
40766  11  12   300  99999.00  99999.00   8802.77   9914.93   -599.14   -275.02  -1012.37   -137.09       0     468     470     161
40766  11  12   250  99999.00  99999.00   9951.21  11173.29   -682.81   -354.25   -982.15   -342.67       0     458     461     133
40766  11  12   200  99999.00  99999.00  11352.59  12620.39   -782.95   -370.51  -1006.75   -491.35       0     433     434     118
40766  11  12   150  99999.00  99999.00  13203.43  14367.67   -770.48   -435.92  -1142.81   -526.01       0     391     394      99
40766  11  12   100  99999.00  99999.00  15763.85  16806.29   -804.83   -478.55  -1266.78   -515.58       0     341     357      76
40766  11  12    80  99999.00  99999.00  99999.00  99999.00  99999.00  99999.00  99999.00  99999.00       0       0      31       4
40766  11  12    70  99999.00  99999.00  18010.92  18928.08   -797.12   -482.24  99999.00  99999.00       0     241     242      20
40766  11  12    60  99999.00  99999.00  99999.00  99999.00  99999.00  99999.00  99999.00  99999.00       0       0      40       1
40766  11  12    50  99999.00  99999.00  20128.45  20958.37   -776.20   -468.52  99999.00  99999.00       0     211     219      12
40766  11  12    40  99999.00  99999.00  99999.00  99999.00  99999.00  99999.00  99999.00  99999.00       0       0      37       0
40766  11  12    30  99999.00  99999.00  23333.00  24148.04   -737.77   -397.33  99999.00  99999.00       0     173     185       7
40766  11  12    20  99999.00  99999.00  25788.14  26905.34   -688.19   -350.75  99999.00  99999.00       0     138     140       2
40766  11  12    15  99999.00  99999.00  99999.00  99999.00  99999.00  99999.00  99999.00  99999.00       0       0      42       1
40766  11  12    10  99999.00  99999.00  30241.21  31536.49  -6532.52   5417.44  99999.00  99999.00       0      61      92       5
40766  11  12     7  99999.00  99999.00  99999.00  99999.00  99999.00  99999.00  99999.00  99999.00       0       0      13       1
40766  11  12     5  99999.00  99999.00  99999.00  99999.00  99999.00  99999.00  99999.00  99999.00       0       0       1       1
40766  11  12     3  99999.00  99999.00  99999.00  99999.00  99999.00  99999.00  99999.00  99999.00       0       0       0       0
40766  11  12     2  99999.00  99999.00  99999.00  99999.00  99999.00  99999.00  99999.00  99999.00       0       0       0       0
40766  11  12     1  99999.00  99999.00  99999.00  99999.00  99999.00  99999.00  99999.00  99999.00       0       0       0       0
40766  12  12  9999    851.32    891.04  99999.00  99999.00   -170.71    381.05   -296.07    565.77     491       0     489     489
40766  12  12  1000  99999.00  99999.00  99999.00  99999.00  99999.00  99999.00  99999.00  99999.00       0       0       0       0
40766  12  12   925  99999.00  99999.00  99999.00  99999.00  99999.00  99999.00  99999.00  99999.00       0       0       0       0
40766  12  12   900  99999.00  99999.00  99999.00  99999.00  99999.00  99999.00  99999.00  99999.00       0       0       0       0
40766  12  12   850  99999.00  99999.00   1332.34   1711.54   -185.06    334.18   -378.89    273.43       0     506     508     508
40766  12  12   800  99999.00  99999.00  99999.00  99999.00  99999.00  99999.00  99999.00  99999.00       0       0       6       6
40766  12  12   700  99999.00  99999.00   2826.18   3346.74   -272.75    201.25   -877.09    534.47       0     511     505     498
40766  12  12   600  99999.00  99999.00  99999.00  99999.00  99999.00  99999.00  99999.00  99999.00       0       0       6       6
40766  12  12   500  99999.00  99999.00   5215.57   6120.61   -412.28     20.32  -1103.49    355.95       0     507     509     502
40766  12  12   400  99999.00  99999.00   6722.84   7856.00   -512.46   -110.82  -1140.30    174.30       0     500     503     500
40766  12  12   300  99999.00  99999.00   8575.83   9950.67   -629.01   -283.41  -1123.36   -108.76       0     489     493     156
40766  12  12   250  99999.00  99999.00   9731.63  11184.47   -696.79   -358.63  -1082.96   -303.32       0     476     474     133
40766  12  12   200  99999.00  99999.00  11201.70  12564.06   -833.97   -311.13  -1119.93   -417.09       0     423     427     109
40766  12  12   150  99999.00  99999.00  13109.38  14285.74   -798.23   -383.03  -1235.72   -441.56       0     373     376      85
40766  12  12   100  99999.00  99999.00  15700.95  16734.87   -808.75   -460.03  99999.00  99999.00       0     301     327      46
40766  12  12    80  99999.00  99999.00  99999.00  99999.00  99999.00  99999.00  99999.00  99999.00       0       0      13       0
40766  12  12    70  99999.00  99999.00  17957.57  18849.77   -814.36   -466.84  99999.00  99999.00       0     221     223       7
40766  12  12    60  99999.00  99999.00  99999.00  99999.00  99999.00  99999.00  99999.00  99999.00       0       0      24       0
40766  12  12    50  99999.00  99999.00  20054.20  20888.68   -800.24   -441.08  99999.00  99999.00       0     202     205       5
40766  12  12    40  99999.00  99999.00  99999.00  99999.00  99999.00  99999.00  99999.00  99999.00       0       0      26       1
40766  12  12    30  99999.00  99999.00  23171.21  24144.29   -781.90   -359.62  99999.00  99999.00       0     160     161       3
40766  12  12    20  99999.00  99999.00  25706.80  26795.32   -765.39   -295.23  99999.00  99999.00       0     113     118       1
40766  12  12    15  99999.00  99999.00  99999.00  99999.00  99999.00  99999.00  99999.00  99999.00       0       0      40       0
40766  12  12    10  99999.00  99999.00  99999.00  99999.00  -7955.98   6710.90  99999.00  99999.00       0      43      61      10
40766  12  12     7  99999.00  99999.00  99999.00  99999.00  99999.00  99999.00  99999.00  99999.00       0       0       7       1
40766  12  12     5  99999.00  99999.00  99999.00  99999.00  99999.00  99999.00  99999.00  99999.00       0       0       1       1
40766  12  12     3  99999.00  99999.00  99999.00  99999.00  99999.00  99999.00  99999.00  99999.00       0       0       0       0
40766  12  12     2  99999.00  99999.00  99999.00  99999.00  99999.00  99999.00  99999.00  99999.00       0       0       0       0
40766  12  12     1  99999.00  99999.00  99999.00  99999.00  99999.00  99999.00  99999.00  99999.00       0       0       0       0
