54102  01  12  9999   8724.43   9420.79  99999.00  99999.00   -491.93    132.79   -514.12     71.96     981       0     981     981
54102  01  12  1000  99999.00  99999.00  99999.00  99999.00  99999.00  99999.00  99999.00  99999.00       0       0       0       0
54102  01  12   925  99999.00  99999.00  99999.00  99999.00  99999.00  99999.00  99999.00  99999.00       0       0       0       0
54102  01  12   900  99999.00  99999.00  99999.00  99999.00  99999.00  99999.00  99999.00  99999.00       0      40      40      40
54102  01  12   850  99999.00  99999.00   1213.46   1747.82   -490.34    161.86   -530.03    104.41       0    1023    1018    1018
54102  01  12   800  99999.00  99999.00  99999.00  99999.00  99999.00  99999.00  99999.00  99999.00       0       0       0       0
54102  01  12   700  99999.00  99999.00   2620.21   3242.41   -556.93    147.59   -686.33    115.15       0    1022    1022    1022
54102  01  12   600  99999.00  99999.00   3644.36   4476.92   -581.67     62.61   -722.82     32.34       0    1021    1022    1022
54102  01  12   500  99999.00  99999.00   4813.01   5907.41   -621.64    -55.84   -788.56    -60.52       0    1022    1022    1022
54102  01  12   400  99999.00  99999.00   6206.88   7575.84   -658.08   -219.24   -839.87   -198.83       0    1021    1021    1021
54102  01  12   300  99999.00  99999.00   7997.90   9552.74   -709.09   -379.81   -894.66   -346.86       0    1018    1019     998
54102  01  12   250  99999.00  99999.00   9184.42  10684.30   -824.65   -316.09   -959.62   -303.82       0    1016    1017     658
54102  01  12   200  99999.00  99999.00  10680.14  12021.86   -824.26   -279.82   -956.89   -277.93       0    1009    1011     585
54102  01  12   150  99999.00  99999.00  12551.75  13838.87   -739.87   -335.23   -992.48   -249.32       0    1007    1009     581
54102  01  12   100  99999.00  99999.00  15108.19  16484.11   -744.10   -345.22  -1028.09   -246.41       0     987     990     553
54102  01  12    80  99999.00  99999.00  99999.00  99999.00  99999.00  99999.00  99999.00  99999.00       0       0       0       0
54102  01  12    70  99999.00  99999.00  17309.15  18851.27   -776.64   -307.20  99999.00  99999.00       0     961     966      38
54102  01  12    60  99999.00  99999.00  99999.00  99999.00  99999.00  99999.00  99999.00  99999.00       0       0       0       0
54102  01  12    50  99999.00  99999.00  19363.42  21120.10   -766.03   -298.39  99999.00  99999.00       0     943     951      34
54102  01  12    40  99999.00  99999.00  20730.44  22628.60   -767.17   -283.21  99999.00  99999.00       0     916     924      34
54102  01  12    30  99999.00  99999.00  22503.99  24582.03   -782.98   -246.70  99999.00  99999.00       0     852     862      29
54102  01  12    20  99999.00  99999.00  24992.68  27375.16   -796.96   -197.92  99999.00  99999.00       0     716     724      20
54102  01  12    15  99999.00  99999.00  26807.95  29345.83   -821.15   -143.39  99999.00  99999.00       0     497     500      12
54102  01  12    10  99999.00  99999.00  29247.67  32236.51   -821.72   -106.88  99999.00  99999.00       0     149     149       3
54102  01  12     7  99999.00  99999.00  99999.00  99999.00  99999.00  99999.00  99999.00  99999.00       0      20      20       0
54102  01  12     5  99999.00  99999.00  99999.00  99999.00  99999.00  99999.00  99999.00  99999.00       0       1       1       0
54102  01  12     3  99999.00  99999.00  99999.00  99999.00  99999.00  99999.00  99999.00  99999.00       0       0       0       0
54102  01  12     2  99999.00  99999.00  99999.00  99999.00  99999.00  99999.00  99999.00  99999.00       0       0       0       0
54102  01  12     1  99999.00  99999.00  99999.00  99999.00  99999.00  99999.00  99999.00  99999.00       0       0       0       0
54102  02  12  9999   8676.18   9427.86  99999.00  99999.00   -509.31    266.01   -531.67    168.53     900       0     900     900
54102  02  12  1000  99999.00  99999.00  99999.00  99999.00  99999.00  99999.00  99999.00  99999.00       0       0       0       0
54102  02  12   925  99999.00  99999.00  99999.00  99999.00  99999.00  99999.00  99999.00  99999.00       0       0       0       0
54102  02  12   900  99999.00  99999.00  99999.00  99999.00  99999.00  99999.00  99999.00  99999.00       0      32      32      32
54102  02  12   850  99999.00  99999.00   1189.01   1758.41   -523.05    280.47   -564.47    181.33       0     933     933     933
54102  02  12   800  99999.00  99999.00  99999.00  99999.00  99999.00  99999.00  99999.00  99999.00       0       0       0       0
54102  02  12   700  99999.00  99999.00   2623.63   3256.27   -562.83    189.09   -740.38    178.70       0     933     933     933
54102  02  12   600  99999.00  99999.00   3646.05   4506.45   -592.92    102.96   -799.28    113.08       0     933     931     931
54102  02  12   500  99999.00  99999.00   4805.52   5961.00   -636.89    -13.85   -846.22      8.66       0     933     932     932
54102  02  12   400  99999.00  99999.00   6184.90   7659.82   -684.32   -170.72   -885.07   -139.39       0     932     932     932
54102  02  12   300  99999.00  99999.00   7956.38   9673.34   -720.32   -356.24   -920.15   -313.43       0     928     928     911
54102  02  12   250  99999.00  99999.00   9130.83  10820.07   -825.77   -313.61   -950.93   -310.25       0     928     928     612
54102  02  12   200  99999.00  99999.00  10635.84  12145.44   -853.82   -254.06   -939.44   -289.28       0     927     926     504
54102  02  12   150  99999.00  99999.00  12516.46  13950.58   -758.22   -319.62   -975.07   -264.67       0     920     920     498
54102  02  12   100  99999.00  99999.00  15076.62  16585.86   -784.16   -314.48  -1005.11   -268.91       0     904     904     475
54102  02  12    80  99999.00  99999.00  99999.00  99999.00  99999.00  99999.00  99999.00  99999.00       0       0       0       0
54102  02  12    70  99999.00  99999.00  17265.56  18951.56   -812.19   -288.51  99999.00  99999.00       0     882     883      34
54102  02  12    60  99999.00  99999.00  99999.00  99999.00  99999.00  99999.00  99999.00  99999.00       0       0       0       0
54102  02  12    50  99999.00  99999.00  19313.62  21206.50   -814.32   -271.92  99999.00  99999.00       0     857     860      31
54102  02  12    40  99999.00  99999.00  20682.27  22698.87   -786.24   -285.24  99999.00  99999.00       0     824     831      31
54102  02  12    30  99999.00  99999.00  22451.93  24625.37   -777.40   -277.00  99999.00  99999.00       0     760     767      30
54102  02  12    20  99999.00  99999.00  24948.51  27376.71   -756.15   -262.59  99999.00  99999.00       0     603     611      21
54102  02  12    15  99999.00  99999.00  26699.65  29348.29   -752.82   -241.74  99999.00  99999.00       0     423     425      13
54102  02  12    10  99999.00  99999.00  29328.80  32051.36   -756.95   -198.71  99999.00  99999.00       0     104     104       3
54102  02  12     7  99999.00  99999.00  99999.00  99999.00  99999.00  99999.00  99999.00  99999.00       0      14      14       1
54102  02  12     5  99999.00  99999.00  99999.00  99999.00  99999.00  99999.00  99999.00  99999.00       0       1       1       0
54102  02  12     3  99999.00  99999.00  99999.00  99999.00  99999.00  99999.00  99999.00  99999.00       0       0       0       0
54102  02  12     2  99999.00  99999.00  99999.00  99999.00  99999.00  99999.00  99999.00  99999.00       0       0       0       0
54102  02  12     1  99999.00  99999.00  99999.00  99999.00  99999.00  99999.00  99999.00  99999.00       0       0       0       0
54102  03  12  9999   8621.47   9418.39  99999.00  99999.00   -419.45    364.03   -501.12    228.24     970       0     969     969
54102  03  12  1000  99999.00  99999.00  99999.00  99999.00  99999.00  99999.00  99999.00  99999.00       0       0       0       0
54102  03  12   925  99999.00  99999.00  99999.00  99999.00  99999.00  99999.00  99999.00  99999.00       0       0       0       0
54102  03  12   900  99999.00  99999.00  99999.00  99999.00  99999.00  99999.00  99999.00  99999.00       0      50      50      50
54102  03  12   850  99999.00  99999.00   1154.79   1767.99   -466.54    367.70   -548.46    220.74       0    1021    1012    1012
54102  03  12   800  99999.00  99999.00  99999.00  99999.00  99999.00  99999.00  99999.00  99999.00       0       0       0       0
54102  03  12   700  99999.00  99999.00   2654.21   3262.61   -515.96    218.20   -721.00    211.64       0    1022    1020    1020
54102  03  12   600  99999.00  99999.00   3708.67   4509.43   -550.56    116.28   -815.90    165.94       0    1020    1019    1019
54102  03  12   500  99999.00  99999.00   4892.08   5968.48   -610.04     10.84   -872.91     67.05       0    1022    1020    1020
54102  03  12   400  99999.00  99999.00   6288.58   7682.50   -676.38   -133.14   -905.37    -91.53       0    1017    1018    1018
54102  03  12   300  99999.00  99999.00   8044.60   9742.00   -726.42   -322.02   -935.16   -286.92       0    1014    1015    1009
54102  03  12   250  99999.00  99999.00   9197.20  10921.96   -795.36   -334.20   -956.62   -326.14       0    1012    1013     774
54102  03  12   200  99999.00  99999.00  10686.20  12261.80   -854.28   -263.28   -984.23   -279.59       0    1010    1010     575
54102  03  12   150  99999.00  99999.00  12571.12  14055.52   -740.47   -345.19  -1013.41   -261.37       0    1005    1007     567
54102  03  12   100  99999.00  99999.00  15143.28  16666.80   -740.33   -371.69  -1053.57   -266.37       0     985     990     536
54102  03  12    80  99999.00  99999.00  99999.00  99999.00  99999.00  99999.00  99999.00  99999.00       0       0       0       0
54102  03  12    70  99999.00  99999.00  17378.20  18971.56   -767.57   -347.57  99999.00  99999.00       0     963     971      28
54102  03  12    60  99999.00  99999.00  99999.00  99999.00  99999.00  99999.00  99999.00  99999.00       0       0       0       0
54102  03  12    50  99999.00  99999.00  19476.45  21169.05   -772.72   -322.48  99999.00  99999.00       0     936     944      26
54102  03  12    40  99999.00  99999.00  20862.59  22639.19   -764.78   -313.22  99999.00  99999.00       0     909     919      25
54102  03  12    30  99999.00  99999.00  22646.92  24553.60   -750.42   -301.98  99999.00  99999.00       0     854     865      23
54102  03  12    20  99999.00  99999.00  25184.07  27275.07   -734.21   -269.45  99999.00  99999.00       0     717     724      18
54102  03  12    15  99999.00  99999.00  27020.06  29193.98   -746.05   -218.17  99999.00  99999.00       0     500     503      10
54102  03  12    10  99999.00  99999.00  29736.42  31873.14   -717.09   -190.17  99999.00  99999.00       0     138     138       2
54102  03  12     7  99999.00  99999.00  99999.00  99999.00  99999.00  99999.00  99999.00  99999.00       0      15      15       0
54102  03  12     5  99999.00  99999.00  99999.00  99999.00  99999.00  99999.00  99999.00  99999.00       0       1       1       0
54102  03  12     3  99999.00  99999.00  99999.00  99999.00  99999.00  99999.00  99999.00  99999.00       0       0       0       0
54102  03  12     2  99999.00  99999.00  99999.00  99999.00  99999.00  99999.00  99999.00  99999.00       0       0       0       0
54102  03  12     1  99999.00  99999.00  99999.00  99999.00  99999.00  99999.00  99999.00  99999.00       0       0       0       0
54102  04  12  9999   8591.68   9356.68  99999.00  99999.00   -299.18    469.54   -573.23    348.97     919       0     919     919
54102  04  12  1000  99999.00  99999.00  99999.00  99999.00  99999.00  99999.00  99999.00  99999.00       0       0       0       0
54102  04  12   925  99999.00  99999.00  99999.00  99999.00  99999.00  99999.00  99999.00  99999.00       0       0       0       0
54102  04  12   900  99999.00  99999.00    955.54   1032.70   -254.58    408.90   -544.14    313.38       0      68      68      68
54102  04  12   850  99999.00  99999.00   1131.07   1751.71   -357.38    470.74   -640.99    357.41       0     990     977     977
54102  04  12   800  99999.00  99999.00  99999.00  99999.00  99999.00  99999.00  99999.00  99999.00       0       0       0       0
54102  04  12   700  99999.00  99999.00   2684.16   3298.20   -459.19    315.89   -659.94    247.62       0     989     988     988
54102  04  12   600  99999.00  99999.00   3774.62   4572.50   -498.10    190.70   -804.58    254.30       0     989     985     985
54102  04  12   500  99999.00  99999.00   4992.27   6060.39   -558.62     69.82   -899.43    168.33       0     988     986     986
54102  04  12   400  99999.00  99999.00   6413.84   7817.84   -656.84    -56.24   -948.31     18.29       0     983     985     985
54102  04  12   300  99999.00  99999.00   8171.95   9947.47   -734.15   -243.23   -986.59   -182.95       0     980     982     981
54102  04  12   250  99999.00  99999.00   9302.33  11177.33   -779.24   -313.64   -995.54   -274.94       0     977     978     901
54102  04  12   200  99999.00  99999.00  10782.89  12534.41   -875.76   -249.84  -1007.75   -264.35       0     976     974     549
54102  04  12   150  99999.00  99999.00  12715.48  14269.00   -773.46   -325.86  -1037.53   -254.89       0     967     967     531
54102  04  12   100  99999.00  99999.00  15319.64  16827.56   -746.27   -385.43  -1042.19   -294.71       0     947     949     478
54102  04  12    80  99999.00  99999.00  99999.00  99999.00  99999.00  99999.00  99999.00  99999.00       0       0       0       0
54102  04  12    70  99999.00  99999.00  17594.16  19066.92   -760.44   -382.80  99999.00  99999.00       0     920     923      11
54102  04  12    60  99999.00  99999.00  99999.00  99999.00  99999.00  99999.00  99999.00  99999.00       0       0       0       0
54102  04  12    50  99999.00  99999.00  19737.17  21188.57   -760.57   -361.45  99999.00  99999.00       0     899     906      10
54102  04  12    40  99999.00  99999.00  21146.36  22623.20   -749.05   -348.73  99999.00  99999.00       0     877     884      10
54102  04  12    30  99999.00  99999.00  22981.33  24480.37   -733.82   -321.38  99999.00  99999.00       0     824     837      10
54102  04  12    20  99999.00  99999.00  25562.64  27163.92   -703.34   -290.66  99999.00  99999.00       0     720     733       9
54102  04  12    15  99999.00  99999.00  27385.21  29112.61   -701.12   -250.40  99999.00  99999.00       0     525     531       7
54102  04  12    10  99999.00  99999.00  30033.35  31799.27   -698.37   -215.97  99999.00  99999.00       0     127     127       2
54102  04  12     7  99999.00  99999.00  99999.00  99999.00  99999.00  99999.00  99999.00  99999.00       0      22      22       0
54102  04  12     5  99999.00  99999.00  99999.00  99999.00  99999.00  99999.00  99999.00  99999.00       0       1       1       0
54102  04  12     3  99999.00  99999.00  99999.00  99999.00  99999.00  99999.00  99999.00  99999.00       0       0       0       0
54102  04  12     2  99999.00  99999.00  99999.00  99999.00  99999.00  99999.00  99999.00  99999.00       0       0       0       0
54102  04  12     1  99999.00  99999.00  99999.00  99999.00  99999.00  99999.00  99999.00  99999.00       0       0       0       0
54102  05  12  9999   8666.30   9249.26  99999.00  99999.00   -178.90    511.46   -530.30    438.94     975       0     974     974
54102  05  12  1000  99999.00  99999.00  99999.00  99999.00  99999.00  99999.00  99999.00  99999.00       0       0       0       0
54102  05  12   925  99999.00  99999.00  99999.00  99999.00  99999.00  99999.00  99999.00  99999.00       0       0       0       0
54102  05  12   900  99999.00  99999.00  99999.00  99999.00  99999.00  99999.00  99999.00  99999.00       0      45      45      45
54102  05  12   850  99999.00  99999.00   1180.85   1697.21   -223.70    488.86   -637.00    476.24       0    1022    1014    1013
54102  05  12   800  99999.00  99999.00  99999.00  99999.00  99999.00  99999.00  99999.00  99999.00       0       0       0       0
54102  05  12   700  99999.00  99999.00   2741.55   3323.07   -320.33    321.67   -626.35    345.89       0    1022    1022    1022
54102  05  12   600  99999.00  99999.00   3871.74   4620.66   -373.06    193.70   -711.62    308.26       0    1021    1020    1020
54102  05  12   500  99999.00  99999.00   5146.34   6118.46   -450.70     83.18   -864.56    263.20       0    1022    1020    1020
54102  05  12   400  99999.00  99999.00   6632.82   7888.98   -575.86    -24.10   -925.14    105.66       0    1015    1016    1016
54102  05  12   300  99999.00  99999.00   8438.08  10056.88   -693.06   -196.38   -970.17   -109.65       0    1010    1011    1011
54102  05  12   250  99999.00  99999.00   9574.93  11321.77   -748.23   -281.07   -981.49   -231.61       0    1010    1008    1004
54102  05  12   200  99999.00  99999.00  11041.15  12723.79   -857.10   -239.94  -1002.93   -260.49       0    1007    1004     739
54102  05  12   150  99999.00  99999.00  12984.57  14465.01   -753.57   -326.01  -1042.00   -240.52       0     999    1002     651
54102  05  12   100  99999.00  99999.00  15640.63  16984.63   -738.34   -389.74  -1079.89   -264.01       0     982     985     594
54102  05  12    80  99999.00  99999.00  99999.00  99999.00  99999.00  99999.00  99999.00  99999.00       0       0       0       0
54102  05  12    70  99999.00  99999.00  17956.28  19182.08   -755.11   -393.67  99999.00  99999.00       0     971     975      28
54102  05  12    60  99999.00  99999.00  99999.00  99999.00  99999.00  99999.00  99999.00  99999.00       0       0       0       0
54102  05  12    50  99999.00  99999.00  20106.21  21290.73   -715.63   -406.51  99999.00  99999.00       0     950     954      26
54102  05  12    40  99999.00  99999.00  21518.76  22724.28   -690.59   -398.75  99999.00  99999.00       0     932     936      26
54102  05  12    30  99999.00  99999.00  23345.29  24596.89   -669.50   -374.54  99999.00  99999.00       0     896     901      26
54102  05  12    20  99999.00  99999.00  25923.23  27294.35   -635.51   -348.59  99999.00  99999.00       0     786     793      24
54102  05  12    15  99999.00  99999.00  27745.16  29244.92   -626.16   -320.16  99999.00  99999.00       0     596     599      22
54102  05  12    10  99999.00  99999.00  30336.26  32037.86   -618.68   -280.16  99999.00  99999.00       0     207     208      14
54102  05  12     7  99999.00  99999.00  99999.00  99999.00  99999.00  99999.00  99999.00  99999.00       0      33      33       1
54102  05  12     5  99999.00  99999.00  99999.00  99999.00  99999.00  99999.00  99999.00  99999.00       0       0       0       0
54102  05  12     3  99999.00  99999.00  99999.00  99999.00  99999.00  99999.00  99999.00  99999.00       0       0       0       0
54102  05  12     2  99999.00  99999.00  99999.00  99999.00  99999.00  99999.00  99999.00  99999.00       0       0       0       0
54102  05  12     1  99999.00  99999.00  99999.00  99999.00  99999.00  99999.00  99999.00  99999.00       0       0       0       0
54102  06  12  9999   8701.72   9172.36  99999.00  99999.00    -72.73    512.39   -408.94    486.74     965       0     964     964
54102  06  12  1000  99999.00  99999.00  99999.00  99999.00  99999.00  99999.00  99999.00  99999.00       0       0       0       0
54102  06  12   925  99999.00  99999.00  99999.00  99999.00  99999.00  99999.00  99999.00  99999.00       0       0       0       0
54102  06  12   900  99999.00  99999.00  99999.00  99999.00  99999.00  99999.00  99999.00  99999.00       0      22      22      22
54102  06  12   850  99999.00  99999.00   1203.01   1652.77   -102.66    474.66   -490.27    502.85       0     989     986     986
54102  06  12   800  99999.00  99999.00  99999.00  99999.00  99999.00  99999.00  99999.00  99999.00       0       0       0       0
54102  06  12   700  99999.00  99999.00   2784.59   3322.07   -185.39    290.77   -429.20    318.52       0     989     988     988
54102  06  12   600  99999.00  99999.00   3961.16   4622.48   -243.34    170.66   -619.43    357.61       0     988     986     986
54102  06  12   500  99999.00  99999.00   5303.47   6113.95   -330.45     78.87   -828.91    341.21       0     988     987     987
54102  06  12   400  99999.00  99999.00   6867.39   7883.67   -468.61    -14.29   -908.02    191.30       0     982     983     983
54102  06  12   300  99999.00  99999.00   8744.39  10074.11   -629.67   -159.87   -949.18    -34.42       0     976     977     977
54102  06  12   250  99999.00  99999.00   9887.72  11378.72   -700.36   -256.60   -975.43   -164.11       0     973     973     973
54102  06  12   200  99999.00  99999.00  11328.67  12838.75   -827.08   -239.80   -996.36   -243.00       0     968     966     875
54102  06  12   150  99999.00  99999.00  13250.53  14619.01   -741.27   -325.11  -1008.86   -250.82       0     962     961     740
54102  06  12   100  99999.00  99999.00  15921.55  17130.67   -738.19   -391.03  -1048.49   -280.25       0     945     948     646
54102  06  12    80  99999.00  99999.00  99999.00  99999.00  99999.00  99999.00  99999.00  99999.00       0       0       0       0
54102  06  12    70  99999.00  99999.00  18238.40  19325.48   -732.48   -411.12  99999.00  99999.00       0     925     927      28
54102  06  12    60  99999.00  99999.00  99999.00  99999.00  99999.00  99999.00  99999.00  99999.00       0       0       0       0
54102  06  12    50  99999.00  99999.00  20375.96  21461.00   -682.31   -419.27  99999.00  99999.00       0     899     903      27
54102  06  12    40  99999.00  99999.00  21780.85  22917.49   -657.66   -405.30  99999.00  99999.00       0     879     886      27
54102  06  12    30  99999.00  99999.00  23595.74  24828.02   -630.46   -384.70  99999.00  99999.00       0     835     844      26
54102  06  12    20  99999.00  99999.00  26184.74  27548.54   -599.73   -341.85  99999.00  99999.00       0     694     701      25
54102  06  12    15  99999.00  99999.00  28034.07  29511.99   -582.94   -307.78  99999.00  99999.00       0     550     553      24
54102  06  12    10  99999.00  99999.00  30654.46  32346.58   -589.32   -241.92  99999.00  99999.00       0     199     199      14
54102  06  12     7  99999.00  99999.00  99999.00  99999.00  99999.00  99999.00  99999.00  99999.00       0      39      39       3
54102  06  12     5  99999.00  99999.00  99999.00  99999.00  99999.00  99999.00  99999.00  99999.00       0       2       2       0
54102  06  12     3  99999.00  99999.00  99999.00  99999.00  99999.00  99999.00  99999.00  99999.00       0       0       0       0
54102  06  12     2  99999.00  99999.00  99999.00  99999.00  99999.00  99999.00  99999.00  99999.00       0       0       0       0
54102  06  12     1  99999.00  99999.00  99999.00  99999.00  99999.00  99999.00  99999.00  99999.00       0       0       0       0
54102  07  12  9999   8662.69   9209.41  99999.00  99999.00     -9.76    491.84   -289.54    490.22    1013       0    1013    1013
54102  07  12  1000  99999.00  99999.00  99999.00  99999.00  99999.00  99999.00  99999.00  99999.00       0       0       0       0
54102  07  12   925  99999.00  99999.00  99999.00  99999.00  99999.00  99999.00  99999.00  99999.00       0       0       0       0
54102  07  12   900  99999.00  99999.00  99999.00  99999.00  99999.00  99999.00  99999.00  99999.00       0       9       9       9
54102  07  12   850  99999.00  99999.00   1229.01   1629.69    -32.80    455.24   -353.37    493.35       0    1022    1021    1021
54102  07  12   800  99999.00  99999.00  99999.00  99999.00  99999.00  99999.00  99999.00  99999.00       0       0       0       0
54102  07  12   700  99999.00  99999.00   2834.41   3310.93    -97.96    263.84   -271.03    268.85       0    1022    1021    1021
54102  07  12   600  99999.00  99999.00   4043.46   4611.06   -157.07    156.49   -582.13    404.63       0    1021    1021    1021
54102  07  12   500  99999.00  99999.00   5428.00   6103.96   -247.34     81.10   -792.62    396.58       0    1022    1022    1022
54102  07  12   400  99999.00  99999.00   7040.18   7887.38   -388.06      3.98   -921.22    291.98       0    1017    1017    1017
54102  07  12   300  99999.00  99999.00   8972.63  10108.91   -574.87   -110.59   -965.27     73.33       0    1014    1014    1014
54102  07  12   250  99999.00  99999.00  10130.00  11455.28   -679.19   -175.91   -977.52    -73.80       0    1010    1010    1010
54102  07  12   200  99999.00  99999.00  11543.00  13004.60   -749.18   -240.02  -1011.96   -181.68       0    1007    1005    1003
54102  07  12   150  99999.00  99999.00  13443.19  14838.91   -730.81   -339.97  -1078.28   -207.44       0     998     997     931
54102  07  12   100  99999.00  99999.00  16162.24  17264.20   -800.85   -373.29  -1068.76   -265.24       0     970     969     528
54102  07  12    80  99999.00  99999.00  99999.00  99999.00  99999.00  99999.00  99999.00  99999.00       0       0       0       0
54102  07  12    70  99999.00  99999.00  18489.85  19404.73   -762.62   -412.70  99999.00  99999.00       0     951     955      14
54102  07  12    60  99999.00  99999.00  99999.00  99999.00  99999.00  99999.00  99999.00  99999.00       0       0       0       0
54102  07  12    50  99999.00  99999.00  20629.52  21516.92   -697.66   -418.06  99999.00  99999.00       0     927     932      14
54102  07  12    40  99999.00  99999.00  22039.69  22958.17   -667.68   -406.32  99999.00  99999.00       0     904     907      14
54102  07  12    30  99999.00  99999.00  23861.50  24853.18   -635.75   -383.63  99999.00  99999.00       0     847     853      14
54102  07  12    20  99999.00  99999.00  26440.19  27585.71   -604.47   -336.39  99999.00  99999.00       0     723     731      14
54102  07  12    15  99999.00  99999.00  28312.89  29524.29   -578.69   -310.85  99999.00  99999.00       0     588     593      13
54102  07  12    10  99999.00  99999.00  31050.45  32191.17   -573.46   -263.38  99999.00  99999.00       0     243     244      10
54102  07  12     7  99999.00  99999.00  99999.00  99999.00  99999.00  99999.00  99999.00  99999.00       0      42      42       1
54102  07  12     5  99999.00  99999.00  99999.00  99999.00  99999.00  99999.00  99999.00  99999.00       0       4       4       0
54102  07  12     3  99999.00  99999.00  99999.00  99999.00  99999.00  99999.00  99999.00  99999.00       0       0       0       0
54102  07  12     2  99999.00  99999.00  99999.00  99999.00  99999.00  99999.00  99999.00  99999.00       0       0       0       0
54102  07  12     1  99999.00  99999.00  99999.00  99999.00  99999.00  99999.00  99999.00  99999.00       0       0       0       0
54102  08  12  9999   8743.56   9191.76  99999.00  99999.00    -18.20    460.12   -266.02    444.98     933       0     933     933
54102  08  12  1000  99999.00  99999.00  99999.00  99999.00  99999.00  99999.00  99999.00  99999.00       0       0       0       0
54102  08  12   925  99999.00  99999.00  99999.00  99999.00  99999.00  99999.00  99999.00  99999.00       0       0       0       0
54102  08  12   900  99999.00  99999.00    960.99   1023.63      1.60    427.84   -203.26    386.30       0      85      85      85
54102  08  12   850  99999.00  99999.00   1255.64   1665.32    -47.46    438.18   -343.50    454.98       0    1022    1018    1018
54102  08  12   800  99999.00  99999.00  99999.00  99999.00  99999.00  99999.00  99999.00  99999.00       0       0       0       0
54102  08  12   700  99999.00  99999.00   2873.61   3313.65   -128.96    261.16   -376.09    334.31       0    1022    1022    1022
54102  08  12   600  99999.00  99999.00   4079.15   4602.11   -191.15    162.61   -705.90    464.82       0    1023    1023    1022
54102  08  12   500  99999.00  99999.00   5447.97   6095.49   -288.56     95.68   -874.65    417.63       0    1023    1023    1023
54102  08  12   400  99999.00  99999.00   7035.51   7883.79   -432.97     16.19   -953.47    277.73       0    1014    1014    1014
54102  08  12   300  99999.00  99999.00   8928.49  10119.13   -632.70    -77.82  -1009.78     79.22       0    1008    1006    1006
54102  08  12   250  99999.00  99999.00  10060.92  11481.00   -724.55   -143.87  -1016.57    -63.05       0    1001    1002    1002
54102  08  12   200  99999.00  99999.00  11457.33  13044.57   -726.85   -255.97  -1023.42   -175.86       0    1000    1003     996
54102  08  12   150  99999.00  99999.00  13343.99  14889.59   -728.82   -357.06  -1079.11   -226.15       0     993     996     927
54102  08  12   100  99999.00  99999.00  16052.76  17305.92   -823.82   -364.94  -1051.52   -292.28       0     965     970     489
54102  08  12    80  99999.00  99999.00  99999.00  99999.00  99999.00  99999.00  99999.00  99999.00       0       0       0       0
54102  08  12    70  99999.00  99999.00  18386.14  19430.14   -777.48   -402.36  99999.00  99999.00       0     938     943       4
54102  08  12    60  99999.00  99999.00  99999.00  99999.00  99999.00  99999.00  99999.00  99999.00       0       0       0       0
54102  08  12    50  99999.00  99999.00  20549.05  21513.97   -694.49   -428.57  99999.00  99999.00       0     904     910       4
54102  08  12    40  99999.00  99999.00  21971.68  22938.28   -657.34   -428.14  99999.00  99999.00       0     877     888       4
54102  08  12    30  99999.00  99999.00  23800.38  24815.58   -621.72   -411.24  99999.00  99999.00       0     842     850       4
54102  08  12    20  99999.00  99999.00  26403.81  27496.89   -591.75   -369.15  99999.00  99999.00       0     716     724       4
54102  08  12    15  99999.00  99999.00  28254.27  29444.43   -574.67   -338.51  99999.00  99999.00       0     564     569       3
54102  08  12    10  99999.00  99999.00  30889.19  32227.55   -570.82   -294.46  99999.00  99999.00       0     233     233       2
54102  08  12     7  99999.00  99999.00  99999.00  99999.00  99999.00  99999.00  99999.00  99999.00       0      35      35       0
54102  08  12     5  99999.00  99999.00  99999.00  99999.00  99999.00  99999.00  99999.00  99999.00       0       2       2       0
54102  08  12     3  99999.00  99999.00  99999.00  99999.00  99999.00  99999.00  99999.00  99999.00       0       0       0       0
54102  08  12     2  99999.00  99999.00  99999.00  99999.00  99999.00  99999.00  99999.00  99999.00       0       0       0       0
54102  08  12     1  99999.00  99999.00  99999.00  99999.00  99999.00  99999.00  99999.00  99999.00       0       0       0       0
54102  09  12  9999   8746.78   9287.26  99999.00  99999.00   -133.02    431.46   -389.67    410.01     900       0     900     900
54102  09  12  1000  99999.00  99999.00  99999.00  99999.00  99999.00  99999.00  99999.00  99999.00       0       0       0       0
54102  09  12   925  99999.00  99999.00  99999.00  99999.00  99999.00  99999.00  99999.00  99999.00       0       0       0       0
54102  09  12   900  99999.00  99999.00    954.76   1034.68    -86.75    422.05   -378.52    413.60       0      80      80      80
54102  09  12   850  99999.00  99999.00   1265.94   1717.14   -182.52    449.04   -448.14    406.62       0     988     982     982
54102  09  12   800  99999.00  99999.00  99999.00  99999.00  99999.00  99999.00  99999.00  99999.00       0       0       0       0
54102  09  12   700  99999.00  99999.00   2843.80   3330.40   -263.67    277.17   -562.56    363.60       0     989     988     988
54102  09  12   600  99999.00  99999.00   3996.60   4616.76   -304.09    161.63   -747.07    367.25       0     988     988     988
54102  09  12   500  99999.00  99999.00   5305.37   6104.81   -392.51     75.61   -877.93    288.95       0     988     988     988
54102  09  12   400  99999.00  99999.00   6824.76   7875.96   -523.05    -23.49   -925.73    134.11       0     979     980     980
54102  09  12   300  99999.00  99999.00   8665.26  10054.62   -681.76   -155.68   -980.62    -65.50       0     971     972     972
54102  09  12   250  99999.00  99999.00   9795.16  11354.92   -762.63   -215.91   -991.10   -187.34       0     970     971     971
54102  09  12   200  99999.00  99999.00  11200.63  12850.03   -786.76   -261.40   -988.63   -255.55       0     966     968     886
54102  09  12   150  99999.00  99999.00  13079.77  14675.17   -723.10   -368.74  -1028.29   -274.69       0     954     957     818
54102  09  12   100  99999.00  99999.00  15768.71  17131.07   -786.23   -371.27  -1025.08   -316.12       0     935     938     580
54102  09  12    80  99999.00  99999.00  99999.00  99999.00  99999.00  99999.00  99999.00  99999.00       0       0       0       0
54102  09  12    70  99999.00  99999.00  18113.75  19280.27   -767.66   -385.22  99999.00  99999.00       0     915     916      31
54102  09  12    60  99999.00  99999.00  99999.00  99999.00  99999.00  99999.00  99999.00  99999.00       0       0       0       0
54102  09  12    50  99999.00  99999.00  20273.57  21387.17   -702.08   -404.96  99999.00  99999.00       0     887     889      29
54102  09  12    40  99999.00  99999.00  21693.18  22823.10   -675.13   -397.81  99999.00  99999.00       0     869     870      29
54102  09  12    30  99999.00  99999.00  23525.29  24703.81   -641.51   -390.83  99999.00  99999.00       0     829     830      29
54102  09  12    20  99999.00  99999.00  26117.43  27395.43   -603.65   -378.05  99999.00  99999.00       0     737     740      27
54102  09  12    15  99999.00  99999.00  27965.34  29322.30   -590.30   -361.46  99999.00  99999.00       0     565     567      24
54102  09  12    10  99999.00  99999.00  30666.23  31965.35   -579.87   -336.15  99999.00  99999.00       0     193     193      15
54102  09  12     7  99999.00  99999.00  99999.00  99999.00  99999.00  99999.00  99999.00  99999.00       0      25      25       0
54102  09  12     5  99999.00  99999.00  99999.00  99999.00  99999.00  99999.00  99999.00  99999.00       0       0       0       0
54102  09  12     3  99999.00  99999.00  99999.00  99999.00  99999.00  99999.00  99999.00  99999.00       0       0       0       0
54102  09  12     2  99999.00  99999.00  99999.00  99999.00  99999.00  99999.00  99999.00  99999.00       0       0       0       0
54102  09  12     1  99999.00  99999.00  99999.00  99999.00  99999.00  99999.00  99999.00  99999.00       0       0       0       0
54102  10  12  9999   8746.38   9350.22  99999.00  99999.00   -281.72    386.56   -426.23    291.85     970       0     970     970
54102  10  12  1000  99999.00  99999.00  99999.00  99999.00  99999.00  99999.00  99999.00  99999.00       0       0       0       0
54102  10  12   925  99999.00  99999.00  99999.00  99999.00  99999.00  99999.00  99999.00  99999.00       0       0       0       0
54102  10  12   900  99999.00  99999.00  99999.00  99999.00  99999.00  99999.00  99999.00  99999.00       0      46      46      46
54102  10  12   850  99999.00  99999.00   1256.13   1749.93   -359.70    449.22   -480.43    297.17       0    1023    1017    1017
54102  10  12   800  99999.00  99999.00  99999.00  99999.00  99999.00  99999.00  99999.00  99999.00       0       0       0       0
54102  10  12   700  99999.00  99999.00   2751.51   3351.39   -405.34    279.14   -650.14    302.06       0    1023    1023    1023
54102  10  12   600  99999.00  99999.00   3834.28   4648.36   -422.09    158.95   -761.46    258.78       0    1022    1022    1022
54102  10  12   500  99999.00  99999.00   5074.10   6140.66   -482.76     45.36   -801.03    125.85       0    1023    1021    1021
54102  10  12   400  99999.00  99999.00   6537.17   7888.61   -568.68    -97.92   -849.22    -37.54       0    1021    1021    1021
54102  10  12   300  99999.00  99999.00   8354.12   9992.24   -660.61   -285.49   -901.77   -237.93       0    1021    1020    1020
54102  10  12   250  99999.00  99999.00   9510.58  11211.82   -750.07   -322.03   -947.48   -307.64       0    1018    1018     996
54102  10  12   200  99999.00  99999.00  10962.56  12609.08   -830.06   -281.66   -959.65   -306.85       0    1016    1015     723
54102  10  12   150  99999.00  99999.00  12842.68  14396.68   -728.54   -387.62   -970.67   -327.59       0    1004    1006     682
54102  10  12   100  99999.00  99999.00  15460.06  16916.26   -723.28   -425.92   -954.75   -371.07       0     985     986     536
54102  10  12    80  99999.00  99999.00  99999.00  99999.00  99999.00  99999.00  99999.00  99999.00       0       0       0       0
54102  10  12    70  99999.00  99999.00  17746.87  19132.51   -729.26   -418.46  99999.00  99999.00       0     956     961      24
54102  10  12    60  99999.00  99999.00  99999.00  99999.00  99999.00  99999.00  99999.00  99999.00       0       0       0       0
54102  10  12    50  99999.00  99999.00  19889.48  21252.32   -719.79   -403.11  99999.00  99999.00       0     937     943      19
54102  10  12    40  99999.00  99999.00  21303.11  22684.07   -716.61   -379.29  99999.00  99999.00       0     912     919      17
54102  10  12    30  99999.00  99999.00  23113.80  24567.24   -690.94   -363.34  99999.00  99999.00       0     870     879      17
54102  10  12    20  99999.00  99999.00  25693.96  27243.28   -658.41   -343.17  99999.00  99999.00       0     757     769      14
54102  10  12    15  99999.00  99999.00  27514.24  29179.12   -634.73   -341.21  99999.00  99999.00       0     570     578      13
54102  10  12    10  99999.00  99999.00  30105.61  31892.89   -631.59   -312.51  99999.00  99999.00       0     183     184       4
54102  10  12     7  99999.00  99999.00  99999.00  99999.00  99999.00  99999.00  99999.00  99999.00       0      24      24       0
54102  10  12     5  99999.00  99999.00  99999.00  99999.00  99999.00  99999.00  99999.00  99999.00       0       0       0       0
54102  10  12     3  99999.00  99999.00  99999.00  99999.00  99999.00  99999.00  99999.00  99999.00       0       0       0       0
54102  10  12     2  99999.00  99999.00  99999.00  99999.00  99999.00  99999.00  99999.00  99999.00       0       0       0       0
54102  10  12     1  99999.00  99999.00  99999.00  99999.00  99999.00  99999.00  99999.00  99999.00       0       0       0       0
54102  11  12  9999   8693.51   9422.99  99999.00  99999.00   -457.24    333.44   -472.16    192.16     937       0     937     937
54102  11  12  1000  99999.00  99999.00  99999.00  99999.00  99999.00  99999.00  99999.00  99999.00       0       0       0       0
54102  11  12   925  99999.00  99999.00  99999.00  99999.00  99999.00  99999.00  99999.00  99999.00       0       1       1       1
54102  11  12   900  99999.00  99999.00  99999.00  99999.00  99999.00  99999.00  99999.00  99999.00       0      46      46      46
54102  11  12   850  99999.00  99999.00   1210.09   1769.77   -495.12    372.24   -506.68    208.16       0     989     988     988
54102  11  12   800  99999.00  99999.00  99999.00  99999.00  99999.00  99999.00  99999.00  99999.00       0       0       0       0
54102  11  12   700  99999.00  99999.00   2669.44   3308.44   -518.07    256.41   -685.49    220.51       0     989     987     987
54102  11  12   600  99999.00  99999.00   3711.02   4590.38   -537.45    157.83   -737.45    143.11       0     986     985     985
54102  11  12   500  99999.00  99999.00   4898.06   6074.78   -577.90     32.06   -781.39     27.05       0     988     988     988
54102  11  12   400  99999.00  99999.00   6306.96   7808.28   -631.49   -136.01   -831.97   -126.37       0     985     986     986
54102  11  12   300  99999.00  99999.00   8087.83   9870.07   -679.80   -346.56   -878.87   -318.59       0     981     982     981
54102  11  12   250  99999.00  99999.00   9245.00  11051.24   -767.15   -359.75   -922.30   -358.78       0     977     978     836
54102  11  12   200  99999.00  99999.00  10729.64  12389.24   -841.90   -296.62   -920.68   -339.76       0     976     978     545
54102  11  12   150  99999.00  99999.00  12636.37  14136.01   -739.87   -380.95   -936.81   -341.97       0     967     969     525
54102  11  12   100  99999.00  99999.00  15260.69  16651.13   -724.16   -416.84   -931.22   -373.22       0     948     949     458
54102  11  12    80  99999.00  99999.00  99999.00  99999.00  99999.00  99999.00  99999.00  99999.00       0       0       0       0
54102  11  12    70  99999.00  99999.00  17525.78  18900.02   -736.06   -399.94  99999.00  99999.00       0     928     931      21
54102  11  12    60  99999.00  99999.00  99999.00  99999.00  99999.00  99999.00  99999.00  99999.00       0       0       0       0
54102  11  12    50  99999.00  99999.00  19634.46  21065.58   -746.14   -366.58  99999.00  99999.00       0     904     908      18
54102  11  12    40  99999.00  99999.00  21030.92  22516.64   -753.23   -339.95  99999.00  99999.00       0     879     884      18
54102  11  12    30  99999.00  99999.00  22832.06  24408.86   -747.16   -306.76  99999.00  99999.00       0     837     844      16
54102  11  12    20  99999.00  99999.00  25364.34  27143.34   -749.46   -247.14  99999.00  99999.00       0     736     745      14
54102  11  12    15  99999.00  99999.00  27166.17  29113.89   -769.94   -196.58  99999.00  99999.00       0     582     590      13
54102  11  12    10  99999.00  99999.00  29648.76  31998.84   -755.28   -180.48  99999.00  99999.00       0     176     176       5
54102  11  12     7  99999.00  99999.00  99999.00  99999.00  99999.00  99999.00  99999.00  99999.00       0      23      23       0
54102  11  12     5  99999.00  99999.00  99999.00  99999.00  99999.00  99999.00  99999.00  99999.00       0       3       3       0
54102  11  12     3  99999.00  99999.00  99999.00  99999.00  99999.00  99999.00  99999.00  99999.00       0       0       0       0
54102  11  12     2  99999.00  99999.00  99999.00  99999.00  99999.00  99999.00  99999.00  99999.00       0       0       0       0
54102  11  12     1  99999.00  99999.00  99999.00  99999.00  99999.00  99999.00  99999.00  99999.00       0       0       0       0
54102  12  12  9999   8702.22   9436.98  99999.00  99999.00   -515.35    208.61   -522.46    123.98     979       0     979     979
54102  12  12  1000  99999.00  99999.00  99999.00  99999.00  99999.00  99999.00  99999.00  99999.00       0       0       0       0
54102  12  12   925  99999.00  99999.00  99999.00  99999.00  99999.00  99999.00  99999.00  99999.00       0       0       0       0
54102  12  12   900  99999.00  99999.00  99999.00  99999.00  99999.00  99999.00  99999.00  99999.00       0      39      39      39
54102  12  12   850  99999.00  99999.00   1202.11   1764.67   -504.15    226.53   -517.67    136.09       0    1023    1021    1021
54102  12  12   800  99999.00  99999.00  99999.00  99999.00  99999.00  99999.00  99999.00  99999.00       0       0       0       0
54102  12  12   700  99999.00  99999.00   2629.60   3265.96   -553.64    190.12   -683.09    155.83       0    1023    1023    1023
54102  12  12   600  99999.00  99999.00   3658.84   4516.12   -580.16    107.80   -734.21     83.95       0    1023    1022    1022
54102  12  12   500  99999.00  99999.00   4829.61   5969.01   -618.71    -14.63   -765.24    -35.28       0    1023    1023    1023
54102  12  12   400  99999.00  99999.00   6220.43   7665.83   -659.85   -183.93   -817.82   -182.78       0    1018    1018    1018
54102  12  12   300  99999.00  99999.00   7998.04   9677.08   -705.47   -369.47   -866.05   -354.97       0    1017    1017    1002
54102  12  12   250  99999.00  99999.00   9168.37  10825.57   -807.27   -339.15   -908.39   -354.11       0    1014    1015     674
54102  12  12   200  99999.00  99999.00  10657.61  12159.05   -828.40   -300.52   -896.70   -344.10       0    1013    1013     549
54102  12  12   150  99999.00  99999.00  12543.27  13939.11   -742.86   -360.18   -901.36   -349.36       0     999    1000     537
54102  12  12   100  99999.00  99999.00  15129.84  16518.48   -763.13   -358.01   -933.78   -347.70       0     981     983     481
54102  12  12    80  99999.00  99999.00  99999.00  99999.00  99999.00  99999.00  99999.00  99999.00       0       0       0       0
54102  12  12    70  99999.00  99999.00  17349.86  18830.66   -785.13   -334.65  99999.00  99999.00       0     959     963      28
54102  12  12    60  99999.00  99999.00  99999.00  99999.00  99999.00  99999.00  99999.00  99999.00       0       0       0       0
54102  12  12    50  99999.00  99999.00  19417.36  21051.64   -794.49   -307.53  99999.00  99999.00       0     935     942      22
54102  12  12    40  99999.00  99999.00  20784.66  22540.26   -792.40   -287.92  99999.00  99999.00       0     916     927      17
54102  12  12    30  99999.00  99999.00  22552.69  24473.89   -791.21   -260.33  99999.00  99999.00       0     873     886      13
54102  12  12    20  99999.00  99999.00  25063.36  27235.96   -817.35   -176.67  99999.00  99999.00       0     772     781      12
54102  12  12    15  99999.00  99999.00  26858.60  29208.08   -827.13   -121.65  99999.00  99999.00       0     552     560       9
54102  12  12    10  99999.00  99999.00  29436.06  31977.42   -853.66    -51.46  99999.00  99999.00       0     151     151       0
54102  12  12     7  99999.00  99999.00  99999.00  99999.00  99999.00  99999.00  99999.00  99999.00       0      20      20       0
54102  12  12     5  99999.00  99999.00  99999.00  99999.00  99999.00  99999.00  99999.00  99999.00       0       3       3       0
54102  12  12     3  99999.00  99999.00  99999.00  99999.00  99999.00  99999.00  99999.00  99999.00       0       0       0       0
54102  12  12     2  99999.00  99999.00  99999.00  99999.00  99999.00  99999.00  99999.00  99999.00       0       0       0       0
54102  12  12     1  99999.00  99999.00  99999.00  99999.00  99999.00  99999.00  99999.00  99999.00       0       0       0       0
