94302  01  12  9999    988.85   1021.49  99999.00  99999.00    114.89    469.97   -230.84    449.20     476       0     476     476
94302  01  12  1000  99999.00  99999.00    -73.36    178.64    104.04    468.36    -24.52    388.64       0     465     465     464
94302  01  12   925  99999.00  99999.00    595.18    888.58     38.86    525.94   -397.78    581.30       0     482     482     482
94302  01  12   900  99999.00  99999.00  99999.00  99999.00  99999.00  99999.00  99999.00  99999.00       0       0      12      11
94302  01  12   850  99999.00  99999.00   1327.75   1647.07     50.18    429.86   -450.66    571.14       0     482     482     482
94302  01  12   800  99999.00  99999.00  99999.00  99999.00  99999.00  99999.00  99999.00  99999.00       0       0       1       1
94302  01  12   700  99999.00  99999.00   2957.45   3340.85     25.06    211.78   -582.89    554.59       0     481     481     481
94302  01  12   600  99999.00  99999.00  99999.00  99999.00  99999.00  99999.00  99999.00  99999.00       0       0      12      12
94302  01  12   500  99999.00  99999.00   5712.08   6034.16   -176.69     72.79  -1195.82    626.38       0     478     478     478
94302  01  12   400  99999.00  99999.00   7437.33   7748.01   -272.74    -36.94  -1206.48    357.00       0     476     476     474
94302  01  12   300  99999.00  99999.00   9520.40   9884.24   -418.64   -182.60  -1237.48    137.00       0     475     476     474
94302  01  12   250  99999.00  99999.00  10766.22  11183.70   -497.29   -292.45  -1204.66    -38.62       0     472     472     469
94302  01  12   200  99999.00  99999.00  12226.99  12701.71   -586.33   -434.77  -1194.60   -220.20       0     469     469     467
94302  01  12   150  99999.00  99999.00  14015.99  14532.59   -714.04   -592.84  99999.00  99999.00       0     464     464      29
94302  01  12   100  99999.00  99999.00  16409.79  16871.91   -926.75   -686.39  99999.00  99999.00       0     449     451      28
94302  01  12    80  99999.00  99999.00  99999.00  99999.00  99999.00  99999.00  99999.00  99999.00       0       0      53       3
94302  01  12    70  99999.00  99999.00  18481.57  18811.93   -942.23   -617.87  99999.00  99999.00       0     394     400      26
94302  01  12    60  99999.00  99999.00  99999.00  99999.00 -19666.84  16078.88  99999.00  99999.00       0       0      61       6
94302  01  12    50  99999.00  99999.00  20474.26  20778.34   -794.97   -549.69  99999.00  99999.00       0     370     373      25
94302  01  12    40  99999.00  99999.00  99999.00  99999.00  99999.00  99999.00  99999.00  99999.00       0       0      55      13
94302  01  12    30  99999.00  99999.00  23603.79  23961.99   -686.80   -470.20   -981.16   -797.56       0     349     352     299
94302  01  12    20  99999.00  99999.00  26152.84  26609.08   -635.83   -399.07   -945.22   -755.62       0     259     278     270
94302  01  12    15  99999.00  99999.00  99999.00  99999.00  99999.00  99999.00  99999.00  99999.00       0       0      47      46
94302  01  12    10  99999.00  99999.00  99999.00  99999.00  99999.00  99999.00  99999.00  99999.00       0       1       1       1
94302  01  12     7  99999.00  99999.00  99999.00  99999.00  99999.00  99999.00  99999.00  99999.00       0       0       1       1
94302  01  12     5  99999.00  99999.00  99999.00  99999.00  99999.00  99999.00  99999.00  99999.00       0       0       1       1
94302  01  12     3  99999.00  99999.00  99999.00  99999.00  99999.00  99999.00  99999.00  99999.00       0       0       0       0
94302  01  12     2  99999.00  99999.00  99999.00  99999.00  99999.00  99999.00  99999.00  99999.00       0       0       0       0
94302  01  12     1  99999.00  99999.00  99999.00  99999.00  99999.00  99999.00  99999.00  99999.00       0       0       0       0
94302  02  12  9999    986.02   1024.66  99999.00  99999.00    134.02    467.26   -201.28    411.80     435       0     435     434
94302  02  12  1000  99999.00  99999.00   -103.35    211.41    130.87    458.11      1.99    384.43       0     428     428     427
94302  02  12   925  99999.00  99999.00    565.74    922.50     70.11    489.27   -291.03    535.05       0     450     451     450
94302  02  12   900  99999.00  99999.00  99999.00  99999.00  99999.00  99999.00  99999.00  99999.00       0       0       8       8
94302  02  12   850  99999.00  99999.00   1300.55   1677.71     69.97    398.77   -313.45    490.19       0     451     452     451
94302  02  12   800  99999.00  99999.00  99999.00  99999.00  99999.00  99999.00  99999.00  99999.00       0       0       3       3
94302  02  12   700  99999.00  99999.00   2933.04   3363.36     22.89    203.25   -438.03    454.89       0     453     453     452
94302  02  12   600  99999.00  99999.00  99999.00  99999.00  99999.00  99999.00  99999.00  99999.00       0       0      14      14
94302  02  12   500  99999.00  99999.00   5693.43   6053.79   -169.33     78.11  -1100.77    579.95       0     452     452     449
94302  02  12   400  99999.00  99999.00   7438.79   7752.83   -271.50    -30.30  -1142.78    364.90       0     451     451     447
94302  02  12   300  99999.00  99999.00   9550.83   9866.55   -422.37   -175.05  -1139.10     92.46       0     450     450     445
94302  02  12   250  99999.00  99999.00  10799.58  11164.50   -511.27   -280.63  -1126.93    -55.81       0     446     446     441
94302  02  12   200  99999.00  99999.00  12250.20  12689.04   -608.46   -417.66  -1117.69   -251.41       0     445     445     440
94302  02  12   150  99999.00  99999.00  14026.78  14528.26   -726.28   -583.96  99999.00  99999.00       0     443     443      27
94302  02  12   100  99999.00  99999.00  16426.34  16862.42   -946.67   -666.23  99999.00  99999.00       0     432     435      27
94302  02  12    80  99999.00  99999.00  99999.00  99999.00  99999.00  99999.00  99999.00  99999.00       0       0      47       1
94302  02  12    70  99999.00  99999.00  18491.40  18810.72  -4817.33   3164.71  99999.00  99999.00       0     377     384      22
94302  02  12    60  99999.00  99999.00  99999.00  99999.00 -20725.98  16879.02  99999.00  99999.00       0       0      62       5
94302  02  12    50  99999.00  99999.00  20474.81  20788.13   -801.95   -546.83  99999.00  99999.00       0     360     364      20
94302  02  12    40  99999.00  99999.00  99999.00  99999.00 -22988.95  18710.57  99999.00  99999.00       0       0      62      13
94302  02  12    30  99999.00  99999.00  23593.50  23981.94   -684.14   -466.58  -1024.18   -745.90       0     329     335     286
94302  02  12    20  99999.00  99999.00  26153.87  26621.99   -634.87   -391.39   -982.03   -706.27       0     241     267     246
94302  02  12    15  99999.00  99999.00  99999.00  99999.00  99999.00  99999.00  99999.00  99999.00       0       0      40      38
94302  02  12    10  99999.00  99999.00  99999.00  99999.00  99999.00  99999.00  99999.00  99999.00       0       2       6       6
94302  02  12     7  99999.00  99999.00  99999.00  99999.00  99999.00  99999.00  99999.00  99999.00       0       0       1       1
94302  02  12     5  99999.00  99999.00  99999.00  99999.00  99999.00  99999.00  99999.00  99999.00       0       0       0       0
94302  02  12     3  99999.00  99999.00  99999.00  99999.00  99999.00  99999.00  99999.00  99999.00       0       0       0       0
94302  02  12     2  99999.00  99999.00  99999.00  99999.00  99999.00  99999.00  99999.00  99999.00       0       0       0       0
94302  02  12     1  99999.00  99999.00  99999.00  99999.00  99999.00  99999.00  99999.00  99999.00       0       0       0       0
94302  03  12  9999    990.59   1026.23  99999.00  99999.00    160.35    427.83   -202.94    414.34     465       0     465     465
94302  03  12  1000  99999.00  99999.00    -76.60    235.04    155.39    424.67    -52.35    418.17       0     464     464     464
94302  03  12   925  99999.00  99999.00    602.21    938.33     93.11    445.91   -225.42    452.34       0     470     471     471
94302  03  12   900  99999.00  99999.00  99999.00  99999.00  99999.00  99999.00  99999.00  99999.00       0       0       7       7
94302  03  12   850  99999.00  99999.00   1338.91   1683.91     72.92    362.84   -231.19    392.09       0     470     471     471
94302  03  12   800  99999.00  99999.00  99999.00  99999.00  99999.00  99999.00  99999.00  99999.00       0       0       8       8
94302  03  12   700  99999.00  99999.00   2977.54   3341.26     -7.69    197.27   -606.28    570.08       0     470     472     471
94302  03  12   600  99999.00  99999.00  99999.00  99999.00  99999.00  99999.00  99999.00  99999.00       0       0      11      11
94302  03  12   500  99999.00  99999.00   5715.75   6027.99   -188.95     78.65  -1167.79    558.65       0     466     468     466
94302  03  12   400  99999.00  99999.00   7420.30   7755.34   -288.89    -32.45  -1168.89    342.99       0     464     467     464
94302  03  12   300  99999.00  99999.00   9476.43   9905.67   -449.44   -172.36  -1134.41     84.79       0     457     459     457
94302  03  12   250  99999.00  99999.00  10698.04  11217.04   -534.62   -280.82  -1137.98    -57.86       0     455     457     454
94302  03  12   200  99999.00  99999.00  12132.07  12743.95   -632.08   -413.68  -1108.16   -264.44       0     452     454     452
94302  03  12   150  99999.00  99999.00  13897.62  14580.18   -744.81   -575.25  99999.00  99999.00       0     447     449      21
94302  03  12   100  99999.00  99999.00  16324.96  16893.28   -982.27   -606.43  99999.00  99999.00       0     441     446      19
94302  03  12    80  99999.00  99999.00  99999.00  99999.00  99999.00  99999.00  99999.00  99999.00       0       0      52       2
94302  03  12    70  99999.00  99999.00  18455.51  18823.91   -932.77   -575.29  99999.00  99999.00       0     413     419      13
94302  03  12    60  99999.00  99999.00  99999.00  99999.00  99999.00  99999.00  99999.00  99999.00       0       0      58       2
94302  03  12    50  99999.00  99999.00  20450.18  20819.54   -781.50   -545.82  99999.00  99999.00       0     385     389      11
94302  03  12    40  99999.00  99999.00  99999.00  99999.00  99999.00  99999.00  99999.00  99999.00       0       0      46       9
94302  03  12    30  99999.00  99999.00  23602.76  24008.72   -677.14   -455.86   -983.37   -782.37       0     357     366     332
94302  03  12    20  99999.00  99999.00  26237.92  26614.72   -610.37   -383.45   -923.16   -748.20       0     269     290     271
94302  03  12    15  99999.00  99999.00  99999.00  99999.00  99999.00  99999.00  99999.00  99999.00       0       0      50      49
94302  03  12    10  99999.00  99999.00  99999.00  99999.00  99999.00  99999.00  99999.00  99999.00       0       4       6       6
94302  03  12     7  99999.00  99999.00  99999.00  99999.00  99999.00  99999.00  99999.00  99999.00       0       0       2       2
94302  03  12     5  99999.00  99999.00  99999.00  99999.00  99999.00  99999.00  99999.00  99999.00       0       0       1       1
94302  03  12     3  99999.00  99999.00  99999.00  99999.00  99999.00  99999.00  99999.00  99999.00       0       0       0       0
94302  03  12     2  99999.00  99999.00  99999.00  99999.00  99999.00  99999.00  99999.00  99999.00       0       0       0       0
94302  03  12     1  99999.00  99999.00  99999.00  99999.00  99999.00  99999.00  99999.00  99999.00       0       0       0       0
94302  04  12  9999    999.18   1024.86  99999.00  99999.00    136.96    405.40   -159.52    369.32     462       0     462     462
94302  04  12  1000  99999.00  99999.00      0.33    221.13    129.63    417.63    -83.28    399.00       0     459     459     459
94302  04  12   925  99999.00  99999.00    679.04    916.16     76.16    409.88   -217.58    401.02       0     458     459     458
94302  04  12   900  99999.00  99999.00  99999.00  99999.00  99999.00  99999.00  99999.00  99999.00       0       0       5       5
94302  04  12   850  99999.00  99999.00   1398.21   1664.13     52.13    325.85   -270.88    388.16       0     458     459     459
94302  04  12   800  99999.00  99999.00  99999.00  99999.00  99999.00  99999.00  99999.00  99999.00       0       0       6       6
94302  04  12   700  99999.00  99999.00   3016.01   3313.85    -49.46    209.62   -868.90    697.70       0     458     458     458
94302  04  12   600  99999.00  99999.00  99999.00  99999.00  99999.00  99999.00  99999.00  99999.00       0       0      18      18
94302  04  12   500  99999.00  99999.00   5698.67   6035.03   -191.03     56.05  -1171.86    539.94       0     457     457     456
94302  04  12   400  99999.00  99999.00   7369.54   7775.50   -303.88    -52.72  -1170.17    379.39       0     457     457     455
94302  04  12   300  99999.00  99999.00   9401.74   9923.26   -449.68   -199.96  -1124.77     95.99       0     456     457     456
94302  04  12   250  99999.00  99999.00  10628.52  11215.92   -540.65   -298.49  -1113.40    -75.40       0     454     453     452
94302  04  12   200  99999.00  99999.00  12071.55  12720.15   -636.18   -427.74  -1104.62   -286.22       0     451     450     448
94302  04  12   150  99999.00  99999.00  13855.36  14527.48   -766.09   -560.29  99999.00  99999.00       0     450     449      10
94302  04  12   100  99999.00  99999.00  16297.49  16840.61   -935.44   -614.08  99999.00  99999.00       0     444     447      10
94302  04  12    80  99999.00  99999.00  99999.00  99999.00  99999.00  99999.00  99999.00  99999.00       0       0      39       0
94302  04  12    70  99999.00  99999.00  18406.75  18833.59   -876.49   -596.89  99999.00  99999.00       0     417     419       9
94302  04  12    60  99999.00  99999.00  99999.00  99999.00  99999.00  99999.00  99999.00  99999.00       0       0      44       0
94302  04  12    50  99999.00  99999.00  20438.40  20828.64   -746.07   -546.03  99999.00  99999.00       0     406     406      12
94302  04  12    40  99999.00  99999.00  99999.00  99999.00 -26703.42  21155.94  99999.00  99999.00       0       0      65      22
94302  04  12    30  99999.00  99999.00  23613.02  24029.78   -654.81   -454.77  -1026.62   -717.14       0     385     388     361
94302  04  12    20  99999.00  99999.00  26212.67  26681.03   -595.31   -389.15   -962.42   -696.26       0     279     303     290
94302  04  12    15  99999.00  99999.00  99999.00  99999.00  99999.00  99999.00  99999.00  99999.00       0       0      56      56
94302  04  12    10  99999.00  99999.00  99999.00  99999.00  99999.00  99999.00  99999.00  99999.00       0       2       2       2
94302  04  12     7  99999.00  99999.00  99999.00  99999.00  99999.00  99999.00  99999.00  99999.00       0       0       2       2
94302  04  12     5  99999.00  99999.00  99999.00  99999.00  99999.00  99999.00  99999.00  99999.00       0       0       1       1
94302  04  12     3  99999.00  99999.00  99999.00  99999.00  99999.00  99999.00  99999.00  99999.00       0       0       0       0
94302  04  12     2  99999.00  99999.00  99999.00  99999.00  99999.00  99999.00  99999.00  99999.00       0       0       0       0
94302  04  12     1  99999.00  99999.00  99999.00  99999.00  99999.00  99999.00  99999.00  99999.00       0       0       0       0
94302  05  12  9999   1000.38   1028.82  99999.00  99999.00     59.01    396.21   -196.13    369.43     489       0     486     486
94302  05  12  1000  99999.00  99999.00     11.28    252.48    101.63    389.87   -230.36    473.68       0     489     489     487
94302  05  12   925  99999.00  99999.00    692.69    927.89     33.41    373.73   -302.31    431.97       0     488     488     486
94302  05  12   900  99999.00  99999.00  99999.00  99999.00  99999.00  99999.00  99999.00  99999.00       0       0       5       5
94302  05  12   850  99999.00  99999.00   1409.30   1657.58     -1.83    303.33   -477.99    511.05       0     488     488     487
94302  05  12   800  99999.00  99999.00  99999.00  99999.00  99999.00  99999.00  99999.00  99999.00       0       0      10      10
94302  05  12   700  99999.00  99999.00   3013.19   3286.19    -73.10    199.90  -1090.24    750.32       0     488     488     487
94302  05  12   600  99999.00  99999.00  99999.00  99999.00  99999.00  99999.00  99999.00  99999.00       0       0      15      15
94302  05  12   500  99999.00  99999.00   5642.67   6030.15   -225.19     55.25  -1254.63    547.77       0     488     488     487
94302  05  12   400  99999.00  99999.00   7275.18   7786.74   -357.86    -25.58  -1239.32    406.12       0     488     488     485
94302  05  12   300  99999.00  99999.00   9278.15   9949.91   -498.33   -158.01  -1203.14    123.70       0     486     487     486
94302  05  12   250  99999.00  99999.00  10496.97  11249.61   -557.46   -277.14  -1173.79    -72.91       0     484     485     482
94302  05  12   200  99999.00  99999.00  11957.28  12744.00   -635.22   -414.54  -1146.57   -296.85       0     482     483     482
94302  05  12   150  99999.00  99999.00  13778.21  14531.09   -775.84   -523.24  99999.00  99999.00       0     480     480      17
94302  05  12   100  99999.00  99999.00   9156.55  23833.63   -920.58   -595.74  99999.00  99999.00       0     472     474       2
94302  05  12    80  99999.00  99999.00  99999.00  99999.00  99999.00  99999.00  99999.00  99999.00       0       0      38       0
94302  05  12    70  99999.00  99999.00  18393.50  18838.10   -887.13   -572.61  99999.00  99999.00       0     460     461       2
94302  05  12    60  99999.00  99999.00  99999.00  99999.00  99999.00  99999.00  99999.00  99999.00       0       0      58       0
94302  05  12    50  99999.00  99999.00  20419.19  20852.39   -750.98   -524.66  99999.00  99999.00       0     444     446      10
94302  05  12    40  99999.00  99999.00  99999.00  99999.00 -25887.99  20681.13  99999.00  99999.00       0       0      61      27
94302  05  12    30  99999.00  99999.00  23582.53  24084.01   -670.50   -433.86  -1073.95   -656.83       0     425     430     411
94302  05  12    20  99999.00  99999.00  26161.59  26744.07   -617.33   -385.73  -1005.43   -662.35       0     272     296     287
94302  05  12    15  99999.00  99999.00  99999.00  99999.00  99999.00  99999.00  99999.00  99999.00       0       0      42      42
94302  05  12    10  99999.00  99999.00  99999.00  99999.00  99999.00  99999.00  99999.00  99999.00       0       1       5       5
94302  05  12     7  99999.00  99999.00  99999.00  99999.00  99999.00  99999.00  99999.00  99999.00       0       0       0       0
94302  05  12     5  99999.00  99999.00  99999.00  99999.00  99999.00  99999.00  99999.00  99999.00       0       0       0       0
94302  05  12     3  99999.00  99999.00  99999.00  99999.00  99999.00  99999.00  99999.00  99999.00       0       0       0       0
94302  05  12     2  99999.00  99999.00  99999.00  99999.00  99999.00  99999.00  99999.00  99999.00       0       0       0       0
94302  05  12     1  99999.00  99999.00  99999.00  99999.00  99999.00  99999.00  99999.00  99999.00       0       0       0       0
94302  06  12  9999   1001.29   1031.41  99999.00  99999.00     27.89    346.73   -177.10    320.30     418       0     414     413
94302  06  12  1000  99999.00  99999.00     19.02    271.62     97.71    341.43   -276.03    453.33       0     420     420     420
94302  06  12   925  99999.00  99999.00    688.27    945.07     41.91    304.71   -331.63    423.29       0     419     419     419
94302  06  12   900  99999.00  99999.00  99999.00  99999.00  99999.00  99999.00  99999.00  99999.00       0       0       2       2
94302  06  12   850  99999.00  99999.00   1396.69   1667.17    -11.76    259.80   -706.85    676.15       0     420     420     417
94302  06  12   800  99999.00  99999.00  99999.00  99999.00  99999.00  99999.00  99999.00  99999.00       0       0       9       9
94302  06  12   700  99999.00  99999.00   2979.37   3300.73    -84.65    198.79  -1216.75    769.73       0     420     420     420
94302  06  12   600  99999.00  99999.00  99999.00  99999.00  99999.00  99999.00  99999.00  99999.00       0       0       5       5
94302  06  12   500  99999.00  99999.00   5577.83   6065.03   -265.49     97.75  -1294.15    502.49       0     419     420     418
94302  06  12   400  99999.00  99999.00   7214.48   7824.80   -374.84      6.88  -1244.02    309.74       0     419     420     416
94302  06  12   300  99999.00  99999.00   9236.27   9984.35   -482.04   -156.12  -1131.49    -33.13       0     419     420     419
94302  06  12   250  99999.00  99999.00  10472.79  11274.51   -536.44   -286.24  -1115.59   -187.39       0     417     418     417
94302  06  12   200  99999.00  99999.00  11943.34  12761.62   -619.66   -428.26  -1091.32   -378.64       0     415     415     414
94302  06  12   150  99999.00  99999.00  13755.65  14553.77   -769.47   -535.95  99999.00  99999.00       0     408     408       8
94302  06  12   100  99999.00  99999.00  16235.02  16859.14   -935.35   -580.39  99999.00  99999.00       0     401     403       0
94302  06  12    80  99999.00  99999.00  99999.00  99999.00  99999.00  99999.00  99999.00  99999.00       0       0      45       0
94302  06  12    70  99999.00  99999.00  18383.17  18851.41   -884.93   -553.49  99999.00  99999.00       0     395     396       0
94302  06  12    60  99999.00  99999.00  99999.00  99999.00 -22041.90  17921.70  99999.00  99999.00       0       0      61       0
94302  06  12    50  99999.00  99999.00  20434.65  20853.33   -757.82   -505.46  99999.00  99999.00       0     391     392      23
94302  06  12    40  99999.00  99999.00  99999.00  99999.00  99999.00  99999.00  99999.00  99999.00       0       0      56      32
94302  06  12    30  99999.00  99999.00  23622.09  24076.53   -679.62   -420.42  -1004.23   -728.71       0     364     369     348
94302  06  12    20  99999.00  99999.00  26180.29  26752.81   -642.63   -361.23   -970.63   -700.39       0     226     253     248
94302  06  12    15  99999.00  99999.00  99999.00  99999.00  99999.00  99999.00  99999.00  99999.00       0       0      42      41
94302  06  12    10  99999.00  99999.00  99999.00  99999.00  99999.00  99999.00  99999.00  99999.00       0       0       1       1
94302  06  12     7  99999.00  99999.00  99999.00  99999.00  99999.00  99999.00  99999.00  99999.00       0       0       0       0
94302  06  12     5  99999.00  99999.00  99999.00  99999.00  99999.00  99999.00  99999.00  99999.00       0       0       0       0
94302  06  12     3  99999.00  99999.00  99999.00  99999.00  99999.00  99999.00  99999.00  99999.00       0       0       0       0
94302  06  12     2  99999.00  99999.00  99999.00  99999.00  99999.00  99999.00  99999.00  99999.00       0       0       0       0
94302  06  12     1  99999.00  99999.00  99999.00  99999.00  99999.00  99999.00  99999.00  99999.00       0       0       0       0
94302  07  12  9999   1003.42   1030.66  99999.00  99999.00     38.36    321.68   -237.90    393.42     471       0     468     468
94302  07  12  1000  99999.00  99999.00     35.99    266.03    101.89    315.13   -264.96    428.04       0     470     470     469
94302  07  12   925  99999.00  99999.00    704.31    935.31     36.70    291.22   -322.20    393.00       0     468     468     468
94302  07  12   900  99999.00  99999.00  99999.00  99999.00  99999.00  99999.00  99999.00  99999.00       0       0       6       6
94302  07  12   850  99999.00  99999.00   1411.32   1654.20    -25.13    256.15   -696.69    641.07       0     470     470     470
94302  07  12   800  99999.00  99999.00  99999.00  99999.00  99999.00  99999.00  99999.00  99999.00       0       0      17      17
94302  07  12   700  99999.00  99999.00   3001.35   3272.43    -90.74    196.18  -1292.59    793.61       0     470     470     470
94302  07  12   600  99999.00  99999.00  99999.00  99999.00  99999.00  99999.00  99999.00  99999.00       0       0       8       8
94302  07  12   500  99999.00  99999.00   5609.86   6025.42   -263.19    102.93  -1313.93    509.95       0     470     470     469
94302  07  12   400  99999.00  99999.00   7242.39   7794.15   -355.66     -1.30  -1206.53    233.95       0     469     470     468
94302  07  12   300  99999.00  99999.00   9272.61   9953.61   -432.07   -196.03  -1101.51   -107.79       0     466     465     463
94302  07  12   250  99999.00  99999.00  10519.64  11237.00   -508.82   -308.18  -1075.02   -269.34       0     465     465     462
94302  07  12   200  99999.00  99999.00  11996.47  12719.47   -627.40   -419.56  -1065.29   -427.61       0     459     460     459
94302  07  12   150  99999.00  99999.00  13821.54  14500.98   -782.03   -530.15  99999.00  99999.00       0     459     459      11
94302  07  12   100  99999.00  99999.00  16258.21  16842.49   -915.60   -597.48  99999.00  99999.00       0     455     458       0
94302  07  12    80  99999.00  99999.00  99999.00  99999.00  99999.00  99999.00  99999.00  99999.00       0       0      49       0
94302  07  12    70  99999.00  99999.00  18404.44  18855.16   -874.68   -544.80  99999.00  99999.00       0     442     443       0
94302  07  12    60  99999.00  99999.00  99999.00  99999.00 -23406.54  18916.14  99999.00  99999.00       0       0      65       0
94302  07  12    50  99999.00  99999.00  20460.88  20873.80   -751.23   -495.39  99999.00  99999.00       0     433     434      60
94302  07  12    40  99999.00  99999.00  99999.00  99999.00 -20835.64  17239.76  99999.00  99999.00       0       0      70      49
94302  07  12    30  99999.00  99999.00  23640.68  24116.84   -677.67   -428.91  -1017.99   -727.11       0     411     413     399
94302  07  12    20  99999.00  99999.00  26221.80  26762.76  -3926.16   2834.52  -1005.12   -683.76       0     255     284     281
94302  07  12    15  99999.00  99999.00  99999.00  99999.00  99999.00  99999.00  99999.00  99999.00       0       0      53      53
94302  07  12    10  99999.00  99999.00  99999.00  99999.00  99999.00  99999.00  99999.00  99999.00       0       2       4       4
94302  07  12     7  99999.00  99999.00  99999.00  99999.00  99999.00  99999.00  99999.00  99999.00       0       0       2       2
94302  07  12     5  99999.00  99999.00  99999.00  99999.00  99999.00  99999.00  99999.00  99999.00       0       0       2       2
94302  07  12     3  99999.00  99999.00  99999.00  99999.00  99999.00  99999.00  99999.00  99999.00       0       0       0       0
94302  07  12     2  99999.00  99999.00  99999.00  99999.00  99999.00  99999.00  99999.00  99999.00       0       0       0       0
94302  07  12     1  99999.00  99999.00  99999.00  99999.00  99999.00  99999.00  99999.00  99999.00       0       0       0       0
94302  08  12  9999   1004.20   1029.04  99999.00  99999.00     80.90    319.22   -169.79    361.81     489       0     489     489
94302  08  12  1000  99999.00  99999.00     42.62    253.22     88.47    347.43   -254.37    420.63       0     488     488     488
94302  08  12   925  99999.00  99999.00    707.31    931.71     22.72    335.80   -320.95    360.05       0     488     488     488
94302  08  12   900  99999.00  99999.00  99999.00  99999.00  99999.00  99999.00  99999.00  99999.00       0       0       2       2
94302  08  12   850  99999.00  99999.00   1409.63   1662.23    -21.83    277.69   -565.05    498.39       0     487     487     487
94302  08  12   800  99999.00  99999.00  99999.00  99999.00  99999.00  99999.00  99999.00  99999.00       0       0      14      14
94302  08  12   700  99999.00  99999.00   2997.24   3288.24   -108.86    221.38  -1225.69    723.71       0     486     487     484
94302  08  12   600  99999.00  99999.00  99999.00  99999.00  99999.00  99999.00  99999.00  99999.00       0       0      10      10
94302  08  12   500  99999.00  99999.00   5627.78   6033.38   -251.79    104.97  -1223.93    356.71       0     485     488     488
94302  08  12   400  99999.00  99999.00   7274.38   7795.18   -349.48     -1.48  -1166.87    171.61       0     485     487     487
94302  08  12   300  99999.00  99999.00   9299.04   9959.88   -429.86   -201.86  -1070.97   -137.61       0     482     483     481
94302  08  12   250  99999.00  99999.00  10541.99  11245.79   -495.47   -326.87  -1038.94   -307.78       0     481     483     482
94302  08  12   200  99999.00  99999.00  12010.20  12733.08   -606.07   -447.91  -1021.15   -459.91       0     481     480     480
94302  08  12   150  99999.00  99999.00  13821.04  14522.92   -761.49   -553.65  99999.00  99999.00       0     479     479      10
94302  08  12   100  99999.00  99999.00  16279.01  16837.73   -927.02   -588.14  99999.00  99999.00       0     466     473       5
94302  08  12    80  99999.00  99999.00  99999.00  99999.00  99999.00  99999.00  99999.00  99999.00       0       0      47       1
94302  08  12    70  99999.00  99999.00  18428.15  18855.83   -839.04   -559.80  99999.00  99999.00       0     453     457       5
94302  08  12    60  99999.00  99999.00  99999.00  99999.00  99999.00  99999.00  99999.00  99999.00       0       0      46       1
94302  08  12    50  99999.00  99999.00  20489.98  20877.94   -740.69   -502.25  -1088.53   -696.97       0     444     448      61
94302  08  12    40  99999.00  99999.00  99999.00  99999.00  99999.00  99999.00  99999.00  99999.00       0       0      53      34
94302  08  12    30  99999.00  99999.00  23691.34  24096.22   -667.64   -444.68   -970.12   -782.20       0     407     418     399
94302  08  12    20  99999.00  99999.00  26272.67  26713.79   -631.32   -406.92   -949.97   -751.73       0     266     292     284
94302  08  12    15  99999.00  99999.00  99999.00  99999.00  99999.00  99999.00  99999.00  99999.00       0       0      54      53
94302  08  12    10  99999.00  99999.00  99999.00  99999.00  99999.00  99999.00  99999.00  99999.00       0       1       2       2
94302  08  12     7  99999.00  99999.00  99999.00  99999.00  99999.00  99999.00  99999.00  99999.00       0       0       0       0
94302  08  12     5  99999.00  99999.00  99999.00  99999.00  99999.00  99999.00  99999.00  99999.00       0       0       0       0
94302  08  12     3  99999.00  99999.00  99999.00  99999.00  99999.00  99999.00  99999.00  99999.00       0       0       0       0
94302  08  12     2  99999.00  99999.00  99999.00  99999.00  99999.00  99999.00  99999.00  99999.00       0       0       0       0
94302  08  12     1  99999.00  99999.00  99999.00  99999.00  99999.00  99999.00  99999.00  99999.00       0       0       0       0
94302  09  12  9999   1002.80   1027.28  99999.00  99999.00    102.62    328.58   -149.68    351.80     461       0     461     459
94302  09  12  1000  99999.00  99999.00     30.13    238.33     82.76    347.24   -164.04    382.20       0     461     461     460
94302  09  12   925  99999.00  99999.00    699.47    914.75     -6.46    390.02   -316.85    369.07       0     460     460     459
94302  09  12   900  99999.00  99999.00  99999.00  99999.00  99999.00  99999.00  99999.00  99999.00       0       0       6       6
94302  09  12   850  99999.00  99999.00   1407.25   1647.97    -34.55    330.85   -587.92    497.00       0     460     460     455
94302  09  12   800  99999.00  99999.00  99999.00  99999.00  99999.00  99999.00  99999.00  99999.00       0       0       8       8
94302  09  12   700  99999.00  99999.00   2999.65   3286.09    -73.27    198.53  -1152.78    642.78       0     460     460     459
94302  09  12   600  99999.00  99999.00  99999.00  99999.00  99999.00  99999.00  99999.00  99999.00       0       0      13      13
94302  09  12   500  99999.00  99999.00   5642.68   6011.08   -245.80     83.48  -1154.26    268.82       0     458     458     454
94302  09  12   400  99999.00  99999.00   7289.25   7763.37   -362.79     -0.87  -1142.42    150.58       0     458     458     456
94302  09  12   300  99999.00  99999.00   9309.54   9923.46   -441.40   -200.08  -1059.46   -151.42       0     457     456     453
94302  09  12   250  99999.00  99999.00  10554.60  11203.20   -502.44   -325.44  -1050.03   -288.27       0     456     456     454
94302  09  12   200  99999.00  99999.00  12031.49  12680.57   -609.52   -446.32  -1042.70   -441.62       0     456     455     452
94302  09  12   150  99999.00  99999.00  13848.72  14463.84   -761.73   -553.17  99999.00  99999.00       0     452     451      30
94302  09  12   100  99999.00  99999.00  16321.16  16773.56   -916.16   -583.16  99999.00  99999.00       0     443     443      27
94302  09  12    80  99999.00  99999.00  99999.00  99999.00  99999.00  99999.00  99999.00  99999.00       0       0      41       2
94302  09  12    70  99999.00  99999.00  18459.49  18817.09   -833.89   -555.01  99999.00  99999.00       0     432     432      26
94302  09  12    60  99999.00  99999.00  99999.00  99999.00  99999.00  99999.00  99999.00  99999.00       0       0      51       3
94302  09  12    50  99999.00  99999.00  20477.94  20888.10   -724.72   -515.80  -1013.01   -772.77       0     417     417      74
94302  09  12    40  99999.00  99999.00  99999.00  99999.00  99999.00  99999.00  99999.00  99999.00       0       0      48      36
94302  09  12    30  99999.00  99999.00  23651.83  24128.59   -663.16   -458.32  -1000.10   -757.46       0     389     391     378
94302  09  12    20  99999.00  99999.00  26209.95  26770.47   -620.95   -419.59   -938.61   -763.17       0     283     305     296
94302  09  12    15  99999.00  99999.00  99999.00  99999.00  99999.00  99999.00  99999.00  99999.00       0       0      52      49
94302  09  12    10  99999.00  99999.00  99999.00  99999.00  99999.00  99999.00  99999.00  99999.00       0       1       3       3
94302  09  12     7  99999.00  99999.00  99999.00  99999.00  99999.00  99999.00  99999.00  99999.00       0       0       1       1
94302  09  12     5  99999.00  99999.00  99999.00  99999.00  99999.00  99999.00  99999.00  99999.00       0       0       1       1
94302  09  12     3  99999.00  99999.00  99999.00  99999.00  99999.00  99999.00  99999.00  99999.00       0       0       0       0
94302  09  12     2  99999.00  99999.00  99999.00  99999.00  99999.00  99999.00  99999.00  99999.00       0       0       0       0
94302  09  12     1  99999.00  99999.00  99999.00  99999.00  99999.00  99999.00  99999.00  99999.00       0       0       0       0
94302  10  12  9999    999.75   1024.95  99999.00  99999.00     97.24    377.68   -263.42    487.90     454       0     454     454
94302  10  12  1000  99999.00  99999.00      5.02    219.46     66.75    397.11    -96.51    350.25       0     453     452     452
94302  10  12   925  99999.00  99999.00    678.42    904.26     -3.30    458.94   -343.45    394.43       0     453     452     451
94302  10  12   900  99999.00  99999.00  99999.00  99999.00  99999.00  99999.00  99999.00  99999.00       0       0       7       7
94302  10  12   850  99999.00  99999.00   1386.03   1656.51    -15.85    384.47   -458.95    419.69       0     452     451     450
94302  10  12   800  99999.00  99999.00  99999.00  99999.00  99999.00  99999.00  99999.00  99999.00       0       0       5       5
94302  10  12   700  99999.00  99999.00   2969.48   3334.76    -44.13    200.43  -1030.87    706.61       0     452     451     448
94302  10  12   600  99999.00  99999.00  99999.00  99999.00  99999.00  99999.00  99999.00  99999.00       0       0      17      17
94302  10  12   500  99999.00  99999.00   5633.61   6045.81   -224.43     57.21  -1146.51    339.09       0     451     450     447
94302  10  12   400  99999.00  99999.00   7291.13   7780.97   -343.69    -34.81  -1129.64    178.48       0     451     450     445
94302  10  12   300  99999.00  99999.00   9316.37   9922.13   -478.83   -179.67  -1091.30    -78.62       0     451     450     441
94302  10  12   250  99999.00  99999.00  10548.36  11205.72   -540.71   -300.23  -1080.20   -230.36       0     450     449     445
94302  10  12   200  99999.00  99999.00  12012.69  12690.33   -623.44   -433.84  -1073.77   -413.77       0     450     449     446
94302  10  12   150  99999.00  99999.00  13831.87  14472.43   -766.06   -544.90  99999.00  99999.00       0     447     446      37
94302  10  12   100  99999.00  99999.00  16307.09  16781.45   -916.17   -594.81  99999.00  99999.00       0     440     442      31
94302  10  12    80  99999.00  99999.00  99999.00  99999.00  99999.00  99999.00  99999.00  99999.00       0       0      41       1
94302  10  12    70  99999.00  99999.00  18427.29  18815.25   -865.38   -557.22  99999.00  99999.00       0     432     433      31
94302  10  12    60  99999.00  99999.00  99999.00  99999.00  99999.00  99999.00  99999.00  99999.00       0       0      58       5
94302  10  12    50  99999.00  99999.00  20415.11  20884.55   -760.71   -518.07  99999.00  99999.00       0     419     420      41
94302  10  12    40  99999.00  99999.00  99999.00  99999.00  99999.00  99999.00  99999.00  99999.00       0       0      49      25
94302  10  12    30  99999.00  99999.00  23534.38  24127.78   -677.86   -472.78   -973.48   -804.28       0     388     391     345
94302  10  12    20  99999.00  99999.00  26088.27  26748.99   -652.57   -404.29   -961.96   -753.76       0     278     303     285
94302  10  12    15  99999.00  99999.00  99999.00  99999.00  99999.00  99999.00  99999.00  99999.00       0       0      55      54
94302  10  12    10  99999.00  99999.00  99999.00  99999.00  99999.00  99999.00  99999.00  99999.00       0       0       1       1
94302  10  12     7  99999.00  99999.00  99999.00  99999.00  99999.00  99999.00  99999.00  99999.00       0       0       0       0
94302  10  12     5  99999.00  99999.00  99999.00  99999.00  99999.00  99999.00  99999.00  99999.00       0       0       0       0
94302  10  12     3  99999.00  99999.00  99999.00  99999.00  99999.00  99999.00  99999.00  99999.00       0       0       0       0
94302  10  12     2  99999.00  99999.00  99999.00  99999.00  99999.00  99999.00  99999.00  99999.00       0       0       0       0
94302  10  12     1  99999.00  99999.00  99999.00  99999.00  99999.00  99999.00  99999.00  99999.00       0       0       0       0
94302  11  12  9999    996.31   1022.71  99999.00  99999.00    104.99    394.91   -169.30    374.54     451       0     450     450
94302  11  12  1000  99999.00  99999.00    -24.54    201.06     84.50    401.66    -38.84    333.40       0     451     450     450
94302  11  12   925  99999.00  99999.00    655.04    884.96     -3.85    486.11   -395.54    472.18       0     450     451     451
94302  11  12   900  99999.00  99999.00  99999.00  99999.00  99999.00  99999.00  99999.00  99999.00       0       0       9       9
94302  11  12   850  99999.00  99999.00   1371.04   1637.68     21.71    385.19   -561.97    520.43       0     451     451     448
94302  11  12   800  99999.00  99999.00  99999.00  99999.00  99999.00  99999.00  99999.00  99999.00       0       0       5       5
94302  11  12   700  99999.00  99999.00   2976.64   3315.76     -7.60    198.92   -984.09    694.35       0     451     451     447
94302  11  12   600  99999.00  99999.00  99999.00  99999.00  99999.00  99999.00  99999.00  99999.00       0       0       6       6
94302  11  12   500  99999.00  99999.00   5667.41   6030.41   -205.76     57.88  -1101.51    379.77       0     450     450     446
94302  11  12   400  99999.00  99999.00   7328.54   7769.90   -324.08    -50.24  -1073.45    170.95       0     449     449     443
94302  11  12   300  99999.00  99999.00   9343.71   9918.39   -475.89   -190.77  -1048.53    -75.57       0     448     447     438
94302  11  12   250  99999.00  99999.00  10571.13  11204.01   -551.07   -292.11  -1049.72   -232.04       0     444     444     435
94302  11  12   200  99999.00  99999.00  12024.95  12697.31   -622.54   -435.94  -1065.74   -394.82       0     441     441     435
94302  11  12   150  99999.00  99999.00  13838.69  14483.57   -750.10   -565.06  99999.00  99999.00       0     441     440      31
94302  11  12   100  99999.00  99999.00  16317.67  16776.43   -922.90   -608.62  99999.00  99999.00       0     431     432      30
94302  11  12    80  99999.00  99999.00  99999.00  99999.00  99999.00  99999.00  99999.00  99999.00       0       0      47       3
94302  11  12    70  99999.00  99999.00  18436.02  18784.86   -880.19   -574.07  99999.00  99999.00       0     429     430      30
94302  11  12    60  99999.00  99999.00  99999.00  99999.00  99999.00  99999.00  99999.00  99999.00       0       0      49       4
94302  11  12    50  99999.00  99999.00  20411.97  20842.41   -758.98   -533.02  99999.00  99999.00       0     417     418      30
94302  11  12    40  99999.00  99999.00  99999.00  99999.00  99999.00  99999.00  99999.00  99999.00       0       0      45      15
94302  11  12    30  99999.00  99999.00  13574.38  33863.02   -684.79   -461.95  -1015.80   -752.76       0     400     404     363
94302  11  12    20  99999.00  99999.00  26119.90  26681.02   -626.91   -408.75   -976.93   -718.21       0     326     343     334
94302  11  12    15  99999.00  99999.00  99999.00  99999.00 -22379.90  18572.02   -965.85   -676.29       0       0      87      85
94302  11  12    10  99999.00  99999.00  99999.00  99999.00  99999.00  99999.00  99999.00  99999.00       0       1       3       3
94302  11  12     7  99999.00  99999.00  99999.00  99999.00  99999.00  99999.00  99999.00  99999.00       0       0       0       0
94302  11  12     5  99999.00  99999.00  99999.00  99999.00  99999.00  99999.00  99999.00  99999.00       0       0       0       0
94302  11  12     3  99999.00  99999.00  99999.00  99999.00  99999.00  99999.00  99999.00  99999.00       0       0       0       0
94302  11  12     2  99999.00  99999.00  99999.00  99999.00  99999.00  99999.00  99999.00  99999.00       0       0       0       0
94302  11  12     1  99999.00  99999.00  99999.00  99999.00  99999.00  99999.00  99999.00  99999.00       0       0       0       0
94302  12  12  9999    990.60   1022.76  99999.00  99999.00    105.44    443.60   -196.50    420.78     442       0     442     442
94302  12  12  1000  99999.00  99999.00    -71.27    199.09     91.51    443.83    -36.31    360.89       0     438     438     436
94302  12  12   925  99999.00  99999.00    615.03    887.31     29.78    511.10   -402.77    523.87       0     443     444     440
94302  12  12   900  99999.00  99999.00  99999.00  99999.00  99999.00  99999.00  99999.00  99999.00       0       0      12      12
94302  12  12   850  99999.00  99999.00   1350.37   1635.37     55.49    402.77   -531.07    563.45       0     443     444     440
94302  12  12   800  99999.00  99999.00  99999.00  99999.00  99999.00  99999.00  99999.00  99999.00       0       0       3       3
94302  12  12   700  99999.00  99999.00   2977.37   3317.33     15.99    204.27   -782.96    659.80       0     443     443     438
94302  12  12   600  99999.00  99999.00  99999.00  99999.00  99999.00  99999.00  99999.00  99999.00       0       0      18      18
94302  12  12   500  99999.00  99999.00   5700.46   6027.94   -178.73     63.79  -1148.71    490.49       0     440     440     435
94302  12  12   400  99999.00  99999.00   7400.54   7753.82   -293.41    -38.65  -1115.29    229.31       0     439     439     432
94302  12  12   300  99999.00  99999.00   9450.15   9901.59   -448.58   -180.26  -1125.83      9.25       0     438     438     426
94302  12  12   250  99999.00  99999.00  10680.25  11202.13   -525.63   -290.31  -1132.24   -136.00       0     436     436     430
94302  12  12   200  99999.00  99999.00  12125.03  12720.71   -613.68   -426.72  -1131.55   -314.35       0     435     435     430
94302  12  12   150  99999.00  99999.00  13907.77  14545.09   -722.76   -593.76  99999.00  99999.00       0     431     430      31
94302  12  12   100  99999.00  99999.00  16339.03  16858.27   -950.44   -632.56  99999.00  99999.00       0     416     419      31
94302  12  12    80  99999.00  99999.00  99999.00  99999.00  99999.00  99999.00  99999.00  99999.00       0       0      44       2
94302  12  12    70  99999.00  99999.00  18464.05  18784.93   -935.83   -585.31  99999.00  99999.00       0     392     394      31
94302  12  12    60  99999.00  99999.00  99999.00  99999.00 -22715.77  18347.51  99999.00  99999.00       0       0      63       6
94302  12  12    50  99999.00  99999.00  20442.18  20796.66   -782.23   -531.67  99999.00  99999.00       0     377     377      31
94302  12  12    40  99999.00  99999.00  99999.00  99999.00  99999.00  99999.00  99999.00  99999.00       0       0      44      14
94302  12  12    30  99999.00  99999.00  23566.97  24011.69   -681.02   -467.18   -994.86   -777.66       0     358     360     333
94302  12  12    20  99999.00  99999.00  26130.94  26642.26   -634.29   -393.21   -961.58   -728.66       0     288     303     296
94302  12  12    15  99999.00  99999.00  99999.00  99999.00 -20561.81  17259.19   -965.88   -672.24       0       0      65      63
94302  12  12    10  99999.00  99999.00  99999.00  99999.00  99999.00  99999.00  99999.00  99999.00       0       2       3       3
94302  12  12     7  99999.00  99999.00  99999.00  99999.00  99999.00  99999.00  99999.00  99999.00       0       0       0       0
94302  12  12     5  99999.00  99999.00  99999.00  99999.00  99999.00  99999.00  99999.00  99999.00       0       0       0       0
94302  12  12     3  99999.00  99999.00  99999.00  99999.00  99999.00  99999.00  99999.00  99999.00       0       0       0       0
94302  12  12     2  99999.00  99999.00  99999.00  99999.00  99999.00  99999.00  99999.00  99999.00       0       0       0       0
94302  12  12     1  99999.00  99999.00  99999.00  99999.00  99999.00  99999.00  99999.00  99999.00       0       0       0       0
