52983  01  12  9999   7872.20   8386.88  99999.00  99999.00   -277.06    167.42   -406.55    110.17     341       0     341     341
52983  01  12  1000  99999.00  99999.00  99999.00  99999.00  99999.00  99999.00  99999.00  99999.00       0       0       0       0
52983  01  12   925  99999.00  99999.00  99999.00  99999.00  99999.00  99999.00  99999.00  99999.00       0       0       0       0
52983  01  12   900  99999.00  99999.00  99999.00  99999.00  99999.00  99999.00  99999.00  99999.00       0       0       0       0
52983  01  12   850  99999.00  99999.00  99999.00  99999.00  99999.00  99999.00  99999.00  99999.00       0       0       0       0
52983  01  12   800  99999.00  99999.00  99999.00  99999.00  99999.00  99999.00  99999.00  99999.00       0       0       0       0
52983  01  12   700  99999.00  99999.00   2816.53   3270.13   -427.08    241.32   -693.05    257.11       0     341     341     341
52983  01  12   600  99999.00  99999.00   3973.64   4479.44   -383.48    120.28   -877.56    289.08       0     341     341     341
52983  01  12   500  99999.00  99999.00   5302.98   5880.06   -443.82     -3.18   -921.26    181.78       0     341     341     341
52983  01  12   400  99999.00  99999.00   6826.76   7552.64   -548.18   -147.38   -987.00     57.72       0     341     341     341
52983  01  12   300  99999.00  99999.00   8661.31   9605.35   -677.07   -311.19  -1002.09   -197.01       0     336     336     336
52983  01  12   250  99999.00  99999.00   9786.33  10835.37   -808.94   -287.30  -1020.46   -287.86       0     329     329     301
52983  01  12   200  99999.00  99999.00  11171.09  12294.65   -817.89   -284.97  -1016.35   -306.67       0     326     326     233
52983  01  12   150  99999.00  99999.00  13012.67  14126.39   -736.58   -384.74  -1097.11   -283.87       0     319     319     205
52983  01  12   100  99999.00  99999.00  15615.62  16613.30   -809.84   -413.60  -1135.72   -287.44       0     316     316      64
52983  01  12    80  99999.00  99999.00  99999.00  99999.00  99999.00  99999.00  99999.00  99999.00       0       0       0       0
52983  01  12    70  99999.00  99999.00  17844.63  18789.03   -835.30   -413.74  99999.00  99999.00       0     310     310       0
52983  01  12    60  99999.00  99999.00  99999.00  99999.00  99999.00  99999.00  99999.00  99999.00       0       0       0       0
52983  01  12    50  99999.00  99999.00  19884.81  20907.57   -798.84   -421.80  99999.00  99999.00       0     303     302       0
52983  01  12    40  99999.00  99999.00  21227.25  22351.29   -770.97   -401.49  99999.00  99999.00       0     301     300       0
52983  01  12    30  99999.00  99999.00  22957.96  24252.52   -765.07   -358.15  99999.00  99999.00       0     291     292       0
52983  01  12    20  99999.00  99999.00  25443.04  26971.72   -794.87   -262.55  99999.00  99999.00       0     243     247       0
52983  01  12    15  99999.00  99999.00  27212.74  28928.02   -801.00   -215.16  99999.00  99999.00       0     166     167       0
52983  01  12    10  99999.00  99999.00  99999.00  99999.00  99999.00  99999.00  99999.00  99999.00       0      33      33       0
52983  01  12     7  99999.00  99999.00  99999.00  99999.00  99999.00  99999.00  99999.00  99999.00       0       1       1       0
52983  01  12     5  99999.00  99999.00  99999.00  99999.00  99999.00  99999.00  99999.00  99999.00       0       0       0       0
52983  01  12     3  99999.00  99999.00  99999.00  99999.00  99999.00  99999.00  99999.00  99999.00       0       0       0       0
52983  01  12     2  99999.00  99999.00  99999.00  99999.00  99999.00  99999.00  99999.00  99999.00       0       0       0       0
52983  01  12     1  99999.00  99999.00  99999.00  99999.00  99999.00  99999.00  99999.00  99999.00       0       0       0       0
52983  02  12  9999   7820.22   8379.66  99999.00  99999.00   -285.23    283.09   -412.39    194.69     305       0     305     305
52983  02  12  1000  99999.00  99999.00  99999.00  99999.00  99999.00  99999.00  99999.00  99999.00       0       0       0       0
52983  02  12   925  99999.00  99999.00  99999.00  99999.00  99999.00  99999.00  99999.00  99999.00       0       0       0       0
52983  02  12   900  99999.00  99999.00  99999.00  99999.00  99999.00  99999.00  99999.00  99999.00       0       0       0       0
52983  02  12   850  99999.00  99999.00  99999.00  99999.00  99999.00  99999.00  99999.00  99999.00       0       0       0       0
52983  02  12   800  99999.00  99999.00  99999.00  99999.00  99999.00  99999.00  99999.00  99999.00       0       4       4       4
52983  02  12   700  99999.00  99999.00   2803.33   3258.61   -405.72    288.24   -689.03    323.05       0     311     310     310
52983  02  12   600  99999.00  99999.00   4000.25   4450.97   -388.62    165.90   -878.19    330.93       0     311     311     311
52983  02  12   500  99999.00  99999.00   5331.45   5870.01   -432.98     21.70   -901.58    219.46       0     311     310     310
52983  02  12   400  99999.00  99999.00   6855.75   7565.07   -527.63   -134.39   -952.41     70.95       0     309     309     309
52983  02  12   300  99999.00  99999.00   8699.67   9630.39   -663.09   -309.21   -993.08   -174.80       0     306     306     306
52983  02  12   250  99999.00  99999.00   9835.31  10849.91   -828.16   -273.52  -1018.53   -278.49       0     301     302     279
52983  02  12   200  99999.00  99999.00  11208.31  12312.67   -883.19   -234.35  -1015.35   -292.47       0     298     299     170
52983  02  12   150  99999.00  99999.00  13012.57  14172.85   -738.41   -392.21  -1126.38   -262.26       0     294     294     146
52983  02  12   100  99999.00  99999.00  15615.79  16642.51   -851.99   -391.91  99999.00  99999.00       0     287     289      43
52983  02  12    80  99999.00  99999.00  99999.00  99999.00  99999.00  99999.00  99999.00  99999.00       0       0       0       0
52983  02  12    70  99999.00  99999.00  17843.79  18795.75   -887.94   -389.22  99999.00  99999.00       0     279     280       0
52983  02  12    60  99999.00  99999.00  99999.00  99999.00  99999.00  99999.00  99999.00  99999.00       0       0       0       0
52983  02  12    50  99999.00  99999.00  19835.93  20936.45   -844.71   -404.79  99999.00  99999.00       0     267     267       0
52983  02  12    40  99999.00  99999.00  21183.06  22364.58   -823.48   -373.48  99999.00  99999.00       0     251     253       0
52983  02  12    30  99999.00  99999.00  22893.82  24273.34   -797.68   -352.12  99999.00  99999.00       0     233     234       0
52983  02  12    20  99999.00  99999.00  25366.48  26981.92   -771.58   -302.62  99999.00  99999.00       0     190     192       0
52983  02  12    15  99999.00  99999.00  27094.22  28968.50   -741.74   -288.74  99999.00  99999.00       0     139     139       0
52983  02  12    10  99999.00  99999.00  99999.00  99999.00  99999.00  99999.00  99999.00  99999.00       0      30      30       0
52983  02  12     7  99999.00  99999.00  99999.00  99999.00  99999.00  99999.00  99999.00  99999.00       0       4       4       0
52983  02  12     5  99999.00  99999.00  99999.00  99999.00  99999.00  99999.00  99999.00  99999.00       0       0       0       0
52983  02  12     3  99999.00  99999.00  99999.00  99999.00  99999.00  99999.00  99999.00  99999.00       0       0       0       0
52983  02  12     2  99999.00  99999.00  99999.00  99999.00  99999.00  99999.00  99999.00  99999.00       0       0       0       0
52983  02  12     1  99999.00  99999.00  99999.00  99999.00  99999.00  99999.00  99999.00  99999.00       0       0       0       0
52983  03  12  9999   7835.25   8368.53  99999.00  99999.00   -255.58    373.70   -404.79    252.93     340       0     340     340
52983  03  12  1000  99999.00  99999.00  99999.00  99999.00  99999.00  99999.00  99999.00  99999.00       0       0       0       0
52983  03  12   925  99999.00  99999.00  99999.00  99999.00  99999.00  99999.00  99999.00  99999.00       0       0       0       0
52983  03  12   900  99999.00  99999.00  99999.00  99999.00  99999.00  99999.00  99999.00  99999.00       0       0       0       0
52983  03  12   850  99999.00  99999.00  99999.00  99999.00  99999.00  99999.00  99999.00  99999.00       0       0       0       0
52983  03  12   800  99999.00  99999.00  99999.00  99999.00  99999.00  99999.00  99999.00  99999.00       0       1       1       1
52983  03  12   700  99999.00  99999.00   2838.72   3266.04   -375.14    318.82   -624.44    316.12       0     341     341     341
52983  03  12   600  99999.00  99999.00   4026.32   4486.04   -388.93    193.79   -740.42    303.10       0     341     341     341
52983  03  12   500  99999.00  99999.00   5358.85   5923.33   -430.48     59.24   -879.27    255.93       0     341     340     340
52983  03  12   400  99999.00  99999.00   6895.24   7633.12   -534.43    -82.87   -955.39    114.77       0     335     335     335
52983  03  12   300  99999.00  99999.00   8741.06   9737.78   -644.89   -283.93  -1007.77   -119.41       0     328     328     328
52983  03  12   250  99999.00  99999.00   9874.90  10980.46   -736.12   -354.04  -1027.55   -258.83       0     323     323     320
52983  03  12   200  99999.00  99999.00  11287.68  12398.04   -885.38   -255.38  -1029.83   -275.27       0     316     317     172
52983  03  12   150  99999.00  99999.00  13126.75  14206.63   -753.71   -394.31  -1057.03   -316.99       0     312     313     159
52983  03  12   100  99999.00  99999.00  15670.47  16720.47   -796.80   -461.04  99999.00  99999.00       0     307     307      17
52983  03  12    80  99999.00  99999.00  99999.00  99999.00  99999.00  99999.00  99999.00  99999.00       0       0       0       0
52983  03  12    70  99999.00  99999.00  17900.16  18855.12   -830.41   -463.57  99999.00  99999.00       0     305     305       0
52983  03  12    60  99999.00  99999.00  99999.00  99999.00  99999.00  99999.00  99999.00  99999.00       0       0       0       0
52983  03  12    50  99999.00  99999.00  19983.95  20891.39   -803.92   -451.84  99999.00  99999.00       0     291     292       0
52983  03  12    40  99999.00  99999.00  21372.25  22269.97   -774.65   -427.61  99999.00  99999.00       0     280     280       0
52983  03  12    30  99999.00  99999.00  23169.75  24099.51   -733.70   -392.66  99999.00  99999.00       0     258     259       0
52983  03  12    20  99999.00  99999.00  25686.82  26787.22   -723.53   -312.17  99999.00  99999.00       0     229     230       0
52983  03  12    15  99999.00  99999.00  27453.61  28764.37   -733.02   -249.78  99999.00  99999.00       0     172     172       0
52983  03  12    10  99999.00  99999.00  99999.00  99999.00  99999.00  99999.00  99999.00  99999.00       0      41      41       0
52983  03  12     7  99999.00  99999.00  99999.00  99999.00  99999.00  99999.00  99999.00  99999.00       0       8       8       0
52983  03  12     5  99999.00  99999.00  99999.00  99999.00  99999.00  99999.00  99999.00  99999.00       0       1       1       0
52983  03  12     3  99999.00  99999.00  99999.00  99999.00  99999.00  99999.00  99999.00  99999.00       0       0       0       0
52983  03  12     2  99999.00  99999.00  99999.00  99999.00  99999.00  99999.00  99999.00  99999.00       0       0       0       0
52983  03  12     1  99999.00  99999.00  99999.00  99999.00  99999.00  99999.00  99999.00  99999.00       0       0       0       0
52983  04  12  9999   7808.38   8369.86  99999.00  99999.00   -179.52    441.00   -431.36    339.16     325       0     325     325
52983  04  12  1000  99999.00  99999.00  99999.00  99999.00  99999.00  99999.00  99999.00  99999.00       0       0       0       0
52983  04  12   925  99999.00  99999.00  99999.00  99999.00  99999.00  99999.00  99999.00  99999.00       0       0       0       0
52983  04  12   900  99999.00  99999.00  99999.00  99999.00  99999.00  99999.00  99999.00  99999.00       0       0       0       0
52983  04  12   850  99999.00  99999.00  99999.00  99999.00  99999.00  99999.00  99999.00  99999.00       0       0       0       0
52983  04  12   800  99999.00  99999.00  99999.00  99999.00  99999.00  99999.00  99999.00  99999.00       0       5       5       5
52983  04  12   700  99999.00  99999.00   2844.62   3289.10   -296.82    366.42   -600.72    353.40       0     330     330     330
52983  04  12   600  99999.00  99999.00   4092.25   4499.89   -316.58    213.58   -643.80    310.92       0     330     330     330
52983  04  12   500  99999.00  99999.00   5476.25   5931.53   -361.80     74.64   -895.44    344.76       0     330     330     330
52983  04  12   400  99999.00  99999.00   7054.91   7657.07   -475.20    -53.88  -1015.58    220.06       0     330     330     330
52983  04  12   300  99999.00  99999.00   8942.77   9789.61   -627.47   -220.07  -1026.70    -39.34       0     324     324     324
52983  04  12   250  99999.00  99999.00  10060.93  11082.49   -710.46   -323.94  -1037.56   -201.52       0     322     322     322
52983  04  12   200  99999.00  99999.00  11418.55  12566.59   -861.27   -308.43  -1054.35   -283.71       0     315     312     151
52983  04  12   150  99999.00  99999.00  13191.13  14410.21   -775.90   -394.78  -1093.65   -309.81       0     309     311     115
52983  04  12   100  99999.00  99999.00  15743.17  16890.73   -819.59   -460.91  99999.00  99999.00       0     300     300       2
52983  04  12    80  99999.00  99999.00  99999.00  99999.00  99999.00  99999.00  99999.00  99999.00       0       0       0       0
52983  04  12    70  99999.00  99999.00  17989.56  18984.36   -852.24   -463.20  99999.00  99999.00       0     294     293       0
52983  04  12    60  99999.00  99999.00  99999.00  99999.00  99999.00  99999.00  99999.00  99999.00       0       0       0       0
52983  04  12    50  99999.00  99999.00  20077.09  21003.49   -824.12   -432.44  99999.00  99999.00       0     279     280       0
52983  04  12    40  99999.00  99999.00  21444.75  22403.91   -787.34   -402.50  99999.00  99999.00       0     275     276       0
52983  04  12    30  99999.00  99999.00  23218.11  24267.27   -737.51   -364.31  99999.00  99999.00       0     267     267       0
52983  04  12    20  99999.00  99999.00  25754.07  26970.99   -708.16   -288.88  99999.00  99999.00       0     241     241       0
52983  04  12    15  99999.00  99999.00  27605.53  28910.65   -676.96   -255.28  99999.00  99999.00       0     187     188       0
52983  04  12    10  99999.00  99999.00  99999.00  99999.00  99999.00  99999.00  99999.00  99999.00       0      58      58       0
52983  04  12     7  99999.00  99999.00  99999.00  99999.00  99999.00  99999.00  99999.00  99999.00       0       8       8       0
52983  04  12     5  99999.00  99999.00  99999.00  99999.00  99999.00  99999.00  99999.00  99999.00       0       1       1       0
52983  04  12     3  99999.00  99999.00  99999.00  99999.00  99999.00  99999.00  99999.00  99999.00       0       0       0       0
52983  04  12     2  99999.00  99999.00  99999.00  99999.00  99999.00  99999.00  99999.00  99999.00       0       0       0       0
52983  04  12     1  99999.00  99999.00  99999.00  99999.00  99999.00  99999.00  99999.00  99999.00       0       0       0       0
52983  05  12  9999   7833.85   8334.49  99999.00  99999.00   -113.03    453.49   -337.94    380.86     336       0     336     336
52983  05  12  1000  99999.00  99999.00  99999.00  99999.00  99999.00  99999.00  99999.00  99999.00       0       0       0       0
52983  05  12   925  99999.00  99999.00  99999.00  99999.00  99999.00  99999.00  99999.00  99999.00       0       0       0       0
52983  05  12   900  99999.00  99999.00  99999.00  99999.00  99999.00  99999.00  99999.00  99999.00       0       0       0       0
52983  05  12   850  99999.00  99999.00  99999.00  99999.00  99999.00  99999.00  99999.00  99999.00       0       0       0       0
52983  05  12   800  99999.00  99999.00  99999.00  99999.00  99999.00  99999.00  99999.00  99999.00       0       4       4       4
52983  05  12   700  99999.00  99999.00   2881.96   3276.76   -208.14    353.34   -553.03    428.33       0     341     341     340
52983  05  12   600  99999.00  99999.00   4153.21   4499.17   -225.96    191.52   -660.09    413.55       0     341     341     340
52983  05  12   500  99999.00  99999.00   5572.84   5932.72   -290.71     78.17   -886.16    443.56       0     341     341     340
52983  05  12   400  99999.00  99999.00   7200.09   7667.97   -416.24    -15.80  -1058.13    366.63       0     341     341     340
52983  05  12   300  99999.00  99999.00   9120.46   9858.94   -595.75   -138.67  -1060.32    115.80       0     336     336     335
52983  05  12   250  99999.00  99999.00  10257.88  11196.76   -696.85   -218.41  -1046.65    -73.33       0     336     336     335
52983  05  12   200  99999.00  99999.00  11601.65  12768.53   -813.78   -254.82  -1046.04   -243.60       0     335     336     301
52983  05  12   150  99999.00  99999.00  13378.57  14650.33   -749.84   -415.88  -1147.96   -265.48       0     332     333     208
52983  05  12   100  99999.00  99999.00  15982.96  17050.24   -847.66   -475.18  99999.00  99999.00       0     330     330       2
52983  05  12    80  99999.00  99999.00  99999.00  99999.00  99999.00  99999.00  99999.00  99999.00       0       0       0       0
52983  05  12    70  99999.00  99999.00  18215.54  19107.98   -846.38   -515.90  99999.00  99999.00       0     327     327       0
52983  05  12    60  99999.00  99999.00  99999.00  99999.00  99999.00  99999.00  99999.00  99999.00       0       0       0       0
52983  05  12    50  99999.00  99999.00  20276.21  21122.81   -777.65   -483.65  99999.00  99999.00       0     321     322       0
52983  05  12    40  99999.00  99999.00  21617.66  22557.14   -735.76   -435.04  99999.00  99999.00       0     318     318       0
52983  05  12    30  99999.00  99999.00  23398.93  24433.57   -691.10   -384.14  99999.00  99999.00       0     309     309       0
52983  05  12    20  99999.00  99999.00  25950.07  27141.79   -633.62   -351.86  99999.00  99999.00       0     274     275       0
52983  05  12    15  99999.00  99999.00  27790.38  29091.54   -610.74   -322.38  99999.00  99999.00       0     216     216       0
52983  05  12    10  99999.00  99999.00  30265.55  32018.51   -625.02   -242.82  99999.00  99999.00       0      72      72       0
52983  05  12     7  99999.00  99999.00  99999.00  99999.00  99999.00  99999.00  99999.00  99999.00       0       7       7       0
52983  05  12     5  99999.00  99999.00  99999.00  99999.00  99999.00  99999.00  99999.00  99999.00       0       1       1       0
52983  05  12     3  99999.00  99999.00  99999.00  99999.00  99999.00  99999.00  99999.00  99999.00       0       0       0       0
52983  05  12     2  99999.00  99999.00  99999.00  99999.00  99999.00  99999.00  99999.00  99999.00       0       0       0       0
52983  05  12     1  99999.00  99999.00  99999.00  99999.00  99999.00  99999.00  99999.00  99999.00       0       0       0       0
52983  06  12  9999   7888.99   8239.51  99999.00  99999.00    -10.58    427.06   -256.55    395.89     329       0     329     329
52983  06  12  1000  99999.00  99999.00  99999.00  99999.00  99999.00  99999.00  99999.00  99999.00       0       0       0       0
52983  06  12   925  99999.00  99999.00  99999.00  99999.00  99999.00  99999.00  99999.00  99999.00       0       0       0       0
52983  06  12   900  99999.00  99999.00  99999.00  99999.00  99999.00  99999.00  99999.00  99999.00       0       0       0       0
52983  06  12   850  99999.00  99999.00  99999.00  99999.00  99999.00  99999.00  99999.00  99999.00       0       0       0       0
52983  06  12   800  99999.00  99999.00  99999.00  99999.00  99999.00  99999.00  99999.00  99999.00       0       1       1       1
52983  06  12   700  99999.00  99999.00   2931.97   3226.09    -93.07    324.17   -447.62    410.26       0     330     330     330
52983  06  12   600  99999.00  99999.00   4204.08   4485.48   -132.00    168.24   -442.13    314.35       0     330     330     330
52983  06  12   500  99999.00  99999.00   5633.56   5946.76   -242.38     96.86   -819.46    475.58       0     330     330     330
52983  06  12   400  99999.00  99999.00   7270.17   7722.69   -370.31     20.05  -1041.06    437.46       0     330     330     330
52983  06  12   300  99999.00  99999.00   9217.08   9965.04   -551.77    -84.61   -991.28    146.32       0     330     330     330
52983  06  12   250  99999.00  99999.00  10376.31  11333.79   -635.96   -179.24  -1036.70    -11.78       0     330     330     330
52983  06  12   200  99999.00  99999.00  11772.53  12914.21   -680.31   -310.23  -1086.60   -183.84       0     328     328     328
52983  06  12   150  99999.00  99999.00  13601.61  14771.97   -723.43   -451.27  -1190.98   -260.14       0     327     327     227
52983  06  12   100  99999.00  99999.00  16185.45  17157.57   -860.63   -499.67  99999.00  99999.00       0     325     325       1
52983  06  12    80  99999.00  99999.00  99999.00  99999.00  99999.00  99999.00  99999.00  99999.00       0       0       0       0
52983  06  12    70  99999.00  99999.00  18395.28  19214.52   -830.39   -529.19  99999.00  99999.00       0     321     322       0
52983  06  12    60  99999.00  99999.00  99999.00  99999.00  99999.00  99999.00  99999.00  99999.00       0       0       0       0
52983  06  12    50  99999.00  99999.00  20450.39  21260.75   -737.20   -496.00  99999.00  99999.00       0     319     320       0
52983  06  12    40  99999.00  99999.00  21839.74  22659.34   -690.95   -461.75  99999.00  99999.00       0     315     316       0
52983  06  12    30  99999.00  99999.00  23649.19  24514.39   -638.61   -430.17  99999.00  99999.00       0     306     306       0
52983  06  12    20  99999.00  99999.00  26227.30  27204.94   -614.26   -350.02  99999.00  99999.00       0     270     271       0
52983  06  12    15  99999.00  99999.00  28079.07  29172.51   -582.33   -314.49  99999.00  99999.00       0     223     226       0
52983  06  12    10  99999.00  99999.00  30729.70  31969.06   -587.52   -233.52  99999.00  99999.00       0     104     105       0
52983  06  12     7  99999.00  99999.00  99999.00  99999.00  99999.00  99999.00  99999.00  99999.00       0      10      10       0
52983  06  12     5  99999.00  99999.00  99999.00  99999.00  99999.00  99999.00  99999.00  99999.00       0       1       1       0
52983  06  12     3  99999.00  99999.00  99999.00  99999.00  99999.00  99999.00  99999.00  99999.00       0       0       0       0
52983  06  12     2  99999.00  99999.00  99999.00  99999.00  99999.00  99999.00  99999.00  99999.00       0       0       0       0
52983  06  12     1  99999.00  99999.00  99999.00  99999.00  99999.00  99999.00  99999.00  99999.00       0       0       0       0
52983  07  12  9999   7907.91   8218.71  99999.00  99999.00    -11.62    464.90   -154.82    367.90     372       0     372     372
52983  07  12  1000  99999.00  99999.00  99999.00  99999.00  99999.00  99999.00  99999.00  99999.00       0       0       0       0
52983  07  12   925  99999.00  99999.00  99999.00  99999.00  99999.00  99999.00  99999.00  99999.00       0       0       0       0
52983  07  12   900  99999.00  99999.00  99999.00  99999.00  99999.00  99999.00  99999.00  99999.00       0       0       0       0
52983  07  12   850  99999.00  99999.00  99999.00  99999.00  99999.00  99999.00  99999.00  99999.00       0       0       0       0
52983  07  12   800  99999.00  99999.00  99999.00  99999.00  99999.00  99999.00  99999.00  99999.00       0       0       0       0
52983  07  12   700  99999.00  99999.00   2964.95   3208.19    -55.91    324.85   -356.77    419.63       0     372     372     372
52983  07  12   600  99999.00  99999.00   4244.84   4482.68   -110.71    198.53   -458.22    398.10       0     372     372     372
52983  07  12   500  99999.00  99999.00   5669.27   5983.31   -214.89    139.23   -824.73    540.03       0     370     370     370
52983  07  12   400  99999.00  99999.00   7312.42   7802.26   -330.56     60.04  -1000.50    466.02       0     368     368     368
52983  07  12   300  99999.00  99999.00   9293.17  10080.73   -494.69    -54.41  -1059.07    234.53       0     365     365     365
52983  07  12   250  99999.00  99999.00  10489.19  11458.67   -542.91   -187.47  -1079.63     65.41       0     363     363     363
52983  07  12   200  99999.00  99999.00  11937.84  13031.64   -581.83   -361.63  -1091.84   -147.68       0     361     361     361
52983  07  12   150  99999.00  99999.00  13801.89  14871.45   -724.52   -462.44  -1214.47   -253.87       0     359     360     204
52983  07  12   100  99999.00  99999.00  16382.13  17217.69   -901.33   -505.69  99999.00  99999.00       0     354     354       1
52983  07  12    80  99999.00  99999.00  99999.00  99999.00  99999.00  99999.00  99999.00  99999.00       0       0       0       0
52983  07  12    70  99999.00  99999.00  18592.65  19239.69   -842.25   -531.93  99999.00  99999.00       0     347     348       0
52983  07  12    60  99999.00  99999.00  99999.00  99999.00  99999.00  99999.00  99999.00  99999.00       0       0       0       0
52983  07  12    50  99999.00  99999.00  20677.09  21254.17   -725.71   -504.43  99999.00  99999.00       0     343     343       0
52983  07  12    40  99999.00  99999.00  22073.51  22648.55   -687.80   -464.72  99999.00  99999.00       0     336     335       0
52983  07  12    30  99999.00  99999.00  23894.54  24491.54   -664.54   -403.90  99999.00  99999.00       0     319     320       0
52983  07  12    20  99999.00  99999.00  26470.44  27195.12   -611.30   -353.30  99999.00  99999.00       0     288     286       0
52983  07  12    15  99999.00  99999.00  28345.37  29129.69   -584.87   -312.23  99999.00  99999.00       0     221     221       0
52983  07  12    10  99999.00  99999.00  31021.99  31900.51   -535.12   -290.92  99999.00  99999.00       0      97      97       0
52983  07  12     7  99999.00  99999.00  99999.00  99999.00  99999.00  99999.00  99999.00  99999.00       0      13      13       0
52983  07  12     5  99999.00  99999.00  99999.00  99999.00  99999.00  99999.00  99999.00  99999.00       0       0       0       0
52983  07  12     3  99999.00  99999.00  99999.00  99999.00  99999.00  99999.00  99999.00  99999.00       0       0       0       0
52983  07  12     2  99999.00  99999.00  99999.00  99999.00  99999.00  99999.00  99999.00  99999.00       0       0       0       0
52983  07  12     1  99999.00  99999.00  99999.00  99999.00  99999.00  99999.00  99999.00  99999.00       0       0       0       0
52983  08  12  9999   7922.71   8247.55  99999.00  99999.00    -24.65    456.55   -136.05    346.59     372       0     371     371
52983  08  12  1000  99999.00  99999.00  99999.00  99999.00  99999.00  99999.00  99999.00  99999.00       0       0       0       0
52983  08  12   925  99999.00  99999.00  99999.00  99999.00  99999.00  99999.00  99999.00  99999.00       0       0       0       0
52983  08  12   900  99999.00  99999.00  99999.00  99999.00  99999.00  99999.00  99999.00  99999.00       0       0       0       0
52983  08  12   850  99999.00  99999.00  99999.00  99999.00  99999.00  99999.00  99999.00  99999.00       0       0       0       0
52983  08  12   800  99999.00  99999.00  99999.00  99999.00  99999.00  99999.00  99999.00  99999.00       0       0       0       0
52983  08  12   700  99999.00  99999.00   2977.22   3233.18    -75.86    321.34   -257.87    334.09       0     372     372     372
52983  08  12   600  99999.00  99999.00   4249.10   4507.46   -119.19    195.93   -547.11    463.77       0     372     372     371
52983  08  12   500  99999.00  99999.00   5673.19   6003.31   -210.56    125.32   -829.47    530.61       0     372     372     372
52983  08  12   400  99999.00  99999.00   7322.39   7808.87   -327.70     44.90  -1000.27    462.53       0     368     368     368
52983  08  12   300  99999.00  99999.00   9321.41  10059.65   -459.40    -99.52  -1057.66    228.14       0     364     364     364
52983  08  12   250  99999.00  99999.00  10542.07  11408.95   -504.86   -234.38  -1097.29     64.31       0     364     364     364
52983  08  12   200  99999.00  99999.00  12005.40  12960.12   -576.54   -381.18  -1112.99   -136.91       0     362     362     362
52983  08  12   150  99999.00  99999.00  13853.92  14800.00   -727.65   -479.97  -1209.72   -265.56       0     351     349     140
52983  08  12   100  99999.00  99999.00  16389.50  17169.50   -892.78   -522.22  99999.00  99999.00       0     336     338       0
52983  08  12    80  99999.00  99999.00  99999.00  99999.00  99999.00  99999.00  99999.00  99999.00       0       0       0       0
52983  08  12    70  99999.00  99999.00  18566.94  19227.66   -846.42   -514.02  99999.00  99999.00       0     321     321       0
52983  08  12    60  99999.00  99999.00  99999.00  99999.00  99999.00  99999.00  99999.00  99999.00       0       0       0       0
52983  08  12    50  99999.00  99999.00  20641.49  21264.77   -735.72   -484.80  99999.00  99999.00       0     315     314       0
52983  08  12    40  99999.00  99999.00  22021.86  22678.74   -691.42   -458.98  99999.00  99999.00       0     311     309       0
52983  08  12    30  99999.00  99999.00  23808.00  24552.60   -656.30   -424.10  99999.00  99999.00       0     300     300       0
52983  08  12    20  99999.00  99999.00  26345.24  27260.24   -625.82   -368.42  99999.00  99999.00       0     235     239       0
52983  08  12    15  99999.00  99999.00  28154.02  29236.66   -607.12   -323.20  99999.00  99999.00       0     172     173       0
52983  08  12    10  99999.00  99999.00  30664.97  32089.85   -586.33   -295.57  99999.00  99999.00       0      73      73       0
52983  08  12     7  99999.00  99999.00  99999.00  99999.00  99999.00  99999.00  99999.00  99999.00       0       5       5       0
52983  08  12     5  99999.00  99999.00  99999.00  99999.00  99999.00  99999.00  99999.00  99999.00       0       0       0       0
52983  08  12     3  99999.00  99999.00  99999.00  99999.00  99999.00  99999.00  99999.00  99999.00       0       0       0       0
52983  08  12     2  99999.00  99999.00  99999.00  99999.00  99999.00  99999.00  99999.00  99999.00       0       0       0       0
52983  08  12     1  99999.00  99999.00  99999.00  99999.00  99999.00  99999.00  99999.00  99999.00       0       0       0       0
52983  09  12  9999   7925.49   8318.49  99999.00  99999.00    -63.19    371.09   -132.76    303.80     360       0     360     360
52983  09  12  1000  99999.00  99999.00  99999.00  99999.00  99999.00  99999.00  99999.00  99999.00       0       0       0       0
52983  09  12   925  99999.00  99999.00  99999.00  99999.00  99999.00  99999.00  99999.00  99999.00       0       0       0       0
52983  09  12   900  99999.00  99999.00  99999.00  99999.00  99999.00  99999.00  99999.00  99999.00       0       0       0       0
52983  09  12   850  99999.00  99999.00  99999.00  99999.00  99999.00  99999.00  99999.00  99999.00       0       0       0       0
52983  09  12   800  99999.00  99999.00  99999.00  99999.00  99999.00  99999.00  99999.00  99999.00       0       0       0       0
52983  09  12   700  99999.00  99999.00   2970.12   3267.84   -134.55    278.85   -336.34    353.06       0     360     360     360
52983  09  12   600  99999.00  99999.00   4250.47   4494.43   -188.86    200.30   -594.32    446.56       0     360     360     360
52983  09  12   500  99999.00  99999.00   5664.87   5964.75   -287.56    136.88   -929.14    555.26       0     360     360     360
52983  09  12   400  99999.00  99999.00   7262.38   7773.22   -404.71     44.21  -1037.75    414.13       0     357     357     356
52983  09  12   300  99999.00  99999.00   9185.95  10033.51   -545.22    -91.14  -1082.53    169.07       0     353     353     353
52983  09  12   250  99999.00  99999.00  10366.25  11383.73   -569.48   -237.08  -1102.13     -2.21       0     349     349     349
52983  09  12   200  99999.00  99999.00  11805.50  12921.02   -608.81   -394.97  -1124.73   -174.93       0     349     349     349
52983  09  12   150  99999.00  99999.00  13646.16  14739.72   -759.33   -468.33  -1207.40   -243.08       0     349     349      85
52983  09  12   100  99999.00  99999.00  16192.30  17094.46   -914.92   -493.24  99999.00  99999.00       0     336     335       0
52983  09  12    80  99999.00  99999.00  99999.00  99999.00  99999.00  99999.00  99999.00  99999.00       0       0       0       0
52983  09  12    70  99999.00  99999.00  18370.89  19169.01   -862.28   -489.80  99999.00  99999.00       0     327     326       0
52983  09  12    60  99999.00  99999.00  99999.00  99999.00  99999.00  99999.00  99999.00  99999.00       0       0       0       0
52983  09  12    50  99999.00  99999.00  20412.35  21239.39   -771.79   -451.15  99999.00  99999.00       0     318     318       0
52983  09  12    40  99999.00  99999.00  21764.22  22673.82   -714.80   -449.48  99999.00  99999.00       0     313     313       0
52983  09  12    30  99999.00  99999.00  23568.80  24523.88   -658.72   -433.24  99999.00  99999.00       0     300     302       0
52983  09  12    20  99999.00  99999.00  26105.51  27216.35   -643.87   -375.19  99999.00  99999.00       0     258     262       0
52983  09  12    15  99999.00  99999.00  27913.08  29163.00   -652.87   -318.55  99999.00  99999.00       0     204     207       0
52983  09  12    10  99999.00  99999.00  30349.89  32090.61   -638.92   -281.08  99999.00  99999.00       0      83      83       0
52983  09  12     7  99999.00  99999.00  99999.00  99999.00  99999.00  99999.00  99999.00  99999.00       0      15      15       0
52983  09  12     5  99999.00  99999.00  99999.00  99999.00  99999.00  99999.00  99999.00  99999.00       0       1       1       0
52983  09  12     3  99999.00  99999.00  99999.00  99999.00  99999.00  99999.00  99999.00  99999.00       0       0       0       0
52983  09  12     2  99999.00  99999.00  99999.00  99999.00  99999.00  99999.00  99999.00  99999.00       0       0       0       0
52983  09  12     1  99999.00  99999.00  99999.00  99999.00  99999.00  99999.00  99999.00  99999.00       0       0       0       0
52983  10  12  9999   7939.47   8352.87  99999.00  99999.00   -106.57    299.27   -223.44    270.96     372       0     372     372
52983  10  12  1000  99999.00  99999.00  99999.00  99999.00  99999.00  99999.00  99999.00  99999.00       0       0       0       0
52983  10  12   925  99999.00  99999.00  99999.00  99999.00  99999.00  99999.00  99999.00  99999.00       0       0       0       0
52983  10  12   900  99999.00  99999.00  99999.00  99999.00  99999.00  99999.00  99999.00  99999.00       0       0       0       0
52983  10  12   850  99999.00  99999.00  99999.00  99999.00  99999.00  99999.00  99999.00  99999.00       0       0       0       0
52983  10  12   800  99999.00  99999.00  99999.00  99999.00  99999.00  99999.00  99999.00  99999.00       0       0       0       0
52983  10  12   700  99999.00  99999.00   2951.64   3290.88   -210.36    259.92   -438.43    325.13       0     372     371     371
52983  10  12   600  99999.00  99999.00   4184.34   4517.82   -232.77    141.63   -717.71    401.53       0     372     372     372
52983  10  12   500  99999.00  99999.00   5563.89   5960.73   -339.04     66.32   -958.43    423.61       0     371     371     371
52983  10  12   400  99999.00  99999.00   7129.44   7711.92   -473.01    -35.97  -1001.08    254.36       0     369     368     368
52983  10  12   300  99999.00  99999.00   8985.01   9904.45   -658.04   -145.52  -1020.64      0.56       0     365     365     365
52983  10  12   250  99999.00  99999.00  10106.27  11230.67   -734.72   -216.08  -1018.81   -165.25       0     362     361     361
52983  10  12   200  99999.00  99999.00  11466.53  12779.81   -719.95   -347.35  -1027.73   -281.57       0     358     357     344
52983  10  12   150  99999.00  99999.00  13278.32  14612.48   -749.20   -458.44  -1035.85   -373.45       0     356     357     145
52983  10  12   100  99999.00  99999.00  15885.18  16969.62   -873.64   -458.32  99999.00  99999.00       0     348     350       0
52983  10  12    80  99999.00  99999.00  99999.00  99999.00  99999.00  99999.00  99999.00  99999.00       0       0       0       0
52983  10  12    70  99999.00  99999.00  18150.42  19012.38   -824.93   -490.25  99999.00  99999.00       0     341     343       0
52983  10  12    60  99999.00  99999.00  99999.00  99999.00  99999.00  99999.00  99999.00  99999.00       0       0       0       0
52983  10  12    50  99999.00  99999.00  20233.86  21055.86   -755.55   -472.35  99999.00  99999.00       0     339     341       0
52983  10  12    40  99999.00  99999.00  21617.24  22457.84   -714.64   -454.00  99999.00  99999.00       0     332     336       0
52983  10  12    30  99999.00  99999.00  23420.89  24297.85   -670.88   -435.92  99999.00  99999.00       0     320     324       0
52983  10  12    20  99999.00  99999.00  25981.10  26943.50   -645.04   -400.00  99999.00  99999.00       0     288     291       0
52983  10  12    15  99999.00  99999.00  27776.96  28875.32   -626.68   -385.60  99999.00  99999.00       0     241     243       0
52983  10  12    10  99999.00  99999.00  30281.11  31692.19   -635.30   -335.78  99999.00  99999.00       0      84      84       0
52983  10  12     7  99999.00  99999.00  99999.00  99999.00  99999.00  99999.00  99999.00  99999.00       0      11      11       0
52983  10  12     5  99999.00  99999.00  99999.00  99999.00  99999.00  99999.00  99999.00  99999.00       0       0       0       0
52983  10  12     3  99999.00  99999.00  99999.00  99999.00  99999.00  99999.00  99999.00  99999.00       0       0       0       0
52983  10  12     2  99999.00  99999.00  99999.00  99999.00  99999.00  99999.00  99999.00  99999.00       0       0       0       0
52983  10  12     1  99999.00  99999.00  99999.00  99999.00  99999.00  99999.00  99999.00  99999.00       0       0       0       0
52983  11  12  9999   7895.66   8396.06  99999.00  99999.00   -211.53    254.43   -296.34    177.42     360       0     360     360
52983  11  12  1000  99999.00  99999.00  99999.00  99999.00  99999.00  99999.00  99999.00  99999.00       0       0       0       0
52983  11  12   925  99999.00  99999.00  99999.00  99999.00  99999.00  99999.00  99999.00  99999.00       0       0       0       0
52983  11  12   900  99999.00  99999.00  99999.00  99999.00  99999.00  99999.00  99999.00  99999.00       0       0       0       0
52983  11  12   850  99999.00  99999.00  99999.00  99999.00  99999.00  99999.00  99999.00  99999.00       0       0       0       0
52983  11  12   800  99999.00  99999.00  99999.00  99999.00  99999.00  99999.00  99999.00  99999.00       0       0       0       0
52983  11  12   700  99999.00  99999.00   2876.84   3308.24   -306.46    251.66   -630.44    327.28       0     360     359     359
52983  11  12   600  99999.00  99999.00   4077.90   4521.78   -313.59    130.65   -791.26    296.66       0     360     360     360
52983  11  12   500  99999.00  99999.00   5428.01   5938.97   -385.34      2.86   -885.28    215.60       0     360     360     360
52983  11  12   400  99999.00  99999.00   6976.95   7628.91   -489.92   -140.12   -947.02     59.42       0     360     360     360
52983  11  12   300  99999.00  99999.00   8846.35   9701.11   -624.86   -305.30   -957.13   -192.01       0     353     352     352
52983  11  12   250  99999.00  99999.00   9979.95  10947.15   -735.89   -330.65   -988.71   -295.23       0     348     347     344
52983  11  12   200  99999.00  99999.00  11352.14  12422.90   -764.97   -359.85   -994.62   -341.82       0     349     348     279
52983  11  12   150  99999.00  99999.00  13170.94  14241.10   -731.66   -444.62  -1012.64   -376.28       0     344     344     191
52983  11  12   100  99999.00  99999.00  15738.63  16702.71   -791.15   -471.11  99999.00  99999.00       0     333     332      10
52983  11  12    80  99999.00  99999.00  99999.00  99999.00  99999.00  99999.00  99999.00  99999.00       0       0       0       0
52983  11  12    70  99999.00  99999.00  17972.42  18846.26   -809.07   -459.15  99999.00  99999.00       0     327     328       0
52983  11  12    60  99999.00  99999.00  99999.00  99999.00  99999.00  99999.00  99999.00  99999.00       0       0       0       0
52983  11  12    50  99999.00  99999.00  20053.93  20916.13   -794.48   -426.92  99999.00  99999.00       0     320     320       0
52983  11  12    40  99999.00  99999.00  21431.19  22327.83   -774.12   -388.92  99999.00  99999.00       0     310     313       0
52983  11  12    30  99999.00  99999.00  23234.34  24178.26   -725.03   -366.83  99999.00  99999.00       0     301     305       0
52983  11  12    20  99999.00  99999.00  25804.85  26842.73   -727.69   -291.85  99999.00  99999.00       0     275     279       0
52983  11  12    15  99999.00  99999.00  27624.30  28781.58   -736.02   -246.30  99999.00  99999.00       0     228     230       0
52983  11  12    10  99999.00  99999.00  30128.48  31586.00   -746.71   -179.47  99999.00  99999.00       0      76      76       0
52983  11  12     7  99999.00  99999.00  99999.00  99999.00  99999.00  99999.00  99999.00  99999.00       0      10      10       0
52983  11  12     5  99999.00  99999.00  99999.00  99999.00  99999.00  99999.00  99999.00  99999.00       0       0       0       0
52983  11  12     3  99999.00  99999.00  99999.00  99999.00  99999.00  99999.00  99999.00  99999.00       0       0       0       0
52983  11  12     2  99999.00  99999.00  99999.00  99999.00  99999.00  99999.00  99999.00  99999.00       0       0       0       0
52983  11  12     1  99999.00  99999.00  99999.00  99999.00  99999.00  99999.00  99999.00  99999.00       0       0       0       0
52983  12  12  9999   7877.99   8405.39  99999.00  99999.00   -233.51    147.25   -388.32    137.52     371       0     371     371
52983  12  12  1000  99999.00  99999.00  99999.00  99999.00  99999.00  99999.00  99999.00  99999.00       0       0       0       0
52983  12  12   925  99999.00  99999.00  99999.00  99999.00  99999.00  99999.00  99999.00  99999.00       0       0       0       0
52983  12  12   900  99999.00  99999.00  99999.00  99999.00  99999.00  99999.00  99999.00  99999.00       0       0       0       0
52983  12  12   850  99999.00  99999.00  99999.00  99999.00  99999.00  99999.00  99999.00  99999.00       0       0       0       0
52983  12  12   800  99999.00  99999.00  99999.00  99999.00  99999.00  99999.00  99999.00  99999.00       0       1       1       1
52983  12  12   700  99999.00  99999.00   2853.19   3272.11   -385.00    239.48   -737.97    299.67       0     372     371     371
52983  12  12   600  99999.00  99999.00   4049.39   4457.51   -355.77    114.75   -854.07    261.69       0     372     371     371
52983  12  12   500  99999.00  99999.00   5393.12   5851.52   -426.83     -6.95   -938.85    193.23       0     371     371     371
52983  12  12   400  99999.00  99999.00   6918.93   7531.41   -521.32   -158.20   -996.29     58.75       0     368     368     368
52983  12  12   300  99999.00  99999.00   8769.16   9584.44   -667.11   -301.47  -1006.68   -187.44       0     363     363     363
52983  12  12   250  99999.00  99999.00   9897.00  10822.32   -798.23   -286.67  -1030.82   -273.98       0     362     362     340
52983  12  12   200  99999.00  99999.00  11257.41  12302.49   -813.45   -311.85  -1032.08   -307.04       0     359     360     250
52983  12  12   150  99999.00  99999.00  13055.88  14149.32   -738.57   -416.97  -1063.58   -329.54       0     355     356     206
52983  12  12   100  99999.00  99999.00  15628.34  16632.62   -799.94   -444.86  99999.00  99999.00       0     345     346      32
52983  12  12    80  99999.00  99999.00  99999.00  99999.00  99999.00  99999.00  99999.00  99999.00       0       0       0       0
52983  12  12    70  99999.00  99999.00  17879.05  18771.37   -833.23   -428.59  99999.00  99999.00       0     338     339       0
52983  12  12    60  99999.00  99999.00  99999.00  99999.00  99999.00  99999.00  99999.00  99999.00       0       0       0       0
52983  12  12    50  99999.00  99999.00  19949.92  20852.56   -822.10   -404.26  99999.00  99999.00       0     335     335       0
52983  12  12    40  99999.00  99999.00  21310.68  22273.08   -813.32   -365.00  99999.00  99999.00       0     331     332       0
52983  12  12    30  99999.00  99999.00  23068.65  24149.61   -768.34   -347.26  99999.00  99999.00       0     325     327       0
52983  12  12    20  99999.00  99999.00  25564.84  26856.04   -774.39   -267.27  99999.00  99999.00       0     296     298       0
52983  12  12    15  99999.00  99999.00  27318.74  28828.94   -782.28   -201.48  99999.00  99999.00       0     226     229       0
52983  12  12    10  99999.00  99999.00  29669.00  31845.68   -858.94    -36.34  99999.00  99999.00       0      83      84       0
52983  12  12     7  99999.00  99999.00  99999.00  99999.00  99999.00  99999.00  99999.00  99999.00       0       4       4       0
52983  12  12     5  99999.00  99999.00  99999.00  99999.00  99999.00  99999.00  99999.00  99999.00       0       0       0       0
52983  12  12     3  99999.00  99999.00  99999.00  99999.00  99999.00  99999.00  99999.00  99999.00       0       0       0       0
52983  12  12     2  99999.00  99999.00  99999.00  99999.00  99999.00  99999.00  99999.00  99999.00       0       0       0       0
52983  12  12     1  99999.00  99999.00  99999.00  99999.00  99999.00  99999.00  99999.00  99999.00       0       0       0       0
