71081  01  12  9999    936.68   1079.60  99999.00  99999.00   -750.68    135.40    -18.03     98.61     682       0     678     672
71081  01  12  1000  99999.00  99999.00   -268.15    459.89   -656.14     94.70   -729.12     97.32       0     541     541     536
71081  01  12   925  99999.00  99999.00    107.08   1155.04   -617.94    138.54   -661.01     86.71       0     601     601     600
71081  01  12   900  99999.00  99999.00  99999.00  99999.00  99999.00  99999.00  99999.00  99999.00       0       0      16      16
71081  01  12   850  99999.00  99999.00    684.43   1801.27   -592.41    120.99   -664.15     72.05       0     718     718     714
71081  01  12   800  99999.00  99999.00  99999.00  99999.00  99999.00  99999.00  99999.00  99999.00       0       0      15      15
71081  01  12   700  99999.00  99999.00   2002.14   3306.30   -591.19     42.77   -762.54     61.26       0     717     717     716
71081  01  12   600  99999.00  99999.00  99999.00  99999.00  99999.00  99999.00  99999.00  99999.00       0       0      17      17
71081  01  12   500  99999.00  99999.00   4179.14   5846.78   -669.50   -145.34   -887.64    -95.88       0     717     717     713
71081  01  12   400  99999.00  99999.00   5562.43   7441.15   -719.89   -273.85   -917.87   -255.83       0     716     716     712
71081  01  12   300  99999.00  99999.00   7346.88   9351.48   -852.19   -286.27   -949.80   -412.80       0     706     708     685
71081  01  12   250  99999.00  99999.00   8490.51  10513.95   -949.20   -195.84  -1057.52   -390.80       0     703     704     673
71081  01  12   200  99999.00  99999.00   9849.40  11985.76   -966.28   -161.80  -1172.12   -359.48       0     698     699     669
71081  01  12   150  99999.00  99999.00  11491.33  13998.97  -1001.18   -139.34  -1224.34   -379.54       0     685     688     650
71081  01  12   100  99999.00  99999.00  13636.60  16980.40  -1108.17    -75.45  -1261.86   -400.14       0     659     665     616
71081  01  12    80  99999.00  99999.00  99999.00  99999.00  99999.00  99999.00  99999.00  99999.00       0       0      30      28
71081  01  12    70  99999.00  99999.00  15428.99  19661.39  -1182.67    -37.03  -1198.78   -533.02       0     623     627     527
71081  01  12    60  99999.00  99999.00  99999.00  99999.00  99999.00  99999.00  99999.00  99999.00       0       0      31      28
71081  01  12    50  99999.00  99999.00  17210.06  22146.86  -1206.81    -24.57  -1224.17   -529.25       0     550     555     479
71081  01  12    40  99999.00  99999.00  99999.00  99999.00  99999.00  99999.00  99999.00  99999.00       0       0      27      23
71081  01  12    30  99999.00  99999.00  20136.75  25794.63  -1210.98     -1.38  -1270.93   -492.73       0     448     456     408
71081  01  12    20  99999.00  99999.00  22520.95  28622.23  -1238.42     58.30  -1322.31   -434.79       0     383     390     353
71081  01  12    15  99999.00  99999.00  99999.00  99999.00  -7707.97   6293.15  99999.00  99999.00       0       0      66      56
71081  01  12    10  99999.00  99999.00  26770.47  33401.19  -1367.62    244.58  -1394.15   -328.55       0     278     290     270
71081  01  12     7  99999.00  99999.00  29291.77  35801.53  -1357.68    301.80  -1371.95   -306.35       0     185     228     217
71081  01  12     5  99999.00  99999.00  99999.00  99999.00  -1259.31    260.85  -1352.04   -284.40       0      58     112     107
71081  01  12     3  99999.00  99999.00  99999.00  99999.00  99999.00  99999.00  99999.00  99999.00       0       0      16      16
71081  01  12     2  99999.00  99999.00  99999.00  99999.00  99999.00  99999.00  99999.00  99999.00       0       0       0       0
71081  01  12     1  99999.00  99999.00  99999.00  99999.00  99999.00  99999.00  99999.00  99999.00       0       0       0       0
71081  02  12  9999    941.94   1079.34  99999.00  99999.00   -769.53    132.51    -14.64     97.08     630       0     626     620
71081  02  12  1000  99999.00  99999.00   -267.26    474.10   -668.33    106.03   -732.81    101.19       0     542     539     536
71081  02  12   925  99999.00  99999.00    132.35   1165.19   -607.45    125.39   -638.59     64.61       0     540     542     542
71081  02  12   900  99999.00  99999.00  99999.00  99999.00  99999.00  99999.00  99999.00  99999.00       0       0      20      20
71081  02  12   850  99999.00  99999.00    709.38   1810.26   -599.15    121.57   -653.54     60.58       0     647     647     646
71081  02  12   800  99999.00  99999.00  99999.00  99999.00  99999.00  99999.00  99999.00  99999.00       0       0      11      11
71081  02  12   700  99999.00  99999.00   2014.44   3322.44   -605.55     46.05   -749.31     47.01       0     647     647     647
71081  02  12   600  99999.00  99999.00  99999.00  99999.00  99999.00  99999.00  99999.00  99999.00       0       0      12      12
71081  02  12   500  99999.00  99999.00   4170.84   5876.40   -681.73   -136.69   -866.36   -109.64       0     647     647     647
71081  02  12   400  99999.00  99999.00   5549.57   7476.05   -722.23   -267.19   -922.48   -242.08       0     647     647     647
71081  02  12   300  99999.00  99999.00   7339.69   9389.17   -853.39   -261.91   -975.49   -390.61       0     645     645     635
71081  02  12   250  99999.00  99999.00   8487.55  10561.87   -951.68   -156.56  -1086.66   -371.82       0     643     643     627
71081  02  12   200  99999.00  99999.00   9830.86  12072.70   -977.29   -112.33  -1169.96   -362.84       0     640     641     624
71081  02  12   150  99999.00  99999.00  11442.74  14144.30  -1036.95    -59.91  -1196.90   -393.74       0     631     632     593
71081  02  12   100  99999.00  99999.00  13543.81  17224.21  -1135.42      9.98  -1240.52   -391.28       0     611     620     570
71081  02  12    80  99999.00  99999.00  99999.00  99999.00  99999.00  99999.00  99999.00  99999.00       0       0      29      27
71081  02  12    70  99999.00  99999.00  15326.11  19986.79  -1173.32     24.76  -1143.01   -549.97       0     592     593     498
71081  02  12    60  99999.00  99999.00  99999.00  99999.00  99999.00  99999.00  99999.00  99999.00       0       0      20      16
71081  02  12    50  99999.00  99999.00  17190.22  22472.74  -1139.93    -10.01  -1165.75   -545.35       0     539     541     459
71081  02  12    40  99999.00  99999.00  99999.00  99999.00  99999.00  99999.00  99999.00  99999.00       0       0      32      26
71081  02  12    30  99999.00  99999.00  20227.70  26055.86  -1065.19    -79.51  -1201.52   -530.48       0     473     474     411
71081  02  12    20  99999.00  99999.00  22738.51  28784.71  -1069.83    -66.99  -1233.58   -504.22       0     416     424     373
71081  02  12    15  99999.00  99999.00  99999.00  99999.00  -9331.61   7795.63  -1273.42   -441.46       0       0      87      79
71081  02  12    10  99999.00  99999.00  26804.82  33595.38  -1220.88    111.84  -1303.94   -416.54       0     311     319     285
71081  02  12     7  99999.00  99999.00  28906.19  36171.11  -1279.76    192.28  -1306.80   -395.76       0     229     264     241
71081  02  12     5  99999.00  99999.00  30982.15  38766.31  -1218.66    196.26  -1269.23   -389.87       0     104     162     151
71081  02  12     3  99999.00  99999.00  99999.00  99999.00  99999.00  99999.00  99999.00  99999.00       0       0      54      54
71081  02  12     2  99999.00  99999.00  99999.00  99999.00  99999.00  99999.00  99999.00  99999.00       0       0       1       1
71081  02  12     1  99999.00  99999.00  99999.00  99999.00  99999.00  99999.00  99999.00  99999.00       0       0       0       0
71081  03  12  9999    947.24   1084.28  99999.00  99999.00   -791.73    208.83    -19.82     99.82     698       0     692     681
71081  03  12  1000  99999.00  99999.00   -315.10    569.90   -696.53    191.23   -755.34    183.54       0     667     666     659
71081  03  12   925  99999.00  99999.00    144.06   1235.22   -671.70    234.42   -723.76    188.60       0     599     601     600
71081  03  12   900  99999.00  99999.00  99999.00  99999.00  99999.00  99999.00  99999.00  99999.00       0       0      18      18
71081  03  12   850  99999.00  99999.00    720.97   1898.17   -644.24    211.84   -725.83    175.97       0     718     718     717
71081  03  12   800  99999.00  99999.00  99999.00  99999.00  99999.00  99999.00  99999.00  99999.00       0       0      11      11
71081  03  12   700  99999.00  99999.00   1995.86   3464.42   -639.37    118.31   -791.82    123.06       0     718     718     717
71081  03  12   600  99999.00  99999.00  99999.00  99999.00  99999.00  99999.00  99999.00  99999.00       0       0      16      16
71081  03  12   500  99999.00  99999.00   4098.91   6107.83   -715.83    -67.23   -914.40    -37.56       0     718     718     716
71081  03  12   400  99999.00  99999.00   5450.25   7756.17   -742.70   -217.10   -949.72   -190.60       0     716     716     715
71081  03  12   300  99999.00  99999.00   7223.16   9710.88   -837.44   -254.00  -1009.90   -337.54       0     707     708     699
71081  03  12   250  99999.00  99999.00   8394.93  10871.97   -939.21   -146.61  -1124.03   -314.51       0     705     706     693
71081  03  12   200  99999.00  99999.00   9794.36  12343.52   -930.00   -124.56  -1233.76   -278.44       0     701     702     689
71081  03  12   150  99999.00  99999.00  11496.47  14357.15   -948.74   -105.86  -1295.28   -268.08       0     697     699     681
71081  03  12   100  99999.00  99999.00  13779.85  17305.69  -1012.37    -61.73  -1322.58   -280.98       0     683     689     663
71081  03  12    80  99999.00  99999.00  99999.00  99999.00  99999.00  99999.00  99999.00  99999.00       0       0      34      34
71081  03  12    70  99999.00  99999.00  15716.63  19957.55  -1061.06    -34.10  -1166.89   -512.89       0     684     686     580
71081  03  12    60  99999.00  99999.00  99999.00  99999.00  99999.00  99999.00  99999.00  99999.00       0       0      35      30
71081  03  12    50  99999.00  99999.00  17503.08  22472.76  -1084.27    -31.75  -1193.64   -506.76       0     674     676     574
71081  03  12    40  99999.00  99999.00  99999.00  99999.00  99999.00  99999.00  99999.00  99999.00       0       0      30      27
71081  03  12    30  99999.00  99999.00  20242.24  26230.72  -1078.80    -63.48  -1221.94   -505.90       0     653     656     559
71081  03  12    20  99999.00  99999.00  22400.14  29184.82  -1069.28    -80.96  -1248.24   -488.64       0     616     619     531
71081  03  12    15  99999.00  99999.00  99999.00  99999.00  -1093.35    -38.55  -1256.38   -478.06       0       0     125     104
71081  03  12    10  99999.00  99999.00  26161.42  34138.54  -1083.71    -37.43  -1252.64   -462.80       0     513     534     466
71081  03  12     7  99999.00  99999.00  28289.05  36484.93  -1089.03     -3.63  -1236.61   -456.61       0     405     447     396
71081  03  12     5  99999.00  99999.00  30621.49  38374.09  -1108.80     65.28  -1237.56   -416.16       0     249     345     313
71081  03  12     3  99999.00  99999.00  99999.00  99999.00  -1053.28     99.80  -1191.13   -404.05       0       0     130     128
71081  03  12     2  99999.00  99999.00  99999.00  99999.00  99999.00  99999.00  99999.00  99999.00       0       0       0       0
71081  03  12     1  99999.00  99999.00  99999.00  99999.00  99999.00  99999.00  99999.00  99999.00       0       0       0       0
71081  04  12  9999    957.38   1075.34  99999.00  99999.00   -674.91    260.25    -48.47    115.93     687       0     684     684
71081  04  12  1000  99999.00  99999.00   -277.98    539.58   -547.28    201.16   -600.88    191.96       0     672     671     669
71081  04  12   925  99999.00  99999.00    238.45   1189.33   -521.12    222.28   -604.72    193.88       0     587     589     589
71081  04  12   900  99999.00  99999.00  99999.00  99999.00  99999.00  99999.00  99999.00  99999.00       0       0      23      23
71081  04  12   850  99999.00  99999.00    853.51   1847.71   -509.67    196.17   -672.50    221.50       0     700     699     699
71081  04  12   800  99999.00  99999.00  99999.00  99999.00  99999.00  99999.00  99999.00  99999.00       0       0      11      11
71081  04  12   700  99999.00  99999.00   2192.69   3411.29   -528.43    107.45   -753.13    162.71       0     700     700     699
71081  04  12   600  99999.00  99999.00  99999.00  99999.00  99999.00  99999.00  99999.00  99999.00       0       0      11      11
71081  04  12   500  99999.00  99999.00   4379.63   6058.19   -654.66    -49.62   -894.90      7.38       0     700     700     700
71081  04  12   400  99999.00  99999.00   5761.11   7724.79   -703.22   -185.06   -942.20   -149.12       0     699     699     698
71081  04  12   300  99999.00  99999.00   7570.06   9699.70   -781.39   -248.35  -1042.92   -279.00       0     691     691     690
71081  04  12   250  99999.00  99999.00   8785.65  10854.21   -849.67   -166.51  -1149.27   -274.47       0     685     685     683
71081  04  12   200  99999.00  99999.00  10273.39  12286.63   -791.70   -184.62  -1244.04   -258.96       0     681     683     680
71081  04  12   150  99999.00  99999.00  12125.07  14220.15   -764.11   -209.35  -1279.50   -266.94       0     681     685     678
71081  04  12   100  99999.00  99999.00  14666.25  16994.85   -795.39   -202.11  -1297.26   -275.82       0     676     684     674
71081  04  12    80  99999.00  99999.00  99999.00  99999.00  99999.00  99999.00  99999.00  99999.00       0       0      36      36
71081  04  12    70  99999.00  99999.00  16868.63  19444.67   -834.06   -183.54  -1098.61   -553.09       0     689     689     583
71081  04  12    60  99999.00  99999.00  99999.00  99999.00  99999.00  99999.00  99999.00  99999.00       0       0      29      28
71081  04  12    50  99999.00  99999.00  18897.69  21787.05   -859.11   -174.87  -1105.62   -561.18       0     680     681     581
71081  04  12    40  99999.00  99999.00  99999.00  99999.00  99999.00  99999.00  99999.00  99999.00       0       0      38      35
71081  04  12    30  99999.00  99999.00  21894.83  25395.23   -898.92   -147.12  -1126.87   -549.67       0     662     666     568
71081  04  12    20  99999.00  99999.00  24214.03  28306.39   -940.59    -98.91  -1146.34   -522.46       0     634     636     543
71081  04  12    15  99999.00  99999.00  99999.00  99999.00   -971.87    -49.31  -1167.31   -490.63       0       0     116      99
71081  04  12    10  99999.00  99999.00  28115.48  33396.08   -916.80    -57.00  -1125.70   -481.54       0     540     554     481
71081  04  12     7  99999.00  99999.00  30190.48  35966.56   -868.90    -37.78  -1102.09   -463.57       0     412     459     399
71081  04  12     5  99999.00  99999.00  32431.62  38177.58   -806.67    -22.59  -1089.51   -418.23       0     224     345     310
71081  04  12     3  99999.00  99999.00  99999.00  99999.00   -799.44     72.00  -1103.69   -349.73       0       0      74      73
71081  04  12     2  99999.00  99999.00  99999.00  99999.00  99999.00  99999.00  99999.00  99999.00       0       0       0       0
71081  04  12     1  99999.00  99999.00  99999.00  99999.00  99999.00  99999.00  99999.00  99999.00       0       0       0       0
71081  05  12  9999    967.56   1063.56  99999.00  99999.00   -453.09    274.11    -40.76     77.92     726       0     720     720
71081  05  12  1000  99999.00  99999.00   -196.25    457.15   -380.02    223.10   -437.88    229.56       0     706     705     702
71081  05  12   925  99999.00  99999.00    349.03   1112.71   -407.24    240.88   -501.16    243.08       0     626     628     628
71081  05  12   900  99999.00  99999.00  99999.00  99999.00  99999.00  99999.00  99999.00  99999.00       0       0      16      16
71081  05  12   850  99999.00  99999.00    971.37   1800.69   -432.12    241.80   -588.19    266.09       0     727     727     726
71081  05  12   800  99999.00  99999.00  99999.00  99999.00  99999.00  99999.00  99999.00  99999.00       0       0      16      16
71081  05  12   700  99999.00  99999.00   2343.54   3400.86   -455.27    152.05   -704.55    226.17       0     727     727     726
71081  05  12   600  99999.00  99999.00  99999.00  99999.00  99999.00  99999.00  99999.00  99999.00       0       0      21      21
71081  05  12   500  99999.00  99999.00   4584.63   6107.91   -594.75     -1.47   -841.29     52.47       0     726     726     725
71081  05  12   400  99999.00  99999.00   5986.80   7818.00   -664.80   -138.72   -897.47    -98.51       0     726     726     723
71081  05  12   300  99999.00  99999.00   7817.16   9830.04   -733.37   -247.37  -1007.85   -249.69       0     716     719     717
71081  05  12   250  99999.00  99999.00   9077.04  10962.24   -811.37   -159.65  -1129.44   -259.32       0     715     717     713
71081  05  12   200  99999.00  99999.00  10657.37  12336.17   -716.40   -206.52  -1201.33   -282.61       0     712     714     709
71081  05  12   150  99999.00  99999.00  12636.98  14184.86   -628.73   -293.93  -1210.92   -313.56       0     708     710     707
71081  05  12   100  99999.00  99999.00  15372.00  16823.40   -616.08   -337.08  -1214.71   -341.83       0     705     711     702
71081  05  12    80  99999.00  99999.00  99999.00  99999.00  99999.00  99999.00  99999.00  99999.00       0       0      46      46
71081  05  12    70  99999.00  99999.00  17741.86  19153.42   -621.00   -342.00  -1045.61   -564.05       0     711     713     619
71081  05  12    60  99999.00  99999.00  99999.00  99999.00  99999.00  99999.00  99999.00  99999.00       0       0      26      24
71081  05  12    50  99999.00  99999.00  19966.56  21360.48   -637.28   -323.96  -1038.47   -571.79       0     704     707     614
71081  05  12    40  99999.00  99999.00  99999.00  99999.00  99999.00  99999.00  99999.00  99999.00       0       0      21      21
71081  05  12    30  99999.00  99999.00  23291.79  24776.19   -673.16   -275.84  -1047.30   -555.90       0     690     692     601
71081  05  12    20  99999.00  99999.00  25876.04  27573.68   -677.45   -236.33  -1045.85   -528.89       0     659     664     577
71081  05  12    15  99999.00  99999.00  99999.00  99999.00   -716.54   -168.98  -1041.11   -504.11       0       0      98      84
71081  05  12    10  99999.00  99999.00  30235.64  32570.12   -614.48   -167.00   -998.06   -487.10       0     576     590     508
71081  05  12     7  99999.00  99999.00  32514.57  35203.53   -573.28   -114.76   -931.97   -495.89       0     409     483     413
71081  05  12     5  99999.00  99999.00  34672.50  37695.54   -558.82    -34.42   -899.34   -465.78       0     137     282     245
71081  05  12     3  99999.00  99999.00  99999.00  99999.00  99999.00  99999.00  99999.00  99999.00       0       0      12      12
71081  05  12     2  99999.00  99999.00  99999.00  99999.00  99999.00  99999.00  99999.00  99999.00       0       0       0       0
71081  05  12     1  99999.00  99999.00  99999.00  99999.00  99999.00  99999.00  99999.00  99999.00       0       1       1       1
71081  06  12  9999    960.41   1061.45  99999.00  99999.00   -157.79    163.81    -39.63     65.49     696       0     696     696
71081  06  12  1000  99999.00  99999.00   -207.55    423.77   -200.16    216.24   -199.49    165.07       0     621     621     617
71081  06  12   925  99999.00  99999.00    309.89   1121.09   -264.56    261.64   -343.62    245.94       0     615     618     617
71081  06  12   900  99999.00  99999.00  99999.00  99999.00  99999.00  99999.00  99999.00  99999.00       0       0      14      14
71081  06  12   850  99999.00  99999.00    950.28   1832.88   -290.32    233.96   -423.87    256.53       0     703     703     701
71081  06  12   800  99999.00  99999.00  99999.00  99999.00  99999.00  99999.00  99999.00  99999.00       0       0      19      19
71081  06  12   700  99999.00  99999.00   2390.14   3433.66   -348.77    154.03   -616.47    259.29       0     703     703     701
71081  06  12   600  99999.00  99999.00  99999.00  99999.00  99999.00  99999.00  99999.00  99999.00       0       0      20      20
71081  06  12   500  99999.00  99999.00   4744.00   6130.96   -499.09     -0.13   -779.54     91.42       0     703     703     701
71081  06  12   400  99999.00  99999.00   6207.60   7838.40   -586.17   -132.21   -864.07    -47.23       0     701     701     699
71081  06  12   300  99999.00  99999.00   8095.01   9848.21   -707.69   -227.45  -1001.32   -189.40       0     694     696     694
71081  06  12   250  99999.00  99999.00   9384.83  10967.75   -824.60   -117.80  -1095.36   -251.64       0     691     693     691
71081  06  12   200  99999.00  99999.00  11010.82  12315.34   -681.78   -202.62  -1186.43   -283.43       0     686     685     683
71081  06  12   150  99999.00  99999.00  13014.95  14167.31   -593.60   -301.40  -1191.74   -325.82       0     680     680     679
71081  06  12   100  99999.00  99999.00  15771.94  16814.86   -569.72   -354.68  -1195.83   -354.03       0     673     682     676
71081  06  12    80  99999.00  99999.00  99999.00  99999.00  99999.00  99999.00  99999.00  99999.00       0       0      29      29
71081  06  12    70  99999.00  99999.00  18164.85  19160.01   -551.94   -373.14  -1045.61   -546.17       0     679     680     598
71081  06  12    60  99999.00  99999.00  99999.00  99999.00  99999.00  99999.00  99999.00  99999.00       0       0      23      23
71081  06  12    50  99999.00  99999.00  20405.00  21395.12   -540.34   -374.62  -1034.04   -552.60       0     674     675     595
71081  06  12    40  99999.00  99999.00  99999.00  99999.00  99999.00  99999.00  99999.00  99999.00       0       0      26      24
71081  06  12    30  99999.00  99999.00  23784.88  24837.40   -530.33   -355.13  -1015.66   -552.94       0     666     668     594
71081  06  12    20  99999.00  99999.00  26473.40  27614.12   -517.64   -311.96   -993.15   -537.75       0     641     645     576
71081  06  12    15  99999.00  99999.00  99999.00  99999.00   -519.41   -263.57   -966.97   -537.61       0       0     104      91
71081  06  12    10  99999.00  99999.00  31132.56  32507.40   -451.39   -215.59   -930.02   -492.62       0     550     575     513
71081  06  12     7  99999.00  99999.00  33588.98  35110.58   -422.18   -137.66   -850.95   -505.47       0     362     445     396
71081  06  12     5  99999.00  99999.00  36008.47  37559.71   -413.11    -47.11   -831.01   -453.01       0      93     267     233
71081  06  12     3  99999.00  99999.00  99999.00  99999.00  99999.00  99999.00  99999.00  99999.00       0       0       7       7
71081  06  12     2  99999.00  99999.00  99999.00  99999.00  99999.00  99999.00  99999.00  99999.00       0       0       0       0
71081  06  12     1  99999.00  99999.00  99999.00  99999.00  99999.00  99999.00  99999.00  99999.00       0       0       0       0
71081  07  12  9999    965.94   1051.14  99999.00  99999.00   -133.24    250.88    -67.26    107.94     712       0     712     710
71081  07  12  1000  99999.00  99999.00   -188.07    361.53   -150.20    292.72   -139.20    202.80       0     655     651     647
71081  07  12   925  99999.00  99999.00    334.80   1091.52   -195.64    319.04   -232.45    244.55       0     644     646     646
71081  07  12   900  99999.00  99999.00  99999.00  99999.00  99999.00  99999.00  99999.00  99999.00       0       0       9       9
71081  07  12   850  99999.00  99999.00   1007.91   1800.39   -209.05    258.47   -365.35    294.05       0     737     737     735
71081  07  12   800  99999.00  99999.00  99999.00  99999.00  99999.00  99999.00  99999.00  99999.00       0       0      17      17
71081  07  12   700  99999.00  99999.00   2484.47   3418.07   -268.18    158.18   -577.98    297.30       0     737     737     734
71081  07  12   600  99999.00  99999.00  99999.00  99999.00  99999.00  99999.00  99999.00  99999.00       0       0      18      18
71081  07  12   500  99999.00  99999.00   4908.55   6125.35   -423.91      3.53   -758.93    137.59       0     737     737     736
71081  07  12   400  99999.00  99999.00   6415.28   7839.92   -539.33   -110.81   -788.05    -44.29       0     734     734     731
71081  07  12   300  99999.00  99999.00   8288.16   9902.28   -645.21   -278.85   -868.07   -245.99       0     726     726     726
71081  07  12   250  99999.00  99999.00   9537.64  11051.44   -822.80   -175.28  -1000.58   -283.46       0     722     723     722
71081  07  12   200  99999.00  99999.00  11185.56  12340.20   -763.34   -160.70  -1165.51   -284.23       0     720     720     717
71081  07  12   150  99999.00  99999.00  13225.91  14137.55   -603.80   -302.96  -1195.10   -330.26       0     717     717     717
71081  07  12   100  99999.00  99999.00  16012.68  16751.52   -563.19   -355.83  -1184.68   -360.16       0     706     708     708
71081  07  12    80  99999.00  99999.00  99999.00  99999.00  99999.00  99999.00  99999.00  99999.00       0       0      40      39
71081  07  12    70  99999.00  99999.00  18428.29  19082.89   -535.35   -377.55  -1049.42   -534.86       0     708     709     627
71081  07  12    60  99999.00  99999.00  99999.00  99999.00  99999.00  99999.00  99999.00  99999.00       0       0      28      26
71081  07  12    50  99999.00  99999.00  20695.91  21305.39   -517.26   -382.98  -1028.77   -549.13       0     703     703     623
71081  07  12    40  99999.00  99999.00  99999.00  99999.00  99999.00  99999.00  99999.00  99999.00       0       0      36      33
71081  07  12    30  99999.00  99999.00  24132.50  24714.26   -508.05   -360.45  -1002.53   -557.33       0     693     693     616
71081  07  12    20  99999.00  99999.00  26872.08  27460.92   -485.76   -323.52   -968.95   -551.71       0     674     676     608
71081  07  12    15  99999.00  99999.00  99999.00  99999.00   -494.15   -266.39   -906.96   -582.60       0       0      82      74
71081  07  12    10  99999.00  99999.00  31620.16  32306.68   -425.97   -226.53   -881.43   -540.87       0     605     624     559
71081  07  12     7  99999.00  99999.00  34078.95  34914.63   -399.21   -154.65   -819.49   -539.53       0     392     494     435
71081  07  12     5  99999.00  99999.00  36330.64  37498.36   -397.01    -69.17   -781.94   -517.82       0     111     266     241
71081  07  12     3  99999.00  99999.00  99999.00  99999.00  99999.00  99999.00  99999.00  99999.00       0       0       9       9
71081  07  12     2  99999.00  99999.00  99999.00  99999.00  99999.00  99999.00  99999.00  99999.00       0       0       0       0
71081  07  12     1  99999.00  99999.00  99999.00  99999.00  99999.00  99999.00  99999.00  99999.00       0       0       0       0
71081  08  12  9999    967.19   1048.43  99999.00  99999.00   -112.58    196.06    -75.57    107.91     687       0     686     686
71081  08  12  1000  99999.00  99999.00   -178.23    339.21   -155.86    253.70   -176.73    217.47       0     621     620     620
71081  08  12   925  99999.00  99999.00    375.11   1031.39   -221.74    299.18   -275.88    268.92       0     623     623     623
71081  08  12   900  99999.00  99999.00  99999.00  99999.00  99999.00  99999.00  99999.00  99999.00       0       0       9       9
71081  08  12   850  99999.00  99999.00   1020.68   1750.28   -251.46    258.54   -405.44    310.00       0     715     715     715
71081  08  12   800  99999.00  99999.00  99999.00  99999.00  99999.00  99999.00  99999.00  99999.00       0       0      19      19
71081  08  12   700  99999.00  99999.00   2481.89   3364.61   -310.43    173.17   -621.18    318.66       0     715     715     714
71081  08  12   600  99999.00  99999.00  99999.00  99999.00  99999.00  99999.00  99999.00  99999.00       0       0      10      10
71081  08  12   500  99999.00  99999.00   4858.82   6091.58   -471.36     24.00   -770.25    126.39       0     714     714     714
71081  08  12   400  99999.00  99999.00   6335.11   7822.15   -564.24   -106.68   -820.92    -35.76       0     707     707     707
71081  08  12   300  99999.00  99999.00   8180.00   9896.48   -666.11   -274.91   -869.35   -256.63       0     698     698     698
71081  08  12   250  99999.00  99999.00   9401.03  11062.91   -824.64   -191.76   -967.03   -309.67       0     691     693     693
71081  08  12   200  99999.00  99999.00  11002.53  12389.13   -759.51   -181.35  -1190.69   -247.01       0     691     692     691
71081  08  12   150  99999.00  99999.00  13007.95  14206.75   -614.71   -308.95  -1236.42   -283.98       0     686     686     685
71081  08  12   100  99999.00  99999.00  15756.74  16838.30   -582.71   -354.95  -1225.22   -318.02       0     682     686     682
71081  08  12    80  99999.00  99999.00  99999.00  99999.00  99999.00  99999.00  99999.00  99999.00       0       0      39      37
71081  08  12    70  99999.00  99999.00  18126.32  19189.40   -563.20   -379.12  -1099.29   -490.65       0     696     697     609
71081  08  12    60  99999.00  99999.00  99999.00  99999.00  99999.00  99999.00  99999.00  99999.00       0       0      27      27
71081  08  12    50  99999.00  99999.00  20327.88  21441.72   -567.19   -375.43  -1088.02   -506.86       0     689     691     604
71081  08  12    40  99999.00  99999.00  99999.00  99999.00  99999.00  99999.00  99999.00  99999.00       0       0      32      28
71081  08  12    30  99999.00  99999.00  23631.11  24908.15   -576.47   -350.03  -1071.97   -514.33       0     676     678     596
71081  08  12    20  99999.00  99999.00  26243.51  27708.11   -571.00   -313.84  -1036.07   -525.11       0     661     666     585
71081  08  12    15  99999.00  99999.00  99999.00  99999.00   -590.47   -250.87  -1013.06   -521.42       0       0     112      94
71081  08  12    10  99999.00  99999.00  30734.14  32645.26   -544.09   -207.49   -939.22   -542.26       0     590     603     533
71081  08  12     7  99999.00  99999.00  33082.02  35241.06   -518.21   -147.05   -904.38   -521.34       0     430     508     447
71081  08  12     5  99999.00  99999.00  35346.41  37724.57   -510.74    -72.62   -895.33   -474.49       0     153     305     266
71081  08  12     3  99999.00  99999.00  99999.00  99999.00  99999.00  99999.00  99999.00  99999.00       0       3      27      27
71081  08  12     2  99999.00  99999.00  99999.00  99999.00  99999.00  99999.00  99999.00  99999.00       0       0       0       0
71081  08  12     1  99999.00  99999.00  99999.00  99999.00  99999.00  99999.00  99999.00  99999.00       0       0       0       0
71081  09  12  9999    953.66   1061.90  99999.00  99999.00   -156.87    152.85   -151.15    183.41     649       0     649     649
71081  09  12  1000  99999.00  99999.00   -209.20    387.08   -190.06    179.42   -235.13    178.63       0     556     552     552
71081  09  12   925  99999.00  99999.00    257.54   1117.22   -279.82    228.14   -391.76    268.72       0     591     594     591
71081  09  12   900  99999.00  99999.00  99999.00  99999.00  99999.00  99999.00  99999.00  99999.00       0       0       8       8
71081  09  12   850  99999.00  99999.00    918.39   1788.15   -304.82    202.42   -495.19    284.21       0     678     679     677
71081  09  12   800  99999.00  99999.00  99999.00  99999.00  99999.00  99999.00  99999.00  99999.00       0       0      17      16
71081  09  12   700  99999.00  99999.00   2372.61   3348.81   -387.06    150.06   -692.39    275.29       0     678     678     677
71081  09  12   600  99999.00  99999.00  99999.00  99999.00  99999.00  99999.00  99999.00  99999.00       0       0      19      19
71081  09  12   500  99999.00  99999.00   4720.01   6012.65   -541.51      7.97   -846.71    116.29       0     678     678     674
71081  09  12   400  99999.00  99999.00   6165.81   7717.77   -642.25   -107.05   -867.56    -64.04       0     676     676     674
71081  09  12   300  99999.00  99999.00   7959.52   9785.20   -707.83   -288.31   -877.40   -297.56       0     673     674     672
71081  09  12   250  99999.00  99999.00   9153.56  10958.36   -809.81   -224.45   -995.21   -316.73       0     668     669     666
71081  09  12   200  99999.00  99999.00  10715.40  12314.52   -732.65   -232.97  -1205.53   -250.45       0     666     667     661
71081  09  12   150  99999.00  99999.00  12681.54  14144.94   -641.05   -318.01  -1220.24   -307.28       0     658     659     655
71081  09  12   100  99999.00  99999.00  15391.25  16769.33   -627.11   -356.99  -1222.78   -346.66       0     650     654     645
71081  09  12    80  99999.00  99999.00  99999.00  99999.00  99999.00  99999.00  99999.00  99999.00       0       0      38      37
71081  09  12    70  99999.00  99999.00  17732.22  19092.78   -631.33   -381.49  -1137.34   -491.50       0     651     652     573
71081  09  12    60  99999.00  99999.00  99999.00  99999.00  99999.00  99999.00  99999.00  99999.00       0       0      19      19
71081  09  12    50  99999.00  99999.00  19887.57  21308.61   -654.07   -387.19  -1148.99   -500.99       0     643     646     571
71081  09  12    40  99999.00  99999.00  99999.00  99999.00  99999.00  99999.00  99999.00  99999.00       0       0      34      29
71081  09  12    30  99999.00  99999.00  23071.52  24721.40   -704.34   -355.38  -1160.24   -506.24       0     630     631     560
71081  09  12    20  99999.00  99999.00  25530.60  27497.40   -736.76   -309.32  -1158.78   -496.26       0     622     623     553
71081  09  12    15  99999.00  99999.00  99999.00  99999.00   -756.39   -265.11  -1121.29   -522.97       0       0     119     101
71081  09  12    10  99999.00  99999.00  29682.56  32388.08   -756.64   -201.52  -1123.21   -468.49       0     553     571     512
71081  09  12     7  99999.00  99999.00  31773.22  35021.02   -745.48   -144.04  -1089.85   -461.65       0     420     467     418
71081  09  12     5  99999.00  99999.00  33722.70  37513.26   -734.23    -78.79  -1058.77   -442.45       0     252     374     343
71081  09  12     3  99999.00  99999.00  99999.00  99999.00   -723.82    -38.26  -1030.65   -445.05       0       0     111     111
71081  09  12     2  99999.00  99999.00  99999.00  99999.00  99999.00  99999.00  99999.00  99999.00       0       0       0       0
71081  09  12     1  99999.00  99999.00  99999.00  99999.00  99999.00  99999.00  99999.00  99999.00       0       0       0       0
71081  10  12  9999    947.88   1073.04  99999.00  99999.00   -411.64    270.44    -48.29     83.35     670       0     668     668
71081  10  12  1000  99999.00  99999.00   -272.90    483.58   -358.07    217.81   -411.63    230.01       0     599     598     597
71081  10  12   925  99999.00  99999.00    216.78   1167.90   -347.91    174.93   -482.53    244.19       0     603     605     605
71081  10  12   900  99999.00  99999.00  99999.00  99999.00  99999.00  99999.00  99999.00  99999.00       0       0      17      17
71081  10  12   850  99999.00  99999.00    865.23   1823.07   -378.83    164.17   -620.20    290.00       0     692     692     692
71081  10  12   800  99999.00  99999.00  99999.00  99999.00  99999.00  99999.00  99999.00  99999.00       0       0      15      15
71081  10  12   700  99999.00  99999.00   2284.61   3356.21   -457.44    117.12   -774.67    267.77       0     691     691     691
71081  10  12   600  99999.00  99999.00  99999.00  99999.00  99999.00  99999.00  99999.00  99999.00       0       0      10      10
71081  10  12   500  99999.00  99999.00   4553.99   6002.75   -621.62     -0.14   -901.71    109.41       0     690     690     690
71081  10  12   400  99999.00  99999.00   5957.17   7695.49   -693.14   -132.98   -911.83    -81.55       0     688     688     688
71081  10  12   300  99999.00  99999.00   7726.05   9734.13   -738.46   -299.26   -893.42   -326.30       0     685     685     685
71081  10  12   250  99999.00  99999.00   8914.21  10896.73   -833.22   -228.06  -1019.74   -319.06       0     681     681     681
71081  10  12   200  99999.00  99999.00  10439.79  12260.43   -782.57   -239.21  -1193.15   -258.59       0     677     677     673
71081  10  12   150  99999.00  99999.00  12358.73  14086.01   -694.40   -326.48  -1259.62   -276.10       0     673     673     670
71081  10  12   100  99999.00  99999.00  14985.17  16716.89   -695.89   -359.17  -1269.39   -324.39       0     657     661     657
71081  10  12    80  99999.00  99999.00  99999.00  99999.00  99999.00  99999.00  99999.00  99999.00       0       0      31      31
71081  10  12    70  99999.00  99999.00  17235.26  19055.78   -724.81   -373.93  -1195.55   -476.99       0     668     668     578
71081  10  12    60  99999.00  99999.00  99999.00  99999.00  99999.00  99999.00  99999.00  99999.00       0       0      22      19
71081  10  12    50  99999.00  99999.00  19300.71  21271.11   -766.94   -378.38  -1208.79   -499.35       0     661     662     574
71081  10  12    40  99999.00  99999.00  99999.00  99999.00  99999.00  99999.00  99999.00  99999.00       0       0      35      32
71081  10  12    30  99999.00  99999.00  22328.01  24655.89   -826.54   -378.70  -1222.59   -526.83       0     647     648     564
71081  10  12    20  99999.00  99999.00  24676.52  27344.96   -865.25   -369.77  -1239.94   -529.18       0     628     633     553
71081  10  12    15  99999.00  99999.00  99999.00  99999.00   -892.06   -347.98  -1250.63   -508.43       0       0     130     104
71081  10  12    10  99999.00  99999.00  28614.76  31976.44   -903.97   -329.29  -1225.95   -523.71       0     563     572     502
71081  10  12     7  99999.00  99999.00  30618.27  34388.55   -915.95   -294.59  -1207.46   -515.90       0     460     496     443
71081  10  12     5  99999.00  99999.00  32427.16  36708.16   -914.13   -253.77  -1174.31   -516.47       0     295     404     367
71081  10  12     3  99999.00  99999.00  99999.00  99999.00   -950.26   -136.66  -1140.38   -508.10       0       0     197     196
71081  10  12     2  99999.00  99999.00  99999.00  99999.00  99999.00  99999.00  99999.00  99999.00       0       0       0       0
71081  10  12     1  99999.00  99999.00  99999.00  99999.00  99999.00  99999.00  99999.00  99999.00       0       0       0       0
71081  11  12  9999    948.00   1070.16  99999.00  99999.00   -676.30    309.26    -55.33    116.03     646       0     641     641
71081  11  12  1000  99999.00  99999.00   -246.62    438.22   -571.31    231.85   -626.31    231.81       0     546     544     542
71081  11  12   925  99999.00  99999.00    195.08   1128.20   -502.58    189.10   -615.79    217.73       0     576     577     577
71081  11  12   900  99999.00  99999.00  99999.00  99999.00  99999.00  99999.00  99999.00  99999.00       0       0      18      18
71081  11  12   850  99999.00  99999.00    811.75   1774.27   -483.29    137.95   -655.66    192.26       0     664     664     663
71081  11  12   800  99999.00  99999.00  99999.00  99999.00  99999.00  99999.00  99999.00  99999.00       0       0      19      19
71081  11  12   700  99999.00  99999.00   2176.76   3290.36   -523.38     62.82   -769.66    144.14       0     663     663     663
71081  11  12   600  99999.00  99999.00  99999.00  99999.00  99999.00  99999.00  99999.00  99999.00       0       0      11      11
71081  11  12   500  99999.00  99999.00   4384.32   5882.40   -654.58    -82.06   -885.00    -24.36       0     663     663     663
71081  11  12   400  99999.00  99999.00   5765.98   7526.62   -712.62   -211.38   -912.73   -178.33       0     663     663     663
71081  11  12   300  99999.00  99999.00   7542.56   9495.56   -777.88   -307.96   -912.50   -374.30       0     659     660     660
71081  11  12   250  99999.00  99999.00   8730.33  10642.53   -823.02   -256.26  -1045.95   -337.95       0     656     657     657
71081  11  12   200  99999.00  99999.00  10198.78  12051.22   -771.29   -277.37  -1204.59   -282.39       0     652     653     652
71081  11  12   150  99999.00  99999.00  12031.71  13937.19   -754.63   -303.91  -1255.19   -311.51       0     641     643     641
71081  11  12   100  99999.00  99999.00  14489.73  16684.05   -824.76   -278.64  -1250.90   -385.46       0     618     623     618
71081  11  12    80  99999.00  99999.00  99999.00  99999.00  99999.00  99999.00  99999.00  99999.00       0       0      33      33
71081  11  12    70  99999.00  99999.00  16575.42  19127.70   -900.80   -257.24  -1158.27   -559.95       0     621     622     546
71081  11  12    60  99999.00  99999.00  99999.00  99999.00  99999.00  99999.00  99999.00  99999.00       0       0      27      26
71081  11  12    50  99999.00  99999.00  18428.05  21494.05   -973.09   -235.81  -1176.93   -578.25       0     608     610     536
71081  11  12    40  99999.00  99999.00  99999.00  99999.00  99999.00  99999.00  99999.00  99999.00       0       0      32      29
71081  11  12    30  99999.00  99999.00  21142.94  25119.62  -1048.94   -219.74  -1204.55   -595.79       0     585     588     523
71081  11  12    20  99999.00  99999.00  23309.34  27955.98  -1079.16   -225.36  -1231.06   -598.54       0     537     543     492
71081  11  12    15  99999.00  99999.00  99999.00  99999.00  -1120.01   -220.25  -1240.95   -606.51       0       0      99      91
71081  11  12    10  99999.00  99999.00  27213.36  32628.60  -1053.37   -262.81  -1243.14   -595.50       0     406     432     402
71081  11  12     7  99999.00  99999.00  29332.17  35017.53  -1031.31   -262.47  -1226.71   -591.19       0     274     331     313
71081  11  12     5  99999.00  99999.00  31642.40  37030.64   -989.79   -266.43  -1203.75   -578.79       0     109     209     202
71081  11  12     3  99999.00  99999.00  99999.00  99999.00  99999.00  99999.00  99999.00  99999.00       0       0      43      43
71081  11  12     2  99999.00  99999.00  99999.00  99999.00  99999.00  99999.00  99999.00  99999.00       0       0       0       0
71081  11  12     1  99999.00  99999.00  99999.00  99999.00  99999.00  99999.00  99999.00  99999.00       0       0       0       0
71081  12  12  9999    939.78   1075.86  99999.00  99999.00   -740.10    227.46    -34.26    108.18     623       0     621     620
71081  12  12  1000  99999.00  99999.00   -286.74    474.30   -640.26    170.70   -710.16    177.12       0     481     478     476
71081  12  12   925  99999.00  99999.00    120.38   1154.90   -582.02    172.66   -645.45    150.15       0     548     552     551
71081  12  12   900  99999.00  99999.00  99999.00  99999.00  99999.00  99999.00  99999.00  99999.00       0       0      12      12
71081  12  12   850  99999.00  99999.00    712.76   1807.40   -575.03    157.93   -673.99    144.65       0     639     639     637
71081  12  12   800  99999.00  99999.00  99999.00  99999.00  99999.00  99999.00  99999.00  99999.00       0       0       9       9
71081  12  12   700  99999.00  99999.00   2019.76   3348.04   -589.81     78.59   -788.24    126.16       0     639     639     637
71081  12  12   600  99999.00  99999.00  99999.00  99999.00  99999.00  99999.00  99999.00  99999.00       0       0      13      13
71081  12  12   500  99999.00  99999.00   4163.10   5958.66   -684.50    -93.14   -910.67    -32.39       0     638     638     636
71081  12  12   400  99999.00  99999.00   2468.80  10603.00   -721.77   -236.49   -944.20   -185.68       0     638     638     637
71081  12  12   300  99999.00  99999.00   7298.89   9543.85   -806.70   -308.82   -928.85   -396.89       0     635     635     629
71081  12  12   250  99999.00  99999.00   8454.72  10704.36   -899.80   -225.88  -1034.62   -377.02       0     635     635     620
71081  12  12   200  99999.00  99999.00   9862.33  12138.97   -899.83   -206.83  -1178.70   -318.90       0     633     633     614
71081  12  12   150  99999.00  99999.00  11573.76  14094.96   -914.84   -204.44  -1252.53   -323.13       0     629     629     604
71081  12  12   100  99999.00  99999.00  13820.89  16975.57  -1009.36   -161.80  -1305.13   -343.57       0     616     616     578
71081  12  12    80  99999.00  99999.00  99999.00  99999.00  99999.00  99999.00  99999.00  99999.00       0       0      30      30
71081  12  12    70  99999.00  99999.00  15675.68  19581.20  -1089.41   -141.17  -1167.87   -569.19       0     596     599     515
71081  12  12    60  99999.00  99999.00  99999.00  99999.00  99999.00  99999.00  99999.00  99999.00       0       0      18      14
71081  12  12    50  99999.00  99999.00  17387.38  22052.38  -1149.12   -127.44  -1197.82   -575.62       0     565     567     493
71081  12  12    40  99999.00  99999.00  99999.00  99999.00  99999.00  99999.00  99999.00  99999.00       0       0      31      28
71081  12  12    30  99999.00  99999.00  20107.20  25722.84  -1169.30   -143.42  -1246.34   -566.18       0     458     463     420
71081  12  12    20  99999.00  99999.00  22354.12  28579.84  -1174.65   -150.09  -1276.54   -559.90       0     381     390     355
71081  12  12    15  99999.00  99999.00  99999.00  99999.00  99999.00  99999.00  99999.00  99999.00       0       0      58      52
71081  12  12    10  99999.00  99999.00  26401.43  33250.79  -1251.94    -65.98  -1356.13   -490.57       0     280     295     272
71081  12  12     7  99999.00  99999.00  29127.94  35474.14  -1383.86    118.78  -1450.51   -364.51       0     145     184     172
71081  12  12     5  99999.00  99999.00  99999.00  99999.00  -1538.11    367.73  -1508.31   -241.23       0      59      95      92
71081  12  12     3  99999.00  99999.00  99999.00  99999.00  99999.00  99999.00  99999.00  99999.00       0       0      20      20
71081  12  12     2  99999.00  99999.00  99999.00  99999.00  99999.00  99999.00  99999.00  99999.00       0       0       0       0
71081  12  12     1  99999.00  99999.00  99999.00  99999.00  99999.00  99999.00  99999.00  99999.00       0       0       0       0
