24944  01  00  9999    944.35   1076.35  99999.00  99999.00   -957.20    281.92    -44.91    112.17     891       0     891     889
24944  01  00  1000  99999.00  99999.00   -112.32    578.04   -870.86    207.58   -925.36    187.76       0     753     759     731
24944  01  00   925  99999.00  99999.00    344.53   1184.17   -659.62    176.90   -728.00    171.88       0     585     604     583
24944  01  00   900  99999.00  99999.00  99999.00  99999.00  99999.00  99999.00  99999.00  99999.00       0       0      11      11
24944  01  00   850  99999.00  99999.00    949.01   1818.89   -609.17    141.07   -664.59    127.17       0     922     922     891
24944  01  00   800  99999.00  99999.00  99999.00  99999.00  99999.00  99999.00  99999.00  99999.00       0       0      15      15
24944  01  00   700  99999.00  99999.00   2274.05   3315.29   -582.93     36.75   -638.15      9.73       0     920     920     904
24944  01  00   600  99999.00  99999.00  99999.00  99999.00  99999.00  99999.00  99999.00  99999.00       0       0       7       7
24944  01  00   500  99999.00  99999.00   4434.55   5869.27   -669.24   -144.84   -729.55   -163.87       0     916     916     807
24944  01  00   400  99999.00  99999.00   5801.22   7474.50   -715.04   -290.00   -780.77   -308.81       0     913     914     714
24944  01  00   300  99999.00  99999.00   7547.65   9396.25   -759.76   -436.84   -855.77   -424.01       0     906     909     705
24944  01  00   250  99999.00  99999.00   8689.31  10520.03   -867.25   -369.49   -963.46   -357.46       0     892     894     683
24944  01  00   200  99999.00  99999.00  10101.52  11865.76   -896.07   -315.39   -975.85   -327.37       0     866     866     662
24944  01  00   150  99999.00  99999.00  11864.84  13693.76   -894.99   -295.59   -949.43   -344.63       0     838     840     633
24944  01  00   100  99999.00  99999.00  14167.44  16479.12   -975.67   -204.55   -999.04   -303.04       0     765     770     588
24944  01  00    80  99999.00  99999.00  99999.00  99999.00  99999.00  99999.00  99999.00  99999.00       0       0      21      20
24944  01  00    70  99999.00  99999.00  16091.63  19074.59  -1047.74    -94.70  -1041.88   -241.60       0     666     674     517
24944  01  00    60  99999.00  99999.00  99999.00  99999.00  99999.00  99999.00  99999.00  99999.00       0       0      22      17
24944  01  00    50  99999.00  99999.00  17860.72  21629.20  -1076.35     -5.95  -1061.71   -186.07       0     570     576     447
24944  01  00    40  99999.00  99999.00  99999.00  99999.00  99999.00  99999.00  99999.00  99999.00       0       0      35      28
24944  01  00    30  99999.00  99999.00  20659.84  25500.04  -3276.09   2251.59  -1068.24   -125.88       0     439     446     333
24944  01  00    20  99999.00  99999.00  23023.57  28546.81  -1060.78    146.66  -1055.30   -117.14       0     339     351     257
24944  01  00    15  99999.00  99999.00  99999.00  99999.00 -18164.80  15554.96  99999.00  99999.00       0       0      75      56
24944  01  00    10  99999.00  99999.00  26478.03  34502.31  -1022.36    224.80  -1069.83    -58.47       0     121     151      85
24944  01  00     7  99999.00  99999.00  99999.00  99999.00  99999.00  99999.00  99999.00  99999.00       0       0      35      18
24944  01  00     5  99999.00  99999.00  99999.00  99999.00  99999.00  99999.00  99999.00  99999.00       0       0      10       2
24944  01  00     3  99999.00  99999.00  99999.00  99999.00  99999.00  99999.00  99999.00  99999.00       0       0       3       1
24944  01  00     2  99999.00  99999.00  99999.00  99999.00  99999.00  99999.00  99999.00  99999.00       0       0       1       0
24944  01  00     1  99999.00  99999.00  99999.00  99999.00  99999.00  99999.00  99999.00  99999.00       0       0       1       0
24944  02  00  9999    947.18   1069.22  99999.00  99999.00   -881.36    254.80    -47.44    112.64     837       0     836     835
24944  02  00  1000  99999.00  99999.00   -113.40    549.12   -780.16    166.64   -837.78    155.70       0     693     693     681
24944  02  00   925  99999.00  99999.00    361.75   1131.55   -617.43    161.73   -666.88    145.28       0     559     574     558
24944  02  00   900  99999.00  99999.00  99999.00  99999.00  99999.00  99999.00  99999.00  99999.00       0       0      13      12
24944  02  00   850  99999.00  99999.00    975.24   1778.28   -580.77    118.95   -613.38     83.82       0     873     876     862
24944  02  00   800  99999.00  99999.00  99999.00  99999.00  99999.00  99999.00  99999.00  99999.00       0       0       8       8
24944  02  00   700  99999.00  99999.00   2312.88   3262.20   -560.71     13.73   -589.33    -39.73       0     880     882     872
24944  02  00   600  99999.00  99999.00  99999.00  99999.00  99999.00  99999.00  99999.00  99999.00       0       0       2       2
24944  02  00   500  99999.00  99999.00   4487.55   5800.47   -663.20   -150.68   -700.01   -194.57       0     878     879     789
24944  02  00   400  99999.00  99999.00   5842.73   7419.89   -718.56   -284.40   -756.36   -330.96       0     872     872     691
24944  02  00   300  99999.00  99999.00   7589.77   9345.01   -775.79   -410.51   -828.63   -440.91       0     863     861     675
24944  02  00   250  99999.00  99999.00   8729.99  10475.75   -875.17   -337.33   -921.19   -373.15       0     849     852     664
24944  02  00   200  99999.00  99999.00  10144.84  11844.64   -901.10   -276.38   -926.98   -340.42       0     836     838     648
24944  02  00   150  99999.00  99999.00  11897.15  13711.91   -904.75   -246.19   -916.96   -343.24       0     819     818     630
24944  02  00   100  99999.00  99999.00  14204.40  16546.08   -962.26   -162.82   -959.43   -305.43       0     767     767     595
24944  02  00    80  99999.00  99999.00  99999.00  99999.00  99999.00  99999.00  99999.00  99999.00       0       0      11       7
24944  02  00    70  99999.00  99999.00  16183.16  19128.32   -982.07    -93.83   -981.40   -262.00       0     699     702     546
24944  02  00    60  99999.00  99999.00  99999.00  99999.00  99999.00  99999.00  99999.00  99999.00       0       0      24      19
24944  02  00    50  99999.00  99999.00  18053.38  21618.10   -977.89    -46.45   -992.42   -232.22       0     631     635     493
24944  02  00    40  99999.00  99999.00  99999.00  99999.00  99999.00  99999.00  99999.00  99999.00       0       0      41      31
24944  02  00    30  99999.00  99999.00  20997.30  25374.30   -967.74      7.14  -1026.08   -187.76       0     519     525     395
24944  02  00    20  99999.00  99999.00  23476.56  28296.00   -926.84     18.28  -1070.98   -133.54       0     433     444     331
24944  02  00    15  99999.00  99999.00  99999.00  99999.00 -12904.47  11180.13  -1164.93      9.63       0       0      88      68
24944  02  00    10  99999.00  99999.00  27989.67  33212.43   -998.22    176.94  -1234.03     52.13       0     171     215     128
24944  02  00     7  99999.00  99999.00  99999.00  99999.00  99999.00  99999.00  99999.00  99999.00       0       0      45      18
24944  02  00     5  99999.00  99999.00  99999.00  99999.00  99999.00  99999.00  99999.00  99999.00       0       0      22       6
24944  02  00     3  99999.00  99999.00  99999.00  99999.00  99999.00  99999.00  99999.00  99999.00       0       0       0       0
24944  02  00     2  99999.00  99999.00  99999.00  99999.00  99999.00  99999.00  99999.00  99999.00       0       0       0       0
24944  02  00     1  99999.00  99999.00  99999.00  99999.00  99999.00  99999.00  99999.00  99999.00       0       0       1       1
24944  03  00  9999    945.19   1062.91  99999.00  99999.00   -845.94    382.62    -58.54    122.78     890       0     889     888
24944  03  00  1000  99999.00  99999.00    -67.35    473.01   -749.58    271.50   -798.94    252.02       0     648     645     638
24944  03  00   925  99999.00  99999.00    334.49   1154.09   -565.80    262.32   -591.73    209.39       0     611     633     620
24944  03  00   900  99999.00  99999.00  99999.00  99999.00  99999.00  99999.00  99999.00  99999.00       0       0      15      14
24944  03  00   850  99999.00  99999.00    974.50   1787.74   -574.30    206.30   -601.91    154.69       0     962     963     954
24944  03  00   800  99999.00  99999.00  99999.00  99999.00  99999.00  99999.00  99999.00  99999.00       0       0      15      14
24944  03  00   700  99999.00  99999.00   2339.87   3282.71  -2173.08   1656.60   -642.76     49.76       0     962     963     955
24944  03  00   600  99999.00  99999.00  99999.00  99999.00  99999.00  99999.00  99999.00  99999.00       0       0      12      12
24944  03  00   500  99999.00  99999.00   4504.28   5874.80   -683.25    -91.65   -736.68   -132.24       0     960     959     893
24944  03  00   400  99999.00  99999.00   3332.08  10009.60   -732.98   -236.18   -786.92   -278.96       0     958     958     764
24944  03  00   300  99999.00  99999.00   7594.29   9480.81   -765.60   -386.64   -829.63   -417.31       0     950     951     747
24944  03  00   250  99999.00  99999.00   8755.97  10611.29   -876.27   -297.03   -922.81   -344.53       0     948     948     742
24944  03  00   200  99999.00  99999.00  10210.83  11964.15   -891.70   -242.26   -925.49   -320.93       0     934     935     731
24944  03  00   150  99999.00  99999.00  12003.86  13825.82   -877.04   -238.28   -920.19   -335.07       0     919     919     717
24944  03  00   100  99999.00  99999.00  14365.07  16638.83   -934.76   -164.48   -995.81   -274.97       0     899     899     701
24944  03  00    80  99999.00  99999.00  99999.00  99999.00  99999.00  99999.00  99999.00  99999.00       0       0      24      17
24944  03  00    70  99999.00  99999.00  16337.34  19229.82   -970.91   -104.39  -1041.51   -232.23       0     836     837     648
24944  03  00    60  99999.00  99999.00  99999.00  99999.00  99999.00  99999.00  99999.00  99999.00       0       0      34      23
24944  03  00    50  99999.00  99999.00  18229.84  21683.92   -965.54    -76.82  -1063.03   -208.15       0     769     771     597
24944  03  00    40  99999.00  99999.00  99999.00  99999.00  99999.00  99999.00  99999.00  99999.00       0       0      41      30
24944  03  00    30  99999.00  99999.00  21109.40  25445.84   -922.06    -63.82  -1063.94   -197.78       0     647     653     493
24944  03  00    20  99999.00  99999.00  23538.73  28363.57   -926.60     -2.00  -1104.31   -135.55       0     548     561     418
24944  03  00    15  99999.00  99999.00  99999.00  99999.00 -11795.29  10199.39  -1335.21     85.95       0       0     106      71
24944  03  00    10  99999.00  99999.00  27962.53  33265.09  -3550.17   2649.27  -1167.49    -43.69       0     223     277     167
24944  03  00     7  99999.00  99999.00  99999.00  99999.00 -16254.31  14036.33  99999.00  99999.00       0       0      68      35
24944  03  00     5  99999.00  99999.00  99999.00  99999.00  99999.00  99999.00  99999.00  99999.00       0       0      14       2
24944  03  00     3  99999.00  99999.00  99999.00  99999.00  99999.00  99999.00  99999.00  99999.00       0       0       2       0
24944  03  00     2  99999.00  99999.00  99999.00  99999.00  99999.00  99999.00  99999.00  99999.00       0       0       0       0
24944  03  00     1  99999.00  99999.00  99999.00  99999.00  99999.00  99999.00  99999.00  99999.00       0       0       0       0
24944  04  00  9999    941.17   1055.05  99999.00  99999.00   -543.44    404.56   -104.61    196.35     838       0     838     838
24944  04  00  1000  99999.00  99999.00    -45.65    416.23   -543.10    357.26   -582.01    301.31       0     400     400     398
24944  04  00   925  99999.00  99999.00    319.91   1141.91   -416.05    310.79   -465.99    226.29       0     595     613     606
24944  04  00   900  99999.00  99999.00  99999.00  99999.00  99999.00  99999.00  99999.00  99999.00       0       0      13      13
24944  04  00   850  99999.00  99999.00    983.32   1795.96   -465.69    268.11   -520.39    203.57       0     917     918     909
24944  04  00   800  99999.00  99999.00  99999.00  99999.00  99999.00  99999.00  99999.00  99999.00       0       0      14      14
24944  04  00   700  99999.00  99999.00   2405.94   3316.14   -499.94    137.74   -615.59    132.85       0     916     916     909
24944  04  00   600  99999.00  99999.00  99999.00  99999.00  99999.00  99999.00  99999.00  99999.00       0       0      18      18
24944  04  00   500  99999.00  99999.00   4643.61   5956.17   -635.50    -26.50   -736.90    -42.82       0     914     912     889
24944  04  00   400  99999.00  99999.00   6032.20   7634.80   -700.15   -172.63   -791.08   -191.68       0     913     912     769
24944  04  00   300  99999.00  99999.00   7804.95   9626.79   -742.74   -349.14   -826.13   -375.65       0     907     907     729
24944  04  00   250  99999.00  99999.00   8972.27  10777.43   -856.66   -270.70   -916.73   -326.21       0     897     894     718
24944  04  00   200  99999.00  99999.00  10466.91  12129.75   -828.82   -247.66   -896.17   -317.65       0     890     890     712
24944  04  00   150  99999.00  99999.00  12316.78  13983.58   -792.32   -262.88   -889.72   -335.56       0     882     884     708
24944  04  00   100  99999.00  99999.00  10375.27  21102.07   -807.78   -244.74   -928.13   -325.49       0     857     857     683
24944  04  00    80  99999.00  99999.00  99999.00  99999.00  99999.00  99999.00  99999.00  99999.00       0       0      18      14
24944  04  00    70  99999.00  99999.00  16971.81  19166.37  -2317.47   1258.17   -946.50   -316.98       0     801     809     641
24944  04  00    60  99999.00  99999.00  99999.00  99999.00  99999.00  99999.00  99999.00  99999.00       0       0      25      20
24944  04  00    50  99999.00  99999.00  19006.96  21500.32  -2379.11   1339.09   -942.95   -318.71       0     731     746     592
24944  04  00    40  99999.00  99999.00  99999.00  99999.00  99999.00  99999.00  99999.00  99999.00       0       0      48      38
24944  04  00    30  99999.00  99999.00  22153.42  25021.90  -2533.02   1526.70   -975.24   -280.80       0     624     627     488
24944  04  00    20  99999.00  99999.00  16725.64  35654.44  -2651.58   1682.70   -992.00   -254.00       0     543     553     423
24944  04  00    15  99999.00  99999.00  99999.00  99999.00  -6747.44   5619.64   -997.38   -226.98       0       0      86      66
24944  04  00    10  99999.00  99999.00  29348.72  32476.28   -765.32    -75.20  -1060.79   -140.99       0     224     278     181
24944  04  00     7  99999.00  99999.00  99999.00  99999.00  99999.00  99999.00  99999.00  99999.00       0       0      51      24
24944  04  00     5  99999.00  99999.00  99999.00  99999.00  99999.00  99999.00  99999.00  99999.00       0       0      25       7
24944  04  00     3  99999.00  99999.00  99999.00  99999.00  99999.00  99999.00  99999.00  99999.00       0       0       1       0
24944  04  00     2  99999.00  99999.00  99999.00  99999.00  99999.00  99999.00  99999.00  99999.00       0       0       0       0
24944  04  00     1  99999.00  99999.00  99999.00  99999.00  99999.00  99999.00  99999.00  99999.00       0       0       1       1
24944  05  00  9999    950.31   1038.15  99999.00  99999.00   -211.75    316.25   -143.66    266.14     923       0     920     920
24944  05  00  1000  99999.00  99999.00     -3.36    334.44   -197.71    272.69   -276.01    217.19       0     228     227     226
24944  05  00   925  99999.00  99999.00    380.23   1068.91   -281.17    350.99   -334.53    245.91       0     645     654     641
24944  05  00   900  99999.00  99999.00  99999.00  99999.00  99999.00  99999.00  99999.00  99999.00       0       0      20      19
24944  05  00   850  99999.00  99999.00   1047.91   1762.03   -368.08    345.80   -388.73    228.67       0    1002    1002     984
24944  05  00   800  99999.00  99999.00  99999.00  99999.00  99999.00  99999.00  99999.00  99999.00       0       0      11      11
24944  05  00   700  99999.00  99999.00   2482.37   3364.13   -438.05    226.63   -565.35    230.01       0    1004    1003     988
24944  05  00   600  99999.00  99999.00  99999.00  99999.00  99999.00  99999.00  99999.00  99999.00       0       0      14      14
24944  05  00   500  99999.00  99999.00   4784.10   6087.06   -580.12     64.52   -721.88     71.20       0    1002    1004     994
24944  05  00   400  99999.00  99999.00   6204.38   7826.06   -668.21    -71.21   -772.10    -83.66       0     996     997     929
24944  05  00   300  99999.00  99999.00   7971.67   9919.99   -713.36   -282.44   -794.84   -317.72       0     993     992     809
24944  05  00   250  99999.00  99999.00   6134.88  14075.88   -813.57   -245.61   -858.78   -326.46       0     983     984     800
24944  05  00   200  99999.00  99999.00  10697.95  12438.91   -820.14   -197.10   -888.29   -281.45       0     970     973     789
24944  05  00   150  99999.00  99999.00   8797.96  18049.60   -680.80   -306.40   -804.82   -372.70       0     955     957     775
24944  05  00   100  99999.00  99999.00   8700.58  23387.50   -653.16   -347.28   -829.92   -394.68       0     920     917     740
24944  05  00    80  99999.00  99999.00  99999.00  99999.00  99999.00  99999.00  99999.00  99999.00       0       0      15      12
24944  05  00    70  99999.00  99999.00  17593.16  19260.92  -2468.60   1444.60   -857.92   -386.44       0     855     853     687
24944  05  00    60  99999.00  99999.00  99999.00  99999.00  99999.00  99999.00  99999.00  99999.00       0       0      23      20
24944  05  00    50  99999.00  99999.00  19772.20  21478.12  -2533.92   1515.96   -866.60   -384.56       0     792     796     632
24944  05  00    40  99999.00  99999.00  99999.00  99999.00  99999.00  99999.00  99999.00  99999.00       0       0      24      22
24944  05  00    30  99999.00  99999.00  23066.69  24880.01   -630.63   -340.11   -897.98   -352.34       0     692     692     548
24944  05  00    20  99999.00  99999.00  13876.81  39176.17  -2524.00   1567.52   -919.54   -317.98       0     607     615     486
24944  05  00    15  99999.00  99999.00  99999.00  99999.00 -11837.03  10224.37  -1005.65   -230.45       0       0      79      61
24944  05  00    10  99999.00  99999.00  30014.95  32551.87   -613.32   -186.00   -858.28   -295.48       0     223     283     178
24944  05  00     7  99999.00  99999.00  99999.00  99999.00  99999.00  99999.00  99999.00  99999.00       0       0      59      28
24944  05  00     5  99999.00  99999.00  99999.00  99999.00  99999.00  99999.00  99999.00  99999.00       0       0      24       5
24944  05  00     3  99999.00  99999.00  99999.00  99999.00  99999.00  99999.00  99999.00  99999.00       0       0       2       0
24944  05  00     2  99999.00  99999.00  99999.00  99999.00  99999.00  99999.00  99999.00  99999.00       0       0       0       0
24944  05  00     1  99999.00  99999.00  99999.00  99999.00  99999.00  99999.00  99999.00  99999.00       0       0       0       0
24944  06  00  9999    957.37   1026.13  99999.00  99999.00   -105.31    374.93   -130.42    241.94     832       0     831     831
24944  06  00  1000  99999.00  99999.00     47.23    259.03   -128.89    347.87   -224.61    325.83       0      98      98      96
24944  06  00   925  99999.00  99999.00    431.37   1015.89   -228.30    476.34   -281.31    359.61       0     612     623     612
24944  06  00   900  99999.00  99999.00  99999.00  99999.00  99999.00  99999.00  99999.00  99999.00       0       0      20      20
24944  06  00   850  99999.00  99999.00   1133.06   1718.66   -274.37    429.07   -314.03    314.05       0     900     899     885
24944  06  00   800  99999.00  99999.00  99999.00  99999.00  99999.00  99999.00  99999.00  99999.00       0       0       9       9
24944  06  00   700  99999.00  99999.00   2620.56   3369.96   -299.72    258.88   -502.88    325.60       0     905     908     888
24944  06  00   600  99999.00  99999.00  99999.00  99999.00  99999.00  99999.00  99999.00  99999.00       0       0      11      11
24944  06  00   500  99999.00  99999.00   5054.72   6122.60   -426.22     73.94   -677.09    144.19       0     901     903     886
24944  06  00   400  99999.00  99999.00   6565.81   7875.01   -545.52    -39.00   -722.00    -20.00       0     899     900     886
24944  06  00   300  99999.00  99999.00   8405.47  10014.19   -657.23   -228.35   -781.83   -234.99       0     880     880     741
24944  06  00   250  99999.00  99999.00   9570.60  11250.96   -736.34   -288.14   -808.90   -346.66       0     876     874     714
24944  06  00   200  99999.00  99999.00  11108.44  12599.92   -850.89   -189.09   -897.83   -288.83       0     857     857     699
24944  06  00   150  99999.00  99999.00  13087.69  14370.73   -661.35   -327.63   -810.55   -368.47       0     839     842     689
24944  06  00   100  99999.00  99999.00  15790.99  16971.67   -615.81   -386.85   -852.36   -376.56       0     804     806     660
24944  06  00    80  99999.00  99999.00  99999.00  99999.00  99999.00  99999.00  99999.00  99999.00       0       0      14       9
24944  06  00    70  99999.00  99999.00  18138.69  19276.89   -593.87   -400.91   -865.12   -376.84       0     774     777     637
24944  06  00    60  99999.00  99999.00  99999.00  99999.00  99999.00  99999.00  99999.00  99999.00       0       0      17      15
24944  06  00    50  99999.00  99999.00  20336.83  21491.71  -2392.20   1395.12   -869.24   -368.24       0     705     710     577
24944  06  00    40  99999.00  99999.00  99999.00  99999.00  99999.00  99999.00  99999.00  99999.00       0       0      21      16
24944  06  00    30  99999.00  99999.00  23650.04  24916.16   -564.96   -367.20   -913.30   -313.90       0     625     624     502
24944  06  00    20  99999.00  99999.00  17254.48  36583.72   -552.96   -317.76   -896.51   -290.39       0     530     540     433
24944  06  00    15  99999.00  99999.00  99999.00  99999.00  -7475.61   6385.11  99999.00  99999.00       0       0      69      56
24944  06  00    10  99999.00  99999.00  15307.64  47817.92  -3484.99   2705.81   -936.69   -156.69       0     238     274     191
24944  06  00     7  99999.00  99999.00  99999.00  99999.00  99999.00  99999.00  99999.00  99999.00       0       0      55      32
24944  06  00     5  99999.00  99999.00  99999.00  99999.00  99999.00  99999.00  99999.00  99999.00       0       0      26       7
24944  06  00     3  99999.00  99999.00  99999.00  99999.00  99999.00  99999.00  99999.00  99999.00       0       0       4       0
24944  06  00     2  99999.00  99999.00  99999.00  99999.00  99999.00  99999.00  99999.00  99999.00       0       0       1       0
24944  06  00     1  99999.00  99999.00  99999.00  99999.00  99999.00  99999.00  99999.00  99999.00       0       0       0       0
24944  07  00  9999    958.05   1023.57  99999.00  99999.00    -49.86    385.62   -121.62    214.26     873       0     869     868
24944  07  00  1000  99999.00  99999.00  99999.00  99999.00  99999.00  99999.00  99999.00  99999.00       0      56      56      56
24944  07  00   925  99999.00  99999.00    441.14    998.78   -119.58    427.74   -185.74    352.70       0     582     600     578
24944  07  00   900  99999.00  99999.00  99999.00  99999.00  99999.00  99999.00  99999.00  99999.00       0       0      16      15
24944  07  00   850  99999.00  99999.00   1147.56   1719.00   -172.58    398.86   -238.27    324.65       0     915     915     886
24944  07  00   800  99999.00  99999.00  99999.00  99999.00  99999.00  99999.00  99999.00  99999.00       0       0      11      11
24944  07  00   700  99999.00  99999.00   2685.70   3362.38   -205.78    242.06   -482.11    367.25       0     910     912     889
24944  07  00   600  99999.00  99999.00  99999.00  99999.00  99999.00  99999.00  99999.00  99999.00       0       0      14      14
24944  07  00   500  99999.00  99999.00   5210.44   6103.72   -338.38     68.06   -637.29    174.15       0     901     903     891
24944  07  00   400  99999.00  99999.00   6777.39   7854.39   -465.03    -34.47   -703.63     30.89       0     892     895     883
24944  07  00   300  99999.00  99999.00   8675.72  10006.64   -603.33   -201.45   -764.77   -175.93       0     888     888     800
24944  07  00   250  99999.00  99999.00   9850.24  11272.12   -672.97   -296.53   -790.05   -313.65       0     881     883     732
24944  07  00   200  99999.00  99999.00  11361.21  12669.57   -836.31   -186.63   -896.25   -276.09       0     869     874     723
24944  07  00   150  99999.00  99999.00  13357.11  14436.51   -656.22   -321.78   -786.10   -385.06       0     852     851     701
24944  07  00   100  99999.00  99999.00  16079.07  17025.63   -627.45   -379.05   -823.12   -410.56       0     818     829     680
24944  07  00    80  99999.00  99999.00  99999.00  99999.00  99999.00  99999.00  99999.00  99999.00       0       0      13      11
24944  07  00    70  99999.00  99999.00  18443.60  19314.08   -595.28   -399.92   -850.71   -392.43       0     796     797     656
24944  07  00    60  99999.00  99999.00  99999.00  99999.00  99999.00  99999.00  99999.00  99999.00       0       0      11       9
24944  07  00    50  99999.00  99999.00  20664.52  21503.80   -568.45   -405.25   -856.63   -381.91       0     714     725     596
24944  07  00    40  99999.00  99999.00  99999.00  99999.00  99999.00  99999.00  99999.00  99999.00       0       0      22      16
24944  07  00    30  99999.00  99999.00  24035.42  24875.18   -560.20   -367.72   -870.95   -348.35       0     607     608     483
24944  07  00    20  99999.00  99999.00  26689.33  27644.53   -545.17   -315.01   -881.79   -304.23       0     531     534     420
24944  07  00    15  99999.00  99999.00  99999.00  99999.00  -7273.00   6219.20  99999.00  99999.00       0       0      73      59
24944  07  00    10  99999.00  99999.00  31295.01  32521.77  -3726.37   2949.59   -976.17   -127.65       0     255     301     210
24944  07  00     7  99999.00  99999.00  99999.00  99999.00 -13461.98  11867.74  99999.00  99999.00       0       0      81      50
24944  07  00     5  99999.00  99999.00  99999.00  99999.00  99999.00  99999.00  99999.00  99999.00       0       0      31      10
24944  07  00     3  99999.00  99999.00  99999.00  99999.00  99999.00  99999.00  99999.00  99999.00       0       0       6       3
24944  07  00     2  99999.00  99999.00  99999.00  99999.00  99999.00  99999.00  99999.00  99999.00       0       0       1       1
24944  07  00     1  99999.00  99999.00  99999.00  99999.00  99999.00  99999.00  99999.00  99999.00       0       0       0       0
24944  08  00  9999    960.39   1027.59  99999.00  99999.00   -101.39    364.69    -90.66    154.86     812       0     810     810
24944  08  00  1000  99999.00  99999.00     41.94    267.54   -125.88    334.68   -161.55    298.89       0     161     161     157
24944  08  00   925  99999.00  99999.00    467.86   1007.62   -158.15    404.29   -193.70    328.30       0     606     622     605
24944  08  00   900  99999.00  99999.00  99999.00  99999.00  99999.00  99999.00  99999.00  99999.00       0       0      16      16
24944  08  00   850  99999.00  99999.00   1169.86   1721.38   -210.78    382.02   -260.72    314.20       0     873     874     849
24944  08  00   800  99999.00  99999.00  99999.00  99999.00  99999.00  99999.00  99999.00  99999.00       0       0      17      17
24944  08  00   700  99999.00  99999.00   2690.99   3351.83   -251.27    244.57   -478.57    325.07       0     873     873     842
24944  08  00   600  99999.00  99999.00  99999.00  99999.00  99999.00  99999.00  99999.00  99999.00       0       0      18      17
24944  08  00   500  99999.00  99999.00   5146.41   6124.29   -398.58     86.58   -658.27    160.73       0     868     870     856
24944  08  00   400  99999.00  99999.00   6665.86   7893.70   -515.83    -26.59   -715.12      1.76       0     865     866     858
24944  08  00   300  99999.00  99999.00   8503.31  10065.71   -643.74   -203.94   -792.25   -195.61       0     860     861     738
24944  08  00   250  99999.00  99999.00   9655.31  11334.47   -709.75   -298.15   -816.20   -324.44       0     853     856     701
24944  08  00   200  99999.00  99999.00  11125.96  12749.08   -851.76   -188.52   -892.81   -293.65       0     846     847     692
24944  08  00   150  99999.00  99999.00  13113.12  14517.24   -671.52   -317.64   -792.18   -388.74       0     830     829     682
24944  08  00   100  99999.00  99999.00  15811.99  17122.51   -634.74   -369.54   -833.20   -403.24       0     794     801     655
24944  08  00    80  99999.00  99999.00  99999.00  99999.00  99999.00  99999.00  99999.00  99999.00       0       0       9       8
24944  08  00    70  99999.00  99999.00  18173.34  19403.94   -608.16   -394.32   -856.86   -402.18       0     770     773     640
24944  08  00    60  99999.00  99999.00  99999.00  99999.00  99999.00  99999.00  99999.00  99999.00       0       0      13      10
24944  08  00    50  99999.00  99999.00  20375.74  21598.06   -594.31   -400.39   -878.22   -389.34       0     723     728     589
24944  08  00    40  99999.00  99999.00  99999.00  99999.00  99999.00  99999.00  99999.00  99999.00       0       0      18      14
24944  08  00    30  99999.00  99999.00  23669.36  24999.32   -595.34   -367.94   -891.41   -371.09       0     634     639     516
24944  08  00    20  99999.00  99999.00  26266.07  27773.75   -581.60   -324.20   -907.20   -323.40       0     572     584     458
24944  08  00    15  99999.00  99999.00  99999.00  99999.00 -15195.76  13100.96   -843.50   -342.14       0       0      78      65
24944  08  00    10  99999.00  99999.00  30773.95  32649.19  -3615.86   2779.66   -941.28   -219.72       0     268     326     224
24944  08  00     7  99999.00  99999.00  99999.00  99999.00   -544.60   -162.16  99999.00  99999.00       0       0      65      44
24944  08  00     5  99999.00  99999.00  99999.00  99999.00  99999.00  99999.00  99999.00  99999.00       0       0      20       4
24944  08  00     3  99999.00  99999.00  99999.00  99999.00  99999.00  99999.00  99999.00  99999.00       0       0       7       0
24944  08  00     2  99999.00  99999.00  99999.00  99999.00  99999.00  99999.00  99999.00  99999.00       0       0       0       0
24944  08  00     1  99999.00  99999.00  99999.00  99999.00  99999.00  99999.00  99999.00  99999.00       0       0       0       0
24944  09  00  9999    954.45   1042.53  99999.00  99999.00   -194.53    282.11    -92.75    152.41     723       0     723     723
24944  09  00  1000  99999.00  99999.00    -34.31    386.77   -195.53    250.63   -253.37    245.59       0     345     345     331
24944  09  00   925  99999.00  99999.00    424.30   1070.50   -250.74    321.66   -290.45    270.55       0     519     531     494
24944  09  00   900  99999.00  99999.00  99999.00  99999.00  99999.00  99999.00  99999.00  99999.00       0       0      10      10
24944  09  00   850  99999.00  99999.00   1105.27   1770.07   -324.07    314.93   -372.21    271.95       0     781     782     745
24944  09  00   800  99999.00  99999.00  99999.00  99999.00  99999.00  99999.00  99999.00  99999.00       0       0      13      13
24944  09  00   700  99999.00  99999.00   2581.84   3346.60   -388.90    220.22   -545.69    257.23       0     779     781     741
24944  09  00   600  99999.00  99999.00  99999.00  99999.00  99999.00  99999.00  99999.00  99999.00       0       0       7       7
24944  09  00   500  99999.00  99999.00   4927.38   6070.38   -511.48     41.00   -671.62     57.98       0     774     775     763
24944  09  00   400  99999.00  99999.00   6376.54   7810.42   -610.06    -85.90   -733.93    -86.53       0     769     770     749
24944  09  00   300  99999.00  99999.00   8158.51   9922.15   -691.96   -286.00   -772.87   -315.43       0     763     763     605
24944  09  00   250  99999.00  99999.00   9314.45  11125.97   -771.44   -311.48   -814.49   -375.17       0     755     758     597
24944  09  00   200  99999.00  99999.00  10829.52  12480.84   -828.45   -220.29   -860.81   -316.61       0     732     734     581
24944  09  00   150  99999.00  99999.00  12767.61  14282.01   -678.93   -329.25   -772.46   -407.66       0     717     716     565
24944  09  00   100  99999.00  99999.00  15421.08  16919.04   -641.67   -366.51   -795.20   -423.92       0     687     698     550
24944  09  00    80  99999.00  99999.00  99999.00  99999.00  99999.00  99999.00  99999.00  99999.00       0       0      10       9
24944  09  00    70  99999.00  99999.00  17738.13  19248.57   -633.46   -381.94   -827.63   -424.55       0     666     664     529
24944  09  00    60  99999.00  99999.00  99999.00  99999.00  99999.00  99999.00  99999.00  99999.00       0       0      12       9
24944  09  00    50  99999.00  99999.00  19877.06  21476.78   -631.17   -393.33   -856.99   -416.71       0     620     619     494
24944  09  00    40  99999.00  99999.00  99999.00  99999.00  99999.00  99999.00  99999.00  99999.00       0       0      28      20
24944  09  00    30  99999.00  99999.00  23068.71  24931.71   -631.93   -373.09   -888.04   -388.48       0     565     564     443
24944  09  00    20  99999.00  99999.00  25687.65  27626.49   -629.30   -336.74   -913.54   -351.34       0     495     498     389
24944  09  00    15  99999.00  99999.00  99999.00  99999.00  -7111.82   5923.90   -966.88   -281.80       0       0      77      67
24944  09  00    10  99999.00  99999.00  30139.29  32409.21  -3357.01   2431.55   -960.12   -255.96       0     275     308     208
24944  09  00     7  99999.00  99999.00  99999.00  99999.00   -616.28   -196.76  99999.00  99999.00       0       0      82      50
24944  09  00     5  99999.00  99999.00  99999.00  99999.00  99999.00  99999.00  99999.00  99999.00       0       0      25       5
24944  09  00     3  99999.00  99999.00  99999.00  99999.00  99999.00  99999.00  99999.00  99999.00       0       0       5       0
24944  09  00     2  99999.00  99999.00  99999.00  99999.00  99999.00  99999.00  99999.00  99999.00       0       0       1       0
24944  09  00     1  99999.00  99999.00  99999.00  99999.00  99999.00  99999.00  99999.00  99999.00       0       0       0       0
24944  10  00  9999    949.90   1052.86  99999.00  99999.00   -448.53    339.15    -91.43    156.85     824       0     824     823
24944  10  00  1000  99999.00  99999.00    -60.97    443.27   -462.07    321.77   -491.43    284.49       0     495     495     476
24944  10  00   925  99999.00  99999.00    379.72   1133.92   -439.45    311.27   -462.64    259.16       0     543     552     533
24944  10  00   900  99999.00  99999.00  99999.00  99999.00  99999.00  99999.00  99999.00  99999.00       0       0      16      15
24944  10  00   850  99999.00  99999.00   1042.68   1783.92   -462.84    267.48   -493.47    225.69       0     862     863     828
24944  10  00   800  99999.00  99999.00  99999.00  99999.00  99999.00  99999.00  99999.00  99999.00       0       0       8       8
24944  10  00   700  99999.00  99999.00   2446.41   3338.61   -506.79    176.97   -599.46    168.42       0     863     864     833
24944  10  00   600  99999.00  99999.00  99999.00  99999.00  99999.00  99999.00  99999.00  99999.00       0       0       3       3
24944  10  00   500  99999.00  99999.00   4666.04   6034.52  -2102.29   1467.71   -706.94    -10.58       0     858     860     845
24944  10  00   400  99999.00  99999.00   6044.25   7753.29   -701.74   -123.58   -766.09   -153.01       0     855     857     760
24944  10  00   300  99999.00  99999.00   7762.54   9828.58   -731.99   -332.87   -800.36   -366.56       0     849     849     669
24944  10  00   250  99999.00  99999.00   8923.05  11000.73   -809.61   -315.21   -873.03   -357.51       0     839     842     658
24944  10  00   200  99999.00  99999.00  10423.27  12345.31   -816.51   -269.79   -858.85   -344.65       0     822     824     640
24944  10  00   150  99999.00  99999.00  12352.11  14119.11   -719.92   -341.68   -834.43   -378.31       0     811     811     630
24944  10  00   100  99999.00  99999.00  14985.37  16713.25   -689.36   -378.08   -854.48   -395.96       0     767     780     609
24944  10  00    80  99999.00  99999.00  99999.00  99999.00  99999.00  99999.00  99999.00  99999.00       0       0      12      12
24944  10  00    70  99999.00  99999.00  17239.12  19041.40   -695.22   -386.10   -883.47   -400.47       0     738     739     574
24944  10  00    60  99999.00  99999.00  99999.00  99999.00  99999.00  99999.00  99999.00  99999.00       0       0      28      22
24944  10  00    50  99999.00  99999.00  19333.60  21263.08   -719.16   -369.84   -905.75   -396.59       0     685     684     534
24944  10  00    40  99999.00  99999.00  99999.00  99999.00  99999.00  99999.00  99999.00  99999.00       0       0      40      33
24944  10  00    30  99999.00  99999.00  22479.56  24665.24  -3843.87   2714.61   -940.46   -359.06       0     599     602     463
24944  10  00    20  99999.00  99999.00  24948.52  27444.52  -2728.17   1673.55   -976.33   -309.49       0     532     530     409
24944  10  00    15  99999.00  99999.00  99999.00  99999.00  -9364.65   7939.35  -1008.27   -270.03       0       0      86      65
24944  10  00    10  99999.00  99999.00  29210.01  32322.33   -769.44   -144.96  -1000.35   -232.95       0     253     306     202
24944  10  00     7  99999.00  99999.00  99999.00  99999.00  99999.00  99999.00  99999.00  99999.00       0       0      56      31
24944  10  00     5  99999.00  99999.00  99999.00  99999.00  99999.00  99999.00  99999.00  99999.00       0       0      29       7
24944  10  00     3  99999.00  99999.00  99999.00  99999.00  99999.00  99999.00  99999.00  99999.00       0       0      10       1
24944  10  00     2  99999.00  99999.00  99999.00  99999.00  99999.00  99999.00  99999.00  99999.00       0       0       7       0
24944  10  00     1  99999.00  99999.00  99999.00  99999.00  99999.00  99999.00  99999.00  99999.00       0       0       3       0
24944  11  00  9999    943.68   1064.64  99999.00  99999.00   -817.20    384.96    -55.52    119.44     834       0     833     833
24944  11  00  1000  99999.00  99999.00    -80.60    491.08   -752.95    276.17   -810.03    263.97       0     590     586     573
24944  11  00   925  99999.00  99999.00    344.39   1136.63   -645.78    285.30   -701.07    273.21       0     589     598     573
24944  11  00   900  99999.00  99999.00  99999.00  99999.00  99999.00  99999.00  99999.00  99999.00       0       0      14      14
24944  11  00   850  99999.00  99999.00    994.97   1752.65   -579.57    208.11   -629.71    192.77       0     891     889     870
24944  11  00   800  99999.00  99999.00  99999.00  99999.00  99999.00  99999.00  99999.00  99999.00       0       0       9       8
24944  11  00   700  99999.00  99999.00   2369.49   3244.89   -560.00     87.28   -632.09     76.63       0     890     888     877
24944  11  00   600  99999.00  99999.00  99999.00  99999.00  99999.00  99999.00  99999.00  99999.00       0       0      10      10
24944  11  00   500  99999.00  99999.00   4552.52   5849.60   -682.96    -58.84   -732.93    -90.33       0     891     891     833
24944  11  00   400  99999.00  99999.00   5907.55   7512.43   -738.17   -199.49   -798.90   -221.46       0     884     883     723
24944  11  00   300  99999.00  99999.00   7637.12   9500.84   -763.11   -377.91   -830.95   -396.91       0     876     880     706
24944  11  00   250  99999.00  99999.00   8786.89  10645.69   -844.91   -326.27   -918.92   -341.84       0     873     875     699
24944  11  00   200  99999.00  99999.00  10244.93  11997.41   -836.79   -298.11   -901.21   -334.69       0     865     867     687
24944  11  00   150  99999.00  99999.00  12075.83  13816.43   -783.88   -339.16   -872.12   -377.96       0     843     845     671
24944  11  00   100  99999.00  99999.00  14555.87  16486.07   -809.57   -332.93   -906.88   -388.84       0     793     793     629
24944  11  00    80  99999.00  99999.00  99999.00  99999.00  99999.00  99999.00  99999.00  99999.00       0       0      11       9
24944  11  00    70  99999.00  99999.00  16600.80  18939.84  -3595.44   2377.68   -951.53   -383.81       0     715     721     571
24944  11  00    60  99999.00  99999.00  99999.00  99999.00  99999.00  99999.00  99999.00  99999.00       0       0      18      12
24944  11  00    50  99999.00  99999.00  18573.38  21202.70  -2848.70   1647.70   -987.24   -368.40       0     638     644     501
24944  11  00    40  99999.00  99999.00  99999.00  99999.00  99999.00  99999.00  99999.00  99999.00       0       0      33      26
24944  11  00    30  99999.00  99999.00  21493.58  24732.14   -962.95   -181.87  -1055.16   -296.16       0     524     528     418
24944  11  00    20  99999.00  99999.00  15207.91  36012.91   -985.30   -124.90  -1077.33   -262.29       0     439     449     352
24944  11  00    15  99999.00  99999.00  99999.00  99999.00 -15176.58  12880.86  -1109.16   -203.40       0       0      93      81
24944  11  00    10  99999.00  99999.00  11200.14  48551.82   -944.91    -86.55  -1016.48   -298.88       0     169     198     129
24944  11  00     7  99999.00  99999.00  99999.00  99999.00  99999.00  99999.00  99999.00  99999.00       0       0      46      24
24944  11  00     5  99999.00  99999.00  99999.00  99999.00  99999.00  99999.00  99999.00  99999.00       0       0      18       4
24944  11  00     3  99999.00  99999.00  99999.00  99999.00  99999.00  99999.00  99999.00  99999.00       0       0       5       1
24944  11  00     2  99999.00  99999.00  99999.00  99999.00  99999.00  99999.00  99999.00  99999.00       0       0       3       0
24944  11  00     1  99999.00  99999.00  99999.00  99999.00  99999.00  99999.00  99999.00  99999.00       0       0       1       0
24944  12  00  9999    944.39   1072.55  99999.00  99999.00   -941.33    318.91    -52.75    123.05     874       0     873     872
24944  12  00  1000  99999.00  99999.00    -89.19    538.05   -859.71    227.49   -938.52    233.16       0     714     713     688
24944  12  00   925  99999.00  99999.00    344.57   1181.45  -2393.29   1889.03   -768.75    218.01       0     598     614     598
24944  12  00   900  99999.00  99999.00  99999.00  99999.00  99999.00  99999.00  99999.00  99999.00       0       0      15      15
24944  12  00   850  99999.00  99999.00   -918.19   3647.69  -1987.55   1520.41   -677.08    157.04       0     926     925     892
24944  12  00   800  99999.00  99999.00  99999.00  99999.00  99999.00  99999.00  99999.00  99999.00       0       0      13      13
24944  12  00   700  99999.00  99999.00   2278.74   3307.62   -593.09     69.79   -657.39     51.93       0     930     930     914
24944  12  00   600  99999.00  99999.00  99999.00  99999.00  99999.00  99999.00  99999.00  99999.00       0       0      10      10
24944  12  00   500  99999.00  99999.00   4422.62   5903.42   -688.05    -99.93   -735.82   -130.18       0     930     929     849
24944  12  00   400  99999.00  99999.00   5777.38   7540.42   -732.40   -248.68   -785.25   -280.29       0     923     920     719
24944  12  00   300  99999.00  99999.00   7515.19   9486.67   -754.22   -426.14   -823.89   -441.69       0     921     918     703
24944  12  00   250  99999.00  99999.00   8656.39  10614.79   -838.71   -381.39   -914.41   -390.85       0     904     903     688
24944  12  00   200  99999.00  99999.00  10124.45  11917.37   -877.47   -318.87   -934.77   -351.81       0     881     878     668
24944  12  00   150  99999.00  99999.00  11947.71  13695.63   -848.49   -332.49   -899.46   -389.58       0     860     860     649
24944  12  00   100  99999.00  99999.00  14366.90  16359.26   -908.09   -286.13   -947.48   -371.96       0     790     790     597
24944  12  00    80  99999.00  99999.00  99999.00  99999.00  99999.00  99999.00  99999.00  99999.00       0       0      14      10
24944  12  00    70  99999.00  99999.00  16360.90  18828.94  -2784.07   1556.81  -1022.36   -315.80       0     695     698     530
24944  12  00    60  99999.00  99999.00  99999.00  99999.00  99999.00  99999.00  99999.00  99999.00       0       0      21      17
24944  12  00    50  99999.00  99999.00  18222.21  21204.81  -1053.60   -126.00  -1080.67   -247.75       0     582     588     442
24944  12  00    40  99999.00  99999.00  99999.00  99999.00  99999.00  99999.00  99999.00  99999.00       0       0      42      31
24944  12  00    30  99999.00  99999.00  20792.37  25132.65  -1122.70      8.18  -1128.03   -161.19       0     422     426     308
24944  12  00    20  99999.00  99999.00  22904.88  28216.08  -1160.95    112.01  -1149.98    -96.02       0     310     319     219
24944  12  00    15  99999.00  99999.00  99999.00  99999.00 -12740.65  10950.23  99999.00  99999.00       0       0      68      50
24944  12  00    10  99999.00  99999.00  26710.65  33409.17  -5633.34   4552.86  -1223.64     20.76       0     109     129      73
24944  12  00     7  99999.00  99999.00  99999.00  99999.00  99999.00  99999.00  99999.00  99999.00       0       0      26       9
24944  12  00     5  99999.00  99999.00  99999.00  99999.00  99999.00  99999.00  99999.00  99999.00       0       0       9       1
24944  12  00     3  99999.00  99999.00  99999.00  99999.00  99999.00  99999.00  99999.00  99999.00       0       0       1       0
24944  12  00     2  99999.00  99999.00  99999.00  99999.00  99999.00  99999.00  99999.00  99999.00       0       0       0       0
24944  12  00     1  99999.00  99999.00  99999.00  99999.00  99999.00  99999.00  99999.00  99999.00       0       0       0       0
