32618  01  00  9999    913.60   1084.60  99999.00  99999.00   -228.59    160.81    -73.98    132.06     473       0     472     472
32618  01  00  1000  99999.00  99999.00   -287.90    466.06   -227.23    150.89   -314.45    172.87       0     273     275     272
32618  01  00   925  99999.00  99999.00    -11.38   1252.82   -308.98    157.10   -378.73    178.55       0     188     199     193
32618  01  00   900  99999.00  99999.00  99999.00  99999.00  99999.00  99999.00  99999.00  99999.00       0       0      21      21
32618  01  00   850  99999.00  99999.00    621.98   1929.14   -382.56    132.36   -444.04    139.52       0     444     461     455
32618  01  00   800  99999.00  99999.00  99999.00  99999.00   -424.56    127.92  99999.00  99999.00       0       0      62      60
32618  01  00   700  99999.00  99999.00   2061.72   3411.12   -484.96     71.84   -629.84     96.04       0     441     465     457
32618  01  00   600  99999.00  99999.00  99999.00  99999.00  99999.00  99999.00  99999.00  99999.00       0       0      48      47
32618  01  00   500  99999.00  99999.00   4316.17   5984.05   -662.20    -56.92   -778.42    -62.38       0     436     455     436
32618  01  00   400  99999.00  99999.00   5696.51   7634.27   -743.24   -170.84   -841.58   -182.78       0     438     453     408
32618  01  00   300  99999.00  99999.00   7472.56   9614.32   -790.49   -297.89   -859.60   -339.40       0     436     456     407
32618  01  00   250  99999.00  99999.00   8650.10  10769.90   -864.02   -231.98   -907.31   -308.15       0     436     461     411
32618  01  00   200  99999.00  99999.00  10138.49  12152.81   -822.31   -214.39   -911.24   -264.44       0     432     451     401
32618  01  00   150  99999.00  99999.00  12027.19  14020.15   -755.54   -225.38   -832.28   -312.32       0     422     434     386
32618  01  00   100  99999.00  99999.00  14630.36  16766.12   -730.50   -212.94   -833.93   -301.61       0     409     418     374
32618  01  00    80  99999.00  99999.00  99999.00  99999.00  99999.00  99999.00  99999.00  99999.00       0       0       7       5
32618  01  00    70  99999.00  99999.00  16862.75  19227.47   -732.85   -194.53   -861.30   -268.98       0     477     478     434
32618  01  00    60  99999.00  99999.00  99999.00  99999.00  99999.00  99999.00  99999.00  99999.00       0       0      18      17
32618  01  00    50  99999.00  99999.00  18985.88  21584.12   -745.72   -172.72   -883.50   -256.86       0     450     450     409
32618  01  00    40  99999.00  99999.00  99999.00  99999.00  99999.00  99999.00  99999.00  99999.00       0       0      24      24
32618  01  00    30  99999.00  99999.00  22131.24  25238.52   -777.08   -131.12   -895.14   -262.98       0     406     406     367
32618  01  00    20  99999.00  99999.00  24573.83  28198.55   -831.15    -55.71   -942.81   -215.13       0     341     346     311
32618  01  00    15  99999.00  99999.00  99999.00  99999.00  99999.00  99999.00  99999.00  99999.00       0       0      56      51
32618  01  00    10  99999.00  99999.00  28894.25  33202.73   -891.72     58.20   -999.59   -145.67       0     146     178     156
32618  01  00     7  99999.00  99999.00  99999.00  99999.00  99999.00  99999.00  99999.00  99999.00       0       0      36      33
32618  01  00     5  99999.00  99999.00  99999.00  99999.00  99999.00  99999.00  99999.00  99999.00       0       0      14      14
32618  01  00     3  99999.00  99999.00  99999.00  99999.00  99999.00  99999.00  99999.00  99999.00       0       0       3       3
32618  01  00     2  99999.00  99999.00  99999.00  99999.00  99999.00  99999.00  99999.00  99999.00       0       0       1       1
32618  01  00     1  99999.00  99999.00  99999.00  99999.00  99999.00  99999.00  99999.00  99999.00       0       0       1       1
32618  02  00  9999    921.55   1085.23  99999.00  99999.00   -222.66    164.46    -65.73    116.31     394       0     394     393
32618  02  00  1000  99999.00  99999.00   -284.50    494.06   -242.50    171.62   -347.37    216.75       0     258     260     257
32618  02  00   925  99999.00  99999.00    -41.35   1330.01  -4183.14   3948.30   -354.05    174.43       0     151     170     166
32618  02  00   900  99999.00  99999.00  99999.00  99999.00  99999.00  99999.00  99999.00  99999.00       0       0      21      21
32618  02  00   850  99999.00  99999.00  -4893.07   7312.97  -2819.30   2538.94   -460.17    173.43       0     372     390     389
32618  02  00   800  99999.00  99999.00  99999.00  99999.00   -475.50    186.42   -519.96    154.20       0       0      67      67
32618  02  00   700  99999.00  99999.00   2102.69   3426.05   -524.87    135.37   -647.72    143.92       0     370     391     389
32618  02  00   600  99999.00  99999.00  99999.00  99999.00  99999.00  99999.00  99999.00  99999.00       0       0      49      49
32618  02  00   500  99999.00  99999.00   4325.66   6056.30   -714.48     24.00   -806.16      1.92       0     367     378     370
32618  02  00   400  99999.00  99999.00   5689.39   7743.79   -776.34   -111.42   -857.47   -133.03       0     367     380     360
32618  02  00   300  99999.00  99999.00   7414.73   9789.77   -838.70   -235.82   -872.18   -310.82       0     362     376     354
32618  02  00   250  99999.00  99999.00   8561.57  10972.25   -935.91   -163.23   -942.17   -275.33       0     362     376     354
32618  02  00   200  99999.00  99999.00  10018.64  12383.84  -3154.35   2066.97   -898.30   -277.06       0     363     377     356
32618  02  00   150  99999.00  99999.00  11869.23  14282.43  -4753.31   3664.33   -848.99   -293.15       0     360     368     349
32618  02  00   100  99999.00  99999.00  14445.02  17048.06  -5525.34   4422.30   -884.93   -253.13       0     358     366     348
32618  02  00    80  99999.00  99999.00  99999.00  99999.00  99999.00  99999.00  99999.00  99999.00       0       0       6       6
32618  02  00    70  99999.00  99999.00  16836.12  19375.08  -3297.06   2313.54   -915.67   -226.75       0     420     420     402
32618  02  00    60  99999.00  99999.00  99999.00  99999.00  99999.00  99999.00  99999.00  99999.00       0       0      15      15
32618  02  00    50  99999.00  99999.00  19059.19  21623.35  -3067.06   2094.50   -918.73   -233.29       0     387     389     371
32618  02  00    40  99999.00  99999.00  99999.00  99999.00  99999.00  99999.00  99999.00  99999.00       0       0      22      22
32618  02  00    30  99999.00  99999.00  22405.55  25059.83   -798.23   -125.99   -929.26   -241.18       0     357     357     342
32618  02  00    20  99999.00  99999.00  13493.26  39126.82   -850.44    -50.40   -948.00   -223.92       0     295     305     290
32618  02  00    15  99999.00  99999.00  99999.00  99999.00  99999.00  99999.00  99999.00  99999.00       0       0      59      58
32618  02  00    10  99999.00  99999.00  28964.13  33268.41   -878.37     23.91   -961.14   -211.98       0     134     154     149
32618  02  00     7  99999.00  99999.00  99999.00  99999.00  99999.00  99999.00  99999.00  99999.00       0       0      30      28
32618  02  00     5  99999.00  99999.00  99999.00  99999.00  99999.00  99999.00  99999.00  99999.00       0       0      17      16
32618  02  00     3  99999.00  99999.00  99999.00  99999.00  99999.00  99999.00  99999.00  99999.00       0       0       4       3
32618  02  00     2  99999.00  99999.00  99999.00  99999.00  99999.00  99999.00  99999.00  99999.00       0       0       0       0
32618  02  00     1  99999.00  99999.00  99999.00  99999.00  99999.00  99999.00  99999.00  99999.00       0       0       0       0
32618  03  00  9999    928.86   1080.66  99999.00  99999.00   -190.31    142.45    -72.17    129.07     460       0     460     459
32618  03  00  1000  99999.00  99999.00   -285.43    491.45   -207.79    138.65   -288.20    153.88       0     328     330     323
32618  03  00   925  99999.00  99999.00    148.41   1204.29  -3846.84   3604.44   -356.05    151.91       0     174     202     200
32618  03  00   900  99999.00  99999.00  99999.00  99999.00  99999.00  99999.00  99999.00  99999.00       0       0      29      29
32618  03  00   850  99999.00  99999.00    732.21   1888.29   -346.54    109.82   -434.32    141.20       0     424     439     434
32618  03  00   800  99999.00  99999.00  99999.00  99999.00   -406.04    117.16   -486.85    119.99       0       0      61      61
32618  03  00   700  99999.00  99999.00   2179.70   3375.74   -456.21     71.79   -611.49    110.31       0     422     443     442
32618  03  00   600  99999.00  99999.00  99999.00  99999.00  99999.00  99999.00  99999.00  99999.00       0       0      52      52
32618  03  00   500  99999.00  99999.00   4461.64   5950.48   -657.16    -22.60   -771.51    -30.75       0     421     432     430
32618  03  00   400  99999.00  99999.00   5852.77   7623.25   -749.17   -122.65   -826.42   -152.62       0     422     437     416
32618  03  00   300  99999.00  99999.00   7595.33   9654.41   -794.59   -275.83   -847.41   -329.85       0     421     437     403
32618  03  00   250  99999.00  99999.00   8713.06  10877.26   -865.47   -231.63   -916.32   -292.92       0     419     440     405
32618  03  00   200  99999.00  99999.00  10218.72  12233.04  -2997.52   1908.32   -905.94   -271.62       0     418     426     395
32618  03  00   150  99999.00  99999.00  12078.40  14114.32   -764.57   -239.57   -860.05   -295.45       0     412     421     390
32618  03  00   100  99999.00  99999.00  14685.38  16816.10   -747.85   -230.05   -882.67   -271.75       0     408     413     382
32618  03  00    80  99999.00  99999.00  99999.00  99999.00  99999.00  99999.00  99999.00  99999.00       0       0      12      12
32618  03  00    70  99999.00  99999.00  16967.64  19234.92  -2832.10   1835.18   -871.60   -282.76       0     469     472     439
32618  03  00    60  99999.00  99999.00  99999.00  99999.00  99999.00  99999.00  99999.00  99999.00       0       0      16      14
32618  03  00    50  99999.00  99999.00  19163.27  21492.35  -3221.97   2226.87   -887.99   -272.75       0     439     443     413
32618  03  00    40  99999.00  99999.00  99999.00  99999.00  99999.00  99999.00  99999.00  99999.00       0       0      34      33
32618  03  00    30  99999.00  99999.00  22559.13  24862.89   -729.96   -219.36   -900.29   -277.97       0     386     387     356
32618  03  00    20  99999.00  99999.00  14288.88  38284.32  -3242.74   2259.02   -937.11   -243.51       0     335     342     312
32618  03  00    15  99999.00  99999.00  99999.00  99999.00  -7890.00   6661.80  99999.00  99999.00       0       0      62      55
32618  03  00    10  99999.00  99999.00  29278.03  32639.95   -833.31    -69.63  -1012.54   -166.78       0     158     178     158
32618  03  00     7  99999.00  99999.00  99999.00  99999.00  99999.00  99999.00  99999.00  99999.00       0       0      49      46
32618  03  00     5  99999.00  99999.00  99999.00  99999.00  99999.00  99999.00  99999.00  99999.00       0       0      14      13
32618  03  00     3  99999.00  99999.00  99999.00  99999.00  99999.00  99999.00  99999.00  99999.00       0       0       3       3
32618  03  00     2  99999.00  99999.00  99999.00  99999.00  99999.00  99999.00  99999.00  99999.00       0       0       0       0
32618  03  00     1  99999.00  99999.00  99999.00  99999.00  99999.00  99999.00  99999.00  99999.00       0       0       0       0
32618  04  00  9999    928.70   1089.02  99999.00  99999.00   -109.60    115.76    -77.06    129.46     421       0     421     420
32618  04  00  1000  99999.00  99999.00   -307.68    559.20   -128.26    109.34   -218.87    140.77       0     354     356     350
32618  04  00   925  99999.00  99999.00     91.26   1320.18  -3936.04   3758.60   -319.16    177.40       0     148     191     188
32618  04  00   900  99999.00  99999.00  99999.00  99999.00  99999.00  99999.00  99999.00  99999.00       0       0      51      51
32618  04  00   850  99999.00  99999.00  -2140.30   4804.34  -2729.98   2522.54   -426.64    182.24       0     398     409     404
32618  04  00   800  99999.00  99999.00  99999.00  99999.00  99999.00  99999.00  99999.00  99999.00       0       0      60      60
32618  04  00   700  99999.00  99999.00   2168.42   3531.86   -447.62    155.38   -616.21    188.03       0     398     417     411
32618  04  00   600  99999.00  99999.00  99999.00  99999.00  99999.00  99999.00  99999.00  99999.00       0       0      56      55
32618  04  00   500  99999.00  99999.00   4444.54   6214.30   -616.99     36.53   -746.73     31.95       0     396     406     401
32618  04  00   400  99999.00  99999.00   5847.06   7935.18   -710.77    -74.05   -804.92   -101.24       0     394     407     391
32618  04  00   300  99999.00  99999.00   7607.40  10014.60   -766.08   -248.04   -850.17   -285.21       0     391     409     376
32618  04  00   250  99999.00  99999.00   8766.86  11208.02  -3065.98   1950.62   -909.26   -290.78       0     387     405     368
32618  04  00   200  99999.00  99999.00  10305.53  12542.57   -870.34   -176.98   -942.92   -245.60       0     388     397     365
32618  04  00   150  99999.00  99999.00  12267.70  14322.46   -743.40   -265.92   -872.23   -300.91       0     384     390     356
32618  04  00   100  99999.00  99999.00  14992.37  16878.89   -721.12   -286.48   -893.50   -299.74       0     373     377     345
32618  04  00    80  99999.00  99999.00  99999.00  99999.00  99999.00  99999.00  99999.00  99999.00       0       0       5       5
32618  04  00    70  99999.00  99999.00  17371.49  19139.33   -699.06   -304.86   -899.63   -304.07       0     416     418     386
32618  04  00    60  99999.00  99999.00  99999.00  99999.00  99999.00  99999.00  99999.00  99999.00       0       0      18      18
32618  04  00    50  99999.00  99999.00  19623.65  21287.45   -683.32   -313.24   -897.00   -312.72       0     389     388     353
32618  04  00    40  99999.00  99999.00  99999.00  99999.00  99999.00  99999.00  99999.00  99999.00       0       0      21      21
32618  04  00    30  99999.00  99999.00  22963.99  24625.15   -680.36   -313.76   -901.94   -325.34       0     341     344     315
32618  04  00    20  99999.00  99999.00  25566.78  27340.86   -690.71   -283.91   -911.48   -313.76       0     296     300     271
32618  04  00    15  99999.00  99999.00  99999.00  99999.00  99999.00  99999.00  99999.00  99999.00       0       0      43      36
32618  04  00    10  99999.00  99999.00  29889.09  32120.01   -707.71   -210.43   -903.60   -305.28       0     134     163     142
32618  04  00     7  99999.00  99999.00  99999.00  99999.00  99999.00  99999.00  99999.00  99999.00       0       0      32      27
32618  04  00     5  99999.00  99999.00  99999.00  99999.00  99999.00  99999.00  99999.00  99999.00       0       0      12      12
32618  04  00     3  99999.00  99999.00  99999.00  99999.00  99999.00  99999.00  99999.00  99999.00       0       0       7       7
32618  04  00     2  99999.00  99999.00  99999.00  99999.00  99999.00  99999.00  99999.00  99999.00       0       0       3       3
32618  04  00     1  99999.00  99999.00  99999.00  99999.00  99999.00  99999.00  99999.00  99999.00       0       0       0       0
32618  05  00  9999    955.82   1064.90  99999.00  99999.00    -62.61    123.15    -87.10    137.06     454       0     453     453
32618  05  00  1000  99999.00  99999.00   -217.25    442.39    -91.60    127.88   -159.64    141.68       0     415     417     412
32618  05  00   925  99999.00  99999.00    309.69   1164.33   -238.83    230.25   -268.96    191.48       0     150     217     216
32618  05  00   900  99999.00  99999.00  99999.00  99999.00   -293.76    263.64   -332.73    220.59       0       0      70      69
32618  05  00   850  99999.00  99999.00    934.98   1849.62   -289.48    229.28   -386.72    219.64       0     438     448     445
32618  05  00   800  99999.00  99999.00  99999.00  99999.00  99999.00  99999.00  99999.00  99999.00       0       0      55      55
32618  05  00   700  99999.00  99999.00   2369.89   3455.65   -364.00    170.36   -573.68    225.76       0     436     451     445
32618  05  00   600  99999.00  99999.00  99999.00  99999.00  99999.00  99999.00  99999.00  99999.00       0       0      48      48
32618  05  00   500  99999.00  99999.00   4740.84   6141.84   -500.25     19.35   -684.65     48.91       0     434     449     444
32618  05  00   400  99999.00  99999.00   6201.53   7865.93   -635.48    -60.56   -759.18    -73.86       0     434     444     436
32618  05  00   300  99999.00  99999.00   7997.68   9971.08   -723.81   -233.61   -824.35   -253.15       0     434     439     408
32618  05  00   250  99999.00  99999.00   9167.57  11178.89   -806.88   -234.12   -887.86   -275.14       0     433     440     410
32618  05  00   200  99999.00  99999.00  10697.45  12539.69   -857.49   -170.37   -926.10   -242.34       0     433     439     408
32618  05  00   150  99999.00  99999.00  12664.41  14326.77   -713.18   -282.50   -840.95   -326.51       0     429     433     401
32618  05  00   100  99999.00  99999.00  15385.69  16903.57   -669.50   -341.18   -860.53   -347.41       0     423     426     394
32618  05  00    80  99999.00  99999.00  99999.00  99999.00  99999.00  99999.00  99999.00  99999.00       0       0       3       3
32618  05  00    70  99999.00  99999.00  17735.03  19201.91   -648.28   -362.44   -865.96   -356.20       0     445     445     410
32618  05  00    60  99999.00  99999.00  99999.00  99999.00  99999.00  99999.00  99999.00  99999.00       0       0       3       3
32618  05  00    50  99999.00  99999.00  19932.83  21392.39   -641.92   -358.84   -878.65   -347.77       0     414     417     384
32618  05  00    40  99999.00  99999.00  99999.00  99999.00  99999.00  99999.00  99999.00  99999.00       0       0      27      21
32618  05  00    30  99999.00  99999.00  23227.95  24779.07   -645.01   -334.93   -874.95   -349.83       0     376     377     349
32618  05  00    20  99999.00  99999.00  25821.91  27531.79   -632.63   -298.79   -880.46   -320.78       0     324     328     301
32618  05  00    15  99999.00  99999.00  99999.00  99999.00  99999.00  99999.00  99999.00  99999.00       0       0      38      38
32618  05  00    10  99999.00  99999.00  30198.38  32447.78   -640.00   -167.44   -868.59   -274.11       0     159     194     178
32618  05  00     7  99999.00  99999.00  99999.00  99999.00  99999.00  99999.00  99999.00  99999.00       0       0      38      37
32618  05  00     5  99999.00  99999.00  99999.00  99999.00  99999.00  99999.00  99999.00  99999.00       0       0      22      21
32618  05  00     3  99999.00  99999.00  99999.00  99999.00  99999.00  99999.00  99999.00  99999.00       0       0       8       7
32618  05  00     2  99999.00  99999.00  99999.00  99999.00  99999.00  99999.00  99999.00  99999.00       0       0       1       1
32618  05  00     1  99999.00  99999.00  99999.00  99999.00  99999.00  99999.00  99999.00  99999.00       0       0       1       1
32618  06  00  9999    969.29   1051.49  99999.00  99999.00    -45.89    170.71    -64.86    101.94     446       0     444     444
32618  06  00  1000  99999.00  99999.00   -172.76    380.44    -75.44    179.80    -91.05    154.83       0     437     436     433
32618  06  00   925  99999.00  99999.00    368.18   1097.78   -204.48    293.64   -181.45    195.95       0     144     220     219
32618  06  00   900  99999.00  99999.00  99999.00  99999.00   -216.77    295.51   -256.81    236.15       0       0      75      75
32618  06  00   850  99999.00  99999.00   1058.95   1779.67   -226.83    286.89   -310.21    255.71       0     425     437     435
32618  06  00   800  99999.00  99999.00  99999.00  99999.00  99999.00  99999.00  99999.00  99999.00       0       0      60      60
32618  06  00   700  99999.00  99999.00   2533.38   3410.70   -274.12    186.44   -476.60    248.56       0     424     434     429
32618  06  00   600  99999.00  99999.00  99999.00  99999.00  99999.00  99999.00  99999.00  99999.00       0       0      59      59
32618  06  00   500  99999.00  99999.00   4966.53   6131.49   -433.13     42.67   -642.70     86.42       0     423     435     429
32618  06  00   400  99999.00  99999.00   6473.59   7869.19   -560.41    -55.33   -712.70    -51.86       0     425     432     424
32618  06  00   300  99999.00  99999.00   8308.03   9998.47   -679.53   -219.21   -781.49   -247.37       0     422     430     395
32618  06  00   250  99999.00  99999.00   9470.96  11240.96   -779.58   -233.58   -866.43   -277.35       0     421     430     393
32618  06  00   200  99999.00  99999.00  11051.78  12555.74   -867.35   -146.27   -907.98   -251.58       0     418     432     394
32618  06  00   150  99999.00  99999.00  13055.74  14315.86   -698.16   -285.96   -833.57   -329.69       0     417     426     390
32618  06  00   100  99999.00  99999.00  15771.22  16904.26   -655.42   -345.46   -854.27   -351.83       0     403     407     371
32618  06  00    80  99999.00  99999.00  99999.00  99999.00  99999.00  99999.00  99999.00  99999.00       0       0       9       8
32618  06  00    70  99999.00  99999.00  18099.85  19235.89   -623.05   -365.17   -859.28   -344.72       0     422     424     392
32618  06  00    60  99999.00  99999.00  99999.00  99999.00  99999.00  99999.00  99999.00  99999.00       0       0       6       6
32618  06  00    50  99999.00  99999.00  20277.28  21483.28  -3025.88   2014.72   -864.96   -337.20       0     400     401     371
32618  06  00    40  99999.00  99999.00  99999.00  99999.00  99999.00  99999.00  99999.00  99999.00       0       0      21      20
32618  06  00    30  99999.00  99999.00  23579.99  24941.03   -585.10   -339.70   -868.66   -317.74       0     352     359     329
32618  06  00    20  99999.00  99999.00  14230.74  39480.30   -594.72   -259.08   -869.51   -278.51       0     310     315     284
32618  06  00    15  99999.00  99999.00  99999.00  99999.00  99999.00  99999.00  99999.00  99999.00       0       0      38      37
32618  06  00    10  99999.00  99999.00  30733.61  32688.05   -575.38   -129.22   -876.98   -196.94       0     145     178     172
32618  06  00     7  99999.00  99999.00  99999.00  99999.00  99999.00  99999.00  99999.00  99999.00       0       0      44      41
32618  06  00     5  99999.00  99999.00  99999.00  99999.00  99999.00  99999.00  99999.00  99999.00       0       0       9       8
32618  06  00     3  99999.00  99999.00  99999.00  99999.00  99999.00  99999.00  99999.00  99999.00       0       0       0       0
32618  06  00     2  99999.00  99999.00  99999.00  99999.00  99999.00  99999.00  99999.00  99999.00       0       0       0       0
32618  06  00     1  99999.00  99999.00  99999.00  99999.00  99999.00  99999.00  99999.00  99999.00       0       0       0       0
32618  07  00  9999    972.51   1049.31  99999.00  99999.00    -18.09    206.07    -50.23     79.49     453       0     451     451
32618  07  00  1000  99999.00  99999.00   -166.79    377.41    -47.11    217.25    -48.20    184.48       0     467     468     464
32618  07  00   925  99999.00  99999.00    390.05   1122.53   -163.28    335.56   -150.18    246.54       0     136     210     205
32618  07  00   900  99999.00  99999.00  99999.00  99999.00   -112.32    280.80   -187.82    275.26       0       0      67      67
32618  07  00   850  99999.00  99999.00   1088.32   1801.84  -2478.57   2583.27   -244.10    274.54       0     439     455     453
32618  07  00   800  99999.00  99999.00  99999.00  99999.00   -179.97    260.43   -286.04    284.44       0       0      66      66
32618  07  00   700  99999.00  99999.00   2593.66   3451.42   -222.12    214.08   -398.36    255.88       0     437     453     450
32618  07  00   600  99999.00  99999.00  99999.00  99999.00   -301.93    155.15   -510.99    210.57       0       0      76      75
32618  07  00   500  99999.00  99999.00   5048.20   6242.56   -400.80    101.16   -613.83    135.81       0     430     451     446
32618  07  00   400  99999.00  99999.00   6573.15   8020.11   -532.89     10.23   -698.55     13.29       0     433     445     441
32618  07  00   300  99999.00  99999.00   8391.22  10243.42   -686.01   -132.09   -767.53   -181.81       0     429     436     413
32618  07  00   250  99999.00  99999.00   9523.33  11546.77   -731.01   -239.49   -789.29   -306.05       0     428     438     406
32618  07  00   200  99999.00  99999.00  10987.47  12992.43   -828.78   -197.22   -878.41   -281.05       0     428     443     409
32618  07  00   150  99999.00  99999.00  13019.74  14703.82   -740.83   -260.71   -837.21   -325.89       0     422     429     397
32618  07  00   100  99999.00  99999.00  15865.37  17134.01   -708.25   -307.93   -851.96   -350.24       0     417     421     390
32618  07  00    80  99999.00  99999.00  99999.00  99999.00  99999.00  99999.00  99999.00  99999.00       0       0      10      10
32618  07  00    70  99999.00  99999.00  18253.92  19394.04   -660.47   -338.39   -836.45   -362.57       0     445     449     417
32618  07  00    60  99999.00  99999.00  99999.00  99999.00  99999.00  99999.00  99999.00  99999.00       0       0       3       3
32618  07  00    50  99999.00  99999.00  20464.20  21595.56   -621.23   -350.87   -836.15   -355.31       0     413     418     387
32618  07  00    40  99999.00  99999.00  99999.00  99999.00  99999.00  99999.00  99999.00  99999.00       0       0      20      20
32618  07  00    30  99999.00  99999.00  23784.08  25033.28   -590.53   -326.29   -806.91   -358.35       0     379     378     349
32618  07  00    20  99999.00  99999.00  26443.26  27812.46   -583.63   -251.11   -798.17   -323.93       0     318     334     305
32618  07  00    15  99999.00  99999.00  99999.00  99999.00  99999.00  99999.00  99999.00  99999.00       0       0      36      34
32618  07  00    10  99999.00  99999.00  30979.15  32765.11  -4864.58   4050.82   -767.72   -293.48       0     150     169     163
32618  07  00     7  99999.00  99999.00  99999.00  99999.00  99999.00  99999.00  99999.00  99999.00       0       0      34      33
32618  07  00     5  99999.00  99999.00  99999.00  99999.00  99999.00  99999.00  99999.00  99999.00       0       0      26      25
32618  07  00     3  99999.00  99999.00  99999.00  99999.00  99999.00  99999.00  99999.00  99999.00       0       0       4       3
32618  07  00     2  99999.00  99999.00  99999.00  99999.00  99999.00  99999.00  99999.00  99999.00       0       0       0       0
32618  07  00     1  99999.00  99999.00  99999.00  99999.00  99999.00  99999.00  99999.00  99999.00       0       0       0       0
32618  08  00  9999    961.63   1055.95  99999.00  99999.00     11.65    214.93    -72.04    111.80     478       0     477     477
32618  08  00  1000  99999.00  99999.00   -178.88    376.72     -9.47    217.57    -91.16    253.84       0     441     441     440
32618  08  00   925  99999.00  99999.00    407.05   1064.29   -128.30    300.70   -170.14    268.10       0     150     230     229
32618  08  00   900  99999.00  99999.00  99999.00  99999.00   -141.04    301.76   -242.91    320.85       0       0      67      67
32618  08  00   850  99999.00  99999.00   1008.51   1841.07   -164.16    286.92   -281.67    303.21       0     445     466     462
32618  08  00   800  99999.00  99999.00  99999.00  99999.00   -250.51    326.81   -392.79    376.53       0       0      68      67
32618  08  00   700  99999.00  99999.00   2533.84   3459.04   -243.00    225.48   -491.23    317.81       0     445     465     461
32618  08  00   600  99999.00  99999.00  99999.00  99999.00   -336.14    192.94   -589.94    269.86       0       0      73      73
32618  08  00   500  99999.00  99999.00   4981.77   6241.77   -418.30    106.94   -687.20    182.20       0     441     450     446
32618  08  00   400  99999.00  99999.00   6519.61   8004.49   -548.62     21.62   -760.04     62.32       0     439     450     447
32618  08  00   300  99999.00  99999.00   8346.05  10216.97   -689.53   -119.53   -839.61   -108.09       0     438     448     429
32618  08  00   250  99999.00  99999.00   9471.91  11538.07   -742.50   -205.02   -850.81   -232.33       0     427     443     410
32618  08  00   200  99999.00  99999.00  10947.21  12987.33   -813.39   -180.51   -877.17   -266.73       0     422     440     408
32618  08  00   150  99999.00  99999.00  12951.83  14744.87   -749.07   -255.03   -858.33   -318.09       0     419     425     388
32618  08  00   100  99999.00  99999.00  15725.76  17248.80   -720.45   -314.73   -895.03   -332.47       0     405     419     387
32618  08  00    80  99999.00  99999.00  99999.00  99999.00  99999.00  99999.00  99999.00  99999.00       0       0      10       9
32618  08  00    70  99999.00  99999.00  18104.18  19494.98   -665.23   -356.23   -887.77   -337.21       0     451     452     420
32618  08  00    60  99999.00  99999.00  99999.00  99999.00  99999.00  99999.00  99999.00  99999.00       0       0       5       4
32618  08  00    50  99999.00  99999.00  20305.02  21685.02   -635.44   -362.08   -895.11   -320.67       0     414     419     388
32618  08  00    40  99999.00  99999.00  99999.00  99999.00  99999.00  99999.00  99999.00  99999.00       0       0      18      18
32618  08  00    30  99999.00  99999.00  23563.06  25146.58   -621.59   -323.15   -906.41   -284.45       0     365     370     340
32618  08  00    20  99999.00  99999.00  26153.92  27963.40   -618.67   -257.23   -915.95   -235.55       0     322     329     300
32618  08  00    15  99999.00  99999.00  99999.00  99999.00  99999.00  99999.00  99999.00  99999.00       0       0      30      29
32618  08  00    10  99999.00  99999.00  30823.09  32683.81   -603.51   -162.63   -932.23   -178.87       0     145     169     161
32618  08  00     7  99999.00  99999.00  99999.00  99999.00  99999.00  99999.00  99999.00  99999.00       0       0      33      31
32618  08  00     5  99999.00  99999.00  99999.00  99999.00  99999.00  99999.00  99999.00  99999.00       0       0      11      10
32618  08  00     3  99999.00  99999.00  99999.00  99999.00  99999.00  99999.00  99999.00  99999.00       0       0       3       3
32618  08  00     2  99999.00  99999.00  99999.00  99999.00  99999.00  99999.00  99999.00  99999.00       0       0       0       0
32618  08  00     1  99999.00  99999.00  99999.00  99999.00  99999.00  99999.00  99999.00  99999.00       0       0       0       0
32618  09  00  9999    956.48   1064.12  99999.00  99999.00     -2.66    203.38    -81.88    143.00     436       0     436     436
32618  09  00  1000  99999.00  99999.00   -188.40    418.20    -24.51    202.65   -117.39    229.29       0     391     391     386
32618  09  00   925  99999.00  99999.00    343.98   1134.30   -148.90    252.14   -207.64    240.08       0     120     167     165
32618  09  00   900  99999.00  99999.00  99999.00  99999.00  99999.00  99999.00  99999.00  99999.00       0       0      50      50
32618  09  00   850  99999.00  99999.00    985.43   1864.79   -215.75    232.81   -290.98    230.42       0     392     407     405
32618  09  00   800  99999.00  99999.00  99999.00  99999.00   -228.40    226.52   -428.03    318.85       0       0      64      64
32618  09  00   700  99999.00  99999.00   2484.89   3448.25   -325.72    201.56   -540.16    260.36       0     391     408     405
32618  09  00   600  99999.00  99999.00  99999.00  99999.00   -324.57     80.07   -635.04    222.00       0       0      61      61
32618  09  00   500  99999.00  99999.00   4888.26   6165.66   -486.40     60.08   -713.44    110.24       0     388     409     407
32618  09  00   400  99999.00  99999.00   6364.94   7911.26   -622.97    -22.61   -794.47     -7.99       0     389     396     394
32618  09  00   300  99999.00  99999.00   8146.27  10072.99   -758.28   -153.36   -870.09   -177.45       0     383     393     363
32618  09  00   250  99999.00  99999.00   9267.64  11354.08   -811.80   -202.92   -891.94   -258.34       0     384     400     368
32618  09  00   200  99999.00  99999.00  10745.59  12777.91   -802.60   -211.12   -890.70   -271.38       0     382     402     366
32618  09  00   150  99999.00  99999.00  12725.19  14545.83   -723.79   -288.19   -873.21   -313.29       0     379     385     348
32618  09  00   100  99999.00  99999.00  15466.79  17076.71   -699.76   -326.56   -911.55   -307.35       0     361     369     338
32618  09  00    80  99999.00  99999.00  99999.00  99999.00  99999.00  99999.00  99999.00  99999.00       0       0       4       4
32618  09  00    70  99999.00  99999.00  17864.09  19311.65   -677.17   -349.33   -922.22   -303.98       0     395     396     365
32618  09  00    60  99999.00  99999.00  99999.00  99999.00  99999.00  99999.00  99999.00  99999.00       0       0       5       5
32618  09  00    50  99999.00  99999.00  20057.12  21491.96   -665.37   -356.49   -934.74   -298.98       0     363     367     337
32618  09  00    40  99999.00  99999.00  99999.00  99999.00  99999.00  99999.00  99999.00  99999.00       0       0      38      38
32618  09  00    30  99999.00  99999.00  23330.99  24888.95   -647.34   -346.14   -943.36   -281.08       0     311     318     290
32618  09  00    20  99999.00  99999.00  25916.01  27627.09   -653.57   -292.61   -954.70   -241.78       0     264     272     246
32618  09  00    15  99999.00  99999.00  99999.00  99999.00  99999.00  99999.00  99999.00  99999.00       0       0      37      37
32618  09  00    10  99999.00  99999.00  30173.63  32532.71   -647.39   -228.23   -947.63   -225.83       0     120     149     126
32618  09  00     7  99999.00  99999.00  99999.00  99999.00  99999.00  99999.00  99999.00  99999.00       0       0      28      25
32618  09  00     5  99999.00  99999.00  99999.00  99999.00  99999.00  99999.00  99999.00  99999.00       0       0      18      18
32618  09  00     3  99999.00  99999.00  99999.00  99999.00  99999.00  99999.00  99999.00  99999.00       0       0       4       2
32618  09  00     2  99999.00  99999.00  99999.00  99999.00  99999.00  99999.00  99999.00  99999.00       0       0       0       0
32618  09  00     1  99999.00  99999.00  99999.00  99999.00  99999.00  99999.00  99999.00  99999.00       0       0       0       0
32618  10  00  9999    940.41   1073.85  99999.00  99999.00    -84.17    204.07    -93.30    164.70     422       0     422     421
32618  10  00  1000  99999.00  99999.00   -254.58    461.94    -96.01    195.47   -203.05    224.63       0     346     345     340
32618  10  00   925  99999.00  99999.00    134.36   1234.16   -183.83    181.21   -255.60    192.96       0     108     150     146
32618  10  00   900  99999.00  99999.00  99999.00  99999.00  99999.00  99999.00  99999.00  99999.00       0       0      51      51
32618  10  00   850  99999.00  99999.00    838.59   1903.83   -267.66    189.78   -336.15    187.05       0     378     397     394
32618  10  00   800  99999.00  99999.00  99999.00  99999.00  99999.00  99999.00  99999.00  99999.00       0       0      48      48
32618  10  00   700  99999.00  99999.00   2300.41   3466.57   -391.65    163.95   -567.85    203.75       0     374     393     391
32618  10  00   600  99999.00  99999.00  99999.00  99999.00   -490.96    153.08   -687.13    175.31       0       0      66      66
32618  10  00   500  99999.00  99999.00   4624.64   6159.68   -558.22     31.82   -726.12     57.24       0     369     387     384
32618  10  00   400  99999.00  99999.00   6044.92   7894.48   -685.08    -56.52   -813.20    -57.08       0     371     382     374
32618  10  00   300  99999.00  99999.00   7793.50  10019.62   -777.74   -201.26   -856.82   -239.42       0     370     377     341
32618  10  00   250  99999.00  99999.00   8984.92  11197.24   -831.42   -213.42   -873.56   -290.60       0     367     386     347
32618  10  00   200  99999.00  99999.00  10469.05  12602.17   -813.09   -218.61   -858.44   -305.00       0     365     378     338
32618  10  00   150  99999.00  99999.00  12401.86  14411.86   -736.57   -285.97   -825.95   -345.47       0     360     366     328
32618  10  00   100  99999.00  99999.00  15137.14  16944.34   -714.65   -310.37   -858.53   -337.25       0     351     361     327
32618  10  00    80  99999.00  99999.00  99999.00  99999.00  99999.00  99999.00  99999.00  99999.00       0       0       5       5
32618  10  00    70  99999.00  99999.00  17474.74  19230.22   -699.80   -326.60   -861.71   -340.55       0     401     403     368
32618  10  00    60  99999.00  99999.00  99999.00  99999.00  99999.00  99999.00  99999.00  99999.00       0       0      12      12
32618  10  00    50  99999.00  99999.00  19640.29  21439.21   -713.69   -311.81   -884.03   -329.63       0     373     378     344
32618  10  00    40  99999.00  99999.00  99999.00  99999.00  99999.00  99999.00  99999.00  99999.00       0       0      32      31
32618  10  00    30  99999.00  99999.00  22768.34  24954.86   -704.41   -304.21   -875.42   -336.50       0     311     315     282
32618  10  00    20  99999.00  99999.00  25328.42  27718.22   -702.16   -278.32   -887.05   -312.73       0     256     264     237
32618  10  00    15  99999.00  99999.00  99999.00  99999.00  99999.00  99999.00  99999.00  99999.00       0       0      48      48
32618  10  00    10  99999.00  99999.00  29775.16  32390.80   -683.20   -246.88   -891.35   -290.87       0     131     149     124
32618  10  00     7  99999.00  99999.00  99999.00  99999.00  99999.00  99999.00  99999.00  99999.00       0       0      31      27
32618  10  00     5  99999.00  99999.00  99999.00  99999.00  99999.00  99999.00  99999.00  99999.00       0       0      16      14
32618  10  00     3  99999.00  99999.00  99999.00  99999.00  99999.00  99999.00  99999.00  99999.00       0       0       5       4
32618  10  00     2  99999.00  99999.00  99999.00  99999.00  99999.00  99999.00  99999.00  99999.00       0       0       1       1
32618  10  00     1  99999.00  99999.00  99999.00  99999.00  99999.00  99999.00  99999.00  99999.00       0       0       0       0
32618  11  00  9999    918.06   1086.30  99999.00  99999.00   -152.48    181.84    -92.05    155.51     379       0     378     378
32618  11  00  1000  99999.00  99999.00   -301.16    499.72   -160.73    177.55   -269.15    211.21       0     246     246     239
32618  11  00   925  99999.00  99999.00    -38.90   1348.42   -266.45    190.87   -360.96    221.40       0     110     122     118
32618  11  00   900  99999.00  99999.00  99999.00  99999.00  99999.00  99999.00  99999.00  99999.00       0       0      20      20
32618  11  00   850  99999.00  99999.00    673.85   1968.29   -333.60    172.32   -413.85    188.43       0     340     360     354
32618  11  00   800  99999.00  99999.00  99999.00  99999.00  99999.00  99999.00  99999.00  99999.00       0       0      49      49
32618  11  00   700  99999.00  99999.00   2106.34   3506.38   -469.27    145.49   -604.07    157.09       0     338     353     350
32618  11  00   600  99999.00  99999.00  99999.00  99999.00  99999.00  99999.00  99999.00  99999.00       0       0      52      51
32618  11  00   500  99999.00  99999.00   4349.29   6177.61   -647.40     14.76   -769.92     16.08       0     336     358     354
32618  11  00   400  99999.00  99999.00   5702.80   7915.60   -735.52   -100.12   -828.87   -109.47       0     338     349     309
32618  11  00   300  99999.00  99999.00   7493.98   9926.62   -779.06   -257.90   -838.57   -301.57       0     336     352     299
32618  11  00   250  99999.00  99999.00   8648.06  11122.82   -841.85   -237.05   -868.85   -321.17       0     331     346     291
32618  11  00   200  99999.00  99999.00  10182.11  12459.35   -836.75   -217.31   -867.45   -311.73       0     330     344     288
32618  11  00   150  99999.00  99999.00  12143.96  14222.00   -759.83   -268.07   -833.03   -341.75       0     325     332     282
32618  11  00   100  99999.00  99999.00  14853.60  16779.72  -3362.06   2295.22   -851.37   -331.17       0     311     318     275
32618  11  00    80  99999.00  99999.00  99999.00  99999.00  99999.00  99999.00  99999.00  99999.00       0       0       4       4
32618  11  00    70  99999.00  99999.00  17217.20  19068.56  -4233.00   3138.96   -861.49   -320.17       0     371     373     327
32618  11  00    60  99999.00  99999.00  99999.00  99999.00  99999.00  99999.00  99999.00  99999.00       0       0      18      17
32618  11  00    50  99999.00  99999.00  19369.61  21315.53  -4653.12   3546.72   -875.64   -317.88       0     343     344     302
32618  11  00    40  99999.00  99999.00  99999.00  99999.00  99999.00  99999.00  99999.00  99999.00       0       0      21      21
32618  11  00    30  99999.00  99999.00  22538.02  24828.34  -3427.37   2386.63   -895.82   -301.70       0     299     303     266
32618  11  00    20  99999.00  99999.00  12450.17  39933.77   -801.82   -173.74   -930.22   -276.10       0     254     258     222
32618  11  00    15  99999.00  99999.00  99999.00  99999.00  99999.00  99999.00  99999.00  99999.00       0       0      48      46
32618  11  00    10  99999.00  99999.00   8536.49  52500.65   -800.57   -161.93   -968.81   -250.73       0     125     143     112
32618  11  00     7  99999.00  99999.00  99999.00  99999.00  99999.00  99999.00  99999.00  99999.00       0       0      25      20
32618  11  00     5  99999.00  99999.00  99999.00  99999.00  99999.00  99999.00  99999.00  99999.00       0       0      20      15
32618  11  00     3  99999.00  99999.00  99999.00  99999.00  99999.00  99999.00  99999.00  99999.00       0       0       3       3
32618  11  00     2  99999.00  99999.00  99999.00  99999.00  99999.00  99999.00  99999.00  99999.00       0       0       0       0
32618  11  00     1  99999.00  99999.00  99999.00  99999.00  99999.00  99999.00  99999.00  99999.00       0       0       0       0
32618  12  00  9999    913.28   1084.64  99999.00  99999.00   -186.43    149.57    -79.35    141.21     400       0     400     400
32618  12  00  1000  99999.00  99999.00   -299.19    482.85   -211.00    153.80   -305.93    177.67       0     218     219     215
32618  12  00   925  99999.00  99999.00      1.55   1258.43   -297.15    158.97   -365.27    170.29       0     147     156     152
32618  12  00   900  99999.00  99999.00  99999.00  99999.00  99999.00  99999.00  99999.00  99999.00       0       0      21      21
32618  12  00   850  99999.00  99999.00    648.57   1918.29   -347.15    126.25   -446.54    169.18       0     355     376     373
32618  12  00   800  99999.00  99999.00  99999.00  99999.00  99999.00  99999.00  99999.00  99999.00       0       0      43      43
32618  12  00   700  99999.00  99999.00   2083.85   3422.93   -466.66     84.26   -611.08    110.36       0     358     372     371
32618  12  00   600  99999.00  99999.00  99999.00  99999.00  99999.00  99999.00  99999.00  99999.00       0       0      55      55
32618  12  00   500  99999.00  99999.00   4374.37   5989.45   -644.87    -43.31   -725.97    -85.53       0     356     376     370
32618  12  00   400  99999.00  99999.00   5760.83   7659.35   -725.24   -163.76   -787.17   -211.89       0     351     365     311
32618  12  00   300  99999.00  99999.00   7501.00   9685.24   -771.43   -309.43   -832.20   -355.20       0     346     364     302
32618  12  00   250  99999.00  99999.00   8662.41  10858.29   -838.97   -263.69   -895.13   -318.77       0     341     352     290
32618  12  00   200  99999.00  99999.00  10189.30  12185.38   -828.97   -228.13   -902.64   -280.92       0     335     353     294
32618  12  00   150  99999.00  99999.00  12085.83  14014.11  -3277.53   2204.67   -887.40   -289.32       0     332     339     281
32618  12  00   100  99999.00  99999.00  14690.53  16693.09  -3316.76   2261.20   -860.82   -313.50       0     320     328     272
32618  12  00    80  99999.00  99999.00  99999.00  99999.00  99999.00  99999.00  99999.00  99999.00       0       0      10      10
32618  12  00    70  99999.00  99999.00  16997.99  19081.43   -733.50   -244.98   -873.76   -288.40       0     384     385     333
32618  12  00    60  99999.00  99999.00  99999.00  99999.00  99999.00  99999.00  99999.00  99999.00       0       0      16      14
32618  12  00    50  99999.00  99999.00  19102.65  21402.45   -763.26   -207.78   -898.83   -269.31       0     360     363     312
32618  12  00    40  99999.00  99999.00  99999.00  99999.00  99999.00  99999.00  99999.00  99999.00       0       0      25      25
32618  12  00    30  99999.00  99999.00  22247.47  24989.11   -817.31   -135.83   -936.96   -237.36       0     321     321     275
32618  12  00    20  99999.00  99999.00  24650.01  27939.33   -885.93    -60.09   -977.18   -210.14       0     261     271     229
32618  12  00    15  99999.00  99999.00  99999.00  99999.00  99999.00  99999.00  99999.00  99999.00       0       0      34      32
32618  12  00    10  99999.00  99999.00  28506.58  33260.86   -943.17     42.03   -969.16   -196.60       0     129     154     121
32618  12  00     7  99999.00  99999.00  99999.00  99999.00  99999.00  99999.00  99999.00  99999.00       0       0      40      30
32618  12  00     5  99999.00  99999.00  99999.00  99999.00  99999.00  99999.00  99999.00  99999.00       0       0      23      18
32618  12  00     3  99999.00  99999.00  99999.00  99999.00  99999.00  99999.00  99999.00  99999.00       0       0       2       2
32618  12  00     2  99999.00  99999.00  99999.00  99999.00  99999.00  99999.00  99999.00  99999.00       0       0       0       0
32618  12  00     1  99999.00  99999.00  99999.00  99999.00  99999.00  99999.00  99999.00  99999.00       0       0       0       0
