28275  01  12  9999    933.02   1097.66  99999.00  99999.00   -657.49    332.99    -51.66    110.22     887       0     886     885
28275  01  12  1000  99999.00  99999.00   -326.24    693.28   -604.10    296.86   -651.02    284.50       0     801     802     795
28275  01  12   925  99999.00  99999.00    165.25   1360.93   -486.04    244.40   -545.38    227.18       0     565     598     593
28275  01  12   900  99999.00  99999.00  99999.00  99999.00  99999.00  99999.00  99999.00  99999.00       0       0      18      18
28275  01  12   850  99999.00  99999.00    761.32   2038.72   -468.16    216.68   -583.56    227.16       0     916     915     908
28275  01  12   800  99999.00  99999.00  99999.00  99999.00  99999.00  99999.00  99999.00  99999.00       0       0      21      21
28275  01  12   700  99999.00  99999.00   2145.04   3586.72   -502.21    129.47   -666.30    160.38       0     895     894     884
28275  01  12   600  99999.00  99999.00  99999.00  99999.00  99999.00  99999.00  99999.00  99999.00       0       0      15      15
28275  01  12   500  99999.00  99999.00   4394.44   6209.80   -627.04    -48.52   -768.22    -26.26       0     884     886     857
28275  01  12   400  99999.00  99999.00   5805.21   7860.45   -683.36   -210.20   -810.96   -191.88       0     875     874     756
28275  01  12   300  99999.00  99999.00   7581.47   9826.07   -741.57   -399.93   -845.53   -396.85       0     852     854     723
28275  01  12   250  99999.00  99999.00   8736.42  10956.06   -876.67   -357.43   -966.32   -373.88       0     833     836     707
28275  01  12   200  99999.00  99999.00  10198.65  12246.09   -997.35   -256.11  -1057.72   -308.56       0     820     815     690
28275  01  12   150  99999.00  99999.00  11984.60  14014.64   -958.78   -282.46  -1019.69   -344.09       0     791     791     667
28275  01  12   100  99999.00  99999.00  14378.70  16623.90   -973.89   -303.69  -1028.43   -386.19       0     723     725     613
28275  01  12    80  99999.00  99999.00  99999.00  99999.00  99999.00  99999.00  99999.00  99999.00       0       0      11       9
28275  01  12    70  99999.00  99999.00  16315.39  19053.07  -1028.16   -282.24  -1069.04   -383.48       0     624     630     537
28275  01  12    60  99999.00  99999.00  99999.00  99999.00  99999.00  99999.00  99999.00  99999.00       0       0      16      12
28275  01  12    50  99999.00  99999.00  18075.69  21427.17  -2919.43   1568.21  -1104.29   -365.57       0     495     501     423
28275  01  12    40  99999.00  99999.00  99999.00  99999.00  99999.00  99999.00  99999.00  99999.00       0       0      23      21
28275  01  12    30  99999.00  99999.00  20718.31  25135.75  -3565.57   2234.99  -1153.94   -284.90       0     288     300     247
28275  01  12    20  99999.00  99999.00  22865.22  28253.94  -1174.23    -20.31  -1195.74   -172.02       0     168     180     146
28275  01  12    15  99999.00  99999.00  99999.00  99999.00  99999.00  99999.00  99999.00  99999.00       0       0      15      11
28275  01  12    10  99999.00  99999.00  99999.00  99999.00  99999.00  99999.00  99999.00  99999.00       0      42      48      35
28275  01  12     7  99999.00  99999.00  99999.00  99999.00  99999.00  99999.00  99999.00  99999.00       0       0       8       6
28275  01  12     5  99999.00  99999.00  99999.00  99999.00  99999.00  99999.00  99999.00  99999.00       0       0       4       2
28275  01  12     3  99999.00  99999.00  99999.00  99999.00  99999.00  99999.00  99999.00  99999.00       0       0       0       0
28275  01  12     2  99999.00  99999.00  99999.00  99999.00  99999.00  99999.00  99999.00  99999.00       0       0       0       0
28275  01  12     1  99999.00  99999.00  99999.00  99999.00  99999.00  99999.00  99999.00  99999.00       0       0       0       0
28275  02  12  9999    930.79   1103.59  99999.00  99999.00   -543.76    300.68   -121.25    221.11     815       0     814     813
28275  02  12  1000  99999.00  99999.00   -333.50    737.86   -525.02    274.90   -579.72    233.40       0     745     744     738
28275  02  12   925  99999.00  99999.00    113.04   1421.40   -490.10    246.58   -560.53    221.03       0     531     545     541
28275  02  12   900  99999.00  99999.00  99999.00  99999.00  99999.00  99999.00  99999.00  99999.00       0       0      19      19
28275  02  12   850  99999.00  99999.00    738.70   2100.58   -466.34    212.98   -587.99    209.05       0     847     849     835
28275  02  12   800  99999.00  99999.00  99999.00  99999.00  99999.00  99999.00  99999.00  99999.00       0       0       4       4
28275  02  12   700  99999.00  99999.00   2114.82   3658.26   -496.68    123.84   -655.64    136.84       0     827     826     814
28275  02  12   600  99999.00  99999.00  99999.00  99999.00  99999.00  99999.00  99999.00  99999.00       0       0      10      10
28275  02  12   500  99999.00  99999.00   4379.12   6269.12   -611.03    -59.75   -756.95    -41.87       0     809     807     793
28275  02  12   400  99999.00  99999.00   5785.59   7923.63   -676.82   -212.54   -819.40   -186.16       0     796     797     716
28275  02  12   300  99999.00  99999.00   7569.71   9885.71   -741.80   -392.36   -848.81   -392.69       0     789     792     709
28275  02  12   250  99999.00  99999.00   8726.06  11016.38   -870.94   -353.38   -945.58   -385.90       0     784     782     702
28275  02  12   200  99999.00  99999.00  10165.40  12343.88   -972.92   -255.44  -1035.55   -307.87       0     767     767     689
28275  02  12   150  99999.00  99999.00  11936.58  14150.58   -953.53   -255.61   -994.11   -342.75       0     746     745     670
28275  02  12   100  99999.00  99999.00  14236.82  16896.98  -1010.46   -223.38  -1031.86   -345.58       0     709     711     638
28275  02  12    80  99999.00  99999.00  99999.00  99999.00  99999.00  99999.00  99999.00  99999.00       0       0       4       3
28275  02  12    70  99999.00  99999.00  16115.14  19428.58  -1069.82   -178.22  -1079.05   -328.09       0     629     633     568
28275  02  12    60  99999.00  99999.00  99999.00  99999.00  99999.00  99999.00  99999.00  99999.00       0       0      14      13
28275  02  12    50  99999.00  99999.00  17842.49  21880.13  -1098.21   -145.29  -1112.01   -298.65       0     557     571     515
28275  02  12    40  99999.00  99999.00  99999.00  99999.00  99999.00  99999.00  99999.00  99999.00       0       0      24      22
28275  02  12    30  99999.00  99999.00  20459.91  25663.59  -3449.18   2207.98  -1154.94   -221.34       0     399     412     369
28275  02  12    20  99999.00  99999.00  22717.42  28595.26  -1131.60      8.64  -1156.29   -173.25       0     295     310     275
28275  02  12    15  99999.00  99999.00  99999.00  99999.00  99999.00  99999.00  99999.00  99999.00       0       0      27      23
28275  02  12    10  99999.00  99999.00  26260.23  34244.31  -1159.44    195.60  -1207.49     17.35       0      88     106      88
28275  02  12     7  99999.00  99999.00  99999.00  99999.00  99999.00  99999.00  99999.00  99999.00       0       0      14      12
28275  02  12     5  99999.00  99999.00  99999.00  99999.00  99999.00  99999.00  99999.00  99999.00       0       0       7       6
28275  02  12     3  99999.00  99999.00  99999.00  99999.00  99999.00  99999.00  99999.00  99999.00       0       0       0       0
28275  02  12     2  99999.00  99999.00  99999.00  99999.00  99999.00  99999.00  99999.00  99999.00       0       0       0       0
28275  02  12     1  99999.00  99999.00  99999.00  99999.00  99999.00  99999.00  99999.00  99999.00       0       0       0       0
28275  03  12  9999    938.87   1088.87  99999.00  99999.00   -369.26    323.14   -118.31    266.65     881       0     881     881
28275  03  12  1000  99999.00  99999.00   -312.31    667.25   -399.72    330.00   -477.58    263.06       0     806     804     798
28275  03  12   925  99999.00  99999.00    186.11   1324.91   -408.41    269.95   -500.85    241.11       0     610     637     635
28275  03  12   900  99999.00  99999.00  99999.00  99999.00  99999.00  99999.00  99999.00  99999.00       0       0      13      13
28275  03  12   850  99999.00  99999.00    832.99   2013.31   -437.76    252.48   -548.10    230.46       0     901     902     895
28275  03  12   800  99999.00  99999.00  99999.00  99999.00  99999.00  99999.00  99999.00  99999.00       0       0      21      20
28275  03  12   700  99999.00  99999.00   2240.19   3576.51   -488.10    174.06   -649.89    175.35       0     891     891     885
28275  03  12   600  99999.00  99999.00  99999.00  99999.00  99999.00  99999.00  99999.00  99999.00       0       0       4       4
28275  03  12   500  99999.00  99999.00   4511.18   6231.02   -605.57    -13.13   -762.22      2.78       0     873     876     868
28275  03  12   400  99999.00  99999.00   5909.63   7926.59   -682.05   -158.01   -808.95   -154.23       0     866     866     815
28275  03  12   300  99999.00  99999.00   7707.90   9918.78   -746.42   -333.98   -829.41   -365.49       0     857     858     776
28275  03  12   250  99999.00  99999.00   8865.40  11080.12   -876.60   -283.56   -915.84   -359.28       0     844     840     760
28275  03  12   200  99999.00  99999.00  10344.52  12409.60   -951.25   -201.49   -982.85   -299.21       0     831     830     749
28275  03  12   150  99999.00  99999.00  12189.03  14208.51   -888.06   -240.90   -935.73   -345.57       0     818     820     737
28275  03  12   100  99999.00  99999.00  14637.91  16897.39   -893.16   -258.36   -951.67   -375.67       0     791     798     720
28275  03  12    80  99999.00  99999.00  99999.00  99999.00  99999.00  99999.00  99999.00  99999.00       0       0       7       4
28275  03  12    70  99999.00  99999.00  16634.65  19391.77   -939.43   -231.67   -981.30   -378.42       0     757     760     681
28275  03  12    60  99999.00  99999.00  99999.00  99999.00  99999.00  99999.00  99999.00  99999.00       0       0      25      24
28275  03  12    50  99999.00  99999.00  18480.24  21783.84   -966.11   -203.63  -1015.41   -357.09       0     685     696     620
28275  03  12    40  99999.00  99999.00  99999.00  99999.00  99999.00  99999.00  99999.00  99999.00       0       0      19      18
28275  03  12    30  99999.00  99999.00  21283.98  25466.58  -1022.62   -103.18  -1079.18   -269.54       0     546     555     483
28275  03  12    20  99999.00  99999.00  23584.70  28362.02  -1050.48    -14.88  -1109.50   -198.58       0     437     457     407
28275  03  12    15  99999.00  99999.00  99999.00  99999.00  99999.00  99999.00  99999.00  99999.00       0       0      42      37
28275  03  12    10  99999.00  99999.00  27367.09  33706.81  -1026.92     88.24  -1138.82    -82.22       0     180     220     179
28275  03  12     7  99999.00  99999.00  99999.00  99999.00  99999.00  99999.00  99999.00  99999.00       0       0      51      37
28275  03  12     5  99999.00  99999.00  99999.00  99999.00  99999.00  99999.00  99999.00  99999.00       0       0      18      15
28275  03  12     3  99999.00  99999.00  99999.00  99999.00  99999.00  99999.00  99999.00  99999.00       0       0       4       4
28275  03  12     2  99999.00  99999.00  99999.00  99999.00  99999.00  99999.00  99999.00  99999.00       0       0       0       0
28275  03  12     1  99999.00  99999.00  99999.00  99999.00  99999.00  99999.00  99999.00  99999.00       0       0       0       0
28275  04  12  9999    950.01   1073.37  99999.00  99999.00   -345.45    473.19   -197.97    401.07     911       0     910     909
28275  04  12  1000  99999.00  99999.00   -234.93    556.47   -362.73    466.47   -428.73    329.19       0     837     837     832
28275  04  12   925  99999.00  99999.00    277.33   1264.57   -403.43    403.69   -475.33    315.47       0     615     633     632
28275  04  12   900  99999.00  99999.00  99999.00  99999.00  99999.00  99999.00  99999.00  99999.00       0       0      14      14
28275  04  12   850  99999.00  99999.00    923.33   1964.57   -425.24    349.24   -544.97    330.79       0     943     943     935
28275  04  12   800  99999.00  99999.00  99999.00  99999.00  99999.00  99999.00  99999.00  99999.00       0       0      14      14
28275  04  12   700  99999.00  99999.00   2330.52   3579.60   -465.39    230.01   -671.83    275.45       0     927     929     920
28275  04  12   600  99999.00  99999.00  99999.00  99999.00  99999.00  99999.00  99999.00  99999.00       0       0      20      19
28275  04  12   500  99999.00  99999.00   4605.50   6308.06   -589.85     46.75   -759.37     66.11       0     916     918     908
28275  04  12   400  99999.00  99999.00   6018.19   8041.99   -668.67    -97.11   -797.73    -95.97       0     909     908     855
28275  04  12   300  99999.00  99999.00   7804.48  10098.40   -728.51   -291.23   -817.69   -323.89       0     901     899     790
28275  04  12   250  99999.00  99999.00   8991.02  11258.54   -851.96   -254.72   -869.31   -364.11       0     892     895     786
28275  04  12   200  99999.00  99999.00  10522.19  12569.03   -908.59   -195.07   -916.38   -328.14       0     887     886     780
28275  04  12   150  99999.00  99999.00  12424.90  14349.58   -805.69   -273.01   -875.46   -370.74       0     870     872     763
28275  04  12   100  99999.00  99999.00  14968.84  16995.28   -796.90   -304.90   -882.43   -409.51       0     841     848     742
28275  04  12    80  99999.00  99999.00  99999.00  99999.00  99999.00  99999.00  99999.00  99999.00       0       0       4       3
28275  04  12    70  99999.00  99999.00  17096.53  19412.53   -812.52   -303.24   -912.48   -407.88       0     782     782     685
28275  04  12    60  99999.00  99999.00  99999.00  99999.00  99999.00  99999.00  99999.00  99999.00       0       0      13       9
28275  04  12    50  99999.00  99999.00  19120.66  21674.14   -822.05   -289.85   -935.54   -390.62       0     719     724     634
28275  04  12    40  99999.00  99999.00  99999.00  99999.00  99999.00  99999.00  99999.00  99999.00       0       0      28      25
28275  04  12    30  99999.00  99999.00  22256.42  25049.42  -2877.58   1769.78   -956.05   -355.81       0     600     606     527
28275  04  12    20  99999.00  99999.00  24696.77  27838.37   -810.36   -218.40   -950.29   -335.41       0     465     485     419
28275  04  12    15  99999.00  99999.00  99999.00  99999.00  99999.00  99999.00  99999.00  99999.00       0       0      54      45
28275  04  12    10  99999.00  99999.00  29140.24  32518.00   -770.06   -108.74   -954.01   -212.41       0     171     194     163
28275  04  12     7  99999.00  99999.00  99999.00  99999.00  99999.00  99999.00  99999.00  99999.00       0       0      43      37
28275  04  12     5  99999.00  99999.00  99999.00  99999.00  99999.00  99999.00  99999.00  99999.00       0       0      20      17
28275  04  12     3  99999.00  99999.00  99999.00  99999.00  99999.00  99999.00  99999.00  99999.00       0       0       2       2
28275  04  12     2  99999.00  99999.00  99999.00  99999.00  99999.00  99999.00  99999.00  99999.00       0       0       0       0
28275  04  12     1  99999.00  99999.00  99999.00  99999.00  99999.00  99999.00  99999.00  99999.00       0       0       0       0
28275  05  12  9999    959.07   1057.83  99999.00  99999.00   -285.40    586.64   -243.24    513.36     768       0     765     764
28275  05  12  1000  99999.00  99999.00   -192.06    463.14   -295.45    573.47   -353.77    357.71       0     698     699     683
28275  05  12   925  99999.00  99999.00    335.09   1197.77   -335.84    495.28   -383.87    329.41       0     577     582     579
28275  05  12   900  99999.00  99999.00  99999.00  99999.00  99999.00  99999.00  99999.00  99999.00       0       0       5       5
28275  05  12   850  99999.00  99999.00   1010.71   1899.43   -378.11    418.69   -421.15    311.33       0     811     809     790
28275  05  12   800  99999.00  99999.00  99999.00  99999.00  99999.00  99999.00  99999.00  99999.00       0       0      10      10
28275  05  12   700  99999.00  99999.00   2441.34   3549.78   -389.19    250.41   -637.86    336.18       0     804     804     785
28275  05  12   600  99999.00  99999.00  99999.00  99999.00  99999.00  99999.00  99999.00  99999.00       0       0      15      15
28275  05  12   500  99999.00  99999.00   4787.11   6298.99   -515.99     59.65   -740.90    107.38       0     794     795     776
28275  05  12   400  99999.00  99999.00   6245.36   8039.96   -608.85    -80.73   -776.99    -63.71       0     789     788     762
28275  05  12   300  99999.00  99999.00   8058.86  10130.90   -676.34   -285.74   -795.06   -296.34       0     777     777     707
28275  05  12   250  99999.00  99999.00   9275.92  11286.40   -799.00   -258.52   -840.80   -350.36       0     765     769     698
28275  05  12   200  99999.00  99999.00  10845.09  12592.65   -850.24   -197.20   -877.83   -325.11       0     760     761     687
28275  05  12   150  99999.00  99999.00  12818.04  14358.72   -693.47   -319.31   -793.02   -408.54       0     746     749     676
28275  05  12   100  99999.00  99999.00  15482.15  16964.15   -661.76   -374.60   -822.12   -432.36       0     714     713     643
28275  05  12    80  99999.00  99999.00  99999.00  99999.00  99999.00  99999.00  99999.00  99999.00       0       0       6       5
28275  05  12    70  99999.00  99999.00  17820.26  19245.98   -648.64   -394.48   -845.85   -431.25       0     654     654     588
28275  05  12    60  99999.00  99999.00  99999.00  99999.00  99999.00  99999.00  99999.00  99999.00       0       0       7       5
28275  05  12    50  99999.00  99999.00  19982.70  21436.02   -646.41   -386.13   -866.81   -417.17       0     611     613     549
28275  05  12    40  99999.00  99999.00  99999.00  99999.00  99999.00  99999.00  99999.00  99999.00       0       0      23      22
28275  05  12    30  99999.00  99999.00  14845.13  33077.93  -3027.16   1987.76   -879.33   -398.73       0     505     518     459
28275  05  12    20  99999.00  99999.00  25878.14  27510.98   -632.07   -315.51   -869.68   -379.24       0     395     403     356
28275  05  12    15  99999.00  99999.00  99999.00  99999.00  99999.00  99999.00  99999.00  99999.00       0       0      25      22
28275  05  12    10  99999.00  99999.00  30351.42  32362.74   -577.74   -207.30   -848.45   -278.45       0     144     179     160
28275  05  12     7  99999.00  99999.00  99999.00  99999.00  99999.00  99999.00  99999.00  99999.00       0       0      41      38
28275  05  12     5  99999.00  99999.00  99999.00  99999.00  99999.00  99999.00  99999.00  99999.00       0       0      14      13
28275  05  12     3  99999.00  99999.00  99999.00  99999.00  99999.00  99999.00  99999.00  99999.00       0       0       2       2
28275  05  12     2  99999.00  99999.00  99999.00  99999.00  99999.00  99999.00  99999.00  99999.00       0       0       0       0
28275  05  12     1  99999.00  99999.00  99999.00  99999.00  99999.00  99999.00  99999.00  99999.00       0       0       0       0
28275  06  12  9999    963.22   1045.54  99999.00  99999.00   -152.07    572.61   -184.24    398.60     841       0     841     841
28275  06  12  1000  99999.00  99999.00   -125.83    345.17   -151.28    563.08   -236.93    418.87       0     692     689     669
28275  06  12   925  99999.00  99999.00    392.99   1091.27   -226.56    501.00   -275.18    380.14       0     605     612     612
28275  06  12   900  99999.00  99999.00  99999.00  99999.00  99999.00  99999.00  99999.00  99999.00       0       0      10      10
28275  06  12   850  99999.00  99999.00   1068.01   1844.53   -254.50    421.82   -310.76    351.04       0     902     904     884
28275  06  12   800  99999.00  99999.00  99999.00  99999.00  99999.00  99999.00  99999.00  99999.00       0       0      22      21
28275  06  12   700  99999.00  99999.00   2544.44   3519.80   -296.18    274.30   -537.20    356.32       0     891     891     872
28275  06  12   600  99999.00  99999.00  99999.00  99999.00  99999.00  99999.00  99999.00  99999.00       0       0      10       9
28275  06  12   500  99999.00  99999.00   4941.57   6331.05   -440.33     98.95   -669.79    139.73       0     871     869     849
28275  06  12   400  99999.00  99999.00   6428.92   8117.20   -556.86    -21.18   -732.54    -13.02       0     862     855     835
28275  06  12   300  99999.00  99999.00   8260.11  10275.75   -647.48   -225.32   -777.19   -232.75       0     847     844     763
28275  06  12   250  99999.00  99999.00   9447.89  11497.61   -737.43   -263.43   -801.30   -331.38       0     831     831     733
28275  06  12   200  99999.00  99999.00  11009.13  12839.97   -846.80   -173.84   -868.07   -300.35       0     825     825     727
28275  06  12   150  99999.00  99999.00  13010.84  14601.68   -670.60   -312.28   -774.07   -397.51       0     813     820     721
28275  06  12   100  99999.00  99999.00  15729.51  17182.11   -638.98   -374.98   -826.19   -409.43       0     778     785     689
28275  06  12    80  99999.00  99999.00  99999.00  99999.00  99999.00  99999.00  99999.00  99999.00       0       0      22      18
28275  06  12    70  99999.00  99999.00  18093.62  19457.54   -616.19   -399.35   -829.62   -425.46       0     711     715     621
28275  06  12    60  99999.00  99999.00  99999.00  99999.00  99999.00  99999.00  99999.00  99999.00       0       0       9       7
28275  06  12    50  99999.00  99999.00  20298.37  21643.93   -589.48   -406.48   -840.66   -408.18       0     654     665     577
28275  06  12    40  99999.00  99999.00  99999.00  99999.00  99999.00  99999.00  99999.00  99999.00       0       0       8       7
28275  06  12    30  99999.00  99999.00  23636.45  25020.65   -576.92   -371.36   -834.43   -387.79       0     546     548     471
28275  06  12    20  99999.00  99999.00  26252.72  27796.88   -559.17   -315.69   -842.83   -332.11       0     444     461     391
28275  06  12    15  99999.00  99999.00  99999.00  99999.00  99999.00  99999.00  99999.00  99999.00       0       0      53      50
28275  06  12    10  99999.00  99999.00  30781.56  32720.52   -511.06   -194.86   -853.47   -212.43       0     182     198     187
28275  06  12     7  99999.00  99999.00  99999.00  99999.00  99999.00  99999.00  99999.00  99999.00       0       0      35      33
28275  06  12     5  99999.00  99999.00  99999.00  99999.00  99999.00  99999.00  99999.00  99999.00       0       0      22      21
28275  06  12     3  99999.00  99999.00  99999.00  99999.00  99999.00  99999.00  99999.00  99999.00       0       0       3       3
28275  06  12     2  99999.00  99999.00  99999.00  99999.00  99999.00  99999.00  99999.00  99999.00       0       0       0       0
28275  06  12     1  99999.00  99999.00  99999.00  99999.00  99999.00  99999.00  99999.00  99999.00       0       0       0       0
28275  07  12  9999    963.92   1043.00  99999.00  99999.00    -77.72    532.48   -164.95    346.37     871       0     868     868
28275  07  12  1000  99999.00  99999.00   -117.42    327.18    -57.38    517.06   -120.32    375.04       0     666     666     641
28275  07  12   925  99999.00  99999.00    393.11   1102.43   -122.06    437.02   -164.00    335.92       0     627     634     630
28275  07  12   900  99999.00  99999.00  99999.00  99999.00  99999.00  99999.00  99999.00  99999.00       0       0       6       6
28275  07  12   850  99999.00  99999.00   1085.21   1832.93   -157.39    366.77   -197.48    299.80       0     937     933     901
28275  07  12   800  99999.00  99999.00  99999.00  99999.00  99999.00  99999.00  99999.00  99999.00       0       0      17      17
28275  07  12   700  99999.00  99999.00   2599.81   3497.29   -192.15    217.53   -447.97    324.11       0     921     922     891
28275  07  12   600  99999.00  99999.00  99999.00  99999.00  99999.00  99999.00  99999.00  99999.00       0       0      12      12
28275  07  12   500  99999.00  99999.00   5089.00   6270.88   -334.40     48.64   -630.02    146.02       0     902     903     872
28275  07  12   400  99999.00  99999.00   6650.32   8019.64   -460.14    -60.18   -681.86    -12.50       0     895     896     865
28275  07  12   300  99999.00  99999.00   8539.84  10164.76   -588.48   -238.56   -739.15   -226.39       0     872     870     792
28275  07  12   250  99999.00  99999.00   9726.85  11412.01   -686.39   -285.35   -767.73   -335.73       0     848     852     736
28275  07  12   200  99999.00  99999.00  11294.85  12762.09   -830.24   -166.16   -840.85   -301.21       0     836     838     720
28275  07  12   150  99999.00  99999.00  13319.88  14524.32   -661.54   -303.10   -795.35   -363.83       0     822     825     706
28275  07  12   100  99999.00  99999.00  16093.19  17073.95   -640.97   -356.33   -846.35   -379.55       0     795     800     679
28275  07  12    80  99999.00  99999.00  99999.00  99999.00  99999.00  99999.00  99999.00  99999.00       0       0      28      27
28275  07  12    70  99999.00  99999.00  18466.30  19361.02   -606.45   -390.45   -866.85   -379.77       0     721     723     614
28275  07  12    60  99999.00  99999.00  99999.00  99999.00  99999.00  99999.00  99999.00  99999.00       0       0      18      15
28275  07  12    50  99999.00  99999.00  20702.46  21531.42   -576.39   -402.39   -867.20   -378.44       0     643     654     549
28275  07  12    40  99999.00  99999.00  99999.00  99999.00  99999.00  99999.00  99999.00  99999.00       0       0       9       4
28275  07  12    30  99999.00  99999.00  24073.73  24906.41   -562.50   -367.98   -879.53   -342.17       0     539     541     442
28275  07  12    20  99999.00  99999.00  26715.94  27688.54   -548.62   -311.62   -873.67   -305.59       0     438     472     383
28275  07  12    15  99999.00  99999.00  99999.00  99999.00   -520.66   -278.50  99999.00  99999.00       0       0      65      60
28275  07  12    10  99999.00  99999.00  31323.41  32581.85   -495.40   -202.24   -860.95   -202.99       0     186     200     181
28275  07  12     7  99999.00  99999.00  99999.00  99999.00  99999.00  99999.00  99999.00  99999.00       0       0      48      46
28275  07  12     5  99999.00  99999.00  99999.00  99999.00  99999.00  99999.00  99999.00  99999.00       0       0      23      21
28275  07  12     3  99999.00  99999.00  99999.00  99999.00  99999.00  99999.00  99999.00  99999.00       0       0       3       2
28275  07  12     2  99999.00  99999.00  99999.00  99999.00  99999.00  99999.00  99999.00  99999.00       0       0       0       0
28275  07  12     1  99999.00  99999.00  99999.00  99999.00  99999.00  99999.00  99999.00  99999.00       0       0       0       0
28275  08  12  9999    964.87   1045.27  99999.00  99999.00   -116.66    507.10   -156.17    312.55     873       0     873     873
28275  08  12  1000  99999.00  99999.00   -138.53    362.11   -111.07    495.77   -133.81    354.83       0     733     730     727
28275  08  12   925  99999.00  99999.00    401.93   1102.49   -161.59    415.73   -168.98    314.62       0     617     629     626
28275  08  12   900  99999.00  99999.00  99999.00  99999.00  99999.00  99999.00  99999.00  99999.00       0       0       7       7
28275  08  12   850  99999.00  99999.00   1076.65   1836.13   -200.22    354.18   -216.92    284.08       0     934     932     924
28275  08  12   800  99999.00  99999.00  99999.00  99999.00  99999.00  99999.00  99999.00  99999.00       0       0      21      21
28275  08  12   700  99999.00  99999.00   2566.80   3496.08   -240.86    219.10   -464.99    308.17       0     922     925     921
28275  08  12   600  99999.00  99999.00  99999.00  99999.00  99999.00  99999.00  99999.00  99999.00       0       0      12      12
28275  08  12   500  99999.00  99999.00   5017.80   6259.44   -388.78     55.46   -658.70    146.14       0     901     901     897
28275  08  12   400  99999.00  99999.00   6543.16   8014.36   -517.39    -51.31   -712.95    -12.03       0     894     895     889
28275  08  12   300  99999.00  99999.00   8394.03  10161.63   -628.93   -240.85   -757.80   -240.24       0     876     876     776
28275  08  12   250  99999.00  99999.00   9560.44  11406.28   -713.19   -292.11   -784.48   -343.36       0     865     870     753
28275  08  12   200  99999.00  99999.00  11116.89  12756.09   -830.94   -178.62   -858.41   -295.85       0     861     863     748
28275  08  12   150  99999.00  99999.00  13127.63  14519.03   -677.05   -303.97   -782.23   -384.31       0     858     857     741
28275  08  12   100  99999.00  99999.00  15870.28  17091.28   -632.36   -364.28   -825.65   -391.49       0     813     816     698
28275  08  12    80  99999.00  99999.00  99999.00  99999.00  99999.00  99999.00  99999.00  99999.00       0       0      16      16
28275  08  12    70  99999.00  99999.00  18239.06  19385.54   -608.26   -390.10   -850.81   -389.53       0     753     755     644
28275  08  12    60  99999.00  99999.00  99999.00  99999.00  99999.00  99999.00  99999.00  99999.00       0       0       7       5
28275  08  12    50  99999.00  99999.00  20441.88  21583.20   -596.81   -396.41   -870.25   -381.73       0     701     706     595
28275  08  12    40  99999.00  99999.00  99999.00  99999.00  99999.00  99999.00  99999.00  99999.00       0       0      18      12
28275  08  12    30  99999.00  99999.00  23750.03  24981.71   -595.78   -359.14   -884.83   -358.27       0     595     601     497
28275  08  12    20  99999.00  99999.00  26341.93  27771.49   -568.94   -318.02   -885.41   -316.01       0     498     527     435
28275  08  12    15  99999.00  99999.00  99999.00  99999.00   -534.65   -289.73  99999.00  99999.00       0       0      64      56
28275  08  12    10  99999.00  99999.00  30912.54  32616.06   -535.99   -224.59   -881.38   -243.10       0     223     246     226
28275  08  12     7  99999.00  99999.00  99999.00  99999.00  99999.00  99999.00  99999.00  99999.00       0       0      45      40
28275  08  12     5  99999.00  99999.00  99999.00  99999.00  99999.00  99999.00  99999.00  99999.00       0       0      27      27
28275  08  12     3  99999.00  99999.00  99999.00  99999.00  99999.00  99999.00  99999.00  99999.00       0       0       2       2
28275  08  12     2  99999.00  99999.00  99999.00  99999.00  99999.00  99999.00  99999.00  99999.00       0       0       0       0
28275  08  12     1  99999.00  99999.00  99999.00  99999.00  99999.00  99999.00  99999.00  99999.00       0       0       1       1
28275  09  12  9999    955.59   1061.43  99999.00  99999.00   -209.18    466.66   -180.26    314.38     758       0     757     757
28275  09  12  1000  99999.00  99999.00   -193.77    474.39   -214.88    454.72   -226.03    329.57       0     680     679     672
28275  09  12   925  99999.00  99999.00    327.47   1208.39   -259.96    391.40   -256.32    294.60       0     523     531     531
28275  09  12   900  99999.00  99999.00  99999.00  99999.00  99999.00  99999.00  99999.00  99999.00       0       0       6       6
28275  09  12   850  99999.00  99999.00    976.81   1927.57   -306.74    353.50   -322.18    283.70       0     809     802     796
28275  09  12   800  99999.00  99999.00  99999.00  99999.00  99999.00  99999.00  99999.00  99999.00       0       0      16      16
28275  09  12   700  99999.00  99999.00   2430.27   3568.59   -343.76    234.88   -546.51    304.53       0     794     793     787
28275  09  12   600  99999.00  99999.00  99999.00  99999.00  99999.00  99999.00  99999.00  99999.00       0       0      12      11
28275  09  12   500  99999.00  99999.00   4785.36   6342.12   -491.24     72.64   -691.51    119.33       0     780     782     778
28275  09  12   400  99999.00  99999.00   6254.87   8097.71   -599.97    -49.05   -744.94    -34.42       0     776     776     758
28275  09  12   300  99999.00  99999.00   8049.41  10236.65   -674.72   -256.88   -774.08   -271.52       0     769     771     662
28275  09  12   250  99999.00  99999.00   9235.57  11435.41   -763.05   -282.57   -816.82   -343.18       0     762     764     657
28275  09  12   200  99999.00  99999.00  10759.95  12783.75   -859.26   -197.46   -877.15   -310.99       0     752     754     649
28275  09  12   150  99999.00  99999.00  12748.19  14525.87   -728.27   -303.95   -798.83   -395.03       0     748     748     642
28275  09  12   100  99999.00  99999.00  15457.66  17069.50   -686.48   -355.64   -829.02   -406.74       0     730     733     626
28275  09  12    80  99999.00  99999.00  99999.00  99999.00  99999.00  99999.00  99999.00  99999.00       0       0       8       6
28275  09  12    70  99999.00  99999.00  17773.71  19365.51   -667.55   -383.51   -861.82   -403.78       0     671     670     572
28275  09  12    60  99999.00  99999.00  99999.00  99999.00  99999.00  99999.00  99999.00  99999.00       0       0       9       7
28275  09  12    50  99999.00  99999.00  19908.37  21571.21   -666.71   -390.71   -886.49   -399.77       0     622     623     534
28275  09  12    40  99999.00  99999.00  99999.00  99999.00  99999.00  99999.00  99999.00  99999.00       0       0      33      29
28275  09  12    30  99999.00  99999.00  23108.80  24970.48   -672.93   -365.73   -924.79   -364.99       0     535     542     459
28275  09  12    20  99999.00  99999.00  25615.94  27753.62   -674.23   -311.11   -919.72   -339.88       0     456     457     380
28275  09  12    15  99999.00  99999.00  99999.00  99999.00  99999.00  99999.00  99999.00  99999.00       0       0      29      21
28275  09  12    10  99999.00  99999.00  29813.98  32748.22   -666.55   -184.39   -903.58   -252.10       0     191     219     184
28275  09  12     7  99999.00  99999.00  99999.00  99999.00  99999.00  99999.00  99999.00  99999.00       0       0      51      47
28275  09  12     5  99999.00  99999.00  99999.00  99999.00  99999.00  99999.00  99999.00  99999.00       0       0      32      28
28275  09  12     3  99999.00  99999.00  99999.00  99999.00  99999.00  99999.00  99999.00  99999.00       0       0       7       7
28275  09  12     2  99999.00  99999.00  99999.00  99999.00  99999.00  99999.00  99999.00  99999.00       0       0       0       0
28275  09  12     1  99999.00  99999.00  99999.00  99999.00  99999.00  99999.00  99999.00  99999.00       0       0       0       0
28275  10  12  9999    951.68   1069.76  99999.00  99999.00   -300.93    390.99   -164.65    277.19     816       0     814     814
28275  10  12  1000  99999.00  99999.00   -214.98    525.66   -318.86    393.58   -321.28    286.28       0     730     731     723
28275  10  12   925  99999.00  99999.00    304.41   1210.17   -349.65    347.79   -347.07    263.73       0     528     542     538
28275  10  12   900  99999.00  99999.00  99999.00  99999.00  99999.00  99999.00  99999.00  99999.00       0       0      15      14
28275  10  12   850  99999.00  99999.00    920.52   1945.08   -390.22    325.82   -465.92    305.32       0     861     860     848
28275  10  12   800  99999.00  99999.00  99999.00  99999.00  99999.00  99999.00  99999.00  99999.00       0       0      25      24
28275  10  12   700  99999.00  99999.00   2327.06   3574.70   -441.51    242.49   -638.78    293.14       0     845     844     833
28275  10  12   600  99999.00  99999.00  99999.00  99999.00  99999.00  99999.00  99999.00  99999.00       0       0       4       4
28275  10  12   500  99999.00  99999.00   4601.42   6345.62   -568.30     72.14   -753.85    111.83       0     826     828     817
28275  10  12   400  99999.00  99999.00   6014.32   8110.36   -658.96    -62.20   -799.87    -45.91       0     817     818     774
28275  10  12   300  99999.00  99999.00   7770.08  10233.20   -710.45   -282.41   -819.56   -284.96       0     803     806     690
28275  10  12   250  99999.00  99999.00   8907.65  11446.25   -790.50   -312.30   -849.81   -364.65       0     794     798     680
28275  10  12   200  99999.00  99999.00  10434.38  12752.54   -893.48   -234.56   -928.24   -321.88       0     783     781     668
28275  10  12   150  99999.00  99999.00  12405.94  14439.22   -794.92   -320.32   -866.44   -389.44       0     775     775     660
28275  10  12   100  99999.00  99999.00  15054.38  16938.02   -755.55   -383.79   -867.27   -432.63       0     743     743     626
28275  10  12    80  99999.00  99999.00  99999.00  99999.00  99999.00  99999.00  99999.00  99999.00       0       0       7       6
28275  10  12    70  99999.00  99999.00  17270.33  19232.69   -761.59   -401.71   -891.54   -445.02       0     671     675     580
28275  10  12    60  99999.00  99999.00  99999.00  99999.00  99999.00  99999.00  99999.00  99999.00       0       0      22      21
28275  10  12    50  99999.00  99999.00  19377.73  21359.41   -779.83   -406.87   -918.11   -449.87       0     594     603     513
28275  10  12    40  99999.00  99999.00  99999.00  99999.00  99999.00  99999.00  99999.00  99999.00       0       0      19      13
28275  10  12    30  99999.00  99999.00  22461.70  24692.26   -810.72   -379.20   -952.88   -431.96       0     467     470     398
28275  10  12    20  99999.00  99999.00  24779.65  27483.37   -843.79   -315.31   -999.03   -369.15       0     338     362     305
28275  10  12    15  99999.00  99999.00  99999.00  99999.00  99999.00  99999.00  99999.00  99999.00       0       0      45      34
28275  10  12    10  99999.00  99999.00  29032.88  32210.12   -861.31   -178.51  -1005.66   -266.34       0     113     137      98
28275  10  12     7  99999.00  99999.00  99999.00  99999.00  99999.00  99999.00  99999.00  99999.00       0       0      20      14
28275  10  12     5  99999.00  99999.00  99999.00  99999.00  99999.00  99999.00  99999.00  99999.00       0       0      12       8
28275  10  12     3  99999.00  99999.00  99999.00  99999.00  99999.00  99999.00  99999.00  99999.00       0       0       2       2
28275  10  12     2  99999.00  99999.00  99999.00  99999.00  99999.00  99999.00  99999.00  99999.00       0       0       0       0
28275  10  12     1  99999.00  99999.00  99999.00  99999.00  99999.00  99999.00  99999.00  99999.00       0       0       1       1
28275  11  12  9999    939.86   1084.94  99999.00  99999.00   -501.52    369.20   -101.44    162.92     764       0     763     763
28275  11  12  1000  99999.00  99999.00   -275.71    617.45   -495.88    352.64   -532.94    329.98       0     671     670     660
28275  11  12   925  99999.00  99999.00    218.79   1281.99   -454.20    316.20   -500.04    291.36       0     490     518     513
28275  11  12   900  99999.00  99999.00  99999.00  99999.00  99999.00  99999.00  99999.00  99999.00       0       0      19      18
28275  11  12   850  99999.00  99999.00    842.72   1972.76   -461.83    291.77   -558.57    290.19       0     798     798     784
28275  11  12   800  99999.00  99999.00  99999.00  99999.00  99999.00  99999.00  99999.00  99999.00       0       0      15      15
28275  11  12   700  99999.00  99999.00   2243.72   3554.36   -502.23    212.01   -648.70    233.78       0     789     789     777
28275  11  12   600  99999.00  99999.00  99999.00  99999.00  99999.00  99999.00  99999.00  99999.00       0       0       8       8
28275  11  12   500  99999.00  99999.00   4483.46   6268.22   -631.72     46.88   -764.86     58.22       0     773     773     756
28275  11  12   400  99999.00  99999.00   5860.93   8007.85   -698.46   -108.78   -802.73   -111.53       0     763     763     697
28275  11  12   300  99999.00  99999.00   7627.02  10058.34   -728.26   -332.26   -808.65   -349.77       0     750     749     639
28275  11  12   250  99999.00  99999.00   8779.97  11225.21   -827.46   -331.38   -866.82   -389.46       0     730     731     623
28275  11  12   200  99999.00  99999.00  10285.33  12520.09   -927.76   -260.44   -951.78   -341.82       0     720     721     614
28275  11  12   150  99999.00  99999.00  12195.46  14216.14   -839.11   -338.47   -884.94   -412.86       0     693     695     590
28275  11  12   100  99999.00  99999.00  14753.13  16719.69   -823.93   -392.17   -886.14   -462.30       0     640     648     549
28275  11  12    80  99999.00  99999.00  99999.00  99999.00  99999.00  99999.00  99999.00  99999.00       0       0      13      10
28275  11  12    70  99999.00  99999.00  16852.12  19037.80  -2745.69   1456.23   -927.82   -473.86       0     562     563     475
28275  11  12    60  99999.00  99999.00  99999.00  99999.00  99999.00  99999.00  99999.00  99999.00       0       0      13      10
28275  11  12    50  99999.00  99999.00  18780.95  21226.43  -2910.02   1576.54   -974.89   -472.57       0     482     492     413
28275  11  12    40  99999.00  99999.00  99999.00  99999.00  99999.00  99999.00  99999.00  99999.00       0       0      21      15
28275  11  12    30  99999.00  99999.00  21600.20  24657.20   -989.30   -341.90  -1113.77   -379.73       0     322     334     283
28275  11  12    20  99999.00  99999.00  23819.67  27418.47  -1013.45   -295.73  -1080.83   -402.59       0     205     217     177
28275  11  12    15  99999.00  99999.00  99999.00  99999.00  99999.00  99999.00  99999.00  99999.00       0       0      22      19
28275  11  12    10  99999.00  99999.00  99999.00  99999.00  99999.00  99999.00  99999.00  99999.00       0      40      46      32
28275  11  12     7  99999.00  99999.00  99999.00  99999.00  99999.00  99999.00  99999.00  99999.00       0       0       7       4
28275  11  12     5  99999.00  99999.00  99999.00  99999.00  99999.00  99999.00  99999.00  99999.00       0       0       2       0
28275  11  12     3  99999.00  99999.00  99999.00  99999.00  99999.00  99999.00  99999.00  99999.00       0       0       0       0
28275  11  12     2  99999.00  99999.00  99999.00  99999.00  99999.00  99999.00  99999.00  99999.00       0       0       1       0
28275  11  12     1  99999.00  99999.00  99999.00  99999.00  99999.00  99999.00  99999.00  99999.00       0       0       0       0
28275  12  12  9999    940.66   1088.98  99999.00  99999.00   -677.08    380.00    -60.78    115.98     816       0     816     816
28275  12  12  1000  99999.00  99999.00   -281.61    636.51   -610.04    331.24   -661.67    327.61       0     754     751     737
28275  12  12   925  99999.00  99999.00    216.84   1304.40   -495.34    275.54   -537.62    244.66       0     547     568     566
28275  12  12   900  99999.00  99999.00  99999.00  99999.00  99999.00  99999.00  99999.00  99999.00       0       0      20      19
28275  12  12   850  99999.00  99999.00    818.21   1986.17   -476.68    249.08   -568.94    241.06       0     852     853     837
28275  12  12   800  99999.00  99999.00  99999.00  99999.00  99999.00  99999.00  99999.00  99999.00       0       0      14      14
28275  12  12   700  99999.00  99999.00   2202.47   3553.79   -508.20    163.44   -648.64    175.76       0     839     840     822
28275  12  12   600  99999.00  99999.00  99999.00  99999.00  99999.00  99999.00  99999.00  99999.00       0       0      16      15
28275  12  12   500  99999.00  99999.00   4449.63   6207.51   -630.28    -11.44   -767.53      1.67       0     819     817     788
28275  12  12   400  99999.00  99999.00   5840.57   7897.49   -691.52   -169.40   -806.35   -164.23       0     806     812     707
28275  12  12   300  99999.00  99999.00   7620.12   9888.12   -753.26   -351.98   -841.20   -372.36       0     789     788     667
28275  12  12   250  99999.00  99999.00   8789.09  11017.37   -869.61   -327.09   -916.17   -391.65       0     771     775     654
28275  12  12   200  99999.00  99999.00  10270.20  12310.92   -965.17   -251.05  -1008.76   -329.68       0     752     751     633
28275  12  12   150  99999.00  99999.00  12130.39  14032.27   -904.41   -301.65   -978.46   -362.50       0     729     728     610
28275  12  12   100  99999.00  99999.00  14620.85  16571.93   -909.05   -335.93   -976.33   -413.05       0     682     686     571
28275  12  12    80  99999.00  99999.00  99999.00  99999.00  99999.00  99999.00  99999.00  99999.00       0       0      11       8
28275  12  12    70  99999.00  99999.00  16644.61  18934.33   -960.01   -331.57  -1016.99   -427.67       0     591     591     505
28275  12  12    60  99999.00  99999.00  99999.00  99999.00  99999.00  99999.00  99999.00  99999.00       0       0       6       5
28275  12  12    50  99999.00  99999.00  18488.58  21210.18  -2934.38   1576.66  -1060.11   -426.75       0     488     491     418
28275  12  12    40  99999.00  99999.00  99999.00  99999.00  99999.00  99999.00  99999.00  99999.00       0       0      17      14
28275  12  12    30  99999.00  99999.00  21247.96  24693.64  -3603.45   2201.19  -1107.11   -414.59       0     286     294     245
28275  12  12    20  99999.00  99999.00  23430.91  27443.11  -1105.07   -221.51  -1135.87   -371.83       0     164     178     140
28275  12  12    15  99999.00  99999.00  99999.00  99999.00  99999.00  99999.00  99999.00  99999.00       0       0      16      14
28275  12  12    10  99999.00  99999.00  99999.00  99999.00  99999.00  99999.00  99999.00  99999.00       0      33      47      31
28275  12  12     7  99999.00  99999.00  99999.00  99999.00  99999.00  99999.00  99999.00  99999.00       0       0       3       2
28275  12  12     5  99999.00  99999.00  99999.00  99999.00  99999.00  99999.00  99999.00  99999.00       0       0       2       0
28275  12  12     3  99999.00  99999.00  99999.00  99999.00  99999.00  99999.00  99999.00  99999.00       0       0       0       0
28275  12  12     2  99999.00  99999.00  99999.00  99999.00  99999.00  99999.00  99999.00  99999.00       0       0       0       0
28275  12  12     1  99999.00  99999.00  99999.00  99999.00  99999.00  99999.00  99999.00  99999.00       0       0       0       0
