28225  01  00  9999    911.91   1080.51  99999.00  99999.00   -612.34    349.34    -70.55    123.49     620       0     620     619
28225  01  00  1000  99999.00  99999.00   -111.76    588.56   -590.58    293.58   -630.50    272.14       0     327     327     321
28225  01  00   925  99999.00  99999.00    121.14   1384.98  -2616.93   2359.83   -506.50    223.10       0     453     456     446
28225  01  00   900  99999.00  99999.00  99999.00  99999.00  99999.00  99999.00  99999.00  99999.00       0       0      13      13
28225  01  00   850  99999.00  99999.00  -2052.02   4766.14   -445.47    208.77   -544.45    225.11       0     832     834     811
28225  01  00   800  99999.00  99999.00  99999.00  99999.00  99999.00  99999.00  99999.00  99999.00       0       0       9       8
28225  01  00   700  99999.00  99999.00  -1911.02   7526.62  -2031.88   1657.40   -646.03    175.85       0     819     826     803
28225  01  00   600  99999.00  99999.00  99999.00  99999.00  99999.00  99999.00  99999.00  99999.00       0       0       7       7
28225  01  00   500  99999.00  99999.00   4384.01   6215.33   -616.73    -35.93   -748.96    -15.16       0     813     813     760
28225  01  00   400  99999.00  99999.00   3036.78  10595.22   -681.41   -186.53   -816.18   -147.30       0     773     767     452
28225  01  00   300  99999.00  99999.00   7569.26   9865.46   -747.03   -371.43   -858.39   -374.19       0     758     760     380
28225  01  00   250  99999.00  99999.00   8736.69  10983.33  -3278.92   2014.88   -938.54   -397.10       0     709     710     298
28225  01  00   200  99999.00  99999.00  10208.74  12268.66  -4378.70   3048.94  -1090.00   -283.48       0     690     693     291
28225  01  00   150  99999.00  99999.00  12016.36  14014.36  -3743.80   2450.24  -1013.94   -351.54       0     670     667     275
28225  01  00   100  99999.00  99999.00  14366.64  16665.00  -3847.30   2505.62  -1040.98   -377.50       0     631     631     251
28225  01  00    80  99999.00  99999.00  99999.00  99999.00  99999.00  99999.00  99999.00  99999.00       0       0       5       0
28225  01  00    70  99999.00  99999.00  16365.30  18981.30  -1038.86   -292.70  -1099.21   -375.49       0     478     479     187
28225  01  00    60  99999.00  99999.00  99999.00  99999.00  99999.00  99999.00  99999.00  99999.00       0       0      15       6
28225  01  00    50  99999.00  99999.00  18153.21  21291.57  -1094.84   -255.20  -1141.46   -345.74       0     377     381     137
28225  01  00    40  99999.00  99999.00  99999.00  99999.00  99999.00  99999.00  99999.00  99999.00       0       0      16       7
28225  01  00    30  99999.00  99999.00  20858.34  24875.70  -1171.94   -150.14  -1187.98   -238.78       0     228     237      64
28225  01  00    20  99999.00  99999.00  22854.04  27993.52  -1207.25    -22.25  99999.00  99999.00       0     127     136      37
28225  01  00    15  99999.00  99999.00  99999.00  99999.00  99999.00  99999.00  99999.00  99999.00       0       0      21       6
28225  01  00    10  99999.00  99999.00  99999.00  99999.00  99999.00  99999.00  99999.00  99999.00       0      18      21      11
28225  01  00     7  99999.00  99999.00  99999.00  99999.00  99999.00  99999.00  99999.00  99999.00       0       0       3       3
28225  01  00     5  99999.00  99999.00  99999.00  99999.00  99999.00  99999.00  99999.00  99999.00       0       0       2       2
28225  01  00     3  99999.00  99999.00  99999.00  99999.00  99999.00  99999.00  99999.00  99999.00       0       0       0       0
28225  01  00     2  99999.00  99999.00  99999.00  99999.00  99999.00  99999.00  99999.00  99999.00       0       0       0       0
28225  01  00     1  99999.00  99999.00  99999.00  99999.00  99999.00  99999.00  99999.00  99999.00       0       0       0       0
28225  02  00  9999    910.06   1087.54  99999.00  99999.00   -597.05    319.03    -79.07    138.97     561       0     561     559
28225  02  00  1000  99999.00  99999.00   -142.06    648.14   -532.75    250.73   -579.76    230.60       0     339     342     317
28225  02  00   925  99999.00  99999.00     65.54   1443.98   -487.74    230.10   -531.93    203.07       0     412     417     406
28225  02  00   900  99999.00  99999.00  99999.00  99999.00  99999.00  99999.00  99999.00  99999.00       0       0      11      11
28225  02  00   850  99999.00  99999.00  -1198.75   3977.81   -444.58    199.94   -556.07    213.61       0     752     753     713
28225  02  00   800  99999.00  99999.00  99999.00  99999.00  99999.00  99999.00  99999.00  99999.00       0       0       7       7
28225  02  00   700  99999.00  99999.00   2100.89   3643.49   -486.62    127.06   -628.33    144.59       0     742     749     704
28225  02  00   600  99999.00  99999.00  99999.00  99999.00  99999.00  99999.00  99999.00  99999.00       0       0       4       4
28225  02  00   500  99999.00  99999.00   4350.28   6281.44   -609.29    -46.13   -722.66    -44.42       0     740     746     674
28225  02  00   400  99999.00  99999.00   5746.59   7955.43   -676.19   -197.63   -792.29   -179.21       0     703     707     413
28225  02  00   300  99999.00  99999.00   7489.82   9961.70   -742.22   -378.86   -837.09   -399.69       0     700     704     352
28225  02  00   250  99999.00  99999.00   8662.82  11081.42   -877.15   -336.19   -954.71   -393.59       0     642     643     266
28225  02  00   200  99999.00  99999.00  10121.57  12389.21  -1002.07   -227.23  -1075.91   -288.95       0     631     633     258
28225  02  00   150  99999.00  99999.00  11931.92  14149.64   -965.09   -244.25  -1035.50   -310.94       0     612     616     253
28225  02  00   100  99999.00  99999.00  14260.77  16851.93  -1011.98   -228.98  -1078.46   -316.82       0     576     581     238
28225  02  00    80  99999.00  99999.00  99999.00  99999.00  99999.00  99999.00  99999.00  99999.00       0       0       6       3
28225  02  00    70  99999.00  99999.00  16232.10  19228.86  -1057.61   -223.25  -1084.79   -357.71       0     457     458     176
28225  02  00    60  99999.00  99999.00  99999.00  99999.00  99999.00  99999.00  99999.00  99999.00       0       0      11       6
28225  02  00    50  99999.00  99999.00  18113.32  21519.04  -1074.61   -207.13  -1089.53   -355.61       0     403     405     149
28225  02  00    40  99999.00  99999.00  99999.00  99999.00  99999.00  99999.00  99999.00  99999.00       0       0      16       9
28225  02  00    30  99999.00  99999.00  20990.80  25002.64  -1084.09   -172.09  -1060.41   -368.13       0     284     293      90
28225  02  00    20  99999.00  99999.00  23234.03  27880.91  -1071.38   -122.66  99999.00  99999.00       0     170     181      57
28225  02  00    15  99999.00  99999.00  99999.00  99999.00  99999.00  99999.00  99999.00  99999.00       0       0      28       7
28225  02  00    10  99999.00  99999.00  99999.00  99999.00  99999.00  99999.00  99999.00  99999.00       0      29      36      18
28225  02  00     7  99999.00  99999.00  99999.00  99999.00  99999.00  99999.00  99999.00  99999.00       0       0       6       3
28225  02  00     5  99999.00  99999.00  99999.00  99999.00  99999.00  99999.00  99999.00  99999.00       0       0       0       0
28225  02  00     3  99999.00  99999.00  99999.00  99999.00  99999.00  99999.00  99999.00  99999.00       0       0       0       0
28225  02  00     2  99999.00  99999.00  99999.00  99999.00  99999.00  99999.00  99999.00  99999.00       0       0       0       0
28225  02  00     1  99999.00  99999.00  99999.00  99999.00  99999.00  99999.00  99999.00  99999.00       0       0       0       0
28225  03  00  9999    914.15   1078.31  99999.00  99999.00   -395.21    264.79   -101.28    164.16     709       0     709     705
28225  03  00  1000  99999.00  99999.00   -104.34    572.22   -397.74    253.50   -448.89    218.91       0     360     362     345
28225  03  00   925  99999.00  99999.00    152.89   1344.61  -2375.54   2213.02   -457.07    237.97       0     534     542     527
28225  03  00   900  99999.00  99999.00  99999.00  99999.00  99999.00  99999.00  99999.00  99999.00       0       0      17      14
28225  03  00   850  99999.00  99999.00   -965.33   3768.55   -399.58    220.94   -517.08    228.96       0     904     909     857
28225  03  00   800  99999.00  99999.00  99999.00  99999.00  99999.00  99999.00  99999.00  99999.00       0       0      19      19
28225  03  00   700  99999.00  99999.00   2181.28   3616.00   -463.92    153.96   -626.58    177.06       0     899     901     853
28225  03  00   600  99999.00  99999.00  99999.00  99999.00  99999.00  99999.00  99999.00  99999.00       0       0      15      14
28225  03  00   500  99999.00  99999.00   4445.13   6281.85   -594.37    -17.77   -709.55    -24.95       0     897     899     845
28225  03  00   400  99999.00  99999.00   5865.61   7963.33   -664.79   -165.59   -767.47   -159.43       0     853     856     585
28225  03  00   300  99999.00  99999.00   7651.99   9969.79   -721.98   -353.82   -857.03   -330.23       0     842     841     398
28225  03  00   250  99999.00  99999.00   8839.26  11084.46   -865.98   -299.70   -917.13   -353.49       0     749     752     284
28225  03  00   200  99999.00  99999.00  10332.97  12385.93  -3573.80   2347.96  -1003.90   -276.34       0     739     740     273
28225  03  00   150  99999.00  99999.00  12174.29  14169.17  -4264.86   3040.86   -929.39   -344.87       0     724     723     268
28225  03  00   100  99999.00  99999.00  14576.46  16882.98  -3627.77   2401.27   -940.19   -386.39       0     708     709     265
28225  03  00    80  99999.00  99999.00  99999.00  99999.00  99999.00  99999.00  99999.00  99999.00       0       0      10       4
28225  03  00    70  99999.00  99999.00  16623.84  19275.48  -3036.96   1799.88   -979.81   -394.81       0     553     554     191
28225  03  00    60  99999.00  99999.00  99999.00  99999.00  99999.00  99999.00  99999.00  99999.00       0       0       4       2
28225  03  00    50  99999.00  99999.00  18488.75  21609.35  -3158.78   1899.34  -1042.06   -362.86       0     504     506     173
28225  03  00    40  99999.00  99999.00  99999.00  99999.00  99999.00  99999.00  99999.00  99999.00       0       0      23      12
28225  03  00    30  99999.00  99999.00  21431.29  25071.85   -978.15   -239.67  -1115.84   -308.12       0     369     381     123
28225  03  00    20  99999.00  99999.00  12225.81  39105.69   -971.67   -225.39  -1205.50   -245.98       0     261     272      81
28225  03  00    15  99999.00  99999.00  99999.00  99999.00  99999.00  99999.00  99999.00  99999.00       0       0      39      12
28225  03  00    10  99999.00  99999.00  99999.00  99999.00   -997.46    -72.98  99999.00  99999.00       0      47      64      30
28225  03  00     7  99999.00  99999.00  99999.00  99999.00  99999.00  99999.00  99999.00  99999.00       0       0      11       4
28225  03  00     5  99999.00  99999.00  99999.00  99999.00  99999.00  99999.00  99999.00  99999.00       0       0       4       2
28225  03  00     3  99999.00  99999.00  99999.00  99999.00  99999.00  99999.00  99999.00  99999.00       0       0       0       0
28225  03  00     2  99999.00  99999.00  99999.00  99999.00  99999.00  99999.00  99999.00  99999.00       0       0       0       0
28225  03  00     1  99999.00  99999.00  99999.00  99999.00  99999.00  99999.00  99999.00  99999.00       0       0       0       0
28225  04  00  9999    932.37   1058.85  99999.00  99999.00   -297.76    306.20   -115.18    192.74     663       0     663     663
28225  04  00  1000  99999.00  99999.00    -16.14    454.50   -284.40    301.92   -379.58    293.62       0     283     282     277
28225  04  00   925  99999.00  99999.00    252.63   1280.31  -2408.99   2385.01   -431.36    317.68       0     505     508     499
28225  04  00   900  99999.00  99999.00  99999.00  99999.00  99999.00  99999.00  99999.00  99999.00       0       0       3       3
28225  04  00   850  99999.00  99999.00    893.39   1976.99   -395.02    327.98   -504.95    328.09       0     868     865     844
28225  04  00   800  99999.00  99999.00  99999.00  99999.00  99999.00  99999.00  99999.00  99999.00       0       0      11      11
28225  04  00   700  99999.00  99999.00   2301.65   3590.45   -440.65    212.75   -634.74    264.30       0     859     853     835
28225  04  00   600  99999.00  99999.00  99999.00  99999.00  99999.00  99999.00  99999.00  99999.00       0       0       9       9
28225  04  00   500  99999.00  99999.00   4575.26   6327.02   -571.77     36.99   -729.97     51.35       0     854     853     835
28225  04  00   400  99999.00  99999.00   5981.59   8064.43   -659.01   -104.01   -766.34   -100.22       0     808     814     673
28225  04  00   300  99999.00  99999.00   7769.63  10116.35   -716.83   -306.67   -828.82   -298.06       0     800     796     355
28225  04  00   250  99999.00  99999.00   8951.71  11273.83   -823.98   -301.14   -854.71   -373.39       0     714     715     256
28225  04  00   200  99999.00  99999.00  10453.11  12598.35  -2736.70   1581.98   -914.81   -321.41       0     703     707     252
28225  04  00   150  99999.00  99999.00  12348.77  14376.05  -2740.40   1620.04   -859.32   -378.60       0     690     687     242
28225  04  00   100  99999.00  99999.00  14851.28  17047.64  -2775.77   1631.95   -920.43   -371.91       0     667     669     234
28225  04  00    80  99999.00  99999.00  99999.00  99999.00  99999.00  99999.00  99999.00  99999.00       0       0       8       3
28225  04  00    70  99999.00  99999.00  16976.89  19435.09   -840.22   -303.22   -983.57   -360.41       0     534     535     172
28225  04  00    60  99999.00  99999.00  99999.00  99999.00  99999.00  99999.00  99999.00  99999.00       0       0      11       8
28225  04  00    50  99999.00  99999.00  18950.60  21715.04  -3167.86   1983.14  -1012.73   -343.01       0     486     488     157
28225  04  00    40  99999.00  99999.00  99999.00  99999.00  99999.00  99999.00  99999.00  99999.00       0       0      15       8
28225  04  00    30  99999.00  99999.00  21990.84  25149.00   -845.54   -272.90   -979.34   -356.66       0     397     402     122
28225  04  00    20  99999.00  99999.00  13291.75  38815.39   -820.65   -228.69   -977.65   -307.69       0     294     306      98
28225  04  00    15  99999.00  99999.00  99999.00  99999.00  99999.00  99999.00  99999.00  99999.00       0       0      43      14
28225  04  00    10  99999.00  99999.00   8855.45  52065.65   -780.88    -74.20   -926.09   -268.49       0     129     140      69
28225  04  00     7  99999.00  99999.00  99999.00  99999.00  99999.00  99999.00  99999.00  99999.00       0       0      41      28
28225  04  00     5  99999.00  99999.00  99999.00  99999.00  99999.00  99999.00  99999.00  99999.00       0       0      12       6
28225  04  00     3  99999.00  99999.00  99999.00  99999.00  99999.00  99999.00  99999.00  99999.00       0       0       2       0
28225  04  00     2  99999.00  99999.00  99999.00  99999.00  99999.00  99999.00  99999.00  99999.00       0       0       0       0
28225  04  00     1  99999.00  99999.00  99999.00  99999.00  99999.00  99999.00  99999.00  99999.00       0       0       0       0
28225  05  00  9999    944.16   1044.24  99999.00  99999.00   -221.50    361.10   -130.09    215.15     704       0     702     700
28225  05  00  1000  99999.00  99999.00     32.13    374.97   -214.75    363.89   -310.63    348.53       0     219     218     211
28225  05  00   925  99999.00  99999.00    360.99   1186.71   -313.45    468.35   -354.61    349.79       0     513     514     503
28225  05  00   900  99999.00  99999.00  99999.00  99999.00  99999.00  99999.00  99999.00  99999.00       0       0       6       6
28225  05  00   850  99999.00  99999.00   -930.30   3815.70   -337.47    398.97   -393.72    326.16       0     870     868     830
28225  05  00   800  99999.00  99999.00  99999.00  99999.00  99999.00  99999.00  99999.00  99999.00       0       0       7       7
28225  05  00   700  99999.00  99999.00   2438.08   3560.68   -363.25    237.71   -597.19    334.37       0     865     862     832
28225  05  00   600  99999.00  99999.00  99999.00  99999.00  99999.00  99999.00  99999.00  99999.00       0       0      13      13
28225  05  00   500  99999.00  99999.00   4786.74   6318.42   -490.52     49.24   -711.64    105.08       0     850     853     826
28225  05  00   400  99999.00  99999.00   6259.71   8051.55   -583.16    -91.40   -733.22    -73.46       0     812     815     745
28225  05  00   300  99999.00  99999.00   8104.17  10119.81   -657.14   -297.62   -776.52   -294.48       0     804     807     379
28225  05  00   250  99999.00  99999.00   9294.81  11298.21   -807.35   -267.59   -827.87   -376.55       0     739     747     276
28225  05  00   200  99999.00  99999.00  10838.65  12605.05  -2687.91   1581.93   -887.27   -340.55       0     722     727     264
28225  05  00   150  99999.00  99999.00  12795.58  14366.14  -2677.14   1625.70   -803.70   -408.66       0     699     707     255
28225  05  00   100  99999.00  99999.00  15430.42  16987.06  -2707.73   1633.63   -862.56   -416.64       0     680     690     250
28225  05  00    80  99999.00  99999.00  99999.00  99999.00  99999.00  99999.00  99999.00  99999.00       0       0       4       2
28225  05  00    70  99999.00  99999.00  17671.24  19336.96  -2931.82   1842.74   -934.66   -397.42       0     564     569     201
28225  05  00    60  99999.00  99999.00  99999.00  99999.00  99999.00  99999.00  99999.00  99999.00       0       0      17       9
28225  05  00    50  99999.00  99999.00  19803.86  21547.46  -3024.37   1941.83   -949.94   -399.86       0     519     526     183
28225  05  00    40  99999.00  99999.00  99999.00  99999.00  99999.00  99999.00  99999.00  99999.00       0       0      16      11
28225  05  00    30  99999.00  99999.00  23058.88  24918.28   -650.89   -358.57   -995.29   -356.41       0     471     479     168
28225  05  00    20  99999.00  99999.00  15584.97  37529.25  -2967.11   1972.69  -1008.40   -320.68       0     405     419     148
28225  05  00    15  99999.00  99999.00  99999.00  99999.00  99999.00  99999.00  99999.00  99999.00       0       0      54      17
28225  05  00    10  99999.00  99999.00  30162.30  32413.74   -579.36   -213.96   -970.86   -264.66       0     222     246     117
28225  05  00     7  99999.00  99999.00  99999.00  99999.00 -10888.79   9553.21  99999.00  99999.00       0       0      63      38
28225  05  00     5  99999.00  99999.00  99999.00  99999.00  99999.00  99999.00  99999.00  99999.00       0       0      25      16
28225  05  00     3  99999.00  99999.00  99999.00  99999.00  99999.00  99999.00  99999.00  99999.00       0       0       1       0
28225  05  00     2  99999.00  99999.00  99999.00  99999.00  99999.00  99999.00  99999.00  99999.00       0       0       3       0
28225  05  00     1  99999.00  99999.00  99999.00  99999.00  99999.00  99999.00  99999.00  99999.00       0       0       0       0
28225  06  00  9999    950.36   1031.24  99999.00  99999.00   -136.62    375.54    -93.34    149.30     689       0     689     686
28225  06  00  1000  99999.00  99999.00     81.37    293.77   -158.32    398.12   -215.12    380.68       0      84      83      79
28225  06  00   925  99999.00  99999.00    389.96   1108.52   -178.09    438.47   -218.39    345.49       0     435     440     432
28225  06  00   900  99999.00  99999.00  99999.00  99999.00  99999.00  99999.00  99999.00  99999.00       0       0       8       8
28225  06  00   850  99999.00  99999.00   1051.69   1857.37   -216.19    385.97   -275.88    336.00       0     863     863     839
28225  06  00   800  99999.00  99999.00  99999.00  99999.00  99999.00  99999.00  99999.00  99999.00       0       0      13      13
28225  06  00   700  99999.00  99999.00   2540.47   3517.51   -260.22    238.74   -495.44    343.48       0     848     851     824
28225  06  00   600  99999.00  99999.00  99999.00  99999.00  99999.00  99999.00  99999.00  99999.00       0       0       8       8
28225  06  00   500  99999.00  99999.00   4979.37   6289.41   -402.86     69.46   -655.50    150.42       0     831     831     811
28225  06  00   400  99999.00  99999.00   6497.22   8051.10   -518.86    -47.02   -703.63    -13.99       0     803     797     774
28225  06  00   300  99999.00  99999.00   8366.47  10180.51   -619.21   -244.33   -750.89   -231.77       0     783     791     469
28225  06  00   250  99999.00  99999.00   9529.65  11437.17   -709.44   -295.92   -777.56   -355.88       0     722     732     299
28225  06  00   200  99999.00  99999.00  11068.25  12787.37   -865.89   -173.25   -874.14   -312.06       0     707     715     289
28225  06  00   150  99999.00  99999.00  13069.64  14537.24   -685.30   -300.34   -814.89   -365.85       0     692     696     284
28225  06  00   100  99999.00  99999.00  15778.47  17134.59   -642.75   -371.43   -889.11   -369.63       0     675     687     279
28225  06  00    80  99999.00  99999.00  99999.00  99999.00  99999.00  99999.00  99999.00  99999.00       0       0       6       1
28225  06  00    70  99999.00  99999.00  18141.50  19395.62   -615.26   -401.78   -925.31   -387.35       0     513     517     198
28225  06  00    60  99999.00  99999.00  99999.00  99999.00  99999.00  99999.00  99999.00  99999.00       0       0       3       2
28225  06  00    50  99999.00  99999.00  20346.48  21573.48   -593.34   -409.98   -948.97   -373.33       0     490     495     186
28225  06  00    40  99999.00  99999.00  99999.00  99999.00  99999.00  99999.00  99999.00  99999.00       0       0      10       7
28225  06  00    30  99999.00  99999.00  23676.43  24939.91   -573.89   -383.81   -981.66   -337.02       0     447     453     157
28225  06  00    20  99999.00  99999.00  26340.42  27660.78   -551.49   -336.57   -991.18   -295.06       0     386     398     137
28225  06  00    15  99999.00  99999.00  99999.00  99999.00  99999.00  99999.00  99999.00  99999.00       0       0      47      17
28225  06  00    10  99999.00  99999.00  30897.46  32520.46   -499.10   -230.54   -977.41   -223.45       0     222     246     125
28225  06  00     7  99999.00  99999.00  99999.00  99999.00 -14653.98  12867.18  99999.00  99999.00       0       0      68      42
28225  06  00     5  99999.00  99999.00  99999.00  99999.00  99999.00  99999.00  99999.00  99999.00       0       0      35      24
28225  06  00     3  99999.00  99999.00  99999.00  99999.00  99999.00  99999.00  99999.00  99999.00       0       0       5       0
28225  06  00     2  99999.00  99999.00  99999.00  99999.00  99999.00  99999.00  99999.00  99999.00       0       0       4       0
28225  06  00     1  99999.00  99999.00  99999.00  99999.00  99999.00  99999.00  99999.00  99999.00       0       0       1       0
28225  07  00  9999    954.47   1027.91  99999.00  99999.00    -81.24    363.24    -72.76    117.56     695       0     694     693
28225  07  00  1000  99999.00  99999.00     94.73    270.17    -85.68    365.28   -104.34    326.22       0      65      66      64
28225  07  00   925  99999.00  99999.00    403.14   1114.50   -153.54    453.18   -161.95    337.49       0     461     464     452
28225  07  00   900  99999.00  99999.00  99999.00  99999.00  99999.00  99999.00  99999.00  99999.00       0       0      10      10
28225  07  00   850  99999.00  99999.00   1083.64   1847.08   -166.76    373.72   -204.65    316.75       0     877     872     847
28225  07  00   800  99999.00  99999.00  99999.00  99999.00  99999.00  99999.00  99999.00  99999.00       0       0       9       9
28225  07  00   700  99999.00  99999.00   2590.26   3513.18   -196.65    214.95   -431.39    322.09       0     871     868     849
28225  07  00   600  99999.00  99999.00  99999.00  99999.00  99999.00  99999.00  99999.00  99999.00       0       0       7       7
28225  07  00   500  99999.00  99999.00   5063.97   6291.21   -339.84     48.00   -594.80    121.00       0     860     860     838
28225  07  00   400  99999.00  99999.00   6613.61   8044.85   -466.72    -59.44   -665.41    -26.17       0     822     821     809
28225  07  00   300  99999.00  99999.00   8489.55  10199.19   -600.32   -231.44   -716.54   -238.34       0     814     814     550
28225  07  00   250  99999.00  99999.00   9666.19  11458.15   -676.76   -299.48   -760.28   -351.08       0     745     748     299
28225  07  00   200  99999.00  99999.00  11210.02  12821.26   -843.24   -166.68   -913.08   -260.52       0     734     737     295
28225  07  00   150  99999.00  99999.00  13233.99  14572.59   -667.38   -302.70   -834.02   -341.90       0     718     725     287
28225  07  00   100  99999.00  99999.00  16010.58  17108.46   -646.50   -355.26   -902.69   -349.13       0     690     691     279
28225  07  00    80  99999.00  99999.00  99999.00  99999.00  99999.00  99999.00  99999.00  99999.00       0       0       4       0
28225  07  00    70  99999.00  99999.00  18389.74  19372.78   -618.54   -381.42   -940.41   -362.73       0     541     545     191
28225  07  00    60  99999.00  99999.00  99999.00  99999.00  99999.00  99999.00  99999.00  99999.00       0       0      11       9
28225  07  00    50  99999.00  99999.00  20607.65  21559.61   -582.42   -397.74   -943.68   -368.40       0     518     520     179
28225  07  00    40  99999.00  99999.00  99999.00  99999.00  99999.00  99999.00  99999.00  99999.00       0       0      20      15
28225  07  00    30  99999.00  99999.00  23980.35  24918.51   -554.94   -379.14   -934.73   -368.33       0     471     475     154
28225  07  00    20  99999.00  99999.00  26663.47  27634.75   -529.33   -333.25   -958.38   -320.10       0     404     415     136
28225  07  00    15  99999.00  99999.00  99999.00  99999.00  99999.00  99999.00  99999.00  99999.00       0       0      48      16
28225  07  00    10  99999.00  99999.00  31312.81  32430.25   -483.29   -234.17   -948.30   -256.86       0     236     265     121
28225  07  00     7  99999.00  99999.00  99999.00  99999.00  -7506.82   6579.38  99999.00  99999.00       0       0      68      36
28225  07  00     5  99999.00  99999.00  99999.00  99999.00  99999.00  99999.00  99999.00  99999.00       0       0      44      19
28225  07  00     3  99999.00  99999.00  99999.00  99999.00  99999.00  99999.00  99999.00  99999.00       0       0       9       0
28225  07  00     2  99999.00  99999.00  99999.00  99999.00  99999.00  99999.00  99999.00  99999.00       0       0       0       0
28225  07  00     1  99999.00  99999.00  99999.00  99999.00  99999.00  99999.00  99999.00  99999.00       0       0       0       0
28225  08  00  9999    953.29   1029.73  99999.00  99999.00   -109.60    348.32    -56.74     95.90     662       0     660     657
28225  08  00  1000  99999.00  99999.00     83.96    284.72   -161.39    396.13   -162.92    347.32       0      82      83      80
28225  08  00   925  99999.00  99999.00    403.54   1111.66   -187.03    437.33   -160.01    312.43       0     475     477     468
28225  08  00   900  99999.00  99999.00  99999.00  99999.00  99999.00  99999.00  99999.00  99999.00       0       0       7       7
28225  08  00   850  99999.00  99999.00   1076.86   1837.90   -210.22    368.78   -235.73    307.39       0     808     801     789
28225  08  00   800  99999.00  99999.00  99999.00  99999.00  99999.00  99999.00  99999.00  99999.00       0       0       7       7
28225  08  00   700  99999.00  99999.00   2561.90   3499.70   -235.45    218.39   -462.33    312.51       0     804     802     788
28225  08  00   600  99999.00  99999.00  99999.00  99999.00  99999.00  99999.00  99999.00  99999.00       0       0       9       9
28225  08  00   500  99999.00  99999.00   4996.30   6282.94   -395.63     66.85   -633.79    134.33       0     790     787     776
28225  08  00   400  99999.00  99999.00   6517.54   8040.58   -517.53    -45.81   -697.14    -17.94       0     769     770     750
28225  08  00   300  99999.00  99999.00   8356.76  10199.12   -630.59   -236.39   -744.43   -235.03       0     751     754     449
28225  08  00   250  99999.00  99999.00   9521.44  11446.72   -698.95   -308.47   -832.66   -306.10       0     706     715     317
28225  08  00   200  99999.00  99999.00  11069.28  12791.76   -863.17   -173.29   -906.29   -292.73       0     698     700     313
28225  08  00   150  99999.00  99999.00  13072.60  14534.32   -702.12   -295.56   -841.95   -353.67       0     679     681     299
28225  08  00   100  99999.00  99999.00  15821.41  17078.53   -651.60   -361.20   -900.16   -349.36       0     655     657     296
28225  08  00    80  99999.00  99999.00  99999.00  99999.00  99999.00  99999.00  99999.00  99999.00       0       0       6       4
28225  08  00    70  99999.00  99999.00  18171.37  19356.85   -626.91   -390.87   -962.49   -333.93       0     538     542     242
28225  08  00    60  99999.00  99999.00  99999.00  99999.00  99999.00  99999.00  99999.00  99999.00       0       0      10       9
28225  08  00    50  99999.00  99999.00  20360.69  21542.81   -616.43   -394.07   -938.88   -364.92       0     492     497     220
28225  08  00    40  99999.00  99999.00  99999.00  99999.00  99999.00  99999.00  99999.00  99999.00       0       0      13      10
28225  08  00    30  99999.00  99999.00  23636.30  24944.30   -598.60   -374.56   -964.81   -345.01       0     428     437     193
28225  08  00    20  99999.00  99999.00  26251.86  27688.98   -564.62   -334.70   -963.75   -315.87       0     361     370     171
28225  08  00    15  99999.00  99999.00  99999.00  99999.00  99999.00  99999.00  99999.00  99999.00       0       0      37      19
28225  08  00    10  99999.00  99999.00  30767.12  32547.80   -513.91   -253.99   -996.81   -226.17       0     224     251     148
28225  08  00     7  99999.00  99999.00  99999.00  99999.00  99999.00  99999.00  99999.00  99999.00       0       0      48      30
28225  08  00     5  99999.00  99999.00  99999.00  99999.00  99999.00  99999.00  99999.00  99999.00       0       0      35      13
28225  08  00     3  99999.00  99999.00  99999.00  99999.00  99999.00  99999.00  99999.00  99999.00       0       0      12       0
28225  08  00     2  99999.00  99999.00  99999.00  99999.00  99999.00  99999.00  99999.00  99999.00       0       0       1       0
28225  08  00     1  99999.00  99999.00  99999.00  99999.00  99999.00  99999.00  99999.00  99999.00       0       0       0       0
28225  09  00  9999    941.09   1046.93  99999.00  99999.00   -175.52    328.36    -81.49    121.91     658       0     657     655
28225  09  00  1000  99999.00  99999.00     11.26    402.34   -176.86    330.14   -227.08    332.12       0     199     199     197
28225  09  00   925  99999.00  99999.00    324.33   1216.17   -279.10    423.26   -253.09    317.39       0     485     487     470
28225  09  00   900  99999.00  99999.00  99999.00  99999.00  99999.00  99999.00  99999.00  99999.00       0       0       8       8
28225  09  00   850  99999.00  99999.00    968.41   1929.85   -285.56    345.16   -311.64    295.56       0     846     842     820
28225  09  00   800  99999.00  99999.00  99999.00  99999.00  99999.00  99999.00  99999.00  99999.00       0       0       8       7
28225  09  00   700  99999.00  99999.00   2429.65   3564.97   -335.36    235.12   -519.00    297.48       0     838     837     814
28225  09  00   600  99999.00  99999.00  99999.00  99999.00  99999.00  99999.00  99999.00  99999.00       0       0       6       6
28225  09  00   500  99999.00  99999.00   4784.93   6345.77   -482.13     75.75   -664.36    113.36       0     833     835     826
28225  09  00   400  99999.00  99999.00   6244.29   8116.29   -595.60    -38.80   -716.52    -42.96       0     793     796     761
28225  09  00   300  99999.00  99999.00   8013.56  10288.64   -673.39   -248.23   -765.60   -256.32       0     791     791     415
28225  09  00   250  99999.00  99999.00   9219.04  11485.36   -734.01   -313.53   -791.97   -364.65       0     724     725     299
28225  09  00   200  99999.00  99999.00  10746.45  12825.21   -880.82   -201.14   -900.59   -306.71       0     717     718     296
28225  09  00   150  99999.00  99999.00  12729.77  14545.13   -756.51   -297.39   -823.63   -383.35       0     701     700     291
28225  09  00   100  99999.00  99999.00  15422.31  17074.59   -707.46   -360.78   -851.77   -407.65       0     671     674     286
28225  09  00    80  99999.00  99999.00  99999.00  99999.00  99999.00  99999.00  99999.00  99999.00       0       0       3       1
28225  09  00    70  99999.00  99999.00  17735.53  19334.17   -685.80   -397.56   -898.13   -413.21       0     530     530     211
28225  09  00    60  99999.00  99999.00  99999.00  99999.00  99999.00  99999.00  99999.00  99999.00       0       0       6       3
28225  09  00    50  99999.00  99999.00  19850.12  21520.64   -688.14   -405.06   -903.45   -433.17       0     483     483     196
28225  09  00    40  99999.00  99999.00  99999.00  99999.00  99999.00  99999.00  99999.00  99999.00       0       0      23      10
28225  09  00    30  99999.00  99999.00  23007.25  24893.65   -689.62   -393.94   -942.81   -412.77       0     399     403     168
28225  09  00    20  99999.00  99999.00  25437.39  27671.31   -705.71   -334.67   -949.61   -395.21       0     301     316     147
28225  09  00    15  99999.00  99999.00  99999.00  99999.00  99999.00  99999.00  99999.00  99999.00       0       0      37      19
28225  09  00    10  99999.00  99999.00  29643.31  32586.07   -677.59   -224.95   -952.86   -303.18       0     147     157     100
28225  09  00     7  99999.00  99999.00  99999.00  99999.00  99999.00  99999.00  99999.00  99999.00       0       0      46      34
28225  09  00     5  99999.00  99999.00  99999.00  99999.00  99999.00  99999.00  99999.00  99999.00       0       0      18      12
28225  09  00     3  99999.00  99999.00  99999.00  99999.00  99999.00  99999.00  99999.00  99999.00       0       0       1       0
28225  09  00     2  99999.00  99999.00  99999.00  99999.00  99999.00  99999.00  99999.00  99999.00       0       0       0       0
28225  09  00     1  99999.00  99999.00  99999.00  99999.00  99999.00  99999.00  99999.00  99999.00       0       0       0       0
28225  10  00  9999    934.09   1054.69  99999.00  99999.00   -258.88    300.56    -81.88    131.48     648       0     648     647
28225  10  00  1000  99999.00  99999.00    -32.02    463.94   -285.03    320.13   -303.17    281.59       0     255     255     250
28225  10  00   925  99999.00  99999.00    278.43   1230.63   -332.36    337.84   -336.73    278.03       0     488     488     476
28225  10  00   900  99999.00  99999.00  99999.00  99999.00  99999.00  99999.00  99999.00  99999.00       0       0       9       9
28225  10  00   850  99999.00  99999.00    892.02   1957.74   -371.02    317.78   -441.08    310.24       0     853     856     839
28225  10  00   800  99999.00  99999.00  99999.00  99999.00  99999.00  99999.00  99999.00  99999.00       0       0       6       5
28225  10  00   700  99999.00  99999.00   2306.47   3582.19   -435.24    247.56   -622.98    299.82       0     848     849     836
28225  10  00   600  99999.00  99999.00  99999.00  99999.00  99999.00  99999.00  99999.00  99999.00       0       0      11      11
28225  10  00   500  99999.00  99999.00   4583.77   6364.69   -567.78     86.58   -741.00    111.84       0     840     839     828
28225  10  00   400  99999.00  99999.00   6002.67   8140.35   -647.65    -50.89   -772.84    -45.16       0     797     798     720
28225  10  00   300  99999.00  99999.00   7787.87  10248.35   -692.49   -275.61   -816.28   -270.76       0     777     781     406
28225  10  00   250  99999.00  99999.00   8936.67  11465.07   -767.24   -317.84   -864.34   -349.78       0     704     705     269
28225  10  00   200  99999.00  99999.00  10449.12  12791.64   -899.02   -226.54   -974.43   -300.75       0     694     695     267
28225  10  00   150  99999.00  99999.00  12418.89  14474.73   -797.70   -315.18   -918.61   -364.45       0     673     677     257
28225  10  00   100  99999.00  99999.00  15069.19  16967.47   -752.96   -387.44   -966.40   -374.20       0     627     628     239
28225  10  00    80  99999.00  99999.00  99999.00  99999.00  99999.00  99999.00  99999.00  99999.00       0       0       4       0
28225  10  00    70  99999.00  99999.00  17325.31  19182.31   -754.98   -416.70   -993.91   -399.31       0     514     515     199
28225  10  00    60  99999.00  99999.00  99999.00  99999.00  99999.00  99999.00  99999.00  99999.00       0       0       9       5
28225  10  00    50  99999.00  99999.00  19390.88  21330.20   -777.71   -423.83  -1035.18   -391.62       0     464     465     180
28225  10  00    40  99999.00  99999.00  99999.00  99999.00  99999.00  99999.00  99999.00  99999.00       0       0      13       5
28225  10  00    30  99999.00  99999.00  22424.85  24661.17   -806.09   -410.69  -1061.73   -388.29       0     362     368     139
28225  10  00    20  99999.00  99999.00  24801.61  27359.29   -821.71   -372.79  -1066.14   -375.30       0     221     235     107
28225  10  00    15  99999.00  99999.00  99999.00  99999.00  99999.00  99999.00  99999.00  99999.00       0       0      30      14
28225  10  00    10  99999.00  99999.00  29003.14  31909.42   -818.10   -255.06  99999.00  99999.00       0      78      90      54
28225  10  00     7  99999.00  99999.00  99999.00  99999.00  99999.00  99999.00  99999.00  99999.00       0       0      21      14
28225  10  00     5  99999.00  99999.00  99999.00  99999.00  99999.00  99999.00  99999.00  99999.00       0       0       4       1
28225  10  00     3  99999.00  99999.00  99999.00  99999.00  99999.00  99999.00  99999.00  99999.00       0       0       0       0
28225  10  00     2  99999.00  99999.00  99999.00  99999.00  99999.00  99999.00  99999.00  99999.00       0       0       0       0
28225  10  00     1  99999.00  99999.00  99999.00  99999.00  99999.00  99999.00  99999.00  99999.00       0       0       0       0
28225  11  00  9999    923.41   1070.29  99999.00  99999.00   -453.86    347.14    -66.47    112.09     645       0     645     643
28225  11  00  1000  99999.00  99999.00    -94.51    563.21   -486.47    328.93   -545.84    335.44       0     312     313     307
28225  11  00   925  99999.00  99999.00    206.58   1315.02  -2519.79   2366.25   -467.93    296.23       0     474     480     469
28225  11  00   900  99999.00  99999.00  99999.00  99999.00  99999.00  99999.00  99999.00  99999.00       0       0      11      11
28225  11  00   850  99999.00  99999.00  -1066.64   3865.60  -1970.09   1797.43   -536.66    302.98       0     815     815     794
28225  11  00   800  99999.00  99999.00  99999.00  99999.00  99999.00  99999.00  99999.00  99999.00       0       0       8       8
28225  11  00   700  99999.00  99999.00   2225.56   3591.16   -481.41    213.87   -656.05    259.91       0     806     806     792
28225  11  00   600  99999.00  99999.00  99999.00  99999.00  99999.00  99999.00  99999.00  99999.00       0       0       5       5
28225  11  00   500  99999.00  99999.00   4488.47   6306.83   -613.43     51.61   -765.87     74.61       0     800     798     780
28225  11  00   400  99999.00  99999.00   5890.84   8039.92   -677.22   -102.18   -797.96    -79.04       0     760     764     604
28225  11  00   300  99999.00  99999.00   7644.96  10120.68   -704.05   -331.57   -845.90   -295.58       0     752     750     402
28225  11  00   250  99999.00  99999.00   8814.38  11286.50   -803.62   -341.02   -922.03   -333.07       0     700     702     310
28225  11  00   200  99999.00  99999.00  10322.86  12585.94   -928.61   -256.97   -974.27   -332.27       0     691     692     304
28225  11  00   150  99999.00  99999.00  12246.77  14267.93   -833.15   -339.11   -893.27   -410.75       0     672     677     297
28225  11  00   100  99999.00  99999.00  14845.21  16739.17   -810.61   -401.29   -915.46   -449.38       0     647     649     280
28225  11  00    80  99999.00  99999.00  99999.00  99999.00  99999.00  99999.00  99999.00  99999.00       0       0       9       5
28225  11  00    70  99999.00  99999.00  17036.45  18966.17   -829.18   -426.10   -945.55   -477.31       0     502     504     201
28225  11  00    60  99999.00  99999.00  99999.00  99999.00  99999.00  99999.00  99999.00  99999.00       0       0       9       5
28225  11  00    50  99999.00  99999.00  19002.87  21122.91  -3319.28   1976.32   -988.02   -494.34       0     449     452     185
28225  11  00    40  99999.00  99999.00  99999.00  99999.00  99999.00  99999.00  99999.00  99999.00       0       0      21      15
28225  11  00    30  99999.00  99999.00  21891.31  24440.95   -957.27   -390.15  -1163.45   -381.05       0     305     316     123
28225  11  00    20  99999.00  99999.00   8842.01  41951.45   -997.88   -353.84  -1070.33   -488.93       0     168     184      78
28225  11  00    15  99999.00  99999.00  99999.00  99999.00  99999.00  99999.00  99999.00  99999.00       0       0      23      12
28225  11  00    10  99999.00  99999.00  99999.00  99999.00  99999.00  99999.00  99999.00  99999.00       0      24      33      14
28225  11  00     7  99999.00  99999.00  99999.00  99999.00  99999.00  99999.00  99999.00  99999.00       0       0       3       1
28225  11  00     5  99999.00  99999.00  99999.00  99999.00  99999.00  99999.00  99999.00  99999.00       0       0       3       0
28225  11  00     3  99999.00  99999.00  99999.00  99999.00  99999.00  99999.00  99999.00  99999.00       0       0       0       0
28225  11  00     2  99999.00  99999.00  99999.00  99999.00  99999.00  99999.00  99999.00  99999.00       0       0       0       0
28225  11  00     1  99999.00  99999.00  99999.00  99999.00  99999.00  99999.00  99999.00  99999.00       0       0       0       0
28225  12  00  9999    920.23   1075.63  99999.00  99999.00   -584.33    348.79    -61.12    110.60     625       0     624     621
28225  12  00  1000  99999.00  99999.00   -129.08    606.28   -557.60    297.04   -613.45    299.87       0     309     308     301
28225  12  00   925  99999.00  99999.00    205.12   1325.56  -3676.26   3391.98   -512.51    244.69       0     446     448     433
28225  12  00   900  99999.00  99999.00  99999.00  99999.00  99999.00  99999.00  99999.00  99999.00       0       0      16      16
28225  12  00   850  99999.00  99999.00  -3549.92   6230.80  -2023.09   1787.51   -545.75    247.57       0     791     789     770
28225  12  00   800  99999.00  99999.00  99999.00  99999.00  99999.00  99999.00  99999.00  99999.00       0       0       6       5
28225  12  00   700  99999.00  99999.00  -2008.10   7660.18  -2074.61   1730.35   -658.43    201.73       0     780     783     769
28225  12  00   600  99999.00  99999.00  99999.00  99999.00  99999.00  99999.00  99999.00  99999.00       0       0       7       7
28225  12  00   500  99999.00  99999.00   1891.55   8743.91   -619.56      2.16   -747.81     14.91       0     776     773     738
28225  12  00   400  99999.00  99999.00   5828.13   7946.13   -684.40   -149.08   -802.28   -115.16       0     743     747     466
28225  12  00   300  99999.00  99999.00   7602.47   9961.67   -720.67   -361.03   -833.40   -349.80       0     734     731     351
28225  12  00   250  99999.00  99999.00   8770.03  11094.31   -837.73   -344.65   -912.83   -393.35       0     665     664     253
28225  12  00   200  99999.00  99999.00  10270.07  12378.95  -4505.53   3204.47  -1054.02   -314.94       0     639     645     243
28225  12  00   150  99999.00  99999.00  12145.67  14088.95  -4552.09   3262.91   -965.69   -389.33       0     626     627     233
28225  12  00   100  99999.00  99999.00  14622.84  16650.60  -3901.57   2597.63   -985.21   -417.49       0     601     604     227
28225  12  00    80  99999.00  99999.00  99999.00  99999.00  99999.00  99999.00  99999.00  99999.00       0       0       8       4
28225  12  00    70  99999.00  99999.00  16657.94  19011.50  -3373.55   2037.61  -1045.04   -427.52       0     436     436     139
28225  12  00    60  99999.00  99999.00  99999.00  99999.00  99999.00  99999.00  99999.00  99999.00       0       0       6       2
28225  12  00    50  99999.00  99999.00  18559.51  21243.67  -3609.56   2227.00  -1081.26   -437.46       0     371     373     116
28225  12  00    40  99999.00  99999.00  99999.00  99999.00  99999.00  99999.00  99999.00  99999.00       0       0      10       5
28225  12  00    30  99999.00  99999.00  21470.02  24569.26  -1022.34   -335.70  -1103.84   -446.48       0     248     254      70
28225  12  00    20  99999.00  99999.00   5988.01  44386.21  -1107.39   -248.91  99999.00  99999.00       0     124     137      35
28225  12  00    15  99999.00  99999.00  99999.00  99999.00  99999.00  99999.00  99999.00  99999.00       0       0      22       5
28225  12  00    10  99999.00  99999.00  99999.00  99999.00  99999.00  99999.00  99999.00  99999.00       0      13      17       2
28225  12  00     7  99999.00  99999.00  99999.00  99999.00  99999.00  99999.00  99999.00  99999.00       0       0       3       0
28225  12  00     5  99999.00  99999.00  99999.00  99999.00  99999.00  99999.00  99999.00  99999.00       0       0       2       0
28225  12  00     3  99999.00  99999.00  99999.00  99999.00  99999.00  99999.00  99999.00  99999.00       0       0       0       0
28225  12  00     2  99999.00  99999.00  99999.00  99999.00  99999.00  99999.00  99999.00  99999.00       0       0       0       0
28225  12  00     1  99999.00  99999.00  99999.00  99999.00  99999.00  99999.00  99999.00  99999.00       0       0       0       0
