34172  01  00  9999    930.70   1069.06  99999.00  99999.00   -508.76    316.72    -67.99    112.61     650       0     650     650
34172  01  00  1000  99999.00  99999.00    -80.01    546.51   -470.40    238.80   -534.54    251.94       0     350     351     349
34172  01  00   925  99999.00  99999.00    246.58   1293.46   -374.05    215.99   -496.71    269.61       0     382     403     403
34172  01  00   900  99999.00  99999.00  99999.00  99999.00  99999.00  99999.00  99999.00  99999.00       0       0      60      60
34172  01  00   850  99999.00  99999.00    904.48   1945.72   -394.43    224.29   -574.80    294.36       0     698     697     694
34172  01  00   800  99999.00  99999.00  99999.00  99999.00  99999.00  99999.00  99999.00  99999.00       0       0      46      46
34172  01  00   700  99999.00  99999.00   2325.59   3504.71  -2420.46   2094.30   -667.14    219.78       0     699     698     696
34172  01  00   600  99999.00  99999.00  99999.00  99999.00  99999.00  99999.00  99999.00  99999.00       0       0      39      39
34172  01  00   500  99999.00  99999.00   4619.02   6154.18   -581.86    -17.26   -759.74     23.98       0     698     700     700
34172  01  00   400  99999.00  99999.00   6043.00   7838.56   -664.84   -156.16   -795.08   -150.32       0     695     697     697
34172  01  00   300  99999.00  99999.00   7829.81   9848.93   -736.44   -344.88   -829.30   -362.26       0     697     695     693
34172  01  00   250  99999.00  99999.00   8987.95  11004.31   -844.03   -339.91   -917.44   -375.52       0     690     690     689
34172  01  00   200  99999.00  99999.00  10440.10  12339.58   -927.90   -272.34   -974.47   -337.15       0     682     684     682
34172  01  00   150  99999.00  99999.00  12257.18  14127.26   -862.84   -311.92   -924.07   -375.43       0     675     675     674
34172  01  00   100  99999.00  99999.00  14672.45  16789.37   -875.61   -331.41   -950.50   -393.46       0     667     667     666
34172  01  00    80  99999.00  99999.00  99999.00  99999.00  99999.00  99999.00  99999.00  99999.00       0       0      14      14
34172  01  00    70  99999.00  99999.00  16705.69  19186.33   -923.12   -320.72   -997.29   -392.25       0     641     643     643
34172  01  00    60  99999.00  99999.00  99999.00  99999.00  99999.00  99999.00  99999.00  99999.00       0       0      20      20
34172  01  00    50  99999.00  99999.00  18617.93  21439.49   -968.03   -295.91  -1036.75   -379.51       0     607     613     612
34172  01  00    40  99999.00  99999.00  99999.00  99999.00  99999.00  99999.00  99999.00  99999.00       0       0      41      41
34172  01  00    30  99999.00  99999.00  21448.58  24918.86  -1049.01   -221.49  -1104.42   -327.42       0     551     557     555
34172  01  00    20  99999.00  99999.00  23704.03  27712.39  -1117.65   -119.61  -1141.82   -270.50       0     453     462     460
34172  01  00    15  99999.00  99999.00  99999.00  99999.00  99999.00  99999.00  99999.00  99999.00       0       0      58      58
34172  01  00    10  99999.00  99999.00  27419.26  32780.74  -1247.28    104.88  -1232.27   -118.91       0     268     299     295
34172  01  00     7  99999.00  99999.00  99999.00  99999.00 -10815.93   9177.15  -1260.59     -4.07       0       0      64      61
34172  01  00     5  99999.00  99999.00  99999.00  99999.00  99999.00  99999.00  99999.00  99999.00       0       0      49      48
34172  01  00     3  99999.00  99999.00  99999.00  99999.00  99999.00  99999.00  99999.00  99999.00       0       0      16      16
34172  01  00     2  99999.00  99999.00  99999.00  99999.00  99999.00  99999.00  99999.00  99999.00       0       0       4       4
34172  01  00     1  99999.00  99999.00  99999.00  99999.00  99999.00  99999.00  99999.00  99999.00       0       0       0       0
34172  02  00  9999    929.05   1076.65  99999.00  99999.00   -516.05    300.79    -73.63    121.97     574       0     574     574
34172  02  00  1000  99999.00  99999.00   -117.62    608.86   -468.48    220.56   -535.30    233.42       0     359     360     359
34172  02  00   925  99999.00  99999.00    238.15   1305.07   -471.59    299.17   -563.66    312.82       0     352     373     373
34172  02  00   900  99999.00  99999.00  99999.00  99999.00  99999.00  99999.00  99999.00  99999.00       0       0      54      54
34172  02  00   850  99999.00  99999.00    911.39   1976.75   -431.98    260.30   -608.14    302.06       0     615     614     614
34172  02  00   800  99999.00  99999.00  99999.00  99999.00  99999.00  99999.00  99999.00  99999.00       0       0      42      42
34172  02  00   700  99999.00  99999.00   2329.97   3538.25   -469.48    175.16   -696.21    237.63       0     613     615     614
34172  02  00   600  99999.00  99999.00  99999.00  99999.00  99999.00  99999.00  99999.00  99999.00       0       0      36      36
34172  02  00   500  99999.00  99999.00   4619.23   6193.39   -594.07     -4.03   -777.80     37.24       0     613     613     612
34172  02  00   400  99999.00  99999.00   6040.62   7881.18   -654.60   -161.76   -810.38   -132.50       0     610     610     610
34172  02  00   300  99999.00  99999.00   7845.70   9877.90   -740.60   -334.64   -844.42   -344.02       0     610     609     607
34172  02  00   250  99999.00  99999.00   9019.51  11017.03   -881.28   -301.56   -927.77   -365.09       0     607     612     608
34172  02  00   200  99999.00  99999.00  10498.51  12327.31   -964.30   -225.22  -1001.94   -303.66       0     604     607     604
34172  02  00   150  99999.00  99999.00  12340.78  14103.82   -888.90   -265.74   -941.70   -344.82       0     600     602     600
34172  02  00   100  99999.00  99999.00  14766.44  16781.24   -905.70   -275.46   -960.66   -370.02       0     594     595     593
34172  02  00    80  99999.00  99999.00  99999.00  99999.00  99999.00  99999.00  99999.00  99999.00       0       0       9       9
34172  02  00    70  99999.00  99999.00  16787.94  19219.98   -951.31   -252.91  -1002.56   -360.56       0     573     575     575
34172  02  00    60  99999.00  99999.00  99999.00  99999.00  99999.00  99999.00  99999.00  99999.00       0       0      17      17
34172  02  00    50  99999.00  99999.00  18658.70  21543.38   -989.80   -228.04  -1033.77   -351.33       0     550     554     554
34172  02  00    40  99999.00  99999.00  99999.00  99999.00  99999.00  99999.00  99999.00  99999.00       0       0      35      35
34172  02  00    30  99999.00  99999.00  21482.81  25111.01  -1035.53   -175.97  -1076.72   -318.32       0     508     509     508
34172  02  00    20  99999.00  99999.00  23636.45  28054.37  -1066.87   -109.99  -1105.00   -274.36       0     427     437     437
34172  02  00    15  99999.00  99999.00  99999.00  99999.00  -7435.29   6036.27  -1141.81   -200.17       0       0      71      71
34172  02  00    10  99999.00  99999.00  27409.35  33092.91  -1132.15     49.85  -1131.46   -185.38       0     231     254     254
34172  02  00     7  99999.00  99999.00  99999.00  99999.00  99999.00  99999.00  99999.00  99999.00       0       0      53      53
34172  02  00     5  99999.00  99999.00  99999.00  99999.00  99999.00  99999.00  99999.00  99999.00       0       0      53      52
34172  02  00     3  99999.00  99999.00  99999.00  99999.00  99999.00  99999.00  99999.00  99999.00       0       0      15      15
34172  02  00     2  99999.00  99999.00  99999.00  99999.00  99999.00  99999.00  99999.00  99999.00       0       0       1       1
34172  02  00     1  99999.00  99999.00  99999.00  99999.00  99999.00  99999.00  99999.00  99999.00       0       0       0       0
34172  03  00  9999    929.41   1071.97  99999.00  99999.00   -383.30    279.82    -83.71    132.29     636       0     636     635
34172  03  00  1000  99999.00  99999.00    -80.84    547.84   -373.08    247.44   -420.94    238.10       0     400     401     401
34172  03  00   925  99999.00  99999.00    252.53   1274.09   -340.02    251.58   -434.71    259.01       0     390     407     407
34172  03  00   900  99999.00  99999.00  99999.00  99999.00  99999.00  99999.00  99999.00  99999.00       0       0      55      54
34172  03  00   850  99999.00  99999.00    916.99   1979.71   -365.90    243.70   -554.24    288.04       0     700     701     700
34172  03  00   800  99999.00  99999.00  99999.00  99999.00  99999.00  99999.00  99999.00  99999.00       0       0      51      51
34172  03  00   700  99999.00  99999.00   2353.68   3548.04   -429.81    175.35   -688.42    245.42       0     698     700     700
34172  03  00   600  99999.00  99999.00  99999.00  99999.00  99999.00  99999.00  99999.00  99999.00       0       0      46      46
34172  03  00   500  99999.00  99999.00   4654.08   6231.12   -566.24      5.08   -767.15     41.29       0     697     698     698
34172  03  00   400  99999.00  99999.00   6087.32   7929.80   -639.58   -144.46   -800.08   -125.08       0     695     695     695
34172  03  00   300  99999.00  99999.00   7888.45   9956.17   -718.10   -327.02   -825.46   -343.78       0     696     695     694
34172  03  00   250  99999.00  99999.00   9054.65  11116.85   -838.48   -312.40   -889.33   -381.97       0     690     691     691
34172  03  00   200  99999.00  99999.00  10539.37  12441.13   -935.81   -219.89   -979.97   -304.13       0     682     683     682
34172  03  00   150  99999.00  99999.00  12408.58  14220.10   -829.65   -289.77   -904.37   -360.65       0     679     678     677
34172  03  00   100  99999.00  99999.00  14922.03  16849.59   -814.88   -331.64   -918.36   -391.32       0     673     673     670
34172  03  00    80  99999.00  99999.00  99999.00  99999.00  99999.00  99999.00  99999.00  99999.00       0       0       9       9
34172  03  00    70  99999.00  99999.00  17057.39  19205.15   -834.82   -338.74   -953.34   -392.58       0     646     646     644
34172  03  00    60  99999.00  99999.00  99999.00  99999.00  99999.00  99999.00  99999.00  99999.00       0       0      13      13
34172  03  00    50  99999.00  99999.00  18990.32  21498.44   -860.59   -324.67   -987.88   -377.08       0     632     633     633
34172  03  00    40  99999.00  99999.00  99999.00  99999.00  99999.00  99999.00  99999.00  99999.00       0       0      20      20
34172  03  00    30  99999.00  99999.00  22004.96  24890.24   -899.63   -277.07  -1045.62   -324.90       0     587     588     588
34172  03  00    20  99999.00  99999.00  24367.30  27651.10   -951.53   -194.57  -1097.20   -255.52       0     524     534     530
34172  03  00    15  99999.00  99999.00  99999.00  99999.00 -11547.85   9787.07  -1101.25   -210.49       0       0      83      82
34172  03  00    10  99999.00  99999.00  28422.73  32478.73   -999.01    -56.65  -1113.85   -172.93       0     303     332     331
34172  03  00     7  99999.00  99999.00  99999.00  99999.00  99999.00  99999.00  99999.00  99999.00       0       0      60      59
34172  03  00     5  99999.00  99999.00  99999.00  99999.00  99999.00  99999.00  99999.00  99999.00       0       0      56      56
34172  03  00     3  99999.00  99999.00  99999.00  99999.00  99999.00  99999.00  99999.00  99999.00       0       0      26      25
34172  03  00     2  99999.00  99999.00  99999.00  99999.00  99999.00  99999.00  99999.00  99999.00       0       0       9       8
34172  03  00     1  99999.00  99999.00  99999.00  99999.00  99999.00  99999.00  99999.00  99999.00       0       0       1       1
34172  04  00  9999    944.40   1050.60  99999.00  99999.00   -258.23    355.69   -172.77    269.07     619       0     619     619
34172  04  00  1000  99999.00  99999.00    -11.43    432.33   -269.82    355.14   -264.21    231.75       0     287     287     286
34172  04  00   925  99999.00  99999.00    347.53   1208.53   -336.36    428.52   -372.53    310.51       0     341     354     354
34172  04  00   900  99999.00  99999.00  99999.00  99999.00  99999.00  99999.00  99999.00  99999.00       0       0      38      38
34172  04  00   850  99999.00  99999.00   1029.73   1905.49   -322.40    336.04   -481.04    344.80       0     670     670     669
34172  04  00   800  99999.00  99999.00  99999.00  99999.00  99999.00  99999.00  99999.00  99999.00       0       0      42      42
34172  04  00   700  99999.00  99999.00   2485.27   3521.11   -352.04    197.44   -645.28    320.72       0     670     670     667
34172  04  00   600  99999.00  99999.00  99999.00  99999.00  99999.00  99999.00  99999.00  99999.00       0       0      38      38
34172  04  00   500  99999.00  99999.00   4844.57   6240.17   -493.33     19.67   -718.16     76.36       0     667     668     664
34172  04  00   400  99999.00  99999.00   6312.27   7960.35   -595.47   -109.23   -763.23    -86.67       0     666     666     664
34172  04  00   300  99999.00  99999.00   8130.48  10028.40   -689.70   -301.38   -810.42   -300.42       0     666     667     662
34172  04  00   250  99999.00  99999.00   9291.64  11217.52   -795.63   -324.51   -878.79   -355.95       0     660     663     660
34172  04  00   200  99999.00  99999.00  10766.99  12565.79   -891.64   -247.60   -951.73   -308.17       0     657     657     655
34172  04  00   150  99999.00  99999.00  12647.72  14348.36   -771.73   -324.37   -873.00   -364.56       0     648     649     644
34172  04  00   100  99999.00  99999.00  15170.61  16998.45   -772.05   -352.05   -906.06   -380.58       0     638     639     635
34172  04  00    80  99999.00  99999.00  99999.00  99999.00  99999.00  99999.00  99999.00  99999.00       0       0       5       5
34172  04  00    70  99999.00  99999.00  17340.70  19339.78   -794.29   -353.17   -942.50   -380.30       0     622     622     617
34172  04  00    60  99999.00  99999.00  99999.00  99999.00  99999.00  99999.00  99999.00  99999.00       0       0      12      12
34172  04  00    50  99999.00  99999.00  19341.84  21585.24   -791.91   -363.87   -961.94   -378.62       0     613     614     608
34172  04  00    40  99999.00  99999.00  99999.00  99999.00  99999.00  99999.00  99999.00  99999.00       0       0      44      44
34172  04  00    30  99999.00  99999.00  22384.82  24994.70   -793.22   -347.18   -978.98   -361.82       0     589     590     587
34172  04  00    20  99999.00  99999.00  24817.01  27717.17   -828.05   -270.05  -1009.31   -304.79       0     532     546     541
34172  04  00    15  99999.00  99999.00  99999.00  99999.00  -6966.30   5690.34  -1001.49   -255.45       0       0      81      79
34172  04  00    10  99999.00  99999.00  29088.83  32414.99   -841.90   -131.86   -971.04   -258.12       0     324     352     346
34172  04  00     7  99999.00  99999.00  99999.00  99999.00 -14336.19  12338.13   -975.48   -230.04       0       0      88      86
34172  04  00     5  99999.00  99999.00  99999.00  99999.00   -906.68     53.92   -939.83   -220.67       0       0      74      72
34172  04  00     3  99999.00  99999.00  99999.00  99999.00  99999.00  99999.00  99999.00  99999.00       0       0      25      24
34172  04  00     2  99999.00  99999.00  99999.00  99999.00  99999.00  99999.00  99999.00  99999.00       0       0       5       5
34172  04  00     1  99999.00  99999.00  99999.00  99999.00  99999.00  99999.00  99999.00  99999.00       0       0       0       0
34172  05  00  9999    956.53   1036.93  99999.00  99999.00   -138.66    387.18   -178.26    331.74     643       0     643     643
34172  05  00  1000  99999.00  99999.00     30.24    360.60   -125.75    385.57   -258.09    323.43       0     258     258     258
34172  05  00   925  99999.00  99999.00    436.97   1142.09   -203.45    457.39   -300.66    347.94       0     366     369     368
34172  05  00   900  99999.00  99999.00  99999.00  99999.00  99999.00  99999.00  99999.00  99999.00       0       0      24      24
34172  05  00   850  99999.00  99999.00   1140.95   1852.55  -1970.92   2085.44   -324.41    301.39       0     717     718     717
34172  05  00   800  99999.00  99999.00  99999.00  99999.00  99999.00  99999.00  99999.00  99999.00       0       0      43      43
34172  05  00   700  99999.00  99999.00   2635.30   3489.82  -2036.12   1950.04   -547.42    321.86       0     719     720     716
34172  05  00   600  99999.00  99999.00  99999.00  99999.00  99999.00  99999.00  99999.00  99999.00       0       0      51      51
34172  05  00   500  99999.00  99999.00   5092.75   6202.39   -388.04      4.12   -692.94    116.34       0     719     719     715
34172  05  00   400  99999.00  99999.00   6623.29   7914.49   -502.60   -119.08   -730.96    -55.12       0     717     720     718
34172  05  00   300  99999.00  99999.00   8489.03   9997.67   -632.13   -295.17   -800.04   -261.36       0     717     719     716
34172  05  00   250  99999.00  99999.00   9643.90  11221.18   -714.41   -366.53   -814.14   -390.78       0     712     714     708
34172  05  00   200  99999.00  99999.00  11117.23  12588.91   -848.85   -276.57   -907.76   -344.72       0     710     712     708
34172  05  00   150  99999.00  99999.00  13048.26  14340.54   -718.24   -349.00   -827.61   -391.17       0     702     705     702
34172  05  00   100  99999.00  99999.00  15669.89  16928.81   -695.70   -390.90   -867.22   -396.58       0     694     697     696
34172  05  00    80  99999.00  99999.00  99999.00  99999.00  99999.00  99999.00  99999.00  99999.00       0       0      15      15
34172  05  00    70  99999.00  99999.00  17935.22  19219.22   -697.49   -409.13   -900.78   -399.78       0     662     662     659
34172  05  00    60  99999.00  99999.00  99999.00  99999.00  99999.00  99999.00  99999.00  99999.00       0       0      18      18
34172  05  00    50  99999.00  99999.00  20033.05  21412.45   -690.87   -412.35   -922.72   -386.08       0     650     649     648
34172  05  00    40  99999.00  99999.00  99999.00  99999.00  99999.00  99999.00  99999.00  99999.00       0       0      31      31
34172  05  00    30  99999.00  99999.00  23201.06  24792.86   -686.60   -374.36   -950.32   -339.52       0     614     619     618
34172  05  00    20  99999.00  99999.00  25700.64  27562.92   -681.31   -313.63   -956.15   -291.59       0     556     561     560
34172  05  00    15  99999.00  99999.00  99999.00  99999.00  -7831.08   6558.12  -1009.63   -242.71       0       0      63      63
34172  05  00    10  99999.00  99999.00  30150.16  32320.96  -3406.79   2517.61   -917.69   -234.65       0     347     379     378
34172  05  00     7  99999.00  99999.00  99999.00  99999.00 -12772.64  11167.60   -900.66   -222.42       0       0      90      90
34172  05  00     5  99999.00  99999.00  99999.00  99999.00   -629.23    -66.43   -881.84   -183.68       0       0      81      80
34172  05  00     3  99999.00  99999.00  99999.00  99999.00  99999.00  99999.00  99999.00  99999.00       0       0      15      14
34172  05  00     2  99999.00  99999.00  99999.00  99999.00  99999.00  99999.00  99999.00  99999.00       0       0       5       4
34172  05  00     1  99999.00  99999.00  99999.00  99999.00  99999.00  99999.00  99999.00  99999.00       0       0       1       1
34172  06  00  9999    957.33   1028.01  99999.00  99999.00    -56.46    391.74   -166.35    297.21     639       0     639     639
34172  06  00  1000  99999.00  99999.00     88.38    275.82    -32.92    372.68   -169.72    316.40       0     103     100     100
34172  06  00   925  99999.00  99999.00    430.74   1107.06   -138.67    478.13   -185.60    319.36       0     379     386     386
34172  06  00   900  99999.00  99999.00  99999.00  99999.00  99999.00  99999.00  99999.00  99999.00       0       0      28      28
34172  06  00   850  99999.00  99999.00   1139.13   1834.29   -167.69    396.67   -208.57    279.47       0     700     700     697
34172  06  00   800  99999.00  99999.00  99999.00  99999.00  99999.00  99999.00  99999.00  99999.00       0       0      33      33
34172  06  00   700  99999.00  99999.00   2653.86   3500.70   -194.37    210.51   -467.41    336.11       0     700     700     697
34172  06  00   600  99999.00  99999.00  99999.00  99999.00  99999.00  99999.00  99999.00  99999.00       0       0      50      50
34172  06  00   500  99999.00  99999.00   5157.12   6243.72   -335.26     26.42   -641.41    145.07       0     697     699     693
34172  06  00   400  99999.00  99999.00   6719.83   7973.71   -464.42    -79.58   -686.69    -25.73       0     694     694     690
34172  06  00   300  99999.00  99999.00   8615.53  10091.77   -599.55   -253.83   -740.94   -249.06       0     693     693     691
34172  06  00   250  99999.00  99999.00   9790.97  11329.01   -703.88   -306.44   -796.48   -339.52       0     682     686     683
34172  06  00   200  99999.00  99999.00  11298.78  12704.58   -854.68   -208.60   -905.72   -289.64       0     678     681     677
34172  06  00   150  99999.00  99999.00  13232.53  14496.61   -706.84   -316.12   -820.37   -364.85       0     674     678     672
34172  06  00   100  99999.00  99999.00  15877.26  17100.78   -675.82   -392.14   -868.10   -389.78       0     666     668     662
34172  06  00    80  99999.00  99999.00  99999.00  99999.00  99999.00  99999.00  99999.00  99999.00       0       0      14      14
34172  06  00    70  99999.00  99999.00  18170.15  19382.15   -665.91   -419.55   -905.48   -384.20       0     639     640     638
34172  06  00    60  99999.00  99999.00  99999.00  99999.00  99999.00  99999.00  99999.00  99999.00       0       0      15      15
34172  06  00    50  99999.00  99999.00  20311.69  21563.89   -647.92   -412.84   -923.64   -357.00       0     619     622     619
34172  06  00    40  99999.00  99999.00  99999.00  99999.00  99999.00  99999.00  99999.00  99999.00       0       0      23      23
34172  06  00    30  99999.00  99999.00  23561.74  24944.26   -620.79   -371.55   -943.15   -297.67       0     580     583     581
34172  06  00    20  99999.00  99999.00  26172.17  27687.41   -607.56   -299.76   -938.71   -246.67       0     537     547     545
34172  06  00    15  99999.00  99999.00  99999.00  99999.00 -11989.65  10410.03   -949.13   -208.25       0       0      77      77
34172  06  00    10  99999.00  99999.00  30658.64  32595.80   -551.46   -194.94   -897.49   -191.65       0     327     354     352
34172  06  00     7  99999.00  99999.00  99999.00  99999.00 -13793.43  12128.01   -866.59   -182.59       0       0      96      95
34172  06  00     5  99999.00  99999.00  99999.00  99999.00 -10345.58   9198.58   -919.17    -93.21       0       0      70      70
34172  06  00     3  99999.00  99999.00  99999.00  99999.00  99999.00  99999.00  99999.00  99999.00       0       0      11      11
34172  06  00     2  99999.00  99999.00  99999.00  99999.00  99999.00  99999.00  99999.00  99999.00       0       0       1       1
34172  06  00     1  99999.00  99999.00  99999.00  99999.00  99999.00  99999.00  99999.00  99999.00       0       0       0       0
34172  07  00  9999    964.18   1020.58  99999.00  99999.00    -19.05    390.39   -147.28    276.68     656       0     654     654
34172  07  00  1000  99999.00  99999.00  99999.00  99999.00  99999.00  99999.00  99999.00  99999.00       0      46      46      46
34172  07  00   925  99999.00  99999.00    479.31   1063.71    -92.99    459.73   -135.11    297.49       0     387     395     394
34172  07  00   900  99999.00  99999.00  99999.00  99999.00  99999.00  99999.00  99999.00  99999.00       0       0      30      30
34172  07  00   850  99999.00  99999.00   1194.46   1787.02   -116.28    372.96   -155.00    260.80       0     727     724     723
34172  07  00   800  99999.00  99999.00  99999.00  99999.00  99999.00  99999.00  99999.00  99999.00       0       0      30      30
34172  07  00   700  99999.00  99999.00   2718.72   3462.24   -159.77    206.59   -428.47    323.93       0     727     728     728
34172  07  00   600  99999.00  99999.00  99999.00  99999.00  99999.00  99999.00  99999.00  99999.00       0       0      52      52
34172  07  00   500  99999.00  99999.00   5239.71   6225.03   -297.97     32.75   -610.35    141.81       0     722     726     724
34172  07  00   400  99999.00  99999.00   6812.01   7972.77   -427.95    -71.43   -664.14    -19.62       0     723     719     719
34172  07  00   300  99999.00  99999.00   8705.66  10129.46   -589.15   -216.31   -721.41   -233.01       0     718     717     716
34172  07  00   250  99999.00  99999.00   9887.08  11397.40   -700.35   -247.47   -777.01   -310.33       0     713     715     712
34172  07  00   200  99999.00  99999.00  11368.39  12850.15   -787.00   -199.60   -852.19   -286.99       0     712     713     709
34172  07  00   150  99999.00  99999.00  13313.98  14675.38   -670.45   -330.01   -827.27   -356.51       0     705     704     703
34172  07  00   100  99999.00  99999.00  16049.72  17193.92   -701.80   -372.40   -889.58   -385.46       0     694     697     697
34172  07  00    80  99999.00  99999.00  99999.00  99999.00  99999.00  99999.00  99999.00  99999.00       0       0      20      20
34172  07  00    70  99999.00  99999.00  18385.34  19432.10   -680.12   -403.76   -895.99   -398.95       0     672     674     674
34172  07  00    60  99999.00  99999.00  99999.00  99999.00  99999.00  99999.00  99999.00  99999.00       0       0      24      24
34172  07  00    50  99999.00  99999.00  20545.59  21600.15  -2500.92   1423.20   -888.81   -388.53       0     652     656     656
34172  07  00    40  99999.00  99999.00  99999.00  99999.00  99999.00  99999.00  99999.00  99999.00       0       0      29      29
34172  07  00    30  99999.00  99999.00  23818.99  24970.39   -609.58   -372.22   -900.08   -331.16       0     625     626     625
34172  07  00    20  99999.00  99999.00  26439.59  27712.19   -584.26   -308.14   -885.33   -285.69       0     560     568     568
34172  07  00    15  99999.00  99999.00  99999.00  99999.00  -9519.78   8221.38   -875.83   -262.87       0       0      83      83
34172  07  00    10  99999.00  99999.00  31071.75  32475.27   -536.66   -207.98   -873.05   -212.69       0     368     389     389
34172  07  00     7  99999.00  99999.00  99999.00  99999.00 -13294.78  11683.10   -880.13   -189.77       0       0      83      83
34172  07  00     5  99999.00  99999.00  99999.00  99999.00  -6656.01   5832.75   -839.03   -142.91       0       0      87      87
34172  07  00     3  99999.00  99999.00  99999.00  99999.00  99999.00  99999.00  99999.00  99999.00       0       0      23      23
34172  07  00     2  99999.00  99999.00  99999.00  99999.00  99999.00  99999.00  99999.00  99999.00       0       0       1       1
34172  07  00     1  99999.00  99999.00  99999.00  99999.00  99999.00  99999.00  99999.00  99999.00       0       0       1       1
34172  08  00  9999    962.42   1024.82  99999.00  99999.00    -62.51    404.29   -177.02    304.90     648       0     647     647
34172  08  00  1000  99999.00  99999.00     75.43    287.95   -108.64    430.16   -163.03    314.93       0      99     100      99
34172  08  00   925  99999.00  99999.00    480.47   1077.47   -155.19    496.05   -177.31    325.49       0     383     391     390
34172  08  00   900  99999.00  99999.00  99999.00  99999.00  99999.00  99999.00  99999.00  99999.00       0       0      19      19
34172  08  00   850  99999.00  99999.00   1189.97   1798.73   -157.76    383.80   -193.98    276.90       0     726     726     724
34172  08  00   800  99999.00  99999.00  99999.00  99999.00  99999.00  99999.00  99999.00  99999.00       0       0      35      35
34172  08  00   700  99999.00  99999.00   2710.45   3462.97   -176.74    203.30   -446.37    317.43       0     726     726     725
34172  08  00   600  99999.00  99999.00  99999.00  99999.00  99999.00  99999.00  99999.00  99999.00       0       0      48      48
34172  08  00   500  99999.00  99999.00   5220.88   6217.96   -312.73     29.87   -603.71    117.13       0     725     724     724
34172  08  00   400  99999.00  99999.00   6789.67   7958.11   -428.93    -86.45   -660.85    -35.89       0     723     725     724
34172  08  00   300  99999.00  99999.00   8700.59  10086.95   -571.91   -250.43   -735.05   -235.61       0     724     725     725
34172  08  00   250  99999.00  99999.00   9882.84  11340.60   -659.63   -320.27   -763.92   -350.64       0     716     717     716
34172  08  00   200  99999.00  99999.00  11373.47  12758.63   -792.19   -230.71   -851.62   -314.14       0     709     713     712
34172  08  00   150  99999.00  99999.00  13320.25  14556.37   -699.80   -324.56   -829.18   -366.22       0     706     710     709
34172  08  00   100  99999.00  99999.00  16005.07  17113.39   -702.16   -369.04   -871.31   -390.11       0     699     702     702
34172  08  00    80  99999.00  99999.00  99999.00  99999.00  99999.00  99999.00  99999.00  99999.00       0       0      20      20
34172  08  00    70  99999.00  99999.00  18334.66  19361.86   -680.29   -397.09   -888.52   -393.64       0     668     671     670
34172  08  00    60  99999.00  99999.00  99999.00  99999.00  99999.00  99999.00  99999.00  99999.00       0       0      16      16
34172  08  00    50  99999.00  99999.00  20470.73  21556.13   -661.98   -398.70   -886.86   -388.62       0     648     649     649
34172  08  00    40  99999.00  99999.00  99999.00  99999.00  99999.00  99999.00  99999.00  99999.00       0       0      27      27
34172  08  00    30  99999.00  99999.00  23670.72  24971.40   -642.92   -367.88   -889.29   -358.53       0     606     607     606
34172  08  00    20  99999.00  99999.00  26236.19  27730.19   -607.64   -328.04   -860.76   -333.96       0     551     560     560
34172  08  00    15  99999.00  99999.00  99999.00  99999.00 -11834.78  10211.26   -895.34   -293.30       0       0      79      79
34172  08  00    10  99999.00  99999.00  30779.32  32445.28   -576.30   -241.86   -847.99   -281.59       0     334     348     346
34172  08  00     7  99999.00  99999.00  99999.00  99999.00 -17135.73  14795.19   -853.91   -250.67       0       0      97      97
34172  08  00     5  99999.00  99999.00  99999.00  99999.00 -10645.47   9359.01   -883.62   -175.86       0       0      66      66
34172  08  00     3  99999.00  99999.00  99999.00  99999.00  99999.00  99999.00  99999.00  99999.00       0       0      20      20
34172  08  00     2  99999.00  99999.00  99999.00  99999.00  99999.00  99999.00  99999.00  99999.00       0       0       6       6
34172  08  00     1  99999.00  99999.00  99999.00  99999.00  99999.00  99999.00  99999.00  99999.00       0       0       0       0
34172  09  00  9999    954.63   1038.75  99999.00  99999.00   -120.88    360.56   -172.28    285.64     607       0     607     607
34172  09  00  1000  99999.00  99999.00     51.54    338.22   -128.59    365.21   -169.51    269.45       0     260     260     260
34172  09  00   925  99999.00  99999.00    423.72   1165.44   -211.89    433.59   -221.01    290.55       0     370     382     382
34172  09  00   900  99999.00  99999.00  99999.00  99999.00  99999.00  99999.00  99999.00  99999.00       0       0      22      22
34172  09  00   850  99999.00  99999.00   1107.11   1878.35   -241.92    369.36   -293.08    289.16       0     683     684     682
34172  09  00   800  99999.00  99999.00  99999.00  99999.00  99999.00  99999.00  99999.00  99999.00       0       0      50      50
34172  09  00   700  99999.00  99999.00   2584.12   3536.92   -291.62    250.54   -520.77    313.59       0     684     683     680
34172  09  00   600  99999.00  99999.00  99999.00  99999.00  99999.00  99999.00  99999.00  99999.00       0       0      38      38
34172  09  00   500  99999.00  99999.00   4979.98   6339.34   -432.85     82.19   -669.33    138.03       0     683     684     683
34172  09  00   400  99999.00  99999.00   6480.25   8106.73   -543.71    -36.47   -717.66    -17.82       0     683     683     682
34172  09  00   300  99999.00  99999.00   8313.55  10262.71   -641.69   -231.77   -755.11   -247.99       0     683     684     682
34172  09  00   250  99999.00  99999.00   9478.40  11510.60   -713.60   -304.52   -796.44   -343.20       0     678     680     678
34172  09  00   200  99999.00  99999.00  10969.31  12901.43   -833.56   -243.76   -869.68   -333.52       0     676     678     674
34172  09  00   150  99999.00  99999.00  12917.08  14646.76   -765.99   -309.51   -854.48   -368.72       0     671     671     669
34172  09  00   100  99999.00  99999.00  15618.35  17138.87   -729.92   -370.88   -894.56   -376.64       0     661     662     658
34172  09  00    80  99999.00  99999.00  99999.00  99999.00  99999.00  99999.00  99999.00  99999.00       0       0      10      10
34172  09  00    70  99999.00  99999.00  17910.76  19394.32   -702.27   -404.07   -883.15   -406.99       0     641     642     641
34172  09  00    60  99999.00  99999.00  99999.00  99999.00  99999.00  99999.00  99999.00  99999.00       0       0       2       2
34172  09  00    50  99999.00  99999.00  20038.70  21560.54   -692.27   -411.83   -905.51   -394.31       0     629     629     628
34172  09  00    40  99999.00  99999.00  99999.00  99999.00  99999.00  99999.00  99999.00  99999.00       0       0      34      34
34172  09  00    30  99999.00  99999.00  23181.84  24946.08   -686.78   -389.30   -922.99   -371.35       0     586     589     587
34172  09  00    20  99999.00  99999.00  25721.81  27643.25   -673.50   -349.14   -926.91   -334.47       0     517     530     528
34172  09  00    15  99999.00  99999.00  99999.00  99999.00  99999.00  99999.00  99999.00  99999.00       0       0      55      55
34172  09  00    10  99999.00  99999.00  30107.82  32368.02   -624.23   -282.95   -932.05   -264.37       0     313     342     341
34172  09  00     7  99999.00  99999.00  99999.00  99999.00 -13927.74  12039.42   -957.36   -224.88       0       0      75      75
34172  09  00     5  99999.00  99999.00  99999.00  99999.00  99999.00  99999.00  99999.00  99999.00       0       0      55      55
34172  09  00     3  99999.00  99999.00  99999.00  99999.00  99999.00  99999.00  99999.00  99999.00       0       0      13      13
34172  09  00     2  99999.00  99999.00  99999.00  99999.00  99999.00  99999.00  99999.00  99999.00       0       0       1       1
34172  09  00     1  99999.00  99999.00  99999.00  99999.00  99999.00  99999.00  99999.00  99999.00       0       0       0       0
34172  10  00  9999    944.92   1057.24  99999.00  99999.00   -212.10    313.86   -111.00    186.48     597       0     597     597
34172  10  00  1000  99999.00  99999.00    -48.72    500.28   -212.98    303.74   -271.67    276.61       0     379     381     379
34172  10  00   925  99999.00  99999.00    393.89   1201.61   -314.14    400.46   -381.05    357.31       0     344     358     358
34172  10  00   900  99999.00  99999.00  99999.00  99999.00  99999.00  99999.00  99999.00  99999.00       0       0      42      42
34172  10  00   850  99999.00  99999.00   1044.41   1944.05   -329.74    354.38   -490.63    375.05       0     662     664     663
34172  10  00   800  99999.00  99999.00  99999.00  99999.00  99999.00  99999.00  99999.00  99999.00       0       0      55      55
34172  10  00   700  99999.00  99999.00   2500.26   3577.98   -359.32    254.48   -650.38    349.70       0     661     663     662
34172  10  00   600  99999.00  99999.00  99999.00  99999.00  99999.00  99999.00  99999.00  99999.00       0       0      55      55
34172  10  00   500  99999.00  99999.00   4854.40   6363.28   -471.86     65.86   -736.75    153.89       0     657     657     656
34172  10  00   400  99999.00  99999.00   6344.95   8103.67   -568.51    -63.91   -771.04    -12.88       0     657     658     657
34172  10  00   300  99999.00  99999.00   8176.95  10215.63   -640.92   -281.40   -796.81   -248.17       0     653     655     654
34172  10  00   250  99999.00  99999.00   9346.27  11430.07   -728.83   -336.79   -822.45   -358.29       0     650     650     647
34172  10  00   200  99999.00  99999.00  10827.86  12788.54   -888.74   -256.58   -926.35   -335.11       0     646     646     644
34172  10  00   150  99999.00  99999.00  12809.96  14445.80   -824.29   -316.81   -884.41   -387.13       0     636     636     635
34172  10  00   100  99999.00  99999.00  15459.68  16915.52   -767.81   -391.97   -880.46   -426.50       0     628     629     628
34172  10  00    80  99999.00  99999.00  99999.00  99999.00  99999.00  99999.00  99999.00  99999.00       0       0       6       6
34172  10  00    70  99999.00  99999.00  17705.55  19156.83   -749.51   -423.11   -896.64   -434.28       0     597     599     597
34172  10  00    60  99999.00  99999.00  99999.00  99999.00  99999.00  99999.00  99999.00  99999.00       0       0       8       8
34172  10  00    50  99999.00  99999.00  19768.58  21313.70   -765.74   -419.18   -924.75   -428.55       0     579     580     578
34172  10  00    40  99999.00  99999.00  99999.00  99999.00  99999.00  99999.00  99999.00  99999.00       0       0      29      29
34172  10  00    30  99999.00  99999.00  22843.26  24640.02   -788.84   -385.76   -955.68   -400.44       0     537     540     538
34172  10  00    20  99999.00  99999.00  25239.33  27336.69   -796.91   -343.91   -973.90   -363.46       0     463     469     466
34172  10  00    15  99999.00  99999.00  99999.00  99999.00  -7907.58   6491.58  99999.00  99999.00       0       0      62      60
34172  10  00    10  99999.00  99999.00  29283.80  32148.20   -806.15   -238.19   -984.04   -301.96       0     260     293     291
34172  10  00     7  99999.00  99999.00  99999.00  99999.00 -13996.69  11987.15   -995.11   -267.79       0       0      74      74
34172  10  00     5  99999.00  99999.00  99999.00  99999.00  99999.00  99999.00  99999.00  99999.00       0       0      44      44
34172  10  00     3  99999.00  99999.00  99999.00  99999.00  99999.00  99999.00  99999.00  99999.00       0       0       2       2
34172  10  00     2  99999.00  99999.00  99999.00  99999.00  99999.00  99999.00  99999.00  99999.00       0       0       0       0
34172  10  00     1  99999.00  99999.00  99999.00  99999.00  99999.00  99999.00  99999.00  99999.00       0       0       0       0
34172  11  00  9999    936.99   1065.75  99999.00  99999.00   -362.26    319.46    -78.73    122.99     576       0     576     574
34172  11  00  1000  99999.00  99999.00    -69.30    539.94   -362.35    291.53   -428.34    307.14       0     350     351     350
34172  11  00   925  99999.00  99999.00    334.16   1245.44   -380.63    345.37   -482.12    363.88       0     337     356     356
34172  11  00   900  99999.00  99999.00  99999.00  99999.00  99999.00  99999.00  99999.00  99999.00       0       0      50      50
34172  11  00   850  99999.00  99999.00    983.38   1947.46   -382.80    317.04   -587.95    387.89       0     638     638     638
34172  11  00   800  99999.00  99999.00  99999.00  99999.00  99999.00  99999.00  99999.00  99999.00       0       0      46      46
34172  11  00   700  99999.00  99999.00   2406.26   3562.70   -431.42    239.98   -683.91    323.49       0     637     636     636
34172  11  00   600  99999.00  99999.00  99999.00  99999.00  99999.00  99999.00  99999.00  99999.00       0       0      36      36
34172  11  00   500  99999.00  99999.00   4699.56   6320.28   -544.78     49.46   -757.13    109.39       0     636     636     634
34172  11  00   400  99999.00  99999.00   6139.95   8053.83   -621.86    -96.14   -792.51    -61.95       0     633     633     630
34172  11  00   300  99999.00  99999.00   7952.47  10122.31   -682.91   -308.99   -814.12   -295.36       0     633     632     631
34172  11  00   250  99999.00  99999.00   9121.00  11307.04   -779.73   -340.29   -860.82   -371.46       0     625     625     624
34172  11  00   200  99999.00  99999.00  10614.58  12624.58   -904.49   -274.01   -964.80   -329.52       0     614     615     613
34172  11  00   150  99999.00  99999.00  12544.33  14310.01   -817.71   -346.83   -901.28   -390.32       0     608     608     605
34172  11  00   100  99999.00  99999.00  15155.00  16787.60   -788.69   -407.09   -903.31   -431.71       0     600     603     602
34172  11  00    80  99999.00  99999.00  99999.00  99999.00  99999.00  99999.00  99999.00  99999.00       0       0       4       4
34172  11  00    70  99999.00  99999.00  17389.48  18997.72   -800.62   -426.10   -922.12   -453.28       0     558     559     556
34172  11  00    60  99999.00  99999.00  99999.00  99999.00  99999.00  99999.00  99999.00  99999.00       0       0       8       8
34172  11  00    50  99999.00  99999.00  19407.69  21138.93   -828.43   -425.47   -947.44   -461.32       0     535     538     535
34172  11  00    40  99999.00  99999.00  99999.00  99999.00  99999.00  99999.00  99999.00  99999.00       0       0      21      21
34172  11  00    30  99999.00  99999.00  22370.32  24451.72   -869.72   -405.92   -986.38   -453.70       0     480     483     480
34172  11  00    20  99999.00  99999.00  24671.84  27139.04   -901.08   -363.24  -1014.79   -424.99       0     410     423     418
34172  11  00    15  99999.00  99999.00  99999.00  99999.00  99999.00  99999.00  99999.00  99999.00       0       0      43      42
34172  11  00    10  99999.00  99999.00  28622.74  31735.30   -920.45   -298.49  -1031.63   -391.55       0     214     245     241
34172  11  00     7  99999.00  99999.00  99999.00  99999.00  99999.00  99999.00  99999.00  99999.00       0       0      49      49
34172  11  00     5  99999.00  99999.00  99999.00  99999.00  99999.00  99999.00  99999.00  99999.00       0       0      32      31
34172  11  00     3  99999.00  99999.00  99999.00  99999.00  99999.00  99999.00  99999.00  99999.00       0       0       4       4
34172  11  00     2  99999.00  99999.00  99999.00  99999.00  99999.00  99999.00  99999.00  99999.00       0       0       1       1
34172  11  00     1  99999.00  99999.00  99999.00  99999.00  99999.00  99999.00  99999.00  99999.00       0       0       0       0
34172  12  00  9999    930.65   1071.41  99999.00  99999.00   -462.44    321.40    -79.99    123.17     639       0     639     638
34172  12  00  1000  99999.00  99999.00    -91.21    566.99   -470.04    287.88   -546.45    311.79       0     373     373     373
34172  12  00   925  99999.00  99999.00    301.43   1269.59   -398.72    277.00   -532.66    331.34       0     392     409     409
34172  12  00   900  99999.00  99999.00  99999.00  99999.00  99999.00  99999.00  99999.00  99999.00       0       0      57      57
34172  12  00   850  99999.00  99999.00    931.50   1957.26   -388.64    258.64   -600.78    346.14       0     699     700     696
34172  12  00   800  99999.00  99999.00  99999.00  99999.00  99999.00  99999.00  99999.00  99999.00       0       0      48      48
34172  12  00   700  99999.00  99999.00   2359.68   3533.40   -451.08    199.92   -689.74    273.50       0     695     696     695
34172  12  00   600  99999.00  99999.00  99999.00  99999.00  99999.00  99999.00  99999.00  99999.00       0       0      48      48
34172  12  00   500  99999.00  99999.00   4655.32   6228.28   -558.28      5.12   -762.10     62.78       0     696     701     700
34172  12  00   400  99999.00  99999.00   6093.36   7928.64   -636.06   -138.06   -792.54   -110.70       0     691     691     690
34172  12  00   300  99999.00  99999.00   7888.16   9967.04   -710.66   -331.58   -818.00   -337.28       0     691     692     690
34172  12  00   250  99999.00  99999.00   9060.98  11118.02   -806.03   -351.11   -879.56   -387.44       0     681     683     679
34172  12  00   200  99999.00  99999.00  10542.00  12435.24   -939.55   -256.87   -993.15   -316.11       0     681     681     675
34172  12  00   150  99999.00  99999.00  12435.71  14150.99   -871.72   -300.16   -941.42   -354.50       0     677     677     667
34172  12  00   100  99999.00  99999.00  14957.74  16708.18   -853.28   -346.88   -944.58   -392.82       0     662     663     660
34172  12  00    80  99999.00  99999.00  99999.00  99999.00  99999.00  99999.00  99999.00  99999.00       0       0       9       9
34172  12  00    70  99999.00  99999.00  17074.26  19025.34   -887.12   -347.72   -987.54   -392.58       0     613     617     613
34172  12  00    60  99999.00  99999.00  99999.00  99999.00  99999.00  99999.00  99999.00  99999.00       0       0      14      14
34172  12  00    50  99999.00  99999.00  18991.45  21263.17   -929.59   -336.91  -1028.18   -389.18       0     591     594     589
34172  12  00    40  99999.00  99999.00  99999.00  99999.00  99999.00  99999.00  99999.00  99999.00       0       0      23      23
34172  12  00    30  99999.00  99999.00  21917.91  24648.51   -964.81   -323.17  -1078.40   -367.88       0     526     532     527
34172  12  00    20  99999.00  99999.00  24267.21  27297.69   -990.46   -290.98  -1100.04   -348.84       0     437     444     437
34172  12  00    15  99999.00  99999.00  99999.00  99999.00  99999.00  99999.00  99999.00  99999.00       0       0      56      56
34172  12  00    10  99999.00  99999.00  28164.88  32020.60  -1127.47   -110.23  -1210.45   -215.89       0     219     245     241
34172  12  00     7  99999.00  99999.00  99999.00  99999.00  99999.00  99999.00  99999.00  99999.00       0       0      46      45
34172  12  00     5  99999.00  99999.00  99999.00  99999.00  99999.00  99999.00  99999.00  99999.00       0       0      25      25
34172  12  00     3  99999.00  99999.00  99999.00  99999.00  99999.00  99999.00  99999.00  99999.00       0       0       6       6
34172  12  00     2  99999.00  99999.00  99999.00  99999.00  99999.00  99999.00  99999.00  99999.00       0       0       4       4
34172  12  00     1  99999.00  99999.00  99999.00  99999.00  99999.00  99999.00  99999.00  99999.00       0       0       0       0
