94998  01  12  9999    927.54   1070.10  99999.00  99999.00    -15.35    146.65    -85.36    125.96     923       0     922     922
94998  01  12  1000  99999.00  99999.00   -227.98    381.50    -27.88    151.04   -155.92    226.28       0     464     464     462
94998  01  12   925  99999.00  99999.00     49.28   1217.84   -162.80    216.04   -255.20    259.48       0     629     636     632
94998  01  12   900  99999.00  99999.00  99999.00  99999.00  99999.00  99999.00  99999.00  99999.00       0       0      16      16
94998  01  12   850  99999.00  99999.00    723.93   1904.97   -253.41    255.51   -460.43    359.29       0     962     961     956
94998  01  12   800  99999.00  99999.00  99999.00  99999.00  99999.00  99999.00  99999.00  99999.00       0       0      22      22
94998  01  12   700  99999.00  99999.00   2179.09   3526.45   -348.27    215.37   -780.94    444.62       0     962     962     952
94998  01  12   600  99999.00  99999.00  99999.00  99999.00  99999.00  99999.00  99999.00  99999.00       0       0      26      26
94998  01  12   500  99999.00  99999.00   4535.68   6280.12   -505.81     71.87   -895.33    250.79       0     960     960     938
94998  01  12   400  99999.00  99999.00   5979.79   8052.07   -619.91    -38.27   -960.04    100.76       0     958     956     931
94998  01  12   300  99999.00  99999.00   7789.66  10172.38   -691.91   -223.55  -1062.23    -88.43       0     950     949     876
94998  01  12   250  99999.00  99999.00   8995.88  11369.12   -792.82   -204.22  -1138.10   -188.42       0     944     943     871
94998  01  12   200  99999.00  99999.00  10603.60  12671.32   -883.12   -129.04  -1171.62   -317.94       0     936     938     787
94998  01  12   150  99999.00  99999.00  12676.01  14355.53   -763.00   -240.88  -1179.92   -413.36       0     927     926     778
94998  01  12   100  99999.00  99999.00  15508.60  16800.04   -728.03   -294.35  -1163.76   -477.00       0     909     913     760
94998  01  12    80  99999.00  99999.00  99999.00  99999.00  99999.00  99999.00  99999.00  99999.00       0       0      30      28
94998  01  12    70  99999.00  99999.00  17973.63  18984.63   -663.08   -340.16  -1158.02   -481.46       0     881     885     678
94998  01  12    60  99999.00  99999.00  99999.00  99999.00  99999.00  99999.00  99999.00  99999.00       0       0      44      40
94998  01  12    50  99999.00  99999.00  20250.74  21114.50   -603.94   -370.90  -1140.92   -482.48       0     818     822     654
94998  01  12    40  99999.00  99999.00  99999.00  99999.00  99999.00  99999.00  99999.00  99999.00       0       0      52      42
94998  01  12    30  99999.00  99999.00  23678.22  24444.54   -553.09   -364.93  -1080.88   -514.36       0     691     698     584
94998  01  12    20  99999.00  99999.00  26391.04  27170.68   -516.83   -319.67  -1019.95   -527.35       0     568     581     511
94998  01  12    15  99999.00  99999.00  99999.00  99999.00 -22432.36  18827.60  99999.00  99999.00       0       0      61      59
94998  01  12    10  99999.00  99999.00  31086.78  32054.34   -420.80   -229.40   -930.37   -495.85       0     143     212     205
94998  01  12     7  99999.00  99999.00  99999.00  99999.00  99999.00  99999.00  99999.00  99999.00       0       0       7       7
94998  01  12     5  99999.00  99999.00  99999.00  99999.00  99999.00  99999.00  99999.00  99999.00       0       0       4       4
94998  01  12     3  99999.00  99999.00  99999.00  99999.00  99999.00  99999.00  99999.00  99999.00       0       0       1       0
94998  01  12     2  99999.00  99999.00  99999.00  99999.00  99999.00  99999.00  99999.00  99999.00       0       0       0       0
94998  01  12     1  99999.00  99999.00  99999.00  99999.00  99999.00  99999.00  99999.00  99999.00       0       0       0       0
94998  02  12  9999    929.04   1071.84  99999.00  99999.00    -17.16    151.44    -81.48    123.60     871       0     870     870
94998  02  12  1000  99999.00  99999.00   -223.54    385.10    -19.21    146.03   -138.30    214.02       0     494     495     495
94998  02  12   925  99999.00  99999.00     87.08   1209.56   -170.13    228.51   -270.06    281.58       0     567     571     568
94998  02  12   900  99999.00  99999.00  99999.00  99999.00  99999.00  99999.00  99999.00  99999.00       0       0      26      26
94998  02  12   850  99999.00  99999.00    731.15   1923.47   -262.80    264.36   -503.03    393.97       0     897     897     890
94998  02  12   800  99999.00  99999.00  99999.00  99999.00  99999.00  99999.00  99999.00  99999.00       0       0      18      18
94998  02  12   700  99999.00  99999.00   2174.98   3555.58   -361.17    229.95   -770.41    434.51       0     896     895     883
94998  02  12   600  99999.00  99999.00  99999.00  99999.00  99999.00  99999.00  99999.00  99999.00       0       0      18      18
94998  02  12   500  99999.00  99999.00   4497.39   6344.67   -522.77     92.95   -927.39    284.13       0     889     893     875
94998  02  12   400  99999.00  99999.00   5951.57   8110.01   -628.92    -20.52   -965.97    122.79       0     891     889     863
94998  02  12   300  99999.00  99999.00   7757.08  10251.28   -692.12   -211.16  -1073.30    -60.98       0     885     883     820
94998  02  12   250  99999.00  99999.00   8970.83  11443.07   -808.42   -189.94  -1113.80   -194.36       0     873     877     807
94998  02  12   200  99999.00  99999.00  10573.85  12747.41   -887.92   -130.96  -1160.84   -320.96       0     864     867     720
94998  02  12   150  99999.00  99999.00  12636.07  14433.91   -770.78   -248.90  -1184.62   -419.50       0     855     854     702
94998  02  12   100  99999.00  99999.00  15459.32  16865.24   -735.70   -309.94  -1176.38   -477.02       0     837     861     707
94998  02  12    80  99999.00  99999.00  99999.00  99999.00  99999.00  99999.00  99999.00  99999.00       0       0      29      27
94998  02  12    70  99999.00  99999.00  17922.65  19025.33   -680.77   -349.81  -1179.07   -474.67       0     815     818     616
94998  02  12    60  99999.00  99999.00  99999.00  99999.00  99999.00  99999.00  99999.00  99999.00       0       0      31      28
94998  02  12    50  99999.00  99999.00  20194.89  21132.45   -636.77   -374.57  -1150.07   -494.15       0     739     744     588
94998  02  12    40  99999.00  99999.00  99999.00  99999.00  99999.00  99999.00  99999.00  99999.00       0       0      48      39
94998  02  12    30  99999.00  99999.00  23588.76  24436.20  -3799.94   2768.74  -1124.96   -497.12       0     588     604     507
94998  02  12    20  99999.00  99999.00  26249.66  27158.42   -575.54   -321.74  -1102.03   -472.15       0     455     477     422
94998  02  12    15  99999.00  99999.00  99999.00  99999.00 -24085.83  19899.57  -1035.47   -509.27       0       0      63      62
94998  02  12    10  99999.00  99999.00  30848.20  31987.24   -545.40   -184.56  -1096.08   -373.56       0     114     166     157
94998  02  12     7  99999.00  99999.00  99999.00  99999.00  99999.00  99999.00  99999.00  99999.00       0       0      12      12
94998  02  12     5  99999.00  99999.00  99999.00  99999.00  99999.00  99999.00  99999.00  99999.00       0       0       2       2
94998  02  12     3  99999.00  99999.00  99999.00  99999.00  99999.00  99999.00  99999.00  99999.00       0       0       0       0
94998  02  12     2  99999.00  99999.00  99999.00  99999.00  99999.00  99999.00  99999.00  99999.00       0       0       0       0
94998  02  12     1  99999.00  99999.00  99999.00  99999.00  99999.00  99999.00  99999.00  99999.00       0       0       0       0
94998  03  12  9999    924.10   1077.46  99999.00  99999.00    -36.14    159.94    -89.39    135.25     929       0     929     929
94998  03  12  1000  99999.00  99999.00   -240.83    411.85    -29.64    149.40   -176.22    236.70       0     549     550     547
94998  03  12   925  99999.00  99999.00     31.52   1259.48   -178.04    223.00   -285.29    280.15       0     647     648     647
94998  03  12   900  99999.00  99999.00  99999.00  99999.00  99999.00  99999.00  99999.00  99999.00       0       0      21      21
94998  03  12   850  99999.00  99999.00    689.35   1962.67   -278.67    266.01   -527.97    406.11       0     971     968     964
94998  03  12   800  99999.00  99999.00  99999.00  99999.00  99999.00  99999.00  99999.00  99999.00       0       0      25      25
94998  03  12   700  99999.00  99999.00   2110.53   3611.61   -386.56    242.36   -843.01    482.63       0     969     970     958
94998  03  12   600  99999.00  99999.00  99999.00  99999.00  99999.00  99999.00  99999.00  99999.00       0       0      26      26
94998  03  12   500  99999.00  99999.00   4424.98   6397.66   -543.33     99.99   -966.98    295.30       0     965     968     954
94998  03  12   400  99999.00  99999.00   5865.05   8168.81   -636.43    -26.47  -1004.87    130.69       0     961     962     946
94998  03  12   300  99999.00  99999.00   7671.99  10290.39   -674.71   -246.43  -1091.79    -71.31       0     956     953     894
94998  03  12   250  99999.00  99999.00   8884.37  11469.65   -801.92   -223.64  -1125.57   -202.77       0     951     952     888
94998  03  12   200  99999.00  99999.00  10483.88  12751.88   -924.35   -132.59  -1174.26   -319.14       0     938     938     729
94998  03  12   150  99999.00  99999.00  12552.17  14406.41   -792.17   -253.49  -1195.61   -424.85       0     932     935     761
94998  03  12   100  99999.00  99999.00  10827.86  21301.70   -750.67   -319.75  -1170.53   -504.65       0     911     929     756
94998  03  12    80  99999.00  99999.00  99999.00  99999.00  99999.00  99999.00  99999.00  99999.00       0       0      41      35
94998  03  12    70  99999.00  99999.00  17801.26  18980.14   -705.66   -357.18  -1171.20   -510.84       0     884     885     668
94998  03  12    60  99999.00  99999.00  99999.00  99999.00  99999.00  99999.00  99999.00  99999.00       0       0      46      40
94998  03  12    50  99999.00  99999.00  20031.95  21091.43  -2538.84   1460.64  -1153.50   -528.18       0     807     812     635
94998  03  12    40  99999.00  99999.00  99999.00  99999.00  99999.00  99999.00  99999.00  99999.00       0       0      46      41
94998  03  12    30  99999.00  99999.00  23363.73  24374.37   -657.56   -372.08  -1128.36   -543.00       0     612     624     531
94998  03  12    20  99999.00  99999.00  25960.53  27069.93   -650.92   -340.12  -1103.87   -545.39       0     459     480     436
94998  03  12    15  99999.00  99999.00  99999.00  99999.00 -25356.93  20572.23  -1112.32   -528.04       0       0      80      78
94998  03  12    10  99999.00  99999.00  30156.62  31997.66  -5000.65   3985.31  -1030.68   -564.00       0     119     163     157
94998  03  12     7  99999.00  99999.00  99999.00  99999.00  99999.00  99999.00  99999.00  99999.00       0       0      20      20
94998  03  12     5  99999.00  99999.00  99999.00  99999.00  99999.00  99999.00  99999.00  99999.00       0       0       7       7
94998  03  12     3  99999.00  99999.00  99999.00  99999.00  99999.00  99999.00  99999.00  99999.00       0       0       1       1
94998  03  12     2  99999.00  99999.00  99999.00  99999.00  99999.00  99999.00  99999.00  99999.00       0       0       0       0
94998  03  12     1  99999.00  99999.00  99999.00  99999.00  99999.00  99999.00  99999.00  99999.00       0       0       0       0
94998  04  12  9999    923.10   1080.54  99999.00  99999.00    -51.52    161.36    -95.27    138.85     881       0     881     881
94998  04  12  1000  99999.00  99999.00   -265.70    449.38    -56.47    157.61   -189.10    236.66       0     535     535     534
94998  04  12   925  99999.00  99999.00     32.34   1270.98   -184.60    220.76   -318.08    302.92       0     638     644     640
94998  04  12   900  99999.00  99999.00  99999.00  99999.00  99999.00  99999.00  99999.00  99999.00       0       0      17      17
94998  04  12   850  99999.00  99999.00    685.57   1975.93   -288.53    263.95   -545.77    407.99       0     925     927     921
94998  04  12   800  99999.00  99999.00  99999.00  99999.00  99999.00  99999.00  99999.00  99999.00       0       0      25      25
94998  04  12   700  99999.00  99999.00   2094.47   3627.23   -385.50    217.38   -836.29    456.95       0     925     923     910
94998  04  12   600  99999.00  99999.00  99999.00  99999.00  99999.00  99999.00  99999.00  99999.00       0       0      21      21
94998  04  12   500  99999.00  99999.00   4421.88   6368.52   -541.79     63.73   -966.03    266.61       0     921     924     908
94998  04  12   400  99999.00  99999.00   5864.13   8111.01   -628.61    -74.93  -1036.43    114.49       0     922     922     903
94998  04  12   300  99999.00  99999.00   7675.39  10193.11   -682.60   -285.40  -1072.90   -132.10       0     913     911     856
94998  04  12   250  99999.00  99999.00   8863.22  11373.14   -815.76   -262.80  -1097.13   -261.69       0     907     907     816
94998  04  12   200  99999.00  99999.00  10457.24  12627.08   -961.04   -151.16  -1180.62   -336.90       0     901     902     581
94998  04  12   150  99999.00  99999.00  12481.98  14287.74   -807.35   -274.19  -1210.56   -426.60       0     887     888     688
94998  04  12   100  99999.00  99999.00  15264.30  16701.30   -748.52   -347.24  -1171.59   -523.23       0     864     882     695
94998  04  12    80  99999.00  99999.00  99999.00  99999.00  99999.00  99999.00  99999.00  99999.00       0       0      34      27
94998  04  12    70  99999.00  99999.00  17625.60  18899.88   -724.12   -375.28  -1194.83   -506.63       0     825     828     604
94998  04  12    60  99999.00  99999.00  99999.00  99999.00  99999.00  99999.00  99999.00  99999.00       0       0      39      30
94998  04  12    50  99999.00  99999.00  19802.72  21029.96   -720.07   -381.79  -1181.77   -527.17       0     756     762     576
94998  04  12    40  99999.00  99999.00  99999.00  99999.00 -17351.16  14641.44  99999.00  99999.00       0       0      70      55
94998  04  12    30  99999.00  99999.00  23058.10  24321.94   -741.67   -352.27  -1121.94   -590.10       0     577     587     477
94998  04  12    20  99999.00  99999.00  25572.77  27018.65  -3210.99   2094.81  -1119.22   -582.82       0     448     461     394
94998  04  12    15  99999.00  99999.00  99999.00  99999.00 -24934.32  20211.84  -1095.00   -599.52       0       0      93      86
94998  04  12    10  99999.00  99999.00  29692.91  31869.35   -791.25   -230.97  -1125.03   -543.15       0     141     177     163
94998  04  12     7  99999.00  99999.00  99999.00  99999.00  99999.00  99999.00  99999.00  99999.00       0       0      32      31
94998  04  12     5  99999.00  99999.00  99999.00  99999.00  99999.00  99999.00  99999.00  99999.00       0       0       3       2
94998  04  12     3  99999.00  99999.00  99999.00  99999.00  99999.00  99999.00  99999.00  99999.00       0       0       1       0
94998  04  12     2  99999.00  99999.00  99999.00  99999.00  99999.00  99999.00  99999.00  99999.00       0       0       0       0
94998  04  12     1  99999.00  99999.00  99999.00  99999.00  99999.00  99999.00  99999.00  99999.00       0       0       0       0
94998  05  12  9999    923.71   1075.63  99999.00  99999.00    -90.40    177.08    -90.82    135.98     913       0     913     912
94998  05  12  1000  99999.00  99999.00   -257.07    421.53    -82.60    164.48   -221.21    245.35       0     502     502     498
94998  05  12   925  99999.00  99999.00     17.10   1243.86   -213.33    223.11   -339.88    297.68       0     662     666     661
94998  05  12   900  99999.00  99999.00  99999.00  99999.00  99999.00  99999.00  99999.00  99999.00       0       0      23      23
94998  05  12   850  99999.00  99999.00    682.12   1934.44   -299.98    246.26   -601.33    430.43       0     966     966     957
94998  05  12   800  99999.00  99999.00  99999.00  99999.00  99999.00  99999.00  99999.00  99999.00       0       0      20      20
94998  05  12   700  99999.00  99999.00   2102.70   3553.86   -402.90    201.42   -899.12    475.12       0     962     962     953
94998  05  12   600  99999.00  99999.00  99999.00  99999.00  99999.00  99999.00  99999.00  99999.00       0       0      21      21
94998  05  12   500  99999.00  99999.00   4402.62   6287.34   -552.76     33.20  -1014.36    273.12       0     962     962     947
94998  05  12   400  99999.00  99999.00   5828.24   8017.52   -632.93   -115.97  -1073.69    102.07       0     957     958     931
94998  05  12   300  99999.00  99999.00   7648.24  10055.80   -683.91   -333.75  -1100.07   -158.91       0     949     949     895
94998  05  12   250  99999.00  99999.00   8842.12  11205.64   -834.28   -295.72  -1119.86   -286.82       0     933     933     690
94998  05  12   200  99999.00  99999.00  10406.38  12455.26   -988.17   -172.29  -1160.95   -382.87       0     925     925     520
94998  05  12   150  99999.00  99999.00  12405.27  14107.59   -821.60   -287.84  -1198.94   -445.22       0     917     917     649
94998  05  12   100  99999.00  99999.00  15061.60  16615.00   -767.01   -354.45  -1194.95   -495.47       0     894     908     655
94998  05  12    80  99999.00  99999.00  99999.00  99999.00  99999.00  99999.00  99999.00  99999.00       0       0      43      25
94998  05  12    70  99999.00  99999.00  17320.98  18883.86   -768.12   -370.68  -1190.91   -518.43       0     863     864     566
94998  05  12    60  99999.00  99999.00  99999.00  99999.00  99999.00  99999.00  99999.00  99999.00       0       0      52      30
94998  05  12    50  99999.00  99999.00  19383.73  21075.97   -792.82   -363.46  -1184.07   -540.99       0     787     791     482
94998  05  12    40  99999.00  99999.00  99999.00  99999.00 -13447.19  11340.49  99999.00  99999.00       0       0      80      48
94998  05  12    30  99999.00  99999.00  22408.33  24482.53   -844.41   -331.65  -1164.12   -567.96       0     599     612     342
94998  05  12    20  99999.00  99999.00  24751.67  27232.67   -888.23   -299.51  -1161.47   -568.43       0     448     468     233
94998  05  12    15  99999.00  99999.00  99999.00  99999.00 -18363.40  15344.48  99999.00  99999.00       0       0      82      45
94998  05  12    10  99999.00  99999.00  28566.95  32037.95   -930.68   -266.72  -1121.35   -602.47       0     102     151      75
94998  05  12     7  99999.00  99999.00  99999.00  99999.00  99999.00  99999.00  99999.00  99999.00       0       0      11       8
94998  05  12     5  99999.00  99999.00  99999.00  99999.00  99999.00  99999.00  99999.00  99999.00       0       0       2       2
94998  05  12     3  99999.00  99999.00  99999.00  99999.00  99999.00  99999.00  99999.00  99999.00       0       0       1       1
94998  05  12     2  99999.00  99999.00  99999.00  99999.00  99999.00  99999.00  99999.00  99999.00       0       0       0       0
94998  05  12     1  99999.00  99999.00  99999.00  99999.00  99999.00  99999.00  99999.00  99999.00       0       0       0       0
94998  06  12  9999    919.55   1082.63  99999.00  99999.00   -107.47    176.09   -135.45    182.31     884       0     884     884
94998  06  12  1000  99999.00  99999.00   -258.85    443.03    -99.81    163.59   -232.83    240.69       0     512     513     509
94998  06  12   925  99999.00  99999.00      3.10   1273.78   -233.57    219.91   -325.80    264.72       0     616     621     619
94998  06  12   900  99999.00  99999.00  99999.00  99999.00  99999.00  99999.00  99999.00  99999.00       0       0      16      16
94998  06  12   850  99999.00  99999.00    646.50   1981.50   -315.02    241.30   -594.20    397.60       0     918     914     910
94998  06  12   800  99999.00  99999.00  99999.00  99999.00  99999.00  99999.00  99999.00  99999.00       0       0      26      26
94998  06  12   700  99999.00  99999.00   2031.32   3629.12   -401.55    174.93   -904.84    452.96       0     918     915     908
94998  06  12   600  99999.00  99999.00  99999.00  99999.00  99999.00  99999.00  99999.00  99999.00       0       0      23      23
94998  06  12   500  99999.00  99999.00   4369.51   6290.11   -538.67    -14.63  -1028.00    242.20       0     915     916     902
94998  06  12   400  99999.00  99999.00   5814.03   7978.71   -615.69   -170.61  -1111.80     82.80       0     912     913     883
94998  06  12   300  99999.00  99999.00   7633.60   9979.00   -693.84   -365.40  -1128.36   -186.60       0     907     909     856
94998  06  12   250  99999.00  99999.00   8817.17  11113.49   -843.78   -332.34  -1107.35   -349.91       0     899     900     516
94998  06  12   200  99999.00  99999.00  10350.84  12367.32   -996.20   -200.12  -1178.21   -392.21       0     888     889     457
94998  06  12   150  99999.00  99999.00  12301.90  14040.94   -855.82   -284.38  -1206.91   -442.87       0     875     877     553
94998  06  12   100  99999.00  99999.00  14851.65  16620.33   -819.89   -332.33  -1194.64   -504.64       0     858     871     531
94998  06  12    80  99999.00  99999.00  99999.00  99999.00  99999.00  99999.00  99999.00  99999.00       0       0      22      14
94998  06  12    70  99999.00  99999.00  16986.39  18977.91   -857.09   -324.29  -1213.73   -503.93       0     828     829     380
94998  06  12    60  99999.00  99999.00  99999.00  99999.00  99999.00  99999.00  99999.00  99999.00       0       0      43      21
94998  06  12    50  99999.00  99999.00  18918.94  21245.38   -901.01   -314.09  -1207.13   -523.85       0     764     767     272
94998  06  12    40  99999.00  99999.00  99999.00  99999.00 -13255.99  11122.61  99999.00  99999.00       0       0      62      19
94998  06  12    30  99999.00  99999.00  21753.89  24711.41  -3989.93   2657.35  -1233.21   -517.89       0     566     576     155
94998  06  12    20  99999.00  99999.00  24003.39  27433.11   -981.59   -326.15  -1245.84   -540.00       0     406     423      84
94998  06  12    15  99999.00  99999.00  99999.00  99999.00 -13930.58  11614.30  99999.00  99999.00       0       0      74      19
94998  06  12    10  99999.00  99999.00  28172.22  31566.18  -5804.85   4302.75  99999.00  99999.00       0      87     123      14
94998  06  12     7  99999.00  99999.00  99999.00  99999.00  99999.00  99999.00  99999.00  99999.00       0       0      11       0
94998  06  12     5  99999.00  99999.00  99999.00  99999.00  99999.00  99999.00  99999.00  99999.00       0       0       2       2
94998  06  12     3  99999.00  99999.00  99999.00  99999.00  99999.00  99999.00  99999.00  99999.00       0       0       0       0
94998  06  12     2  99999.00  99999.00  99999.00  99999.00  99999.00  99999.00  99999.00  99999.00       0       0       0       0
94998  06  12     1  99999.00  99999.00  99999.00  99999.00  99999.00  99999.00  99999.00  99999.00       0       0       0       0
94998  07  12  9999    917.92   1085.92  99999.00  99999.00    -93.76    160.88    -89.84    132.52     921       0     919     919
94998  07  12  1000  99999.00  99999.00   -260.34    441.90   -100.94    160.54   -229.28    233.92       0     602     602     600
94998  07  12   925  99999.00  99999.00    -25.11   1320.93   -228.21    212.67   -352.42    284.66       0     651     652     651
94998  07  12   900  99999.00  99999.00  99999.00  99999.00  99999.00  99999.00  99999.00  99999.00       0       0      13      13
94998  07  12   850  99999.00  99999.00    636.91   2000.83   -291.57    215.19   -645.48    440.40       0     974     972     969
94998  07  12   800  99999.00  99999.00  99999.00  99999.00  99999.00  99999.00  99999.00  99999.00       0       0      26      26
94998  07  12   700  99999.00  99999.00   2056.17   3608.73   -369.94    137.54   -926.53    445.43       0     972     970     961
94998  07  12   600  99999.00  99999.00  99999.00  99999.00  99999.00  99999.00  99999.00  99999.00       0       0      24      24
94998  07  12   500  99999.00  99999.00   4403.53   6252.01   -512.90    -54.98  -1052.96    228.52       0     971     969     954
94998  07  12   400  99999.00  99999.00   5863.27   7913.23   -598.92   -206.64  -1107.69     57.87       0     967     967     932
94998  07  12   300  99999.00  99999.00   7677.48   9899.16   -696.64   -389.08  -1153.57   -193.45       0     964     962     902
94998  07  12   250  99999.00  99999.00   8841.05  11038.25   -842.42   -365.78  -1143.42   -368.82       0     950     951     394
94998  07  12   200  99999.00  99999.00  10332.82  12308.26  -1023.38   -219.62  -1168.32   -430.20       0     936     939     396
94998  07  12   150  99999.00  99999.00  12204.18  14016.42   -918.73   -270.73  -1187.18   -483.62       0     933     933     440
94998  07  12   100  99999.00  99999.00  14643.06  16649.58   -906.38   -293.42  -1177.44   -532.56       0     906     924     403
94998  07  12    80  99999.00  99999.00  99999.00  99999.00  99999.00  99999.00  99999.00  99999.00       0       0      24      14
94998  07  12    70  99999.00  99999.00  16701.61  19041.85  -2558.26   1309.22  -1181.80   -539.08       0     874     874     310
94998  07  12    60  99999.00  99999.00  99999.00  99999.00  99999.00  99999.00  99999.00  99999.00       0       0      55      26
94998  07  12    50  99999.00  99999.00  18586.71  21334.95  -2655.64   1380.44  -1207.33   -521.41       0     794     803     267
94998  07  12    40  99999.00  99999.00  99999.00  99999.00  -7755.98   6224.02  99999.00  99999.00       0       0      65      28
94998  07  12    30  99999.00  99999.00  21294.45  24941.37  -1068.51   -210.75  -1258.14   -477.54       0     574     583     189
94998  07  12    20  99999.00  99999.00  23423.13  27817.41  -1141.99   -151.15  -1276.49   -465.89       0     408     422     131
94998  07  12    15  99999.00  99999.00  99999.00  99999.00 -16340.96  13658.44  99999.00  99999.00       0       0      92      33
94998  07  12    10  99999.00  99999.00  26847.21  32689.89  -1186.77   -121.05  99999.00  99999.00       0      83     119      24
94998  07  12     7  99999.00  99999.00  99999.00  99999.00  99999.00  99999.00  99999.00  99999.00       0       0      11       4
94998  07  12     5  99999.00  99999.00  99999.00  99999.00  99999.00  99999.00  99999.00  99999.00       0       0       1       1
94998  07  12     3  99999.00  99999.00  99999.00  99999.00  99999.00  99999.00  99999.00  99999.00       0       0       0       0
94998  07  12     2  99999.00  99999.00  99999.00  99999.00  99999.00  99999.00  99999.00  99999.00       0       0       0       0
94998  07  12     1  99999.00  99999.00  99999.00  99999.00  99999.00  99999.00  99999.00  99999.00       0       0       0       0
94998  08  12  9999    920.55   1079.19  99999.00  99999.00    -88.22    157.54    -88.15    130.61     937       0     936     936
94998  08  12  1000  99999.00  99999.00   -271.55    441.97   -102.81    160.35   -232.66    234.74       0     520     520     516
94998  08  12   925  99999.00  99999.00    -24.44   1281.16   -205.20    193.80   -347.16    285.72       0     664     668     665
94998  08  12   900  99999.00  99999.00  99999.00  99999.00  99999.00  99999.00  99999.00  99999.00       0       0      31      31
94998  08  12   850  99999.00  99999.00    668.83   1939.87   -275.28    202.32   -614.14    421.10       0     992     991     984
94998  08  12   800  99999.00  99999.00  99999.00  99999.00  99999.00  99999.00  99999.00  99999.00       0       0      23      23
94998  08  12   700  99999.00  99999.00   2096.93   3539.45   -361.92    129.48   -931.61    461.71       0     990     990     976
94998  08  12   600  99999.00  99999.00  99999.00  99999.00  99999.00  99999.00  99999.00  99999.00       0       0      12      12
94998  08  12   500  99999.00  99999.00   4458.73   6167.65   -514.32    -55.92  -1040.41    239.27       0     990     991     972
94998  08  12   400  99999.00  99999.00   5917.11   7828.83   -603.38   -204.74  -1108.55     69.49       0     986     985     939
94998  08  12   300  99999.00  99999.00   7739.72   9805.64   -705.50   -379.82  -1159.33   -181.69       0     976     974     910
94998  08  12   250  99999.00  99999.00   8907.52  10942.48   -861.88   -340.72  -1191.79   -322.87       0     969     968     427
94998  08  12   200  99999.00  99999.00  10393.19  12225.71  -1009.78   -211.30  -1193.86   -403.78       0     960     959     417
94998  08  12   150  99999.00  99999.00  12241.41  13974.69   -924.24   -247.44  -1185.57   -472.53       0     949     950     494
94998  08  12   100  99999.00  99999.00  14669.12  16643.36   -934.71   -237.51  -1176.57   -505.53       0     924     941     468
94998  08  12    80  99999.00  99999.00  99999.00  99999.00  99999.00  99999.00  99999.00  99999.00       0       0      36      18
94998  08  12    70  99999.00  99999.00  16689.91  19108.99  -2541.45   1343.91  -1186.37   -505.73       0     875     880     414
94998  08  12    60  99999.00  99999.00  99999.00  99999.00  99999.00  99999.00  99999.00  99999.00       0       0      58      32
94998  08  12    50  99999.00  99999.00  18558.75  21481.47  -1020.41   -155.09  -1183.88   -508.16       0     795     796     370
94998  08  12    40  99999.00  99999.00  99999.00  99999.00  -1076.31    -76.35  99999.00  99999.00       0       0      80      37
94998  08  12    30  99999.00  99999.00  21244.66  25250.62  -1088.33    -79.85  -1200.12   -485.28       0     597     610     319
94998  08  12    20  99999.00  99999.00  23279.25  28312.53  -4505.21   3261.31  -1210.30   -463.18       0     416     432     230
94998  08  12    15  99999.00  99999.00  99999.00  99999.00 -14383.07  12167.41  -1155.83   -511.55       0       0     104      64
94998  08  12    10  99999.00  99999.00  26826.47  33754.07  -1184.25    150.51  -1164.53   -454.01       0      73     119      74
94998  08  12     7  99999.00  99999.00  99999.00  99999.00  99999.00  99999.00  99999.00  99999.00       0       0      17      15
94998  08  12     5  99999.00  99999.00  99999.00  99999.00  99999.00  99999.00  99999.00  99999.00       0       0       3       3
94998  08  12     3  99999.00  99999.00  99999.00  99999.00  99999.00  99999.00  99999.00  99999.00       0       0       0       0
94998  08  12     2  99999.00  99999.00  99999.00  99999.00  99999.00  99999.00  99999.00  99999.00       0       0       0       0
94998  08  12     1  99999.00  99999.00  99999.00  99999.00  99999.00  99999.00  99999.00  99999.00       0       0       0       0
94998  09  12  9999    915.55   1077.91  99999.00  99999.00    -91.96    160.76    -95.65    141.83     897       0     896     895
94998  09  12  1000  99999.00  99999.00   -235.69    391.55    -95.00    155.44   -245.90    243.70       0     411     411     408
94998  09  12   925  99999.00  99999.00    -51.39   1263.45   -210.21    199.35   -371.73    304.11       0     630     634     630
94998  09  12   900  99999.00  99999.00  99999.00  99999.00  99999.00  99999.00  99999.00  99999.00       0       0      15      15
94998  09  12   850  99999.00  99999.00    624.26   1934.18   -300.24    221.64   -590.39    397.69       0     936     934     929
94998  09  12   800  99999.00  99999.00  99999.00  99999.00  99999.00  99999.00  99999.00  99999.00       0       0      22      22
94998  09  12   700  99999.00  99999.00   2043.03   3539.79   -396.43    160.37   -922.90    453.26       0     936     934     919
94998  09  12   600  99999.00  99999.00  99999.00  99999.00  99999.00  99999.00  99999.00  99999.00       0       0      20      20
94998  09  12   500  99999.00  99999.00   4372.40   6204.68   -552.82    -10.42  -1065.41    272.59       0     932     930     911
94998  09  12   400  99999.00  99999.00   5812.05   7892.37   -631.20   -161.64  -1163.70    132.06       0     932     932     894
94998  09  12   300  99999.00  99999.00   7634.99   9893.63   -728.31   -317.79  -1224.09   -115.65       0     923     923     870
94998  09  12   250  99999.00  99999.00   8826.10  11033.02   -912.25   -221.53  -1192.51   -295.51       0     912     915     592
94998  09  12   200  99999.00  99999.00  10335.77  12348.65  -1028.38    -99.94  -1176.95   -391.91       0     902     908     561
94998  09  12   150  99999.00  99999.00  12169.26  14185.14   -949.24   -137.92  -1168.90   -454.42       0     895     896     578
94998  09  12   100  99999.00  99999.00  14582.22  16981.86   -952.51   -115.03  -1158.16   -473.32       0     877     893     579
94998  09  12    80  99999.00  99999.00  99999.00  99999.00  99999.00  99999.00  99999.00  99999.00       0       0      40      27
94998  09  12    70  99999.00  99999.00  16612.18  19553.02   -972.91    -77.47  -1148.87   -477.59       0     857     858     514
94998  09  12    60  99999.00  99999.00  99999.00  99999.00  -7976.18   6624.34  99999.00  99999.00       0       0      61      41
94998  09  12    50  99999.00  99999.00  18506.14  22032.22  -2598.38   1542.46  -1160.71   -457.63       0     790     797     501
94998  09  12    40  99999.00  99999.00  99999.00  99999.00 -14892.39  12712.17  99999.00  99999.00       0       0      65      48
94998  09  12    30  99999.00  99999.00  21366.88  25880.68  -1014.66     13.38  -1127.11   -488.11       0     596     604     435
94998  09  12    20  99999.00  99999.00  23586.31  29019.55  -1023.60     58.56  -1122.74   -477.86       0     440     461     355
94998  09  12    15  99999.00  99999.00  99999.00  99999.00 -14561.07  12500.49  -1078.50   -501.06       0       0     102      82
94998  09  12    10  99999.00  99999.00  27490.63  34395.79   -901.34     37.30  -1117.52   -435.20       0      84     136     121
94998  09  12     7  99999.00  99999.00  99999.00  99999.00  99999.00  99999.00  99999.00  99999.00       0       0      10       9
94998  09  12     5  99999.00  99999.00  99999.00  99999.00  99999.00  99999.00  99999.00  99999.00       0       0       4       4
94998  09  12     3  99999.00  99999.00  99999.00  99999.00  99999.00  99999.00  99999.00  99999.00       0       0       2       2
94998  09  12     2  99999.00  99999.00  99999.00  99999.00  99999.00  99999.00  99999.00  99999.00       0       0       0       0
94998  09  12     1  99999.00  99999.00  99999.00  99999.00  99999.00  99999.00  99999.00  99999.00       0       0       0       0
94998  10  12  9999    918.27   1072.71  99999.00  99999.00    -73.99    148.73    -91.80    140.04     900       0     900     900
94998  10  12  1000  99999.00  99999.00   -214.33    355.91    -75.47    144.85   -232.37    235.15       0     370     370     370
94998  10  12   925  99999.00  99999.00     -0.99   1192.29   -189.04    176.24   -309.80    247.36       0     627     629     628
94998  10  12   900  99999.00  99999.00  99999.00  99999.00  99999.00  99999.00  99999.00  99999.00       0       0      16      16
94998  10  12   850  99999.00  99999.00    646.31   1893.47   -286.74    208.50   -547.00    369.20       0     925     924     921
94998  10  12   800  99999.00  99999.00  99999.00  99999.00  99999.00  99999.00  99999.00  99999.00       0       0      19      19
94998  10  12   700  99999.00  99999.00   2095.03   3469.27   -389.03    161.65   -894.96    447.36       0     926     925     917
94998  10  12   600  99999.00  99999.00  99999.00  99999.00  99999.00  99999.00  99999.00  99999.00       0       0      25      25
94998  10  12   500  99999.00  99999.00   4419.78   6154.02   -556.13     13.99  -1061.55    289.29       0     925     924     908
94998  10  12   400  99999.00  99999.00   5859.65   7857.53   -632.18   -129.14  -1175.59    162.53       0     921     920     889
94998  10  12   300  99999.00  99999.00   7696.47   9876.87   -713.03   -279.35  -1217.38    -94.78       0     918     915     863
94998  10  12   250  99999.00  99999.00   8916.84  11021.16   -884.17   -171.49  -1176.61   -273.49       0     914     913     792
94998  10  12   200  99999.00  99999.00  10473.20  12353.00   -923.12   -103.88  -1198.09   -342.01       0     899     900     719
94998  10  12   150  99999.00  99999.00  12383.21  14200.49   -834.70   -155.62  -1181.11   -403.75       0     892     890     699
94998  10  12   100  99999.00  99999.00  14982.24  16929.96   -787.99   -173.47  -1139.43   -454.71       0     870     884     697
94998  10  12    80  99999.00  99999.00  99999.00  99999.00  99999.00  99999.00  99999.00  99999.00       0       0      24      22
94998  10  12    70  99999.00  99999.00  17205.05  19420.37   -753.27   -179.67  -1132.60   -452.20       0     858     858     626
94998  10  12    60  99999.00  99999.00  99999.00  99999.00  99999.00  99999.00  99999.00  99999.00       0       0      43      37
94998  10  12    50  99999.00  99999.00  19317.26  21792.62   -720.69   -190.29  -1097.39   -481.55       0     797     798     603
94998  10  12    40  99999.00  99999.00  99999.00  99999.00 -16446.80  14084.08  99999.00  99999.00       0       0      66      52
94998  10  12    30  99999.00  99999.00  22626.34  25342.78   -689.55   -195.27  -1045.20   -530.40       0     645     649     532
94998  10  12    20  99999.00  99999.00  25195.08  28240.92  -2988.11   2097.01  -1031.54   -530.06       0     504     516     438
94998  10  12    15  99999.00  99999.00  99999.00  99999.00 -25233.15  20647.77  -1011.24   -541.20       0       0      97      88
94998  10  12    10  99999.00  99999.00  29510.39  33230.51   -644.13   -163.53   -992.44   -542.44       0      90     149     140
94998  10  12     7  99999.00  99999.00  99999.00  99999.00  99999.00  99999.00  99999.00  99999.00       0       0       9       9
94998  10  12     5  99999.00  99999.00  99999.00  99999.00  99999.00  99999.00  99999.00  99999.00       0       0       2       2
94998  10  12     3  99999.00  99999.00  99999.00  99999.00  99999.00  99999.00  99999.00  99999.00       0       0       0       0
94998  10  12     2  99999.00  99999.00  99999.00  99999.00  99999.00  99999.00  99999.00  99999.00       0       0       1       0
94998  10  12     1  99999.00  99999.00  99999.00  99999.00  99999.00  99999.00  99999.00  99999.00       0       0       0       0
94998  11  12  9999    926.61   1068.33  99999.00  99999.00    -61.10    146.74    -95.28    140.28     833       0     833     832
94998  11  12  1000  99999.00  99999.00   -217.40    353.68    -56.32    138.08   -216.21    233.79       0     407     408     407
94998  11  12   925  99999.00  99999.00     79.14   1150.02   -178.68    179.16   -282.26    238.06       0     563     569     569
94998  11  12   900  99999.00  99999.00  99999.00  99999.00  99999.00  99999.00  99999.00  99999.00       0       0      20      20
94998  11  12   850  99999.00  99999.00    723.35   1856.75   -288.19    226.25   -534.93    368.55       0     885     886     882
94998  11  12   800  99999.00  99999.00  99999.00  99999.00  99999.00  99999.00  99999.00  99999.00       0       0      31      31
94998  11  12   700  99999.00  99999.00   2149.58   3468.86   -386.54    186.10   -874.27    462.05       0     885     883     876
94998  11  12   600  99999.00  99999.00  99999.00  99999.00  99999.00  99999.00  99999.00  99999.00       0       0      16      16
94998  11  12   500  99999.00  99999.00   4484.23   6176.59   -542.95     39.65  -1032.76    302.24       0     882     882     864
94998  11  12   400  99999.00  99999.00   5926.04   7904.00   -626.78    -93.98  -1125.06    163.26       0     879     880     858
94998  11  12   300  99999.00  99999.00   7764.92   9956.24   -693.36   -260.40  -1176.83    -77.51       0     875     875     828
94998  11  12   250  99999.00  99999.00   8965.23  11147.07   -850.37   -170.69  -1143.45   -246.33       0     870     871     804
94998  11  12   200  99999.00  99999.00  10550.08  12464.20   -878.17   -124.57  -1182.09   -323.73       0     864     862     722
94998  11  12   150  99999.00  99999.00  12509.35  14270.47   -774.39   -210.15  -1180.89   -400.41       0     849     852     680
94998  11  12   100  99999.00  99999.00  15192.40  16908.28   -741.43   -239.47  -1151.38   -455.86       0     826     843     677
94998  11  12    80  99999.00  99999.00  99999.00  99999.00  99999.00  99999.00  99999.00  99999.00       0       0      30      24
94998  11  12    70  99999.00  99999.00  17533.43  19263.71   -699.37   -262.45  -1146.09   -464.37       0     777     785     565
94998  11  12    60  99999.00  99999.00  99999.00  99999.00  99999.00  99999.00  99999.00  99999.00       0       0      41      38
94998  11  12    50  99999.00  99999.00  19766.49  21486.69  -2640.83   1668.37  -1128.80   -479.60       0     700     710     520
94998  11  12    40  99999.00  99999.00  99999.00  99999.00  99999.00  99999.00  99999.00  99999.00       0       0      40      30
94998  11  12    30  99999.00  99999.00  22999.95  25031.07   -645.67   -274.51  -1096.58   -502.22       0     530     534     439
94998  11  12    20  99999.00  99999.00  25607.07  27859.95   -629.22   -252.66  -1064.79   -513.03       0     405     420     358
94998  11  12    15  99999.00  99999.00  99999.00  99999.00 -17318.66  14831.26  -1005.31   -571.51       0       0      71      66
94998  11  12    10  99999.00  99999.00  30222.96  32596.56   -590.08   -208.48   -982.84   -545.44       0      82     127     120
94998  11  12     7  99999.00  99999.00  99999.00  99999.00  99999.00  99999.00  99999.00  99999.00       0       0       7       5
94998  11  12     5  99999.00  99999.00  99999.00  99999.00  99999.00  99999.00  99999.00  99999.00       0       0       2       0
94998  11  12     3  99999.00  99999.00  99999.00  99999.00  99999.00  99999.00  99999.00  99999.00       0       0       0       0
94998  11  12     2  99999.00  99999.00  99999.00  99999.00  99999.00  99999.00  99999.00  99999.00       0       0       0       0
94998  11  12     1  99999.00  99999.00  99999.00  99999.00  99999.00  99999.00  99999.00  99999.00       0       0       0       0
94998  12  12  9999    926.77   1070.29  99999.00  99999.00    -40.45    152.15   -112.87    157.01     896       0     896     896
94998  12  12  1000  99999.00  99999.00   -230.59    381.89    -47.58    150.90   -178.23    222.81       0     458     458     455
94998  12  12   925  99999.00  99999.00     62.20   1179.28   -181.86    219.42   -276.69    267.99       0     594     598     596
94998  12  12   900  99999.00  99999.00  99999.00  99999.00  99999.00  99999.00  99999.00  99999.00       0       0      18      18
94998  12  12   850  99999.00  99999.00    699.53   1913.09   -267.07    244.97   -515.78    385.90       0     936     935     932
94998  12  12   800  99999.00  99999.00  99999.00  99999.00  99999.00  99999.00  99999.00  99999.00       0       0      23      23
94998  12  12   700  99999.00  99999.00   2164.26   3510.78   -351.45    195.15   -801.27    440.37       0     935     934     919
94998  12  12   600  99999.00  99999.00  99999.00  99999.00  99999.00  99999.00  99999.00  99999.00       0       0      25      25
94998  12  12   500  99999.00  99999.00   4503.54   6260.46   -521.96     60.64   -919.62    241.14       0     932     931     911
94998  12  12   400  99999.00  99999.00   5949.95   8008.31   -617.45    -69.29  -1014.60    113.16       0     930     931     907
94998  12  12   300  99999.00  99999.00   7763.11  10105.87   -673.20   -265.68  -1114.72    -81.64       0     922     922     858
94998  12  12   250  99999.00  99999.00   8987.05  11273.29   -812.27   -207.23  -1146.90   -209.22       0     918     917     833
94998  12  12   200  99999.00  99999.00  10587.91  12573.07   -887.15   -134.27  -1183.23   -318.39       0     912     915     740
94998  12  12   150  99999.00  99999.00  12613.64  14300.36   -769.19   -234.47  -1190.52   -405.12       0     906     905     722
94998  12  12   100  99999.00  99999.00  15366.53  16832.69   -726.24   -290.40  -1176.20   -456.08       0     880     896     721
94998  12  12    80  99999.00  99999.00  99999.00  99999.00  99999.00  99999.00  99999.00  99999.00       0       0      29      27
94998  12  12    70  99999.00  99999.00  17770.44  19082.88   -682.39   -314.11  -1180.20   -448.44       0     845     848     622
94998  12  12    60  99999.00  99999.00  99999.00  99999.00  99999.00  99999.00  99999.00  99999.00       0       0      38      29
94998  12  12    50  99999.00  99999.00  20003.21  21260.45   -649.24   -321.64  -1153.19   -462.95       0     760     768     576
94998  12  12    40  99999.00  99999.00  99999.00  99999.00  99999.00  99999.00  99999.00  99999.00       0       0      54      42
94998  12  12    30  99999.00  99999.00  23429.64  24597.60  -2798.07   1853.85  -1117.96   -467.20       0     599     608     497
94998  12  12    20  99999.00  99999.00  26158.99  27319.39   -557.79   -291.03  -1040.05   -514.09       0     468     480     416
94998  12  12    15  99999.00  99999.00  99999.00  99999.00 -27457.40  22065.88   -994.93   -528.37       0       0      71      66
94998  12  12    10  99999.00  99999.00  30826.01  32171.45   -504.80   -175.28   -960.19   -483.19       0     118     167     161
94998  12  12     7  99999.00  99999.00  99999.00  99999.00  99999.00  99999.00  99999.00  99999.00       0       0      11      10
94998  12  12     5  99999.00  99999.00  99999.00  99999.00  99999.00  99999.00  99999.00  99999.00       0       0       1       0
94998  12  12     3  99999.00  99999.00  99999.00  99999.00  99999.00  99999.00  99999.00  99999.00       0       0       1       0
94998  12  12     2  99999.00  99999.00  99999.00  99999.00  99999.00  99999.00  99999.00  99999.00       0       0       1       1
94998  12  12     1  99999.00  99999.00  99999.00  99999.00  99999.00  99999.00  99999.00  99999.00       0       0       0       0
