78897  01  00  9999   1006.25   1023.53  99999.00  99999.00    183.71    302.63    -55.35    139.17     413       0     412     412
78897  01  00  1000  99999.00  99999.00     63.67    210.31    192.59    281.51    102.74    288.14       0     413     412     412
78897  01  00   925  99999.00  99999.00    740.37    888.93    145.25    234.77     41.65    265.93       0     401     401     401
78897  01  00   900  99999.00  99999.00  99999.00  99999.00  99999.00  99999.00  99999.00  99999.00       0       0       4       4
78897  01  00   850  99999.00  99999.00   1460.59   1612.51     89.02    199.66    -95.28    297.48       0     413     413     413
78897  01  00   800  99999.00  99999.00  99999.00  99999.00  99999.00  99999.00  99999.00  99999.00       0       0      11      11
78897  01  00   700  99999.00  99999.00   3063.53   3253.37    -29.63    197.77   -937.28    652.00       0     412     412     412
78897  01  00   600  99999.00  99999.00  99999.00  99999.00  99999.00  99999.00  99999.00  99999.00       0       0       6       6
78897  01  00   500  99999.00  99999.00   5711.47   6014.35   -179.36     45.04   -984.88    274.88       0     412     413     413
78897  01  00   400  99999.00  99999.00   7375.45   7757.53   -291.13    -75.13  -1003.03     82.97       0     410     411     411
78897  01  00   300  99999.00  99999.00   9417.29   9885.53   -433.27   -225.55  -1092.60    -35.16       0     411     410     409
78897  01  00   250  99999.00  99999.00  10656.40  11160.04   -517.55   -328.07  99999.00  99999.00       0     410     409       7
78897  01  00   200  99999.00  99999.00  12110.31  12648.27   -629.30   -439.58  99999.00  99999.00       0     409     408       0
78897  01  00   150  99999.00  99999.00  13888.74  14457.42   -763.89   -554.61  99999.00  99999.00       0     409     409       0
78897  01  00   100  99999.00  99999.00  16290.28  16815.28   -904.46   -663.26  99999.00  99999.00       0     406     407       0
78897  01  00    80  99999.00  99999.00  99999.00  99999.00  99999.00  99999.00  99999.00  99999.00       0       0      22       0
78897  01  00    70  99999.00  99999.00  18350.60  18788.84   -958.11   -617.67  99999.00  99999.00       0     388     390       0
78897  01  00    60  99999.00  99999.00  99999.00  99999.00  99999.00  99999.00  99999.00  99999.00       0       0      56       0
78897  01  00    50  99999.00  99999.00  20342.39  20735.63   -807.43   -551.59  99999.00  99999.00       0     355     358       0
78897  01  00    40  99999.00  99999.00  99999.00  99999.00  99999.00  99999.00  99999.00  99999.00       0       0      33       0
78897  01  00    30  99999.00  99999.00  23450.86  23915.62   -714.38   -462.86  99999.00  99999.00       0     207     226       0
78897  01  00    20  99999.00  99999.00  99999.00  99999.00  99999.00  99999.00  99999.00  99999.00       0      21      24       0
78897  01  00    15  99999.00  99999.00  99999.00  99999.00  99999.00  99999.00  99999.00  99999.00       0       0       3       0
78897  01  00    10  99999.00  99999.00  99999.00  99999.00  99999.00  99999.00  99999.00  99999.00       0       3       3       0
78897  01  00     7  99999.00  99999.00  99999.00  99999.00  99999.00  99999.00  99999.00  99999.00       0       1       1       0
78897  01  00     5  99999.00  99999.00  99999.00  99999.00  99999.00  99999.00  99999.00  99999.00       0       1       1       0
78897  01  00     3  99999.00  99999.00  99999.00  99999.00  99999.00  99999.00  99999.00  99999.00       0       0       0       0
78897  01  00     2  99999.00  99999.00  99999.00  99999.00  99999.00  99999.00  99999.00  99999.00       0       0       0       0
78897  01  00     1  99999.00  99999.00  99999.00  99999.00  99999.00  99999.00  99999.00  99999.00       0       0       0       0
78897  02  00  9999   1005.04   1025.56  99999.00  99999.00    183.57    302.37    -99.20    198.64     351       0     351     351
78897  02  00  1000  99999.00  99999.00     51.78    229.14    185.37    284.25     70.41    304.89       0     350     350     350
78897  02  00   925  99999.00  99999.00    730.05    904.05    136.19    235.55    -43.22    337.78       0     350     349     349
78897  02  00   900  99999.00  99999.00  99999.00  99999.00  99999.00  99999.00  99999.00  99999.00       0       0       5       5
78897  02  00   850  99999.00  99999.00   1451.36   1624.40     70.70    210.86   -130.88    316.72       0     350     347     347
78897  02  00   800  99999.00  99999.00  99999.00  99999.00  99999.00  99999.00  99999.00  99999.00       0       0       5       5
78897  02  00   700  99999.00  99999.00   3060.64   3259.00    -42.29    217.51   -982.92    621.00       0     350     350     350
78897  02  00   600  99999.00  99999.00  99999.00  99999.00  99999.00  99999.00  99999.00  99999.00       0       0       4       4
78897  02  00   500  99999.00  99999.00   5700.30   6034.98   -181.52     49.00   -987.48    222.36       0     351     351     351
78897  02  00   400  99999.00  99999.00   7361.31   7780.23   -291.19    -75.91  -1038.41     94.51       0     350     350     350
78897  02  00   300  99999.00  99999.00   9400.76   9910.64   -451.56   -205.56  -1155.44     10.96       0     349     348     340
78897  02  00   250  99999.00  99999.00  10623.49  11202.13   -537.52   -308.80  99999.00  99999.00       0     349     348      21
78897  02  00   200  99999.00  99999.00  12051.05  12715.85   -642.63   -428.55  99999.00  99999.00       0     348     348       0
78897  02  00   150  99999.00  99999.00  13806.79  14546.59   -762.53   -556.25  99999.00  99999.00       0     347     347       0
78897  02  00   100  99999.00  99999.00  16224.34  16893.58   -895.81   -663.97  99999.00  99999.00       0     346     346       0
78897  02  00    80  99999.00  99999.00  99999.00  99999.00  99999.00  99999.00  99999.00  99999.00       0       0      26       0
78897  02  00    70  99999.00  99999.00  18319.98  18841.14   -963.34   -609.34  99999.00  99999.00       0     339     339       0
78897  02  00    60  99999.00  99999.00  99999.00  99999.00  99999.00  99999.00  99999.00  99999.00       0       0      34       0
78897  02  00    50  99999.00  99999.00  20336.06  20764.58   -824.12   -540.92  99999.00  99999.00       0     308     312       0
78897  02  00    40  99999.00  99999.00  99999.00  99999.00  99999.00  99999.00  99999.00  99999.00       0       0      22       0
78897  02  00    30  99999.00  99999.00  23434.64  23937.80   -720.70   -468.82  99999.00  99999.00       0     151     164       0
78897  02  00    20  99999.00  99999.00  99999.00  99999.00  99999.00  99999.00  99999.00  99999.00       0       1       3       0
78897  02  00    15  99999.00  99999.00  99999.00  99999.00  99999.00  99999.00  99999.00  99999.00       0       0       0       0
78897  02  00    10  99999.00  99999.00  99999.00  99999.00  99999.00  99999.00  99999.00  99999.00       0       0       0       0
78897  02  00     7  99999.00  99999.00  99999.00  99999.00  99999.00  99999.00  99999.00  99999.00       0       0       0       0
78897  02  00     5  99999.00  99999.00  99999.00  99999.00  99999.00  99999.00  99999.00  99999.00       0       0       0       0
78897  02  00     3  99999.00  99999.00  99999.00  99999.00  99999.00  99999.00  99999.00  99999.00       0       0       0       0
78897  02  00     2  99999.00  99999.00  99999.00  99999.00  99999.00  99999.00  99999.00  99999.00       0       0       0       0
78897  02  00     1  99999.00  99999.00  99999.00  99999.00  99999.00  99999.00  99999.00  99999.00       0       0       0       0
78897  03  00  9999   1005.10   1024.06  99999.00  99999.00    191.82    304.62    -92.63    197.77     368       0     368     368
78897  03  00  1000  99999.00  99999.00     51.76    217.48    189.34    288.70     74.65    303.85       0     377     376     376
78897  03  00   925  99999.00  99999.00    733.34    890.78    136.78    239.74     13.78    282.34       0     376     376     376
78897  03  00   900  99999.00  99999.00  99999.00  99999.00  99999.00  99999.00  99999.00  99999.00       0       0       4       4
78897  03  00   850  99999.00  99999.00   1453.38   1613.34     73.85    213.89   -118.92    303.48       0     377     374     374
78897  03  00   800  99999.00  99999.00  99999.00  99999.00  99999.00  99999.00  99999.00  99999.00       0       0       8       8
78897  03  00   700  99999.00  99999.00   3058.68   3255.00    -28.01    203.83   -931.18    602.42       0     376     376     376
78897  03  00   600  99999.00  99999.00  99999.00  99999.00  99999.00  99999.00  99999.00  99999.00       0       0       5       5
78897  03  00   500  99999.00  99999.00   5722.33   6009.73   -154.96     30.44   -986.89    238.55       0     375     375     375
78897  03  00   400  99999.00  99999.00   7394.03   7750.67   -288.53    -69.41  -1051.41    130.35       0     374     375     375
78897  03  00   300  99999.00  99999.00   3495.24  15718.44   -431.66   -222.98  -1113.17     12.31       0     373     373     369
78897  03  00   250  99999.00  99999.00  10666.22  11167.82   -508.76   -335.24  99999.00  99999.00       0     373     373       4
78897  03  00   200  99999.00  99999.00  12117.79  12659.95   -618.52   -451.60  99999.00  99999.00       0     371     371       0
78897  03  00   150  99999.00  99999.00  13898.60  14460.92   -777.83   -548.75  99999.00  99999.00       0     369     368       0
78897  03  00   100  99999.00  99999.00  16310.45  16810.97   -884.69   -668.57  99999.00  99999.00       0     368     369       0
78897  03  00    80  99999.00  99999.00  99999.00  99999.00  99999.00  99999.00  99999.00  99999.00       0       0      21       0
78897  03  00    70  99999.00  99999.00  18373.10  18805.70   -936.53   -618.53  99999.00  99999.00       0     335     338       0
78897  03  00    60  99999.00  99999.00  99999.00  99999.00  99999.00  99999.00  99999.00  99999.00       0       0      31       0
78897  03  00    50  99999.00  99999.00  20345.20  20785.36   -821.59   -532.87  99999.00  99999.00       0     318     319       0
78897  03  00    40  99999.00  99999.00  99999.00  99999.00  99999.00  99999.00  99999.00  99999.00       0       0      34       0
78897  03  00    30  99999.00  99999.00  23463.07  23970.19   -699.04   -466.36  99999.00  99999.00       0     172     193       0
78897  03  00    20  99999.00  99999.00  99999.00  99999.00  99999.00  99999.00  99999.00  99999.00       0       3       7       0
78897  03  00    15  99999.00  99999.00  99999.00  99999.00  99999.00  99999.00  99999.00  99999.00       0       0       0       0
78897  03  00    10  99999.00  99999.00  99999.00  99999.00  99999.00  99999.00  99999.00  99999.00       0       0       0       0
78897  03  00     7  99999.00  99999.00  99999.00  99999.00  99999.00  99999.00  99999.00  99999.00       0       0       0       0
78897  03  00     5  99999.00  99999.00  99999.00  99999.00  99999.00  99999.00  99999.00  99999.00       0       0       0       0
78897  03  00     3  99999.00  99999.00  99999.00  99999.00  99999.00  99999.00  99999.00  99999.00       0       0       0       0
78897  03  00     2  99999.00  99999.00  99999.00  99999.00  99999.00  99999.00  99999.00  99999.00       0       0       0       0
78897  03  00     1  99999.00  99999.00  99999.00  99999.00  99999.00  99999.00  99999.00  99999.00       0       0       0       0
78897  04  00  9999   1004.19   1023.75  99999.00  99999.00    193.87    319.15    -86.05    187.07     401       0     399     399
78897  04  00  1000  99999.00  99999.00     48.28    210.76    194.70    301.02     91.32    310.32       0     399     398     398
78897  04  00   925  99999.00  99999.00    731.07    886.95    139.41    254.01     26.30    291.26       0     399     398     398
78897  04  00   900  99999.00  99999.00  99999.00  99999.00  99999.00  99999.00  99999.00  99999.00       0       0       7       7
78897  04  00   850  99999.00  99999.00   1455.17   1610.69     81.29    225.89   -116.03    325.57       0     399     397     397
78897  04  00   800  99999.00  99999.00  99999.00  99999.00  99999.00  99999.00  99999.00  99999.00       0       0      11      11
78897  04  00   700  99999.00  99999.00   3070.04   3249.56     -8.75    178.81   -789.57    615.03       0     398     398     398
78897  04  00   600  99999.00  99999.00  99999.00  99999.00  99999.00  99999.00  99999.00  99999.00       0       0       5       5
78897  04  00   500  99999.00  99999.00   5745.29   5994.65   -160.23     44.37  -1042.87    389.33       0     393     393     392
78897  04  00   400  99999.00  99999.00   7413.62   7747.34   -273.28    -69.16  -1046.01    204.75       0     393     394     394
78897  04  00   300  99999.00  99999.00   9457.00   9889.96   -405.49   -241.81  -1119.19     84.53       0     391     391     390
78897  04  00   250  99999.00  99999.00  10699.28  11166.20   -495.98   -341.06  99999.00  99999.00       0     390     390      13
78897  04  00   200  99999.00  99999.00  12150.88  12662.44   -608.36   -459.44  99999.00  99999.00       0     389     389       0
78897  04  00   150  99999.00  99999.00  13917.08  14475.32   -768.56   -572.48  99999.00  99999.00       0     392     393       0
78897  04  00   100  99999.00  99999.00  16311.13  16827.73   -886.13   -666.77  99999.00  99999.00       0     389     389       0
78897  04  00    80  99999.00  99999.00  99999.00  99999.00  99999.00  99999.00  99999.00  99999.00       0       0      27       0
78897  04  00    70  99999.00  99999.00  18391.75  18821.71   -912.19   -612.19  99999.00  99999.00       0     349     350       0
78897  04  00    60  99999.00  99999.00  99999.00  99999.00  99999.00  99999.00  99999.00  99999.00       0       0      38       0
78897  04  00    50  99999.00  99999.00  20387.67  20806.23   -796.08   -531.84  99999.00  99999.00       0     318     323       0
78897  04  00    40  99999.00  99999.00  99999.00  99999.00  99999.00  99999.00  99999.00  99999.00       0       0      37       0
78897  04  00    30  99999.00  99999.00  23509.38  24038.22   -674.46   -453.90  99999.00  99999.00       0     163     178       0
78897  04  00    20  99999.00  99999.00  99999.00  99999.00  99999.00  99999.00  99999.00  99999.00       0       4       8       0
78897  04  00    15  99999.00  99999.00  99999.00  99999.00  99999.00  99999.00  99999.00  99999.00       0       0       0       0
78897  04  00    10  99999.00  99999.00  99999.00  99999.00  99999.00  99999.00  99999.00  99999.00       0       1       1       0
78897  04  00     7  99999.00  99999.00  99999.00  99999.00  99999.00  99999.00  99999.00  99999.00       0       0       1       0
78897  04  00     5  99999.00  99999.00  99999.00  99999.00  99999.00  99999.00  99999.00  99999.00       0       0       0       0
78897  04  00     3  99999.00  99999.00  99999.00  99999.00  99999.00  99999.00  99999.00  99999.00       0       0       0       0
78897  04  00     2  99999.00  99999.00  99999.00  99999.00  99999.00  99999.00  99999.00  99999.00       0       0       0       0
78897  04  00     1  99999.00  99999.00  99999.00  99999.00  99999.00  99999.00  99999.00  99999.00       0       0       0       0
78897  05  00  9999   1005.32   1023.32  99999.00  99999.00    203.90    326.90    -61.99    158.57     393       0     393     393
78897  05  00  1000  99999.00  99999.00     56.59    208.87    202.14    309.54    119.67    301.35       0     392     392     392
78897  05  00   925  99999.00  99999.00    740.41    888.61    148.45    263.05     54.57    283.05       0     392     392     392
78897  05  00   900  99999.00  99999.00  99999.00  99999.00  99999.00  99999.00  99999.00  99999.00       0       0       6       6
78897  05  00   850  99999.00  99999.00   1467.86   1614.26     93.49    234.25   -101.38    331.34       0     392     392     392
78897  05  00   800  99999.00  99999.00  99999.00  99999.00  99999.00  99999.00  99999.00  99999.00       0       0       8       8
78897  05  00   700  99999.00  99999.00   3087.26   3261.86     12.88    171.52   -629.54    533.62       0     391     391     391
78897  05  00   600  99999.00  99999.00  99999.00  99999.00  99999.00  99999.00  99999.00  99999.00       0       0       9       9
78897  05  00   500  99999.00  99999.00   5781.94   5990.50   -134.59     16.49  -1035.47    492.97       0     389     389     389
78897  05  00   400  99999.00  99999.00   7473.52   7722.40   -250.72    -86.08  -1066.58    343.42       0     388     388     388
78897  05  00   300  99999.00  99999.00   9523.10   9863.30   -398.65   -244.93  -1100.54    132.10       0     387     387     387
78897  05  00   250  99999.00  99999.00  10753.84  11152.24   -492.51   -347.91  99999.00  99999.00       0     388     388       2
78897  05  00   200  99999.00  99999.00  12196.12  12653.56   -605.58   -468.54  99999.00  99999.00       0     386     387       0
78897  05  00   150  99999.00  99999.00  13951.47  14469.87   -752.69   -600.05  99999.00  99999.00       0     386     385       0
78897  05  00   100  99999.00  99999.00  16332.91  16814.35   -901.63   -646.15  99999.00  99999.00       0     377     377       0
78897  05  00    80  99999.00  99999.00  99999.00  99999.00  99999.00  99999.00  99999.00  99999.00       0       0      21       0
78897  05  00    70  99999.00  99999.00  18419.28  18836.04   -893.16   -583.20  99999.00  99999.00       0     325     326       0
78897  05  00    60  99999.00  99999.00  99999.00  99999.00  99999.00  99999.00  99999.00  99999.00       0       0      28       0
78897  05  00    50  99999.00  99999.00  20437.83  20840.91   -761.47   -531.19  99999.00  99999.00       0     302     303       0
78897  05  00    40  99999.00  99999.00  99999.00  99999.00  99999.00  99999.00  99999.00  99999.00       0       0      35       0
78897  05  00    30  99999.00  99999.00  23594.62  24076.30   -663.59   -439.43  99999.00  99999.00       0     176     195       0
78897  05  00    20  99999.00  99999.00  99999.00  99999.00  99999.00  99999.00  99999.00  99999.00       0      31      38       0
78897  05  00    15  99999.00  99999.00  99999.00  99999.00  99999.00  99999.00  99999.00  99999.00       0       0       9       0
78897  05  00    10  99999.00  99999.00  99999.00  99999.00  99999.00  99999.00  99999.00  99999.00       0       3       9       0
78897  05  00     7  99999.00  99999.00  99999.00  99999.00  99999.00  99999.00  99999.00  99999.00       0       0       0       0
78897  05  00     5  99999.00  99999.00  99999.00  99999.00  99999.00  99999.00  99999.00  99999.00       0       0       0       0
78897  05  00     3  99999.00  99999.00  99999.00  99999.00  99999.00  99999.00  99999.00  99999.00       0       0       0       0
78897  05  00     2  99999.00  99999.00  99999.00  99999.00  99999.00  99999.00  99999.00  99999.00       0       0       0       0
78897  05  00     1  99999.00  99999.00  99999.00  99999.00  99999.00  99999.00  99999.00  99999.00       0       0       0       0
78897  06  00  9999   1007.04   1023.12  99999.00  99999.00    209.56    334.24   -121.24    218.24     534       0     530     530
78897  06  00  1000  99999.00  99999.00     70.77    208.77    211.46    314.06    127.92    310.08       0     533     532     532
78897  06  00   925  99999.00  99999.00    756.17    890.81    162.72    262.32     69.72    285.84       0     528     528     528
78897  06  00   900  99999.00  99999.00  99999.00  99999.00  99999.00  99999.00  99999.00  99999.00       0       0       4       4
78897  06  00   850  99999.00  99999.00   1484.87   1619.15    103.28    238.76    -99.98    341.62       0     529     528     528
78897  06  00   800  99999.00  99999.00  99999.00  99999.00  99999.00  99999.00  99999.00  99999.00       0       0      13      13
78897  06  00   700  99999.00  99999.00   3111.22   3267.46     25.10    163.22   -439.49    374.11       0     531     531     531
78897  06  00   600  99999.00  99999.00  99999.00  99999.00  99999.00  99999.00  99999.00  99999.00       0       0      12      12
78897  06  00   500  99999.00  99999.00   5805.95   5992.79   -136.67     12.49   -934.45    463.79       0     527     527     527
78897  06  00   400  99999.00  99999.00   7492.77   7726.65   -241.60   -100.84   -975.17    326.95       0     523     523     523
78897  06  00   300  99999.00  99999.00   9547.73   9855.65   -395.35   -258.07  -1004.80     97.04       0     514     514     512
78897  06  00   250  99999.00  99999.00  10776.61  11141.29   -489.01   -363.01  99999.00  99999.00       0     514     514       1
78897  06  00   200  99999.00  99999.00  12210.72  12641.52   -609.95   -480.11  99999.00  99999.00       0     510     509       0
78897  06  00   150  99999.00  99999.00  13957.76  14449.64   -762.97   -597.49  99999.00  99999.00       0     511     510       0
78897  06  00   100  99999.00  99999.00  16370.67  16799.91   -884.72   -594.08  99999.00  99999.00       0     491     492       0
78897  06  00    80  99999.00  99999.00  99999.00  99999.00  99999.00  99999.00  99999.00  99999.00       0       0      40       0
78897  06  00    70  99999.00  99999.00  18464.08  18883.00   -840.52   -585.28  99999.00  99999.00       0     426     426       0
78897  06  00    60  99999.00  99999.00  99999.00  99999.00  99999.00  99999.00  99999.00  99999.00       0       0      31       0
78897  06  00    50  99999.00  99999.00  20479.07  20919.11   -753.60   -515.52  99999.00  99999.00       0     405     406       0
78897  06  00    40  99999.00  99999.00  99999.00  99999.00  99999.00  99999.00  99999.00  99999.00       0       0      35       0
78897  06  00    30  99999.00  99999.00  23658.32  24166.64   -652.28   -446.12  99999.00  99999.00       0     218     245       0
78897  06  00    20  99999.00  99999.00  99999.00  99999.00  99999.00  99999.00  99999.00  99999.00       0      30      39       0
78897  06  00    15  99999.00  99999.00  99999.00  99999.00  99999.00  99999.00  99999.00  99999.00       0       0       1       0
78897  06  00    10  99999.00  99999.00  99999.00  99999.00  99999.00  99999.00  99999.00  99999.00       0       0       0       0
78897  06  00     7  99999.00  99999.00  99999.00  99999.00  99999.00  99999.00  99999.00  99999.00       0       0       0       0
78897  06  00     5  99999.00  99999.00  99999.00  99999.00  99999.00  99999.00  99999.00  99999.00       0       0       0       0
78897  06  00     3  99999.00  99999.00  99999.00  99999.00  99999.00  99999.00  99999.00  99999.00       0       0       0       0
78897  06  00     2  99999.00  99999.00  99999.00  99999.00  99999.00  99999.00  99999.00  99999.00       0       0       0       0
78897  06  00     1  99999.00  99999.00  99999.00  99999.00  99999.00  99999.00  99999.00  99999.00       0       0       0       0
78897  07  00  9999   1006.97   1023.05  99999.00  99999.00    213.41    334.25    -65.90    160.18     654       0     653     653
78897  07  00  1000  99999.00  99999.00     70.21    208.57    218.82    309.66    108.95    331.07       0     654     654     654
78897  07  00   925  99999.00  99999.00    755.90    890.90    168.44    258.92     68.29    291.25       0     653     653     653
78897  07  00   900  99999.00  99999.00  99999.00  99999.00  99999.00  99999.00  99999.00  99999.00       0       0       7       7
78897  07  00   850  99999.00  99999.00   1485.51   1619.31    115.70    228.26    -77.51    333.49       0     654     654     654
78897  07  00   800  99999.00  99999.00  99999.00  99999.00  99999.00  99999.00  99999.00  99999.00       0       0      13      13
78897  07  00   700  99999.00  99999.00   3110.33   3270.17     26.68    163.00   -468.38    388.42       0     648     648     648
78897  07  00   600  99999.00  99999.00  99999.00  99999.00  99999.00  99999.00  99999.00  99999.00       0       0      15      15
78897  07  00   500  99999.00  99999.00   5807.34   5991.18   -134.05     14.03  -1009.53    469.35       0     646     646     646
78897  07  00   400  99999.00  99999.00   7508.03   7713.59   -232.85   -105.53  -1057.12    320.24       0     645     645     645
78897  07  00   300  99999.00  99999.00   9576.25   9830.41   -387.70   -267.34  -1050.63     89.97       0     637     637     635
78897  07  00   250  99999.00  99999.00  10813.10  11106.02   -480.65   -374.33  99999.00  99999.00       0     635     635       0
78897  07  00   200  99999.00  99999.00  12256.60  12595.36   -606.11   -486.35  99999.00  99999.00       0     632     632       0
78897  07  00   150  99999.00  99999.00  14013.16  14397.52   -777.05   -567.41  99999.00  99999.00       0     627     627       0
78897  07  00   100  99999.00  99999.00  16411.89  16788.21   -859.22   -621.38  99999.00  99999.00       0     596     595       0
78897  07  00    80  99999.00  99999.00  99999.00  99999.00  99999.00  99999.00  99999.00  99999.00       0       0      35       0
78897  07  00    70  99999.00  99999.00  18513.05  18875.09   -820.89   -578.61  99999.00  99999.00       0     518     520       0
78897  07  00    60  99999.00  99999.00  99999.00  99999.00  99999.00  99999.00  99999.00  99999.00       0       0      41       0
78897  07  00    50  99999.00  99999.00  20551.20  20915.64   -744.32   -509.96  99999.00  99999.00       0     477     479       0
78897  07  00    40  99999.00  99999.00  99999.00  99999.00  99999.00  99999.00  99999.00  99999.00       0       0      40       0
78897  07  00    30  99999.00  99999.00  23719.06  24163.54   -671.51   -433.55  99999.00  99999.00       0     323     337       0
78897  07  00    20  99999.00  99999.00  26364.31  26770.51   -625.85   -373.73  99999.00  99999.00       0     112     126       0
78897  07  00    15  99999.00  99999.00  99999.00  99999.00  99999.00  99999.00  99999.00  99999.00       0       0      24       0
78897  07  00    10  99999.00  99999.00  99999.00  99999.00  99999.00  99999.00  99999.00  99999.00       0      11      12       0
78897  07  00     7  99999.00  99999.00  99999.00  99999.00  99999.00  99999.00  99999.00  99999.00       0       0       5       0
78897  07  00     5  99999.00  99999.00  99999.00  99999.00  99999.00  99999.00  99999.00  99999.00       0       0       1       0
78897  07  00     3  99999.00  99999.00  99999.00  99999.00  99999.00  99999.00  99999.00  99999.00       0       0       0       0
78897  07  00     2  99999.00  99999.00  99999.00  99999.00  99999.00  99999.00  99999.00  99999.00       0       0       0       0
78897  07  00     1  99999.00  99999.00  99999.00  99999.00  99999.00  99999.00  99999.00  99999.00       0       0       0       0
78897  08  00  9999   1003.50   1024.02  99999.00  99999.00    213.80    335.00    -61.00    147.68     677       0     677     677
78897  08  00  1000  99999.00  99999.00     42.23    215.15    218.09    314.45    147.11    303.11       0     677     679     679
78897  08  00   925  99999.00  99999.00    731.71    895.27    176.28    259.80     75.20    290.84       0     637     642     642
78897  08  00   900  99999.00  99999.00  99999.00  99999.00  99999.00  99999.00  99999.00  99999.00       0       0       9       9
78897  08  00   850  99999.00  99999.00   1462.21   1625.29    123.52    226.96    -41.78    306.82       0     678     680     680
78897  08  00   800  99999.00  99999.00  99999.00  99999.00  99999.00  99999.00  99999.00  99999.00       0       0      16      16
78897  08  00   700  99999.00  99999.00   3092.82   3271.26     32.86    159.10   -393.46    357.14       0     679     679     679
78897  08  00   600  99999.00  99999.00  99999.00  99999.00  99999.00  99999.00  99999.00  99999.00       0       0       9       9
78897  08  00   500  99999.00  99999.00   5804.82   5985.90   -128.19     14.73   -923.44    435.20       0     679     679     678
78897  08  00   400  99999.00  99999.00   7512.75   7706.19   -236.08    -94.60   -994.52    285.04       0     678     678     677
78897  08  00   300  99999.00  99999.00   9581.63   9829.79   -398.44   -248.20  -1001.26     46.22       0     679     678     676
78897  08  00   250  99999.00  99999.00  10816.81  11111.05   -493.15   -352.51  99999.00  99999.00       0     676     676       8
78897  08  00   200  99999.00  99999.00  12255.26  12612.26   -611.53   -469.09  99999.00  99999.00       0     676     676       0
78897  08  00   150  99999.00  99999.00  14018.78  14417.42   -760.92   -575.64  99999.00  99999.00       0     675     669       0
78897  08  00   100  99999.00  99999.00  16439.80  16772.68   -861.65   -634.97  99999.00  99999.00       0     659     655       0
78897  08  00    80  99999.00  99999.00  99999.00  99999.00  99999.00  99999.00  99999.00  99999.00       0       0      49       0
78897  08  00    70  99999.00  99999.00  18528.60  18872.28   -808.98   -577.26  99999.00  99999.00       0     566     566       0
78897  08  00    60  99999.00  99999.00  99999.00  99999.00  99999.00  99999.00  99999.00  99999.00       0       0      38       0
78897  08  00    50  99999.00  99999.00  20547.34  20939.98   -746.55   -505.35  99999.00  99999.00       0     541     542       0
78897  08  00    40  99999.00  99999.00  99999.00  99999.00  99999.00  99999.00  99999.00  99999.00       0       0      45       0
78897  08  00    30  99999.00  99999.00  23693.36  24201.44   -673.52   -445.64  99999.00  99999.00       0     362     383       0
78897  08  00    20  99999.00  99999.00  26274.84  26853.84   -613.15   -401.47  99999.00  99999.00       0     152     157       0
78897  08  00    15  99999.00  99999.00  99999.00  99999.00  99999.00  99999.00  99999.00  99999.00       0       0      31       0
78897  08  00    10  99999.00  99999.00  99999.00  99999.00  99999.00  99999.00  99999.00  99999.00       0      16      17       0
78897  08  00     7  99999.00  99999.00  99999.00  99999.00  99999.00  99999.00  99999.00  99999.00       0       0       2       0
78897  08  00     5  99999.00  99999.00  99999.00  99999.00  99999.00  99999.00  99999.00  99999.00       0       0       2       0
78897  08  00     3  99999.00  99999.00  99999.00  99999.00  99999.00  99999.00  99999.00  99999.00       0       0       0       0
78897  08  00     2  99999.00  99999.00  99999.00  99999.00  99999.00  99999.00  99999.00  99999.00       0       0       0       0
78897  08  00     1  99999.00  99999.00  99999.00  99999.00  99999.00  99999.00  99999.00  99999.00       0       0       0       0
78897  09  00  9999   1002.89   1022.21  99999.00  99999.00    205.05    337.53    -51.40    127.28     627       0     627     627
78897  09  00  1000  99999.00  99999.00     32.80    202.48    216.07    316.27    149.41    305.89       0     626     628     628
78897  09  00   925  99999.00  99999.00    721.76    884.96    178.35    263.43     62.47    302.47       0     618     620     620
78897  09  00   900  99999.00  99999.00  99999.00  99999.00  99999.00  99999.00  99999.00  99999.00       0       0       4       4
78897  09  00   850  99999.00  99999.00   1451.61   1616.37    129.12    226.92    -73.27    328.13       0     626     628     628
78897  09  00   800  99999.00  99999.00  99999.00  99999.00  99999.00  99999.00  99999.00  99999.00       0       0      12      12
78897  09  00   700  99999.00  99999.00   3086.86   3258.22     34.61    157.73   -379.09    365.27       0     627     627     627
78897  09  00   600  99999.00  99999.00  99999.00  99999.00  99999.00  99999.00  99999.00  99999.00       0       0      18      18
78897  09  00   500  99999.00  99999.00   5785.41   5986.65   -126.87      7.89   -852.07    425.81       0     622     622     622
78897  09  00   400  99999.00  99999.00   7484.84   7711.64   -236.81    -98.33   -943.07    306.01       0     621     621     621
78897  09  00   300  99999.00  99999.00   9552.33   9836.01   -394.68   -249.12  -1004.39     87.73       0     616     616     615
78897  09  00   250  99999.00  99999.00  10788.41  11120.09   -490.78   -350.86  99999.00  99999.00       0     614     614       9
78897  09  00   200  99999.00  99999.00  12227.45  12622.37   -612.19   -467.11  99999.00  99999.00       0     615     616       0
78897  09  00   150  99999.00  99999.00  13976.97  14438.25   -765.74   -587.06  99999.00  99999.00       0     610     612       0
78897  09  00   100  99999.00  99999.00  16390.52  16779.80   -907.10   -591.14  99999.00  99999.00       0     558     556       0
78897  09  00    80  99999.00  99999.00  99999.00  99999.00  99999.00  99999.00  99999.00  99999.00       0       0      38       0
78897  09  00    70  99999.00  99999.00  18487.91  18866.51   -822.47   -568.91  99999.00  99999.00       0     480     483       0
78897  09  00    60  99999.00  99999.00  99999.00  99999.00  99999.00  99999.00  99999.00  99999.00       0       0      31       0
78897  09  00    50  99999.00  99999.00  20502.90  20927.70   -755.79   -511.11  99999.00  99999.00       0     453     456       0
78897  09  00    40  99999.00  99999.00  99999.00  99999.00  99999.00  99999.00  99999.00  99999.00       0       0      43       0
78897  09  00    30  99999.00  99999.00  23669.31  24158.91   -683.48   -445.28  99999.00  99999.00       0     302     321       0
78897  09  00    20  99999.00  99999.00  26258.03  26776.55   -627.22   -391.30  99999.00  99999.00       0     107     117       0
78897  09  00    15  99999.00  99999.00  99999.00  99999.00  99999.00  99999.00  99999.00  99999.00       0       0      22       0
78897  09  00    10  99999.00  99999.00  99999.00  99999.00  99999.00  99999.00  99999.00  99999.00       0       9      12       0
78897  09  00     7  99999.00  99999.00  99999.00  99999.00  99999.00  99999.00  99999.00  99999.00       0       0       1       0
78897  09  00     5  99999.00  99999.00  99999.00  99999.00  99999.00  99999.00  99999.00  99999.00       0       0       0       0
78897  09  00     3  99999.00  99999.00  99999.00  99999.00  99999.00  99999.00  99999.00  99999.00       0       0       0       0
78897  09  00     2  99999.00  99999.00  99999.00  99999.00  99999.00  99999.00  99999.00  99999.00       0       0       0       0
78897  09  00     1  99999.00  99999.00  99999.00  99999.00  99999.00  99999.00  99999.00  99999.00       0       0       0       0
78897  10  00  9999   1002.55   1021.27  99999.00  99999.00    199.76    330.08    -79.09    146.99     637       0     637     637
78897  10  00  1000  99999.00  99999.00     30.50    193.58    212.40    310.68    145.12    308.68       0     632     633     633
78897  10  00   925  99999.00  99999.00    717.11    876.95    177.09    259.65     54.79    308.83       0     630     630     630
78897  10  00   900  99999.00  99999.00  99999.00  99999.00  99999.00  99999.00  99999.00  99999.00       0       0       3       3
78897  10  00   850  99999.00  99999.00   1446.19   1608.19    123.78    227.58    -73.32    329.40       0     632     634     634
78897  10  00   800  99999.00  99999.00  99999.00  99999.00  99999.00  99999.00  99999.00  99999.00       0       0      14      14
78897  10  00   700  99999.00  99999.00   3077.37   3251.97     34.45    157.21   -435.07    427.25       0     634     633     633
78897  10  00   600  99999.00  99999.00  99999.00  99999.00  99999.00  99999.00  99999.00  99999.00       0       0      14      14
78897  10  00   500  99999.00  99999.00   5772.74   5984.90   -130.51     10.13   -861.08    453.88       0     626     626     626
78897  10  00   400  99999.00  99999.00   7462.22   7719.86   -247.06    -89.74   -990.22    349.22       0     625     624     624
78897  10  00   300  99999.00  99999.00   9517.47   9854.79   -402.06   -243.78  -1048.38    118.26       0     620     620     617
78897  10  00   250  99999.00  99999.00  10749.45  11140.89   -491.92   -353.20  99999.00  99999.00       0     617     617       5
78897  10  00   200  99999.00  99999.00  12188.99  12640.67   -608.42   -473.30  99999.00  99999.00       0     613     613       0
78897  10  00   150  99999.00  99999.00  13952.11  14442.55   -757.83   -598.23  99999.00  99999.00       0     610     610       0
78897  10  00   100  99999.00  99999.00  16357.19  16761.83   -930.60   -609.72  99999.00  99999.00       0     568     570       0
78897  10  00    80  99999.00  99999.00  99999.00  99999.00 -10772.93   8701.99  99999.00  99999.00       0       0      64       0
78897  10  00    70  99999.00  99999.00  18416.33  18845.21   -854.98   -574.78  99999.00  99999.00       0     482     488       0
78897  10  00    60  99999.00  99999.00  99999.00  99999.00  99999.00  99999.00  99999.00  99999.00       0       0      43       0
78897  10  00    50  99999.00  99999.00  20395.65  20910.57   -772.00   -522.88  99999.00  99999.00       0     447     451       0
78897  10  00    40  99999.00  99999.00  99999.00  99999.00  99999.00  99999.00  99999.00  99999.00       0       0      40       0
78897  10  00    30  99999.00  99999.00  23504.83  24150.55   -696.33   -456.45  99999.00  99999.00       0     273     300       0
78897  10  00    20  99999.00  99999.00  26074.05  26783.13   -649.93   -384.37  99999.00  99999.00       0      92     104       0
78897  10  00    15  99999.00  99999.00  99999.00  99999.00  99999.00  99999.00  99999.00  99999.00       0       0      18       0
78897  10  00    10  99999.00  99999.00  99999.00  99999.00  99999.00  99999.00  99999.00  99999.00       0       4      10       0
78897  10  00     7  99999.00  99999.00  99999.00  99999.00  99999.00  99999.00  99999.00  99999.00       0       0       1       0
78897  10  00     5  99999.00  99999.00  99999.00  99999.00  99999.00  99999.00  99999.00  99999.00       0       0       0       0
78897  10  00     3  99999.00  99999.00  99999.00  99999.00  99999.00  99999.00  99999.00  99999.00       0       0       0       0
78897  10  00     2  99999.00  99999.00  99999.00  99999.00  99999.00  99999.00  99999.00  99999.00       0       0       0       0
78897  10  00     1  99999.00  99999.00  99999.00  99999.00  99999.00  99999.00  99999.00  99999.00       0       0       0       0
78897  11  00  9999   1001.16   1022.64  99999.00  99999.00    195.79    317.71    -65.91    133.17     569       0     569     569
78897  11  00  1000  99999.00  99999.00     19.43    204.11    207.94    301.42    132.67    307.99       0     567     568     568
78897  11  00   925  99999.00  99999.00    706.13    884.21    165.25    258.01     56.47    296.59       0     564     567     567
78897  11  00   900  99999.00  99999.00  99999.00  99999.00  99999.00  99999.00  99999.00  99999.00       0       0       8       8
78897  11  00   850  99999.00  99999.00   1432.58   1613.90    108.58    227.02    -77.71    322.73       0     564     566     566
78897  11  00   800  99999.00  99999.00  99999.00  99999.00  99999.00  99999.00  99999.00  99999.00       0       0       6       6
78897  11  00   700  99999.00  99999.00   3054.41   3258.65     14.98    170.62   -725.60    645.76       0     569     569     569
78897  11  00   600  99999.00  99999.00  99999.00  99999.00  99999.00  99999.00  99999.00  99999.00       0       0      11      11
78897  11  00   500  99999.00  99999.00   5745.75   5994.03   -139.96     20.96  -1065.61    549.47       0     568     567     566
78897  11  00   400  99999.00  99999.00   7430.45   7733.45   -257.21    -79.97  -1130.22    390.18       0     565     566     562
78897  11  00   300  99999.00  99999.00   9483.54   9868.98   -401.07   -246.03  -1164.10    141.50       0     562     561     556
78897  11  00   250  99999.00  99999.00  10721.33  11149.73   -482.98   -359.14  99999.00  99999.00       0     562     561       1
78897  11  00   200  99999.00  99999.00  12181.71  12630.75   -591.87   -482.31  99999.00  99999.00       0     557     556       0
78897  11  00   150  99999.00  99999.00  13969.30  14417.14   -754.98   -596.46  99999.00  99999.00       0     546     544       0
78897  11  00   100  99999.00  99999.00  16354.52  16748.12   -912.71   -663.47  99999.00  99999.00       0     516     519       0
78897  11  00    80  99999.00  99999.00  99999.00  99999.00  99999.00  99999.00  99999.00  99999.00       0       0      51       0
78897  11  00    70  99999.00  99999.00  18410.63  18771.35   -917.67   -568.23  99999.00  99999.00       0     455     463       0
78897  11  00    60  99999.00  99999.00  99999.00  99999.00  99999.00  99999.00  99999.00  99999.00       0       0      46       0
78897  11  00    50  99999.00  99999.00  20389.16  20807.96   -769.77   -534.21  99999.00  99999.00       0     416     422       0
78897  11  00    40  99999.00  99999.00  99999.00  99999.00  99999.00  99999.00  99999.00  99999.00       0       0      39       0
78897  11  00    30  99999.00  99999.00  23512.79  24029.03   -694.68   -459.24  99999.00  99999.00       0     243     258       0
78897  11  00    20  99999.00  99999.00  99999.00  99999.00  99999.00  99999.00  99999.00  99999.00       0      12      21       0
78897  11  00    15  99999.00  99999.00  99999.00  99999.00  99999.00  99999.00  99999.00  99999.00       0       0       1       0
78897  11  00    10  99999.00  99999.00  99999.00  99999.00  99999.00  99999.00  99999.00  99999.00       0       0       0       0
78897  11  00     7  99999.00  99999.00  99999.00  99999.00  99999.00  99999.00  99999.00  99999.00       0       0       0       0
78897  11  00     5  99999.00  99999.00  99999.00  99999.00  99999.00  99999.00  99999.00  99999.00       0       0       0       0
78897  11  00     3  99999.00  99999.00  99999.00  99999.00  99999.00  99999.00  99999.00  99999.00       0       0       0       0
78897  11  00     2  99999.00  99999.00  99999.00  99999.00  99999.00  99999.00  99999.00  99999.00       0       0       0       0
78897  11  00     1  99999.00  99999.00  99999.00  99999.00  99999.00  99999.00  99999.00  99999.00       0       0       0       0
78897  12  00  9999   1003.20   1024.44  99999.00  99999.00    185.31    311.31    -58.95    133.77     428       0     428     428
78897  12  00  1000  99999.00  99999.00     37.00    219.28    196.65    292.41    109.46    303.62       0     428     428     428
78897  12  00   925  99999.00  99999.00    717.59    899.39    152.23    246.55     38.91    289.95       0     397     397     397
78897  12  00   900  99999.00  99999.00  99999.00  99999.00  99999.00  99999.00  99999.00  99999.00       0       0       3       3
78897  12  00   850  99999.00  99999.00   1441.91   1624.07     90.00    221.52   -147.45    364.47       0     427     427     427
78897  12  00   800  99999.00  99999.00  99999.00  99999.00  99999.00  99999.00  99999.00  99999.00       0       0      10      10
78897  12  00   700  99999.00  99999.00   3061.27   3261.67     -5.41    185.99   -880.85    680.71       0     426     425     423
78897  12  00   600  99999.00  99999.00  99999.00  99999.00  99999.00  99999.00  99999.00  99999.00       0       0       8       8
78897  12  00   500  99999.00  99999.00   5731.65   6013.05   -151.24     27.32  -1085.16    429.24       0     425     425     423
78897  12  00   400  99999.00  99999.00   7411.23   7749.75   -275.95    -75.55  -1105.72    249.92       0     425     425     420
78897  12  00   300  99999.00  99999.00   9457.84   9879.04   -414.51   -244.71  -1160.57     58.51       0     424     424     413
78897  12  00   250  99999.00  99999.00  10695.65  11154.05   -497.66   -350.90  99999.00  99999.00       0     421     421       2
78897  12  00   200  99999.00  99999.00  12150.06  12639.78   -615.09   -460.89  99999.00  99999.00       0     423     423       0
78897  12  00   150  99999.00  99999.00  13928.84  14439.08   -764.46   -573.54  99999.00  99999.00       0     419     419       0
78897  12  00   100  99999.00  99999.00  16340.81  16772.45   -905.60   -660.08  99999.00  99999.00       0     406     406       0
78897  12  00    80  99999.00  99999.00  99999.00  99999.00  99999.00  99999.00  99999.00  99999.00       0       0      28       0
78897  12  00    70  99999.00  99999.00  18407.99  18757.19   -938.41   -612.97  99999.00  99999.00       0     374     378       0
78897  12  00    60  99999.00  99999.00  99999.00  99999.00  99999.00  99999.00  99999.00  99999.00       0       0      33       0
78897  12  00    50  99999.00  99999.00  20374.79  20757.23   -813.71   -522.59  99999.00  99999.00       0     343     351       0
78897  12  00    40  99999.00  99999.00  99999.00  99999.00  99999.00  99999.00  99999.00  99999.00       0       0      35       0
78897  12  00    30  99999.00  99999.00  23461.54  23983.78   -717.37   -456.01  99999.00  99999.00       0     192     207       0
78897  12  00    20  99999.00  99999.00  99999.00  99999.00  99999.00  99999.00  99999.00  99999.00       0      26      30       0
78897  12  00    15  99999.00  99999.00  99999.00  99999.00  99999.00  99999.00  99999.00  99999.00       0       0       3       0
78897  12  00    10  99999.00  99999.00  99999.00  99999.00  99999.00  99999.00  99999.00  99999.00       0       2       4       0
78897  12  00     7  99999.00  99999.00  99999.00  99999.00  99999.00  99999.00  99999.00  99999.00       0       0       0       0
78897  12  00     5  99999.00  99999.00  99999.00  99999.00  99999.00  99999.00  99999.00  99999.00       0       0       0       0
78897  12  00     3  99999.00  99999.00  99999.00  99999.00  99999.00  99999.00  99999.00  99999.00       0       0       0       0
78897  12  00     2  99999.00  99999.00  99999.00  99999.00  99999.00  99999.00  99999.00  99999.00       0       0       0       0
78897  12  00     1  99999.00  99999.00  99999.00  99999.00  99999.00  99999.00  99999.00  99999.00       0       0       0       0
