24641  01  12  9999    943.61   1078.25  99999.00  99999.00   -851.66    137.98    -14.77     73.79     888       0     888     887
24641  01  12  1000  99999.00  99999.00   -159.37    572.63   -797.24    102.40   -833.57     89.59       0     776     778     717
24641  01  12   925  99999.00  99999.00    268.59   1204.23   -656.29    142.55   -704.27    128.05       0     593     610     595
24641  01  12   900  99999.00  99999.00  99999.00  99999.00  99999.00  99999.00  99999.00  99999.00       0       0      13      13
24641  01  12   850  99999.00  99999.00    856.15   1855.51   -589.51    126.77   -618.02     85.30       0     927     928     894
24641  01  12   800  99999.00  99999.00  99999.00  99999.00  99999.00  99999.00  99999.00  99999.00       0       0      16      15
24641  01  12   700  99999.00  99999.00   2176.54   3363.70   -569.08     33.44   -629.68      4.64       0     925     926     910
24641  01  12   600  99999.00  99999.00  99999.00  99999.00  99999.00  99999.00  99999.00  99999.00       0       0      15      15
24641  01  12   500  99999.00  99999.00   4354.12   5907.16   -665.06   -141.86   -732.95   -160.31       0     917     918     822
24641  01  12   400  99999.00  99999.00   5727.14   7512.02   -709.54   -286.30   -769.19   -315.83       0     909     908     732
24641  01  12   300  99999.00  99999.00   7477.46   9436.46   -761.60   -425.72   -813.70   -459.22       0     893     892     720
24641  01  12   250  99999.00  99999.00   8623.08  10554.00   -871.70   -365.54   -935.82   -389.34       0     879     882     711
24641  01  12   200  99999.00  99999.00  10029.06  11907.30   -923.05   -301.69   -968.11   -352.15       0     857     860     696
24641  01  12   150  99999.00  99999.00  11773.39  13738.39   -920.81   -293.81   -948.58   -373.66       0     833     836     672
24641  01  12   100  99999.00  99999.00  14070.65  16483.85  -1011.70   -209.14  -1020.48   -321.48       0     767     770     623
24641  01  12    80  99999.00  99999.00  99999.00  99999.00  99999.00  99999.00  99999.00  99999.00       0       0      12      11
24641  01  12    70  99999.00  99999.00  15933.08  19087.28  -1104.24    -91.68  -1099.03   -232.39       0     682     689     564
24641  01  12    60  99999.00  99999.00  99999.00  99999.00  99999.00  99999.00  99999.00  99999.00       0       0      34      32
24641  01  12    50  99999.00  99999.00  17655.18  21645.06  -1156.26     22.26  -1136.05   -152.89       0     577     583     481
24641  01  12    40  99999.00  99999.00  99999.00  99999.00  99999.00  99999.00  99999.00  99999.00       0       0      24      21
24641  01  12    30  99999.00  99999.00  20334.73  25614.13  -1160.77    137.15  -1132.37    -93.41       0     433     442     364
24641  01  12    20  99999.00  99999.00  22630.20  28778.16  -1101.51    169.29  -1102.04    -92.36       0     297     313     249
24641  01  12    15  99999.00  99999.00  99999.00  99999.00  99999.00  99999.00  99999.00  99999.00       0       0      49      37
24641  01  12    10  99999.00  99999.00  26924.88  34069.20  -1024.33    220.31  99999.00  99999.00       0      81     105      59
24641  01  12     7  99999.00  99999.00  99999.00  99999.00  99999.00  99999.00  99999.00  99999.00       0       0      14       4
24641  01  12     5  99999.00  99999.00  99999.00  99999.00  99999.00  99999.00  99999.00  99999.00       0       0       4       2
24641  01  12     3  99999.00  99999.00  99999.00  99999.00  99999.00  99999.00  99999.00  99999.00       0       0       0       0
24641  01  12     2  99999.00  99999.00  99999.00  99999.00  99999.00  99999.00  99999.00  99999.00       0       0       0       0
24641  01  12     1  99999.00  99999.00  99999.00  99999.00  99999.00  99999.00  99999.00  99999.00       0       0       0       0
24641  02  12  9999    948.85   1069.69  99999.00  99999.00   -748.91    157.21    -16.27     73.25     818       0     817     817
24641  02  12  1000  99999.00  99999.00   -140.79    529.77   -704.25    116.79   -729.89     88.27       0     719     720     687
24641  02  12   925  99999.00  99999.00    335.26   1124.14   -640.03    143.09   -668.53    113.27       0     547     560     539
24641  02  12   900  99999.00  99999.00  99999.00  99999.00  99999.00  99999.00  99999.00  99999.00       0       0      16      16
24641  02  12   850  99999.00  99999.00    921.86   1790.30   -576.30    114.42   -605.30     77.50       0     850     851     815
24641  02  12   800  99999.00  99999.00  99999.00  99999.00  99999.00  99999.00  99999.00  99999.00       0       0      12      12
24641  02  12   700  99999.00  99999.00   2247.70   3291.82   -563.98     21.98   -615.15    -11.67       0     847     848     833
24641  02  12   600  99999.00  99999.00  99999.00  99999.00  99999.00  99999.00  99999.00  99999.00       0       0       6       6
24641  02  12   500  99999.00  99999.00   4427.48   5831.48   -651.15   -155.55   -711.24   -178.56       0     841     841     767
24641  02  12   400  99999.00  99999.00   5805.22   7431.82   -708.52   -286.36   -761.13   -320.25       0     838     838     680
24641  02  12   300  99999.00  99999.00   7561.24   9356.44   -772.87   -402.79   -814.85   -445.49       0     819     821     663
24641  02  12   250  99999.00  99999.00   8701.68  10490.88   -868.41   -344.61   -895.63   -400.75       0     810     814     657
24641  02  12   200  99999.00  99999.00  10109.81  11860.01   -908.72   -280.16   -917.91   -361.11       0     792     792     641
24641  02  12   150  99999.00  99999.00  11869.43  13705.19   -920.65   -251.17   -922.63   -355.63       0     774     773     624
24641  02  12   100  99999.00  99999.00  14180.69  16505.21   -994.03   -162.19   -981.97   -301.81       0     719     721     588
24641  02  12    80  99999.00  99999.00  99999.00  99999.00  99999.00  99999.00  99999.00  99999.00       0       0      17      11
24641  02  12    70  99999.00  99999.00  16084.60  19118.08  -1038.49    -82.33  -1023.25   -245.77       0     650     658     535
24641  02  12    60  99999.00  99999.00  99999.00  99999.00  99999.00  99999.00  99999.00  99999.00       0       0      20      16
24641  02  12    50  99999.00  99999.00  17901.12  21625.08  -1043.38    -27.22  -1044.17   -200.33       0     587     593     485
24641  02  12    40  99999.00  99999.00  99999.00  99999.00  99999.00  99999.00  99999.00  99999.00       0       0      28      19
24641  02  12    30  99999.00  99999.00  20813.81  25365.17   -992.33     -2.21  -1046.46   -170.46       0     495     503     401
24641  02  12    20  99999.00  99999.00  23395.12  28211.92   -952.49     14.83  -1086.55   -115.39       0     381     398     312
24641  02  12    15  99999.00  99999.00  99999.00  99999.00  -9824.19   8451.45  -1173.88     -6.40       0       0      78      66
24641  02  12    10  99999.00  99999.00  27741.17  33097.49   -986.12    119.56  -1118.88    -86.52       0     105     136      84
24641  02  12     7  99999.00  99999.00  99999.00  99999.00  99999.00  99999.00  99999.00  99999.00       0       0      35      20
24641  02  12     5  99999.00  99999.00  99999.00  99999.00  99999.00  99999.00  99999.00  99999.00       0       0      11       2
24641  02  12     3  99999.00  99999.00  99999.00  99999.00  99999.00  99999.00  99999.00  99999.00       0       0       4       0
24641  02  12     2  99999.00  99999.00  99999.00  99999.00  99999.00  99999.00  99999.00  99999.00       0       0       0       0
24641  02  12     1  99999.00  99999.00  99999.00  99999.00  99999.00  99999.00  99999.00  99999.00       0       0       0       0
24641  03  12  9999    944.90   1065.38  99999.00  99999.00   -636.05    307.15   -108.54    211.62     850       0     850     849
24641  03  12  1000  99999.00  99999.00   -104.53    469.55   -607.95    256.65   -614.38    162.86       0     651     652     629
24641  03  12   925  99999.00  99999.00    301.93   1162.57   -604.45    268.19   -612.20    173.92       0     605     617     596
24641  03  12   900  99999.00  99999.00  99999.00  99999.00  99999.00  99999.00  99999.00  99999.00       0       0      15      14
24641  03  12   850  99999.00  99999.00    947.73   1783.77   -569.46    190.02   -611.96    140.44       0     912     912     890
24641  03  12   800  99999.00  99999.00  99999.00  99999.00  99999.00  99999.00  99999.00  99999.00       0       0      11      11
24641  03  12   700  99999.00  99999.00   2302.07   3289.55   -578.56     82.04   -660.22     55.22       0     907     907     896
24641  03  12   600  99999.00  99999.00  99999.00  99999.00  99999.00  99999.00  99999.00  99999.00       0       0       7       7
24641  03  12   500  99999.00  99999.00   4469.57   5878.01   -685.14    -89.34   -759.80   -111.80       0     900     900     836
24641  03  12   400  99999.00  99999.00   5832.05   7515.29   -732.30   -232.02   -807.15   -252.51       0     891     891     724
24641  03  12   300  99999.00  99999.00   7574.43   9475.71   -775.88   -369.44   -825.50   -411.74       0     884     884     708
24641  03  12   250  99999.00  99999.00   8723.79  10618.47   -882.73   -292.69   -916.87   -352.39       0     877     874     697
24641  03  12   200  99999.00  99999.00  10149.54  11995.14   -915.79   -232.27   -933.12   -326.04       0     867     867     698
24641  03  12   150  99999.00  99999.00  11933.69  13851.41   -903.78   -229.50   -918.75   -349.35       0     856     855     687
24641  03  12   100  99999.00  99999.00  14279.38  16656.22   -954.04   -175.72   -966.77   -325.49       0     814     814     658
24641  03  12    80  99999.00  99999.00  99999.00  99999.00  99999.00  99999.00  99999.00  99999.00       0       0      13      11
24641  03  12    70  99999.00  99999.00  16273.84  19202.32   -985.06   -127.06  -1014.69   -284.13       0     760     762     615
24641  03  12    60  99999.00  99999.00  99999.00  99999.00  99999.00  99999.00  99999.00  99999.00       0       0      30      24
24641  03  12    50  99999.00  99999.00  18152.79  21630.15   -982.62    -97.98  -1029.37   -260.53       0     702     707     567
24641  03  12    40  99999.00  99999.00  99999.00  99999.00  99999.00  99999.00  99999.00  99999.00       0       0      39      29
24641  03  12    30  99999.00  99999.00  21047.36  25350.32   -935.83    -89.47  -1017.61   -252.01       0     596     607     473
24641  03  12    20  99999.00  99999.00  23655.10  28091.02   -931.53    -35.73  -1085.01   -160.29       0     474     490     379
24641  03  12    15  99999.00  99999.00  99999.00  99999.00 -15146.50  13016.06  -1191.90    -14.70       0       0      94      69
24641  03  12    10  99999.00  99999.00  27862.65  33121.65   -972.17    135.91  -1159.92      6.48       0     195     225     131
24641  03  12     7  99999.00  99999.00  99999.00  99999.00 -10990.64   9594.28  99999.00  99999.00       0       0      62      22
24641  03  12     5  99999.00  99999.00  99999.00  99999.00  99999.00  99999.00  99999.00  99999.00       0       0      20       3
24641  03  12     3  99999.00  99999.00  99999.00  99999.00  99999.00  99999.00  99999.00  99999.00       0       0       1       0
24641  03  12     2  99999.00  99999.00  99999.00  99999.00  99999.00  99999.00  99999.00  99999.00       0       0       0       0
24641  03  12     1  99999.00  99999.00  99999.00  99999.00  99999.00  99999.00  99999.00  99999.00       0       0       1       0
24641  04  12  9999    943.26   1056.30  99999.00  99999.00   -403.13    339.19   -143.71    322.37     808       0     808     808
24641  04  12  1000  99999.00  99999.00    -78.33    407.43   -438.82    348.38   -506.30    220.54       0     439     441     434
24641  04  12   925  99999.00  99999.00    296.86   1139.86   -427.76    304.96   -521.65    224.51       0     564     566     556
24641  04  12   900  99999.00  99999.00  99999.00  99999.00  99999.00  99999.00  99999.00  99999.00       0       0      10      10
24641  04  12   850  99999.00  99999.00    960.19   1792.27   -456.26    237.58   -554.57    205.03       0     855     856     833
24641  04  12   800  99999.00  99999.00  99999.00  99999.00  99999.00  99999.00  99999.00  99999.00       0       0      16      15
24641  04  12   700  99999.00  99999.00   2367.56   3321.08   -499.20    121.20   -632.32    123.56       0     850     848     837
24641  04  12   600  99999.00  99999.00  99999.00  99999.00  99999.00  99999.00  99999.00  99999.00       0       0       7       7
24641  04  12   500  99999.00  99999.00   4625.74   5929.18   -641.50    -32.14   -738.70    -53.38       0     828     829     807
24641  04  12   400  99999.00  99999.00   6018.82   7597.06   -706.09   -171.73   -796.22   -188.06       0     815     814     677
24641  04  12   300  99999.00  99999.00   7777.05   9603.69   -746.43   -341.31   -822.59   -368.87       0     806     808     642
24641  04  12   250  99999.00  99999.00   8941.28  10760.96   -857.47   -265.75   -910.76   -320.60       0     797     797     631
24641  04  12   200  99999.00  99999.00  10389.86  12158.78   -848.66   -232.34   -901.67   -310.43       0     778     779     614
24641  04  12   150  99999.00  99999.00  12203.44  14044.48   -808.78   -252.22   -871.18   -352.06       0     755     755     591
24641  04  12   100  99999.00  99999.00  14656.55  16823.15   -818.40   -240.00   -905.99   -346.79       0     724     726     568
24641  04  12    80  99999.00  99999.00  99999.00  99999.00  99999.00  99999.00  99999.00  99999.00       0       0       9       7
24641  04  12    70  99999.00  99999.00  16766.85  19315.53   -796.26   -248.34   -913.41   -350.01       0     683     684     538
24641  04  12    60  99999.00  99999.00  99999.00  99999.00  99999.00  99999.00  99999.00  99999.00       0       0      19      14
24641  04  12    50  99999.00  99999.00  18769.67  21680.51   -767.58   -257.58   -935.94   -327.66       0     637     640     493
24641  04  12    40  99999.00  99999.00  99999.00  99999.00  99999.00  99999.00  99999.00  99999.00       0       0      30      22
24641  04  12    30  99999.00  99999.00  21969.89  25161.05   -736.53   -254.61   -936.41   -322.49       0     559     566     421
24641  04  12    20  99999.00  99999.00  24619.32  27835.80   -755.06   -204.86   -953.97   -300.93       0     463     475     337
24641  04  12    15  99999.00  99999.00  99999.00  99999.00   -781.10   -137.78  99999.00  99999.00       0       0      82      56
24641  04  12    10  99999.00  99999.00  29124.96  32558.64   -777.19    -99.67  -1069.23   -167.79       0     222     250     124
24641  04  12     7  99999.00  99999.00  99999.00  99999.00  -9939.53   8584.87  99999.00  99999.00       0       0      76      27
24641  04  12     5  99999.00  99999.00  99999.00  99999.00  99999.00  99999.00  99999.00  99999.00       0       0      39       4
24641  04  12     3  99999.00  99999.00  99999.00  99999.00  99999.00  99999.00  99999.00  99999.00       0       0       4       0
24641  04  12     2  99999.00  99999.00  99999.00  99999.00  99999.00  99999.00  99999.00  99999.00       0       0       1       0
24641  04  12     1  99999.00  99999.00  99999.00  99999.00  99999.00  99999.00  99999.00  99999.00       0       0       1       0
24641  05  12  9999    950.83   1040.59  99999.00  99999.00   -286.31    454.93   -239.50    485.18     838       0     838     837
24641  05  12  1000  99999.00  99999.00    -28.93    309.95   -278.86    418.46   -352.59    226.17       0     299     298     285
24641  05  12   925  99999.00  99999.00    355.49   1071.29   -341.39    423.85   -399.40    250.04       0     633     636     619
24641  05  12   900  99999.00  99999.00  99999.00  99999.00  99999.00  99999.00  99999.00  99999.00       0       0       5       5
24641  05  12   850  99999.00  99999.00   1026.52   1761.76   -388.91    358.93   -428.41    233.39       0     918     918     888
24641  05  12   800  99999.00  99999.00  99999.00  99999.00  99999.00  99999.00  99999.00  99999.00       0       0      16      15
24641  05  12   700  99999.00  99999.00   2455.14   3365.22   -433.90    210.14   -593.35    237.17       0     916     917     895
24641  05  12   600  99999.00  99999.00  99999.00  99999.00  99999.00  99999.00  99999.00  99999.00       0       0       4       3
24641  05  12   500  99999.00  99999.00   4729.91   6099.83   -581.27     52.45   -731.05     54.47       0     906     907     890
24641  05  12   400  99999.00  99999.00   6152.76   7830.12   -660.90    -84.66   -767.96   -101.96       0     899     898     830
24641  05  12   300  99999.00  99999.00   7938.66   9906.66   -702.04   -283.72   -786.48   -318.48       0     891     891     741
24641  05  12   250  99999.00  99999.00   9118.50  11095.98   -806.17   -232.57   -854.08   -316.84       0     873     877     723
24641  05  12   200  99999.00  99999.00  10690.07  12423.71   -797.95   -199.75   -839.01   -320.37       0     866     867     714
24641  05  12   150  99999.00  99999.00  12644.35  14236.27   -662.99   -306.95   -795.42   -377.22       0     839     837     691
24641  05  12   100  99999.00  99999.00  15332.86  16880.02   -628.66   -349.78   -822.17   -395.57       0     807     808     661
24641  05  12    80  99999.00  99999.00  99999.00  99999.00  99999.00  99999.00  99999.00  99999.00       0       0      12      10
24641  05  12    70  99999.00  99999.00  17667.87  19222.83   -620.74   -358.90   -862.91   -379.55       0     763     764     616
24641  05  12    60  99999.00  99999.00  99999.00  99999.00  99999.00  99999.00  99999.00  99999.00       0       0      27      20
24641  05  12    50  99999.00  99999.00  19862.06  21444.50   -608.96   -364.40   -876.41   -375.53       0     705     714     567
24641  05  12    40  99999.00  99999.00  99999.00  99999.00  99999.00  99999.00  99999.00  99999.00       0       0      31      26
24641  05  12    30  99999.00  99999.00  23199.40  24835.72   -613.95   -346.35   -901.21   -362.17       0     616     620     480
24641  05  12    20  99999.00  99999.00  25791.59  27606.23   -624.63   -302.67   -935.14   -318.34       0     567     567     425
24641  05  12    15  99999.00  99999.00  99999.00  99999.00 -12636.10  10899.50  99999.00  99999.00       0       0      69      46
24641  05  12    10  99999.00  99999.00  30173.83  32567.59   -630.18   -180.30   -990.67   -205.03       0     295     348     210
24641  05  12     7  99999.00  99999.00  99999.00  99999.00  -9575.27   8367.13  99999.00  99999.00       0       0      82      40
24641  05  12     5  99999.00  99999.00  99999.00  99999.00  99999.00  99999.00  99999.00  99999.00       0       0      36       6
24641  05  12     3  99999.00  99999.00  99999.00  99999.00  99999.00  99999.00  99999.00  99999.00       0       0       9       0
24641  05  12     2  99999.00  99999.00  99999.00  99999.00  99999.00  99999.00  99999.00  99999.00       0       0       0       0
24641  05  12     1  99999.00  99999.00  99999.00  99999.00  99999.00  99999.00  99999.00  99999.00       0       0       0       0
24641  06  12  9999    958.60   1027.12  99999.00  99999.00   -174.32    536.08   -257.93    518.59     732       0     731     730
24641  06  12  1000  99999.00  99999.00    -60.58    319.46   -194.79    513.45   -320.58    339.30       0     119     119     118
24641  06  12   925  99999.00  99999.00    421.70   1001.42   -238.90    519.14   -342.30    365.22       0     594     596     584
24641  06  12   900  99999.00  99999.00  99999.00  99999.00  99999.00  99999.00  99999.00  99999.00       0       0       8       6
24641  06  12   850  99999.00  99999.00   1108.80   1722.12   -280.74    440.46   -351.26    324.70       0     801     801     782
24641  06  12   800  99999.00  99999.00  99999.00  99999.00  99999.00  99999.00  99999.00  99999.00       0       0       9       9
24641  06  12   700  99999.00  99999.00   2581.19   3389.15   -326.58    279.66   -515.00    325.72       0     799     800     782
24641  06  12   600  99999.00  99999.00  99999.00  99999.00  99999.00  99999.00  99999.00  99999.00       0       0      10      10
24641  06  12   500  99999.00  99999.00   4970.54   6181.70   -456.99     99.57   -701.53    153.83       0     787     786     774
24641  06  12   400  99999.00  99999.00   6447.90   7964.94   -573.13    -12.49   -750.12     -0.00       0     774     775     759
24641  06  12   300  99999.00  99999.00   8276.66  10115.42   -655.50   -216.18   -791.04   -218.88       0     763     763     653
24641  06  12   250  99999.00  99999.00   9461.09  11344.13   -740.69   -255.05   -809.62   -325.66       0     751     750     626
24641  06  12   200  99999.00  99999.00  11021.59  12685.15   -857.47   -153.67   -879.12   -290.04       0     740     740     617
24641  06  12   150  99999.00  99999.00  13038.56  14441.24   -663.48   -299.28   -795.17   -371.81       0     715     715     599
24641  06  12   100  99999.00  99999.00  15759.53  17059.37   -605.35   -368.47   -834.76   -387.16       0     693     696     579
24641  06  12    80  99999.00  99999.00  99999.00  99999.00  99999.00  99999.00  99999.00  99999.00       0       0       5       4
24641  06  12    70  99999.00  99999.00  18135.03  19363.35   -572.82   -392.46   -872.92   -365.08       0     627     627     525
24641  06  12    60  99999.00  99999.00  99999.00  99999.00  99999.00  99999.00  99999.00  99999.00       0       0      13      10
24641  06  12    50  99999.00  99999.00  20366.88  21574.08   -551.10   -392.58   -909.05   -331.85       0     587     588     488
24641  06  12    40  99999.00  99999.00  99999.00  99999.00  99999.00  99999.00  99999.00  99999.00       0       0      16      14
24641  06  12    30  99999.00  99999.00  23737.92  24976.92  -2993.96   2045.56   -952.23   -288.75       0     515     517     415
24641  06  12    20  99999.00  99999.00  26408.89  27736.21   -542.68   -315.16   -996.68   -227.00       0     462     466     360
24641  06  12    15  99999.00  99999.00  99999.00  99999.00  99999.00  99999.00  99999.00  99999.00       0       0      49      32
24641  06  12    10  99999.00  99999.00  30983.64  32638.20   -493.27   -218.59  -1007.76   -131.76       0     293     328     216
24641  06  12     7  99999.00  99999.00  99999.00  99999.00  -6934.66   6057.74  99999.00  99999.00       0       0      80      43
24641  06  12     5  99999.00  99999.00  99999.00  99999.00  99999.00  99999.00  99999.00  99999.00       0       0      30       9
24641  06  12     3  99999.00  99999.00  99999.00  99999.00  99999.00  99999.00  99999.00  99999.00       0       0       5       0
24641  06  12     2  99999.00  99999.00  99999.00  99999.00  99999.00  99999.00  99999.00  99999.00       0       0       1       0
24641  06  12     1  99999.00  99999.00  99999.00  99999.00  99999.00  99999.00  99999.00  99999.00       0       0       0       0
24641  07  12  9999    961.69   1024.33  99999.00  99999.00    -96.89    527.11   -240.25    475.79     852       0     851     849
24641  07  12  1000  99999.00  99999.00     23.00    228.20    -78.20    462.28   -226.08    332.88       0     111     109     107
24641  07  12   925  99999.00  99999.00    454.42    986.98   -146.20    490.28   -249.19    360.41       0     649     650     633
24641  07  12   900  99999.00  99999.00  99999.00  99999.00  99999.00  99999.00  99999.00  99999.00       0       0       7       6
24641  07  12   850  99999.00  99999.00   1153.20   1716.48   -178.11    409.17   -269.09    335.71       0     927     925     901
24641  07  12   800  99999.00  99999.00  99999.00  99999.00  99999.00  99999.00  99999.00  99999.00       0       0      14      14
24641  07  12   700  99999.00  99999.00   2673.96   3379.92   -209.91    245.13   -518.26    378.74       0     920     921     891
24641  07  12   600  99999.00  99999.00  99999.00  99999.00  99999.00  99999.00  99999.00  99999.00       0       0      10      10
24641  07  12   500  99999.00  99999.00   5172.93   6148.29   -354.12     82.68   -650.14    169.82       0     908     909     889
24641  07  12   400  99999.00  99999.00   6725.17   7911.37   -480.03    -21.27   -719.75     34.57       0     898     897     886
24641  07  12   300  99999.00  99999.00   8606.93  10078.97   -615.25   -184.57   -774.78   -166.26       0     885     886     811
24641  07  12   250  99999.00  99999.00   9776.02  11354.02   -681.74   -274.58   -781.80   -310.68       0     872     874     713
24641  07  12   200  99999.00  99999.00  11299.30  12745.54   -824.84   -184.16   -867.46   -289.42       0     868     867     705
24641  07  12   150  99999.00  99999.00  13312.50  14507.46   -649.62   -310.14   -784.20   -370.92       0     849     848     687
24641  07  12   100  99999.00  99999.00  16064.88  17088.96   -611.62   -365.98   -823.69   -390.85       0     809     810     653
24641  07  12    80  99999.00  99999.00  99999.00  99999.00  99999.00  99999.00  99999.00  99999.00       0       0       9       5
24641  07  12    70  99999.00  99999.00  18454.32  19380.60   -576.32   -387.20   -849.16   -376.12       0     748     751     597
24641  07  12    60  99999.00  99999.00  99999.00  99999.00  99999.00  99999.00  99999.00  99999.00       0       0      12       7
24641  07  12    50  99999.00  99999.00  20685.53  21589.73  -2624.69   1653.43   -888.72   -342.24       0     707     715     561
24641  07  12    40  99999.00  99999.00  99999.00  99999.00  99999.00  99999.00  99999.00  99999.00       0       0      24      20
24641  07  12    30  99999.00  99999.00  24068.84  24983.60   -552.15   -355.95   -951.61   -276.61       0     633     639     478
24641  07  12    20  99999.00  99999.00  26762.96  27723.56  -2867.06   1989.34   -974.17   -216.85       0     552     561     394
24641  07  12    15  99999.00  99999.00  99999.00  99999.00  99999.00  99999.00  99999.00  99999.00       0       0      60      43
24641  07  12    10  99999.00  99999.00  31407.55  32591.35   -478.89   -217.89   -958.56   -140.88       0     324     372     227
24641  07  12     7  99999.00  99999.00  99999.00  99999.00  -6346.09   5527.07  99999.00  99999.00       0       0      96      49
24641  07  12     5  99999.00  99999.00  99999.00  99999.00  99999.00  99999.00  99999.00  99999.00       0       1      49      21
24641  07  12     3  99999.00  99999.00  99999.00  99999.00  99999.00  99999.00  99999.00  99999.00       0       0       5       0
24641  07  12     2  99999.00  99999.00  99999.00  99999.00  99999.00  99999.00  99999.00  99999.00       0       0       0       0
24641  07  12     1  99999.00  99999.00  99999.00  99999.00  99999.00  99999.00  99999.00  99999.00       0       0       0       0
24641  08  12  9999    961.45   1029.61  99999.00  99999.00   -129.04    459.32   -206.92    380.48     866       0     866     865
24641  08  12  1000  99999.00  99999.00     -1.89    266.91   -130.59    431.97   -218.92    318.20       0     252     253     243
24641  08  12   925  99999.00  99999.00    456.14   1002.14   -178.02    439.14   -238.20    322.92       0     641     645     613
24641  08  12   900  99999.00  99999.00  99999.00  99999.00  99999.00  99999.00  99999.00  99999.00       0       0       4       4
24641  08  12   850  99999.00  99999.00   1144.02   1731.06   -214.36    371.24   -280.15    308.09       0     967     967     918
24641  08  12   800  99999.00  99999.00  99999.00  99999.00  99999.00  99999.00  99999.00  99999.00       0       0      13      13
24641  08  12   700  99999.00  99999.00   2633.20   3389.32   -257.09    235.63   -506.91    326.49       0     962     964     931
24641  08  12   600  99999.00  99999.00  99999.00  99999.00  99999.00  99999.00  99999.00  99999.00       0       0      18      18
24641  08  12   500  99999.00  99999.00   5078.05   6154.81   -415.94     86.02   -649.86    138.66       0     945     947     934
24641  08  12   400  99999.00  99999.00   6582.17   7926.65   -533.63    -26.87   -722.10      4.26       0     934     933     925
24641  08  12   300  99999.00  99999.00   8422.15  10086.31   -648.02   -210.14   -794.26   -189.10       0     918     918     769
24641  08  12   250  99999.00  99999.00   9569.56  11354.44   -715.71   -291.75   -797.87   -325.79       0     909     907     737
24641  08  12   200  99999.00  99999.00  11070.35  12742.31   -860.35   -173.23   -883.04   -284.60       0     897     896     713
24641  08  12   150  99999.00  99999.00  13042.14  14529.06   -668.27   -310.07   -769.50   -387.66       0     869     870     691
24641  08  12   100  99999.00  99999.00  15750.03  17148.63   -624.83   -362.87   -805.26   -400.98       0     840     840     668
24641  08  12    80  99999.00  99999.00  99999.00  99999.00  99999.00  99999.00  99999.00  99999.00       0       0      11      10
24641  08  12    70  99999.00  99999.00  18104.54  19468.94   -599.85   -388.53   -829.82   -402.62       0     773     773     608
24641  08  12    60  99999.00  99999.00  99999.00  99999.00  99999.00  99999.00  99999.00  99999.00       0       0      10       8
24641  08  12    50  99999.00  99999.00  20282.12  21698.24   -590.39   -394.67   -851.33   -396.17       0     721     725     562
24641  08  12    40  99999.00  99999.00  99999.00  99999.00  99999.00  99999.00  99999.00  99999.00       0       0      26      18
24641  08  12    30  99999.00  99999.00  23567.79  25114.95  -2481.27   1486.89   -897.57   -358.53       0     641     648     500
24641  08  12    20  99999.00  99999.00  26145.37  27899.77   -597.81   -323.49   -919.35   -313.83       0     556     571     427
24641  08  12    15  99999.00  99999.00  99999.00  99999.00  99999.00  99999.00  99999.00  99999.00       0       0      58      36
24641  08  12    10  99999.00  99999.00  30627.91  32757.67  -4732.60   3822.32   -938.20   -228.52       0     312     362     228
24641  08  12     7  99999.00  99999.00  99999.00  99999.00  -9413.15   8230.09  99999.00  99999.00       0       0      85      56
24641  08  12     5  99999.00  99999.00  99999.00  99999.00  99999.00  99999.00  99999.00  99999.00       0       0      48      19
24641  08  12     3  99999.00  99999.00  99999.00  99999.00  99999.00  99999.00  99999.00  99999.00       0       0       7       1
24641  08  12     2  99999.00  99999.00  99999.00  99999.00  99999.00  99999.00  99999.00  99999.00       0       0       0       0
24641  08  12     1  99999.00  99999.00  99999.00  99999.00  99999.00  99999.00  99999.00  99999.00       0       0       0       0
24641  09  12  9999    956.16   1042.92  99999.00  99999.00   -220.64    344.32   -184.60    311.60     771       0     771     771
24641  09  12  1000  99999.00  99999.00    -40.22    341.98   -230.96    334.12   -298.17    264.51       0     433     435     412
24641  09  12   925  99999.00  99999.00    400.30   1069.66   -294.00    364.56   -335.01    282.87       0     597     603     577
24641  09  12   900  99999.00  99999.00  99999.00  99999.00  99999.00  99999.00  99999.00  99999.00       0       0       5       5
24641  09  12   850  99999.00  99999.00   1083.21   1760.85   -322.45    301.55   -379.31    261.13       0     855     855     818
24641  09  12   800  99999.00  99999.00  99999.00  99999.00  99999.00  99999.00  99999.00  99999.00       0       0      15      15
24641  09  12   700  99999.00  99999.00   2530.25   3363.53   -388.17    205.83   -544.69    236.63       0     845     849     815
24641  09  12   600  99999.00  99999.00  99999.00  99999.00  99999.00  99999.00  99999.00  99999.00       0       0      13      13
24641  09  12   500  99999.00  99999.00   4865.43   6081.75   -524.13     40.47   -684.06     53.58       0     843     845     828
24641  09  12   400  99999.00  99999.00   6307.39   7819.27   -617.88    -90.24   -740.89    -91.57       0     839     841     820
24641  09  12   300  99999.00  99999.00   8090.43   9919.47   -695.74   -286.18   -778.36   -311.32       0     832     835     682
24641  09  12   250  99999.00  99999.00   9226.43  11143.43   -772.44   -310.32   -818.06   -366.98       0     815     816     667
24641  09  12   200  99999.00  99999.00  10741.57  12493.93   -837.05   -212.69   -856.07   -317.03       0     793     794     647
24641  09  12   150  99999.00  99999.00  12690.20  14283.32   -681.49   -329.17   -768.64   -405.88       0     760     760     616
24641  09  12   100  99999.00  99999.00  15350.08  16904.32   -641.63   -373.07   -808.68   -408.84       0     710     709     572
24641  09  12    80  99999.00  99999.00  99999.00  99999.00  99999.00  99999.00  99999.00  99999.00       0       0       8       3
24641  09  12    70  99999.00  99999.00  17625.42  19263.06   -636.91   -390.31   -828.03   -424.47       0     654     657     537
24641  09  12    60  99999.00  99999.00  99999.00  99999.00  99999.00  99999.00  99999.00  99999.00       0       0       3       3
24641  09  12    50  99999.00  99999.00  19768.09  21479.53   -639.64   -399.76   -864.03   -417.75       0     612     614     499
24641  09  12    40  99999.00  99999.00  99999.00  99999.00  99999.00  99999.00  99999.00  99999.00       0       0      13       9
24641  09  12    30  99999.00  99999.00  22977.96  24871.44   -648.29   -389.33   -892.48   -407.56       0     526     531     428
24641  09  12    20  99999.00  99999.00  25491.27  27625.83   -653.27   -351.11   -895.59   -388.59       0     456     464     366
24641  09  12    15  99999.00  99999.00  99999.00  99999.00 -10961.00   9366.64  99999.00  99999.00       0       0      62      50
24641  09  12    10  99999.00  99999.00  29729.90  32551.82   -636.12   -285.24   -918.06   -326.22       0     234     271     187
24641  09  12     7  99999.00  99999.00  99999.00  99999.00  -7761.35   6584.29  99999.00  99999.00       0       0      64      41
24641  09  12     5  99999.00  99999.00  99999.00  99999.00  99999.00  99999.00  99999.00  99999.00       0       0      36      12
24641  09  12     3  99999.00  99999.00  99999.00  99999.00  99999.00  99999.00  99999.00  99999.00       0       0       9       1
24641  09  12     2  99999.00  99999.00  99999.00  99999.00  99999.00  99999.00  99999.00  99999.00       0       0       0       0
24641  09  12     1  99999.00  99999.00  99999.00  99999.00  99999.00  99999.00  99999.00  99999.00       0       0       0       0
24641  10  12  9999    947.43   1056.63  99999.00  99999.00   -508.92    367.08    -96.40    167.84     803       0     803     803
24641  10  12  1000  99999.00  99999.00   -104.01    438.75   -518.65    353.99   -534.22    291.74       0     529     529     511
24641  10  12   925  99999.00  99999.00    329.19   1132.23   -449.54    283.18   -485.68    243.68       0     564     570     540
24641  10  12   900  99999.00  99999.00  99999.00  99999.00  99999.00  99999.00  99999.00  99999.00       0       0       7       7
24641  10  12   850  99999.00  99999.00    980.89   1785.61   -444.24    219.60   -497.89    197.63       0     867     867     811
24641  10  12   800  99999.00  99999.00  99999.00  99999.00  99999.00  99999.00  99999.00  99999.00       0       0      10      10
24641  10  12   700  99999.00  99999.00   2381.13   3329.61   -501.32    150.28   -601.57    146.87       0     858     857     822
24641  10  12   600  99999.00  99999.00  99999.00  99999.00  99999.00  99999.00  99999.00  99999.00       0       0      11      11
24641  10  12   500  99999.00  99999.00   4606.26   6002.94   -630.51     -3.51   -719.07    -14.79       0     854     854     825
24641  10  12   400  99999.00  99999.00   5989.81   7704.13   -703.45   -137.77   -777.55   -147.79       0     846     846     738
24641  10  12   300  99999.00  99999.00   7737.06   9741.66   -720.02   -352.94   -774.91   -383.23       0     832     831     668
24641  10  12   250  99999.00  99999.00   8872.04  10927.64   -802.36   -325.60   -830.08   -386.20       0     815     814     654
24641  10  12   200  99999.00  99999.00  10393.02  12245.46   -803.38   -284.50   -825.42   -369.90       0     794     794     638
24641  10  12   150  99999.00  99999.00  12308.46  14025.90   -707.67   -359.79   -773.00   -430.16       0     770     770     618
24641  10  12   100  99999.00  99999.00  14933.67  16608.75   -689.08   -395.56   -796.70   -451.10       0     728     727     580
24641  10  12    80  99999.00  99999.00  99999.00  99999.00  99999.00  99999.00  99999.00  99999.00       0       0       3       2
24641  10  12    70  99999.00  99999.00  17137.26  18965.58   -704.46   -403.98   -831.47   -454.19       0     675     675     541
24641  10  12    60  99999.00  99999.00  99999.00  99999.00  99999.00  99999.00  99999.00  99999.00       0       0      10       7
24641  10  12    50  99999.00  99999.00  19203.64  21174.52   -736.39   -391.87   -868.87   -445.87       0     621     622     495
24641  10  12    40  99999.00  99999.00  99999.00  99999.00  99999.00  99999.00  99999.00  99999.00       0       0      28      24
24641  10  12    30  99999.00  99999.00  22247.47  24610.63   -783.46   -344.98   -915.10   -410.62       0     497     501     395
24641  10  12    20  99999.00  99999.00  24618.36  27393.72   -818.38   -280.54   -940.39   -366.55       0     407     418     320
24641  10  12    15  99999.00  99999.00  99999.00  99999.00  -7568.96   6217.72  99999.00  99999.00       0       0      68      46
24641  10  12    10  99999.00  99999.00  28886.71  32090.83   -829.30   -192.10   -924.62   -326.18       0     163     194     126
24641  10  12     7  99999.00  99999.00  99999.00  99999.00  99999.00  99999.00  99999.00  99999.00       0       0      48      26
24641  10  12     5  99999.00  99999.00  99999.00  99999.00  99999.00  99999.00  99999.00  99999.00       0       0      12       2
24641  10  12     3  99999.00  99999.00  99999.00  99999.00  99999.00  99999.00  99999.00  99999.00       0       0       5       2
24641  10  12     2  99999.00  99999.00  99999.00  99999.00  99999.00  99999.00  99999.00  99999.00       0       0       4       1
24641  10  12     1  99999.00  99999.00  99999.00  99999.00  99999.00  99999.00  99999.00  99999.00       0       0       2       2
24641  11  12  9999    944.41   1065.85  99999.00  99999.00   -784.24    270.92    -23.33     78.79     783       0     783     783
24641  11  12  1000  99999.00  99999.00   -114.15    471.69   -722.82    188.94   -779.83    188.69       0     607     605     583
24641  11  12   925  99999.00  99999.00    301.65   1133.25   -600.29    208.39   -642.04    194.48       0     570     582     550
24641  11  12   900  99999.00  99999.00  99999.00  99999.00  99999.00  99999.00  99999.00  99999.00       0       0      17      17
24641  11  12   850  99999.00  99999.00    923.61   1766.73   -538.45    152.99   -571.79    121.57       0     840     841     815
24641  11  12   800  99999.00  99999.00  99999.00  99999.00  99999.00  99999.00  99999.00  99999.00       0       0      14      14
24641  11  12   700  99999.00  99999.00   2292.47   3263.75   -540.88     66.92   -608.86     43.94       0     836     836     826
24641  11  12   600  99999.00  99999.00  99999.00  99999.00  99999.00  99999.00  99999.00  99999.00       0       0       7       7
24641  11  12   500  99999.00  99999.00   4485.95   5852.99   -681.70    -66.10   -735.11    -99.47       0     827     827     770
24641  11  12   400  99999.00  99999.00   5845.69   7508.41   -735.08   -207.44   -789.46   -238.06       0     819     818     676
24641  11  12   300  99999.00  99999.00   7585.09   9486.37   -756.88   -384.64   -803.61   -421.89       0     806     806     656
24641  11  12   250  99999.00  99999.00   8724.60  10638.36   -833.65   -344.29   -870.23   -395.87       0     795     794     644
24641  11  12   200  99999.00  99999.00  10169.37  11996.37   -833.63   -316.43   -875.74   -376.66       0     773     772     623
24641  11  12   150  99999.00  99999.00  11990.20  13809.64   -781.80   -360.96   -827.79   -437.91       0     747     745     601
24641  11  12   100  99999.00  99999.00  14458.14  16458.78   -818.42   -357.38   -869.55   -449.31       0     699     697     565
24641  11  12    80  99999.00  99999.00  99999.00  99999.00  99999.00  99999.00  99999.00  99999.00       0       0       4       3
24641  11  12    70  99999.00  99999.00  16552.49  18828.17   -879.53   -333.53   -926.94   -439.14       0     629     632     514
24641  11  12    60  99999.00  99999.00  99999.00  99999.00  99999.00  99999.00  99999.00  99999.00       0       0      16      12
24641  11  12    50  99999.00  99999.00  18463.11  21107.43   -931.96   -301.00   -980.12   -414.32       0     571     575     468
24641  11  12    40  99999.00  99999.00  99999.00  99999.00  99999.00  99999.00  99999.00  99999.00       0       0      27      18
24641  11  12    30  99999.00  99999.00  21386.74  24555.58  -1009.03   -213.07  -1072.12   -328.36       0     423     437     351
24641  11  12    20  99999.00  99999.00  23726.88  27354.84  -1055.63   -117.23  -1099.39   -264.19       0     279     294     226
24641  11  12    15  99999.00  99999.00  99999.00  99999.00  99999.00  99999.00  99999.00  99999.00       0       0      41      31
24641  11  12    10  99999.00  99999.00  99999.00  99999.00  -1063.43     17.89  99999.00  99999.00       0      59      77      46
24641  11  12     7  99999.00  99999.00  99999.00  99999.00  99999.00  99999.00  99999.00  99999.00       0       0      12       4
24641  11  12     5  99999.00  99999.00  99999.00  99999.00  99999.00  99999.00  99999.00  99999.00       0       0       5       0
24641  11  12     3  99999.00  99999.00  99999.00  99999.00  99999.00  99999.00  99999.00  99999.00       0       0       2       0
24641  11  12     2  99999.00  99999.00  99999.00  99999.00  99999.00  99999.00  99999.00  99999.00       0       0       1       1
24641  11  12     1  99999.00  99999.00  99999.00  99999.00  99999.00  99999.00  99999.00  99999.00       0       0       0       0
24641  12  12  9999    947.08   1072.48  99999.00  99999.00   -898.31    210.01    -13.62     71.70     833       0     833     832
24641  12  12  1000  99999.00  99999.00   -129.11    527.17   -815.32    141.44   -852.85    125.15       0     732     732     689
24641  12  12   925  99999.00  99999.00    310.23   1172.67   -682.71    194.25   -727.72    171.80       0     583     599     577
24641  12  12   900  99999.00  99999.00  99999.00  99999.00  99999.00  99999.00  99999.00  99999.00       0       0      16      15
24641  12  12   850  99999.00  99999.00    883.42   1822.66   -613.07    163.69   -641.47    120.41       0     885     886     859
24641  12  12   800  99999.00  99999.00  99999.00  99999.00  99999.00  99999.00  99999.00  99999.00       0       0      13      11
24641  12  12   700  99999.00  99999.00   2191.19   3352.07   -591.93     72.87   -634.32     22.20       0     888     888     863
24641  12  12   600  99999.00  99999.00  99999.00  99999.00  99999.00  99999.00  99999.00  99999.00       0       0       8       8
24641  12  12   500  99999.00  99999.00   4339.33   5945.65   -687.14    -96.74   -736.90   -135.82       0     880     881     814
24641  12  12   400  99999.00  99999.00   5697.49   7580.41   -727.77   -245.25   -781.98   -282.30       0     874     875     707
24641  12  12   300  99999.00  99999.00   7433.44   9535.72   -757.29   -412.77   -799.91   -457.55       0     864     862     687
24641  12  12   250  99999.00  99999.00   8577.69  10665.93   -846.10   -373.90   -885.37   -420.73       0     842     841     671
24641  12  12   200  99999.00  99999.00  10018.34  11993.30   -884.71   -321.43   -920.91   -378.99       0     826     826     662
24641  12  12   150  99999.00  99999.00  11846.40  13751.76   -855.76   -340.60   -893.76   -411.12       0     808     807     640
24641  12  12   100  99999.00  99999.00  14252.19  16407.75   -921.75   -297.15   -947.27   -392.03       0     747     746     592
24641  12  12    80  99999.00  99999.00  99999.00  99999.00  99999.00  99999.00  99999.00  99999.00       0       0       8       5
24641  12  12    70  99999.00  99999.00  16252.22  18844.10  -1026.86   -206.18  -1046.15   -316.79       0     674     676     546
24641  12  12    60  99999.00  99999.00  99999.00  99999.00  99999.00  99999.00  99999.00  99999.00       0       0      20      17
24641  12  12    50  99999.00  99999.00  18005.19  21289.11  -1115.15   -110.27  -1126.35   -236.91       0     586     593     479
24641  12  12    40  99999.00  99999.00  99999.00  99999.00  99999.00  99999.00  99999.00  99999.00       0       0      25      16
24641  12  12    30  99999.00  99999.00  20719.20  25095.48  -1233.61     72.23  -1217.18   -103.10       0     429     443     355
24641  12  12    20  99999.00  99999.00  23024.16  28116.12  -1265.88    166.80  -1236.86    -43.58       0     284     300     237
24641  12  12    15  99999.00  99999.00  99999.00  99999.00  99999.00  99999.00  99999.00  99999.00       0       0      52      43
24641  12  12    10  99999.00  99999.00  99999.00  99999.00  -1228.64    201.64  99999.00  99999.00       0      52      62      34
24641  12  12     7  99999.00  99999.00  99999.00  99999.00  99999.00  99999.00  99999.00  99999.00       0       0      12       4
24641  12  12     5  99999.00  99999.00  99999.00  99999.00  99999.00  99999.00  99999.00  99999.00       0       0       5       1
24641  12  12     3  99999.00  99999.00  99999.00  99999.00  99999.00  99999.00  99999.00  99999.00       0       0       0       0
24641  12  12     2  99999.00  99999.00  99999.00  99999.00  99999.00  99999.00  99999.00  99999.00       0       0       0       0
24641  12  12     1  99999.00  99999.00  99999.00  99999.00  99999.00  99999.00  99999.00  99999.00       0       0       0       0
