12120  01  00  9999    933.63   1095.87  99999.00  99999.00   -309.47    295.45    -79.48    118.88    1000       0     998     997
12120  01  00  1000  99999.00  99999.00   -345.41    631.75   -277.30    260.90   -400.57    325.91       0     884     881     877
12120  01  00   925  99999.00  99999.00    139.03   1339.75   -294.39    254.85   -531.22    397.46       0     689     693     693
12120  01  00   900  99999.00  99999.00  99999.00  99999.00  99999.00  99999.00  99999.00  99999.00       0       0      17      17
12120  01  00   850  99999.00  99999.00    779.81   2029.37   -348.97    250.79   -660.51    424.53       0    1027    1025    1020
12120  01  00   800  99999.00  99999.00  99999.00  99999.00  99999.00  99999.00  99999.00  99999.00       0       0      19      18
12120  01  00   700  99999.00  99999.00   2203.83   3621.63   -447.51    199.77   -879.84    419.76       0    1028    1026    1020
12120  01  00   600  99999.00  99999.00  99999.00  99999.00  99999.00  99999.00  99999.00  99999.00       0       0      13      13
12120  01  00   500  99999.00  99999.00   4497.99   6315.87   -603.42     36.66   -948.21    186.15       0    1025    1028    1009
12120  01  00   400  99999.00  99999.00   5896.37   8045.21  -2229.05   1417.03   -993.76     30.80       0    1025    1024     813
12120  01  00   300  99999.00  99999.00   7672.44  10085.76  -2330.41   1253.87   -998.84   -269.72       0    1019    1017     520
12120  01  00   250  99999.00  99999.00   8820.83  11260.19   -815.50   -349.78   -996.13   -420.61       0    1012    1014     513
12120  01  00   200  99999.00  99999.00  10311.51  12561.63   -973.34   -227.18  -1043.05   -510.13       0     990     993     511
12120  01  00   150  99999.00  99999.00  12202.56  14271.60   -910.93   -265.21  -1081.94   -579.98       0     935     934     511
12120  01  00   100  99999.00  99999.00  14683.23  16861.59   -914.51   -302.63  -1111.53   -622.89       0     842     845     507
12120  01  00    80  99999.00  99999.00  99999.00  99999.00  99999.00  99999.00  99999.00  99999.00       0       0      30      19
12120  01  00    70  99999.00  99999.00  16691.07  19259.67   -990.07   -271.75  -1119.51   -652.71       0     734     734     493
12120  01  00    60  99999.00  99999.00  99999.00  99999.00  99999.00  99999.00  99999.00  99999.00       0       0      41      28
12120  01  00    50  99999.00  99999.00  18484.73  21594.05  -1061.08   -238.36  -1160.19   -639.15       0     653     658     469
12120  01  00    40  99999.00  99999.00  99999.00  99999.00  99999.00  99999.00  99999.00  99999.00       0       0      53      39
12120  01  00    30  99999.00  99999.00  21207.59  25142.15  -1147.76   -175.52  -1200.62   -624.14       0     522     528     408
12120  01  00    20  99999.00  99999.00  23232.23  28097.03  -1208.47   -100.99  -1257.05   -563.09       0     419     436     350
12120  01  00    15  99999.00  99999.00  99999.00  99999.00 -16201.68  13549.32  -1303.66   -485.14       0       0     107      98
12120  01  00    10  99999.00  99999.00  26944.50  33217.86  -4203.42   2960.70  -1349.50   -378.94       0     161     201     181
12120  01  00     7  99999.00  99999.00  99999.00  99999.00  99999.00  99999.00  99999.00  99999.00       0       0      57      55
12120  01  00     5  99999.00  99999.00  99999.00  99999.00  99999.00  99999.00  99999.00  99999.00       0       0      16      16
12120  01  00     3  99999.00  99999.00  99999.00  99999.00  99999.00  99999.00  99999.00  99999.00       0       0       1       1
12120  01  00     2  99999.00  99999.00  99999.00  99999.00  99999.00  99999.00  99999.00  99999.00       0       0       0       0
12120  01  00     1  99999.00  99999.00  99999.00  99999.00  99999.00  99999.00  99999.00  99999.00       0       0       1       1
12120  02  00  9999    935.65   1096.09  99999.00  99999.00   -271.87    259.73    -77.43    117.33     932       0     931     931
12120  02  00  1000  99999.00  99999.00   -346.36    646.04   -269.97    251.67   -358.48    282.80       0     832     827     823
12120  02  00   925  99999.00  99999.00    136.39   1337.83   -310.23    259.53   -508.65    375.63       0     633     636     636
12120  02  00   900  99999.00  99999.00  99999.00  99999.00  99999.00  99999.00  99999.00  99999.00       0       0      15      15
12120  02  00   850  99999.00  99999.00    796.86   2028.42   -368.49    257.91   -675.12    433.20       0     949     947     942
12120  02  00   800  99999.00  99999.00  99999.00  99999.00  99999.00  99999.00  99999.00  99999.00       0       0      10      10
12120  02  00   700  99999.00  99999.00   2227.87   3604.51   -452.79    195.57   -861.23    397.69       0     950     950     947
12120  02  00   600  99999.00  99999.00  99999.00  99999.00  99999.00  99999.00  99999.00  99999.00       0       0      13      13
12120  02  00   500  99999.00  99999.00   4510.21   6301.69   -609.07     32.69   -977.96    201.04       0     949     949     935
12120  02  00   400  99999.00  99999.00   3472.94  10420.94  -2089.43   1269.85  -1018.21     34.43       0     947     946     745
12120  02  00   300  99999.00  99999.00   7678.03  10067.83   -728.42   -329.18  -1055.39   -227.99       0     943     943     477
12120  02  00   250  99999.00  99999.00   8829.11  11242.07   -839.33   -320.21  -1044.89   -383.09       0     933     935     471
12120  02  00   200  99999.00  99999.00  10333.92  12534.60   -984.71   -197.15  -1082.12   -481.52       0     922     924     471
12120  02  00   150  99999.00  99999.00   8403.14  18034.94   -910.86   -240.78  -1125.97   -537.85       0     877     881     469
12120  02  00   100  99999.00  99999.00  14711.83  16882.99   -928.07   -254.87  -1140.60   -592.20       0     795     802     468
12120  02  00    80  99999.00  99999.00  99999.00  99999.00  99999.00  99999.00  99999.00  99999.00       0       0      27      16
12120  02  00    70  99999.00  99999.00  16730.31  19327.23   -989.36   -226.88  -1156.57   -606.25       0     726     730     462
12120  02  00    60  99999.00  99999.00  99999.00  99999.00  99999.00  99999.00  99999.00  99999.00       0       0      38      24
12120  02  00    50  99999.00  99999.00  18618.86  21612.86  -1037.55   -197.67  -1185.51   -596.07       0     654     660     449
12120  02  00    40  99999.00  99999.00  99999.00  99999.00  99999.00  99999.00  99999.00  99999.00       0       0      48      34
12120  02  00    30  99999.00  99999.00  21361.28  25207.88  -1076.28   -171.24  -1222.89   -575.49       0     548     553     412
12120  02  00    20  99999.00  99999.00  23635.94  28002.86  -1083.22   -141.58  -1262.76   -521.28       0     431     443     354
12120  02  00    15  99999.00  99999.00  99999.00  99999.00 -19870.79  16550.53  -1383.56   -345.20       0       0      95      85
12120  02  00    10  99999.00  99999.00  27677.45  32800.97  -3877.62   2709.90  -1355.51   -342.83       0     204     240     217
12120  02  00     7  99999.00  99999.00  99999.00  99999.00 -22891.91  18900.37  -1354.31   -287.39       0       0      70      68
12120  02  00     5  99999.00  99999.00  99999.00  99999.00  99999.00  99999.00  99999.00  99999.00       0       0      21      21
12120  02  00     3  99999.00  99999.00  99999.00  99999.00  99999.00  99999.00  99999.00  99999.00       0       0       3       3
12120  02  00     2  99999.00  99999.00  99999.00  99999.00  99999.00  99999.00  99999.00  99999.00       0       0       0       0
12120  02  00     1  99999.00  99999.00  99999.00  99999.00  99999.00  99999.00  99999.00  99999.00       0       0       0       0
12120  03  00  9999    943.03   1086.43  99999.00  99999.00   -214.58    239.14    -90.25    134.27     994       0     994     993
12120  03  00  1000  99999.00  99999.00   -328.89    604.23   -220.49    255.67   -305.46    267.78       0     901     896     891
12120  03  00   925  99999.00  99999.00    180.17   1307.57   -301.65    286.47   -530.99    396.49       0     695     697     695
12120  03  00   900  99999.00  99999.00  99999.00  99999.00  99999.00  99999.00  99999.00  99999.00       0       0       9       8
12120  03  00   850  99999.00  99999.00    836.62   1991.74   -343.63    262.25   -659.42    436.42       0    1025    1021    1013
12120  03  00   800  99999.00  99999.00  99999.00  99999.00  99999.00  99999.00  99999.00  99999.00       0       0      16      16
12120  03  00   700  99999.00  99999.00   2273.14   3576.58   -428.99    191.29   -872.63    416.29       0    1027    1027    1020
12120  03  00   600  99999.00  99999.00  99999.00  99999.00  99999.00  99999.00  99999.00  99999.00       0       0       9       9
12120  03  00   500  99999.00  99999.00   4550.76   6294.72   -592.56     33.96   -949.24    185.12       0    1025    1024    1009
12120  03  00   400  99999.00  99999.00   5961.16   8016.88   -675.53   -109.49  -1000.22     37.30       0    1024    1023     842
12120  03  00   300  99999.00  99999.00   7736.58  10069.98   -714.60   -326.04  -1043.17   -227.41       0    1024    1024     530
12120  03  00   250  99999.00  99999.00   8906.45  11232.77   -841.87   -296.23  -1052.05   -371.89       0    1016    1015     513
12120  03  00   200  99999.00  99999.00  10408.90  12547.66   -957.34   -189.46  -1098.19   -468.91       0    1004    1006     514
12120  03  00   150  99999.00  99999.00  12284.25  14324.25   -862.81   -252.49  -1077.84   -600.48       0     970     970     510
12120  03  00   100  99999.00  99999.00  14809.18  16951.78   -861.24   -285.96  -1079.03   -653.27       0     878     884     507
12120  03  00    80  99999.00  99999.00  99999.00  99999.00  99999.00  99999.00  99999.00  99999.00       0       0      31      21
12120  03  00    70  99999.00  99999.00  16970.72  19282.76   -892.83   -284.43  -1097.69   -658.25       0     779     787     505
12120  03  00    60  99999.00  99999.00  99999.00  99999.00  99999.00  99999.00  99999.00  99999.00       0       0      37      26
12120  03  00    50  99999.00  99999.00  18963.82  21513.58   -913.34   -282.38  -1109.23   -661.63       0     729     734     498
12120  03  00    40  99999.00  99999.00  99999.00  99999.00  99999.00  99999.00  99999.00  99999.00       0       0      53      42
12120  03  00    30  99999.00  99999.00  21909.77  24956.81   -939.74   -268.70  -1144.69   -642.01       0     644     653     474
12120  03  00    20  99999.00  99999.00  24197.20  27731.08   -930.85   -263.89  -1153.28   -626.00       0     548     563     431
12120  03  00    15  99999.00  99999.00  99999.00  99999.00 -25067.05  20155.43  -1218.13   -542.65       0       0     131     103
12120  03  00    10  99999.00  99999.00  28375.01  32333.81   -977.79   -118.95  -1168.66   -548.14       0     286     323     278
12120  03  00     7  99999.00  99999.00  99999.00  99999.00 -22827.20  18805.24  -1136.64   -543.72       0       0     108     105
12120  03  00     5  99999.00  99999.00  99999.00  99999.00  99999.00  99999.00  99999.00  99999.00       0       0      27      26
12120  03  00     3  99999.00  99999.00  99999.00  99999.00  99999.00  99999.00  99999.00  99999.00       0       0       2       2
12120  03  00     2  99999.00  99999.00  99999.00  99999.00  99999.00  99999.00  99999.00  99999.00       0       0       0       0
12120  03  00     1  99999.00  99999.00  99999.00  99999.00  99999.00  99999.00  99999.00  99999.00       0       0       0       0
12120  04  00  9999    963.61   1065.01  99999.00  99999.00   -178.27    266.81   -111.78    158.82     981       0     981     981
12120  04  00  1000  99999.00  99999.00   -239.27    487.69   -202.63    320.33   -229.26    252.54       0     952     949     945
12120  04  00   925  99999.00  99999.00    325.86   1182.54   -265.06    348.14   -396.72    342.60       0     678     681     681
12120  04  00   900  99999.00  99999.00  99999.00  99999.00  99999.00  99999.00  99999.00  99999.00       0       0      14      14
12120  04  00   850  99999.00  99999.00    992.30   1878.26   -301.06    293.06   -499.70    369.58       0    1008    1007    1003
12120  04  00   800  99999.00  99999.00  99999.00  99999.00  99999.00  99999.00  99999.00  99999.00       0       0      26      26
12120  04  00   700  99999.00  99999.00   2428.43   3501.11   -378.57    203.55   -793.37    410.35       0    1007    1007    1003
12120  04  00   600  99999.00  99999.00  99999.00  99999.00  99999.00  99999.00  99999.00  99999.00       0       0      19      19
12120  04  00   500  99999.00  99999.00   4759.79   6227.15   -518.73     18.63   -874.69    169.31       0    1008    1008    1002
12120  04  00   400  99999.00  99999.00   6208.62   7946.34   -605.72   -130.16   -896.11    -13.75       0    1007    1008     895
12120  04  00   300  99999.00  99999.00   8000.20  10017.40   -681.41   -331.85   -954.62   -257.06       0    1003    1004     527
12120  04  00   250  99999.00  99999.00   9197.49  11164.41   -799.96   -316.48  -1012.09   -359.65       0     995     995     513
12120  04  00   200  99999.00  99999.00  10734.99  12462.87   -908.62   -204.94  -1113.72   -431.76       0     990     990     516
12120  04  00   150  99999.00  99999.00  12680.56  14203.36   -771.26   -305.18  -1114.79   -557.27       0     972     972     506
12120  04  00   100  99999.00  99999.00  15295.30  16781.02   -759.13   -345.61  -1110.83   -603.71       0     920     924     507
12120  04  00    80  99999.00  99999.00  99999.00  99999.00  99999.00  99999.00  99999.00  99999.00       0       0      27      15
12120  04  00    70  99999.00  99999.00  17527.64  19089.20   -770.19   -354.15  -1109.57   -620.93       0     836     841     498
12120  04  00    60  99999.00  99999.00  99999.00  99999.00  99999.00  99999.00  99999.00  99999.00       0       0      31      14
12120  04  00    50  99999.00  99999.00  19603.83  21288.39   -776.87   -353.87  -1112.13   -627.33       0     776     781     501
12120  04  00    40  99999.00  99999.00  99999.00  99999.00  99999.00  99999.00  99999.00  99999.00       0       0      43      34
12120  04  00    30  99999.00  99999.00  22642.90  24734.14   -784.92   -339.96  -1121.70   -619.02       0     714     718     492
12120  04  00    20  99999.00  99999.00  25118.17  27437.41  -2848.57   1722.23  -1127.03   -597.59       0     612     624     467
12120  04  00    15  99999.00  99999.00  99999.00  99999.00 -26536.80  21171.96  -1091.73   -624.21       0       0     128     109
12120  04  00    10  99999.00  99999.00  29333.42  32206.46   -777.21   -179.85  -1085.16   -544.56       0     348     408     337
12120  04  00     7  99999.00  99999.00  99999.00  99999.00 -25720.64  20899.24  -1000.17   -573.21       0       0     126     118
12120  04  00     5  99999.00  99999.00  99999.00  99999.00  99999.00  99999.00  99999.00  99999.00       0       0      45      44
12120  04  00     3  99999.00  99999.00  99999.00  99999.00  99999.00  99999.00  99999.00  99999.00       0       0       2       2
12120  04  00     2  99999.00  99999.00  99999.00  99999.00  99999.00  99999.00  99999.00  99999.00       0       0       0       0
12120  04  00     1  99999.00  99999.00  99999.00  99999.00  99999.00  99999.00  99999.00  99999.00       0       0       0       0
12120  05  00  9999    969.02   1061.42  99999.00  99999.00   -148.98    319.74    -94.81    139.07     969       0     969     969
12120  05  00  1000  99999.00  99999.00   -224.36    482.68   -156.23    363.37   -200.97    308.67       0     966     963     959
12120  05  00   925  99999.00  99999.00    388.27   1159.51   -199.89    374.79   -367.23    390.57       0     689     691     690
12120  05  00   900  99999.00  99999.00  99999.00  99999.00  99999.00  99999.00  99999.00  99999.00       0       0      11      11
12120  05  00   850  99999.00  99999.00   -759.57   3672.03  -1896.81   1960.95   -482.35    433.37       0     996     996     987
12120  05  00   800  99999.00  99999.00  99999.00  99999.00  99999.00  99999.00  99999.00  99999.00       0       0      19      19
12120  05  00   700  99999.00  99999.00   2557.12   3487.48   -290.34    196.98   -751.82    463.78       0     997     996     994
12120  05  00   600  99999.00  99999.00  99999.00  99999.00  99999.00  99999.00  99999.00  99999.00       0       0      17      17
12120  05  00   500  99999.00  99999.00   4965.86   6218.54   -450.84     32.88   -822.28    185.00       0     996     993     989
12120  05  00   400  99999.00  99999.00   6456.04   7948.60   -557.02   -101.86   -871.72     21.20       0     993     993     969
12120  05  00   300  99999.00  99999.00   8288.63  10037.03   -643.09   -311.29   -932.39   -209.51       0     988     983     563
12120  05  00   250  99999.00  99999.00   9462.01  11232.85   -757.91   -328.07  -1014.20   -309.20       0     983     984     544
12120  05  00   200  99999.00  99999.00  10990.23  12550.59   -876.04   -223.36  -1080.43   -425.71       0     975     974     546
12120  05  00   150  99999.00  99999.00  12957.84  14286.24   -727.71   -324.27  -1068.24   -602.64       0     957     957     542
12120  05  00   100  99999.00  99999.00  15609.52  16860.76   -691.30   -384.70  -1061.27   -647.99       0     904     911     542
12120  05  00    80  99999.00  99999.00  99999.00  99999.00  99999.00  99999.00  99999.00  99999.00       0       0      28      20
12120  05  00    70  99999.00  99999.00  17889.63  19148.91   -682.02   -405.06  -1053.75   -667.59       0     834     835     533
12120  05  00    60  99999.00  99999.00  99999.00  99999.00  99999.00  99999.00  99999.00  99999.00       0       0      38      26
12120  05  00    50  99999.00  99999.00  20011.00  21342.52   -676.03   -406.87  -1050.45   -668.61       0     787     790     533
12120  05  00    40  99999.00  99999.00  99999.00  99999.00  99999.00  99999.00  99999.00  99999.00       0       0      39      25
12120  05  00    30  99999.00  99999.00  23213.21  24711.77   -663.69   -388.41  -1028.11   -673.03       0     722     726     525
12120  05  00    20  99999.00  99999.00  25771.14  27421.74   -655.64   -338.24  -1013.20   -647.80       0     644     653     520
12120  05  00    15  99999.00  99999.00  99999.00  99999.00 -26771.63  21467.17   -986.45   -631.01       0       0     144     131
12120  05  00    10  99999.00  99999.00  30273.27  32168.19   -572.84   -236.96   -924.26   -613.70       0     398     449     406
12120  05  00     7  99999.00  99999.00  99999.00  99999.00 -26602.63  21624.77   -864.12   -606.24       0       0     158     149
12120  05  00     5  99999.00  99999.00  99999.00  99999.00  99999.00  99999.00  99999.00  99999.00       0       0      40      38
12120  05  00     3  99999.00  99999.00  99999.00  99999.00  99999.00  99999.00  99999.00  99999.00       0       0       0       0
12120  05  00     2  99999.00  99999.00  99999.00  99999.00  99999.00  99999.00  99999.00  99999.00       0       0       0       0
12120  05  00     1  99999.00  99999.00  99999.00  99999.00  99999.00  99999.00  99999.00  99999.00       0       0       0       0
12120  06  00  9999    976.07   1051.55  99999.00  99999.00    -62.30    303.46    -75.45    114.87     944       0     943     943
12120  06  00  1000  99999.00  99999.00   -182.64    419.64    -66.94    334.70   -120.70    305.54       0     945     942     938
12120  06  00   925  99999.00  99999.00  -1757.21   3277.27  -2249.16   2444.52   -243.83    336.61       0     670     675     675
12120  06  00   900  99999.00  99999.00  99999.00  99999.00  99999.00  99999.00  99999.00  99999.00       0       0       6       6
12120  06  00   850  99999.00  99999.00   1124.83   1820.23   -162.91    294.53   -335.59    356.81       0     967     964     955
12120  06  00   800  99999.00  99999.00  99999.00  99999.00  99999.00  99999.00  99999.00  99999.00       0       0      14      14
12120  06  00   700  99999.00  99999.00   2617.17   3466.41   -243.90    203.58   -675.21    446.67       0     969     966     964
12120  06  00   600  99999.00  99999.00  99999.00  99999.00  99999.00  99999.00  99999.00  99999.00       0       0      25      25
12120  06  00   500  99999.00  99999.00   5043.12   6237.84   -409.11     53.49   -820.52    251.32       0     967     966     964
12120  06  00   400  99999.00  99999.00   6557.26   7989.10   -530.55    -60.51   -828.49     49.91       0     965     963     954
12120  06  00   300  99999.00  99999.00   8397.45  10125.09  -2096.11   1189.97   -919.26   -159.18       0     962     963     585
12120  06  00   250  99999.00  99999.00   9578.46  11348.70   -732.45   -286.17  -1025.68   -253.00       0     959     959     531
12120  06  00   200  99999.00  99999.00  11135.17  12681.37   -880.57   -163.09  -1103.22   -380.82       0     952     953     528
12120  06  00   150  99999.00  99999.00  13166.14  14392.30   -730.06   -282.58  -1068.09   -572.97       0     928     930     527
12120  06  00   100  99999.00  99999.00  15890.70  16939.50   -676.43   -365.51  -1076.31   -605.67       0     890     895     522
12120  06  00    80  99999.00  99999.00  99999.00  99999.00  99999.00  99999.00  99999.00  99999.00       0       0      22      18
12120  06  00    70  99999.00  99999.00  18228.80  19208.12   -654.43   -398.95  -1083.38   -606.50       0     823     825     518
12120  06  00    60  99999.00  99999.00  99999.00  99999.00  99999.00  99999.00  99999.00  99999.00       0       0      20      15
12120  06  00    50  99999.00  99999.00  20407.63  21379.99   -626.11   -408.79  -1064.52   -614.64       0     790     792     520
12120  06  00    40  99999.00  99999.00  99999.00  99999.00  99999.00  99999.00  99999.00  99999.00       0       0      45      35
12120  06  00    30  99999.00  99999.00  23705.68  24733.48   -592.55   -393.35  -1025.47   -624.91       0     740     743     522
12120  06  00    20  99999.00  99999.00  26348.34  27444.30   -558.79   -352.99   -995.78   -605.54       0     653     667     512
12120  06  00    15  99999.00  99999.00  99999.00  99999.00 -22442.92  18735.20   -958.51   -602.11       0       0     107      83
12120  06  00    10  99999.00  99999.00  30995.83  32219.59   -470.39   -257.75   -863.25   -618.21       0     363     413     373
12120  06  00     7  99999.00  99999.00  99999.00  99999.00 -21777.53  18481.27   -810.97   -601.09       0       0     116     109
12120  06  00     5  99999.00  99999.00  99999.00  99999.00  99999.00  99999.00  99999.00  99999.00       0       0      28      27
12120  06  00     3  99999.00  99999.00  99999.00  99999.00  99999.00  99999.00  99999.00  99999.00       0       0       1       1
12120  06  00     2  99999.00  99999.00  99999.00  99999.00  99999.00  99999.00  99999.00  99999.00       0       0       0       0
12120  06  00     1  99999.00  99999.00  99999.00  99999.00  99999.00  99999.00  99999.00  99999.00       0       0       0       0
12120  07  00  9999    975.78   1051.86  99999.00  99999.00    -19.23    314.73    -76.34    111.58     981       0     981     981
12120  07  00  1000  99999.00  99999.00   -182.70    423.90    -26.20    351.80    -52.85    301.27       0     974     974     969
12120  07  00   925  99999.00  99999.00    429.42   1128.66    -92.67    372.69   -155.95    310.85       0     690     692     692
12120  07  00   900  99999.00  99999.00  99999.00  99999.00  99999.00  99999.00  99999.00  99999.00       0       0      11      10
12120  07  00   850  99999.00  99999.00   1127.32   1846.60   -125.57    306.31   -285.94    355.10       0     997     998     993
12120  07  00   800  99999.00  99999.00  99999.00  99999.00  99999.00  99999.00  99999.00  99999.00       0       0      13      13
12120  07  00   700  99999.00  99999.00   2637.36   3506.04   -195.11    203.05   -588.33    416.31       0     999     998     995
12120  07  00   600  99999.00  99999.00  99999.00  99999.00  99999.00  99999.00  99999.00  99999.00       0       0      13      13
12120  07  00   500  99999.00  99999.00   5119.14   6270.42   -359.58     54.18   -760.33    234.11       0     995     997     992
12120  07  00   400  99999.00  99999.00   6654.20   8033.96   -487.41    -51.81   -816.50     76.06       0     993     992     985
12120  07  00   300  99999.00  99999.00   8517.27  10190.07   -602.70   -243.42   -871.12   -147.76       0     992     994     651
12120  07  00   250  99999.00  99999.00   9695.42  11432.66   -694.15   -300.19   -994.20   -228.48       0     990     989     547
12120  07  00   200  99999.00  99999.00  11248.46  12780.86   -860.04   -169.56  -1126.97   -329.93       0     975     977     548
12120  07  00   150  99999.00  99999.00  13292.73  14488.77   -712.41   -290.25  -1038.44   -598.64       0     964     966     547
12120  07  00   100  99999.00  99999.00  16063.71  16996.23   -662.90   -368.66  -1026.47   -653.51       0     921     931     545
12120  07  00    80  99999.00  99999.00  99999.00  99999.00  99999.00  99999.00  99999.00  99999.00       0       0      34      23
12120  07  00    70  99999.00  99999.00  18440.10  19241.82   -629.61   -404.73  -1011.85   -675.97       0     869     874     544
12120  07  00    60  99999.00  99999.00  99999.00  99999.00  99999.00  99999.00  99999.00  99999.00       0       0      22      20
12120  07  00    50  99999.00  99999.00  20656.29  21394.89   -595.30   -417.58   -990.53   -681.77       0     830     833     549
12120  07  00    40  99999.00  99999.00  99999.00  99999.00  99999.00  99999.00  99999.00  99999.00       0       0      45      36
12120  07  00    30  99999.00  99999.00  24008.95  24728.59   -562.74   -397.26   -967.81   -669.73       0     774     777     547
12120  07  00    20  99999.00  99999.00  26706.73  27420.37   -531.56   -354.56   -939.09   -649.65       0     707     716     537
12120  07  00    15  99999.00  99999.00  99999.00  99999.00 -24831.71  20387.89   -878.10   -674.10       0       0     106      87
12120  07  00    10  99999.00  99999.00  31410.30  32166.66   -455.89   -262.93   -832.82   -644.66       0     429     493     449
12120  07  00     7  99999.00  99999.00  99999.00  99999.00 -15239.41  13362.11   -802.18   -619.78       0       0     140     130
12120  07  00     5  99999.00  99999.00  99999.00  99999.00  99999.00  99999.00  99999.00  99999.00       0       0      35      32
12120  07  00     3  99999.00  99999.00  99999.00  99999.00  99999.00  99999.00  99999.00  99999.00       0       0       3       0
12120  07  00     2  99999.00  99999.00  99999.00  99999.00  99999.00  99999.00  99999.00  99999.00       0       0       0       0
12120  07  00     1  99999.00  99999.00  99999.00  99999.00  99999.00  99999.00  99999.00  99999.00       0       0       0       0
12120  08  00  9999    976.94   1050.86  99999.00  99999.00    -15.97    313.19    -79.27    115.61    1009       0    1008    1007
12120  08  00  1000  99999.00  99999.00   -172.70    414.70    -15.31    343.97    -53.38    303.14       0    1000     999     998
12120  08  00   925  99999.00  99999.00    462.98   1099.70    -78.57    354.27   -139.74    296.70       0     700     703     703
12120  08  00   900  99999.00  99999.00  99999.00  99999.00  99999.00  99999.00  99999.00  99999.00       0       0      11      11
12120  08  00   850  99999.00  99999.00   1149.13   1825.93   -126.90    301.26   -267.95    336.73       0    1020    1021    1017
12120  08  00   800  99999.00  99999.00  99999.00  99999.00  99999.00  99999.00  99999.00  99999.00       0       0      14      13
12120  08  00   700  99999.00  99999.00   2652.42   3489.54   -197.22    199.02   -599.74    417.98       0    1024    1025    1023
12120  08  00   600  99999.00  99999.00  99999.00  99999.00  99999.00  99999.00  99999.00  99999.00       0       0      18      18
12120  08  00   500  99999.00  99999.00   5135.80   6245.80   -361.81     52.31   -819.24    271.68       0    1019    1019    1016
12120  08  00   400  99999.00  99999.00   6667.03   8008.03   -492.26    -52.22   -844.30     94.82       0    1019    1016    1011
12120  08  00   300  99999.00  99999.00   8529.28  10162.12   -609.17   -241.97   -878.39   -143.51       0    1013    1018     667
12120  08  00   250  99999.00  99999.00   9691.68  11416.56   -674.40   -333.36   -958.74   -257.10       0    1004    1007     550
12120  08  00   200  99999.00  99999.00  11219.28  12774.36   -855.48   -203.76  -1127.36   -328.76       0    1000    1001     553
12120  08  00   150  99999.00  99999.00  13237.94  14483.90   -733.78   -299.98  -1027.64   -626.60       0     984     987     552
12120  08  00   100  99999.00  99999.00  15987.33  16983.93   -681.02   -363.98  -1035.38   -658.10       0     932     943     547
12120  08  00    80  99999.00  99999.00  99999.00  99999.00  99999.00  99999.00  99999.00  99999.00       0       0      25      17
12120  08  00    70  99999.00  99999.00  18350.58  19232.82   -638.17   -406.69  -1023.83   -672.83       0     867     869     541
12120  08  00    60  99999.00  99999.00  99999.00  99999.00  99999.00  99999.00  99999.00  99999.00       0       0      39      26
12120  08  00    50  99999.00  99999.00  20527.11  21413.43   -615.41   -417.89  -1009.14   -681.90       0     829     830     538
12120  08  00    40  99999.00  99999.00  99999.00  99999.00  99999.00  99999.00  99999.00  99999.00       0       0      46      38
12120  08  00    30  99999.00  99999.00  23819.70  24767.82   -604.04   -389.60   -988.00   -674.68       0     789     796     539
12120  08  00    20  99999.00  99999.00  26436.75  27494.55  -2581.69   1630.19   -954.29   -663.77       0     731     740     548
12120  08  00    15  99999.00  99999.00  99999.00  99999.00 -22929.27  19039.05   -967.51   -620.23       0       0     108      91
12120  08  00    10  99999.00  99999.00  30946.75  32336.23   -526.86   -251.46   -896.20   -620.68       0     471     531     471
12120  08  00     7  99999.00  99999.00  99999.00  99999.00 -21184.60  17969.12   -832.52   -631.52       0       0     176     165
12120  08  00     5  99999.00  99999.00  99999.00  99999.00  99999.00  99999.00  99999.00  99999.00       0       0      52      45
12120  08  00     3  99999.00  99999.00  99999.00  99999.00  99999.00  99999.00  99999.00  99999.00       0       0       1       1
12120  08  00     2  99999.00  99999.00  99999.00  99999.00  99999.00  99999.00  99999.00  99999.00       0       0       0       0
12120  08  00     1  99999.00  99999.00  99999.00  99999.00  99999.00  99999.00  99999.00  99999.00       0       0       0       0
12120  09  00  9999    966.57   1063.29  99999.00  99999.00    -62.02    300.38    -91.99    132.53     963       0     963     963
12120  09  00  1000  99999.00  99999.00   -234.58    495.02    -37.13    301.63   -105.81    294.15       0     965     961     959
12120  09  00   925  99999.00  99999.00    370.02   1192.02   -116.35    316.85   -192.78    301.62       0     664     665     665
12120  09  00   900  99999.00  99999.00  99999.00  99999.00  99999.00  99999.00  99999.00  99999.00       0       0      14      14
12120  09  00   850  99999.00  99999.00   1062.46   1888.78   -174.52    287.84   -398.41    394.55       0     997     992     987
12120  09  00   800  99999.00  99999.00  99999.00  99999.00  99999.00  99999.00  99999.00  99999.00       0       0      16      16
12120  09  00   700  99999.00  99999.00   2558.03   3528.71   -248.99    210.25   -697.57    446.99       0    1001    1001     994
12120  09  00   600  99999.00  99999.00  99999.00  99999.00  99999.00  99999.00  99999.00  99999.00       0       0      26      26
12120  09  00   500  99999.00  99999.00   5001.64   6285.16   -409.69     59.03   -837.52    258.32       0     998     997     994
12120  09  00   400  99999.00  99999.00   6511.12   8042.56   -527.29    -56.17   -864.67     84.65       0     995     994     983
12120  09  00   300  99999.00  99999.00   8355.59  10183.91   -629.80   -253.72   -915.81   -147.57       0     994     994     576
12120  09  00   250  99999.00  99999.00   9517.47  11423.91   -698.53   -331.45   -967.91   -279.83       0     987     987     520
12120  09  00   200  99999.00  99999.00  11017.07  12790.19   -870.60   -225.72  -1086.77   -361.01       0     976     977     522
12120  09  00   150  99999.00  99999.00  13031.62  14459.74   -794.37   -294.21  -1084.23   -552.15       0     950     949     519
12120  09  00   100  99999.00  99999.00  15753.48  16922.28   -736.17   -363.69  -1071.75   -641.43       0     876     880     511
12120  09  00    80  99999.00  99999.00  99999.00  99999.00  99999.00  99999.00  99999.00  99999.00       0       0      23      17
12120  09  00    70  99999.00  99999.00  18043.21  19187.77   -696.63   -404.43  -1055.53   -670.81       0     788     790     505
12120  09  00    60  99999.00  99999.00  99999.00  99999.00  99999.00  99999.00  99999.00  99999.00       0       0      29      22
12120  09  00    50  99999.00  99999.00  20153.12  21373.40   -692.81   -410.21  -1050.29   -677.93       0     748     748     503
12120  09  00    40  99999.00  99999.00  99999.00  99999.00  99999.00  99999.00  99999.00  99999.00       0       0      42      31
12120  09  00    30  99999.00  99999.00  23301.54  24757.14   -687.90   -391.50  -1042.08   -671.88       0     697     699     499
12120  09  00    20  99999.00  99999.00  25796.54  27495.38  -2764.87   1702.61  -1027.67   -656.75       0     641     652     495
12120  09  00    15  99999.00  99999.00  99999.00  99999.00 -26881.97  21476.11  -1003.91   -661.07       0       0     112      97
12120  09  00    10  99999.00  99999.00  30149.71  32248.39  -3139.92   2190.84  -1002.63   -596.91       0     421     464     406
12120  09  00     7  99999.00  99999.00  99999.00  99999.00 -27395.15  21948.61  -1005.00   -539.64       0       0     166     156
12120  09  00     5  99999.00  99999.00  99999.00  99999.00  99999.00  99999.00  99999.00  99999.00       0       0      47      38
12120  09  00     3  99999.00  99999.00  99999.00  99999.00  99999.00  99999.00  99999.00  99999.00       0       0       5       4
12120  09  00     2  99999.00  99999.00  99999.00  99999.00  99999.00  99999.00  99999.00  99999.00       0       0       0       0
12120  09  00     1  99999.00  99999.00  99999.00  99999.00  99999.00  99999.00  99999.00  99999.00       0       0       0       0
12120  10  00  9999    952.72   1077.76  99999.00  99999.00   -144.30    306.78    -96.84    140.88     977       0     977     977
12120  10  00  1000  99999.00  99999.00   -290.48    566.44   -119.79    296.49   -212.83    319.97       0     922     919     917
12120  10  00   925  99999.00  99999.00    267.15   1263.39   -204.23    321.97   -332.33    361.03       0     659     664     663
12120  10  00   900  99999.00  99999.00  99999.00  99999.00  99999.00  99999.00  99999.00  99999.00       0       0      12      12
12120  10  00   850  99999.00  99999.00    937.87   1972.75   -266.58    319.26   -550.44    463.08       0    1002     999     996
12120  10  00   800  99999.00  99999.00  99999.00  99999.00  99999.00  99999.00  99999.00  99999.00       0       0      21      21
12120  10  00   700  99999.00  99999.00   2402.00   3614.00   -346.98    250.50   -803.44    487.04       0    1001    1003     999
12120  10  00   600  99999.00  99999.00  99999.00  99999.00  99999.00  99999.00  99999.00  99999.00       0       0      21      21
12120  10  00   500  99999.00  99999.00   4766.92   6387.52   -501.50     91.42   -902.40    268.20       0     998    1001     998
12120  10  00   400  99999.00  99999.00   6232.11   8152.35   -602.35    -37.27   -907.78     75.74       0    1001    1000     972
12120  10  00   300  99999.00  99999.00   8040.30  10285.26   -664.17   -262.17   -980.80   -153.88       0     997     998     554
12120  10  00   250  99999.00  99999.00   9200.89  11508.37   -736.56   -324.84  -1013.27   -286.79       0     995     997     513
12120  10  00   200  99999.00  99999.00  10711.37  12847.01   -891.57   -240.45  -1059.86   -416.66       0     987     987     510
12120  10  00   150  99999.00  99999.00  12684.40  14519.32   -824.09   -308.57  -1069.81   -577.93       0     960     959     507
12120  10  00   100  99999.00  99999.00  15399.35  16915.67   -777.10   -383.14  -1091.16   -639.00       0     839     855     506
12120  10  00    80  99999.00  99999.00  99999.00  99999.00  99999.00  99999.00  99999.00  99999.00       0       0      27      19
12120  10  00    70  99999.00  99999.00  17678.82  19119.66   -759.25   -416.89  -1123.11   -640.35       0     768     767     501
12120  10  00    60  99999.00  99999.00  99999.00  99999.00  99999.00  99999.00  99999.00  99999.00       0       0      30      20
12120  10  00    50  99999.00  99999.00  19763.31  21249.39   -764.03   -431.15  -1128.10   -654.46       0     718     719     494
12120  10  00    40  99999.00  99999.00  99999.00  99999.00  99999.00  99999.00  99999.00  99999.00       0       0      50      38
12120  10  00    30  99999.00  99999.00  22820.10  24561.90   -800.23   -399.55  -1126.60   -666.64       0     661     665     474
12120  10  00    20  99999.00  99999.00  25160.04  27290.52   -833.83   -345.67  -1126.58   -659.78       0     581     593     450
12120  10  00    15  99999.00  99999.00  99999.00  99999.00 -25385.81  20394.79  -1119.92   -651.08       0       0     142     114
12120  10  00    10  99999.00  99999.00  29208.67  32026.87   -851.59   -237.07  -1125.98   -600.26       0     368     405     346
12120  10  00     7  99999.00  99999.00  99999.00  99999.00 -23255.55  19128.33  -1456.10   -213.98       0       0     140     134
12120  10  00     5  99999.00  99999.00  99999.00  99999.00  99999.00  99999.00  99999.00  99999.00       0       0      60      53
12120  10  00     3  99999.00  99999.00  99999.00  99999.00  99999.00  99999.00  99999.00  99999.00       0       0       2       2
12120  10  00     2  99999.00  99999.00  99999.00  99999.00  99999.00  99999.00  99999.00  99999.00       0       0       0       0
12120  10  00     1  99999.00  99999.00  99999.00  99999.00  99999.00  99999.00  99999.00  99999.00       0       0       0       0
12120  11  00  9999    944.45   1083.17  99999.00  99999.00   -180.85    261.11    -81.67    119.09     947       0     946     946
12120  11  00  1000  99999.00  99999.00   -306.77    573.67   -180.60    259.80   -259.41    285.99       0     856     854     850
12120  11  00   925  99999.00  99999.00    208.81   1279.57   -244.85    288.79   -383.45    346.99       0     643     648     646
12120  11  00   900  99999.00  99999.00  99999.00  99999.00  99999.00  99999.00  99999.00  99999.00       0       0      13      13
12120  11  00   850  99999.00  99999.00    878.81   1966.97   -308.13    287.31   -530.89    393.71       0     971     973     968
12120  11  00   800  99999.00  99999.00  99999.00  99999.00  99999.00  99999.00  99999.00  99999.00       0       0      14      14
12120  11  00   700  99999.00  99999.00   2320.94   3584.06   -410.18    239.02   -773.93    401.11       0     975     976     970
12120  11  00   600  99999.00  99999.00  99999.00  99999.00  99999.00  99999.00  99999.00  99999.00       0       0      15      15
12120  11  00   500  99999.00  99999.00   4624.41   6345.69   -569.50     80.30   -895.14    200.34       0     971     975     963
12120  11  00   400  99999.00  99999.00   6047.68   8098.72  -2039.10   1301.58   -942.17     46.87       0     966     969     864
12120  11  00   300  99999.00  99999.00   7801.19  10223.87  -2134.65   1125.39  -1020.22   -175.42       0     967     969     509
12120  11  00   250  99999.00  99999.00   8967.58  11407.30   -783.07   -329.35  -1022.71   -326.71       0     963     965     499
12120  11  00   200  99999.00  99999.00  10467.77  12730.13   -908.57   -253.37  -1090.24   -415.48       0     950     953     495
12120  11  00   150  99999.00  99999.00  12420.23  14400.71   -829.30   -326.38  -1074.32   -579.56       0     923     920     486
12120  11  00   100  99999.00  99999.00  15066.05  16849.49   -795.91   -398.95  -1069.28   -666.20       0     824     832     484
12120  11  00    80  99999.00  99999.00  99999.00  99999.00  99999.00  99999.00  99999.00  99999.00       0       0      27      19
12120  11  00    70  99999.00  99999.00  17276.62  19074.94   -808.12   -424.00  -1099.25   -677.21       0     740     742     478
12120  11  00    60  99999.00  99999.00  99999.00  99999.00  99999.00  99999.00  99999.00  99999.00       0       0      36      23
12120  11  00    50  99999.00  99999.00  19283.32  21222.76   -849.27   -424.35  -1129.67   -676.67       0     695     700     474
12120  11  00    40  99999.00  99999.00  99999.00  99999.00  99999.00  99999.00  99999.00  99999.00       0       0      47      37
12120  11  00    30  99999.00  99999.00  22217.88  24547.80   -924.19   -389.95  -1166.06   -673.10       0     591     598     433
12120  11  00    20  99999.00  99999.00  24476.43  27226.83   -990.04   -340.96  -1173.33   -680.49       0     472     486     386
12120  11  00    15  99999.00  99999.00  99999.00  99999.00 -17092.56  14196.00  -1220.24   -630.32       0       0      95      79
12120  11  00    10  99999.00  99999.00  28498.44  31743.60  -1024.30   -275.14  -1175.92   -661.00       0     236     282     247
12120  11  00     7  99999.00  99999.00  99999.00  99999.00 -16781.13  14042.67  -1410.64   -367.24       0       0      87      77
12120  11  00     5  99999.00  99999.00  99999.00  99999.00  99999.00  99999.00  99999.00  99999.00       0       0      19      16
12120  11  00     3  99999.00  99999.00  99999.00  99999.00  99999.00  99999.00  99999.00  99999.00       0       0       0       0
12120  11  00     2  99999.00  99999.00  99999.00  99999.00  99999.00  99999.00  99999.00  99999.00       0       0       1       1
12120  11  00     1  99999.00  99999.00  99999.00  99999.00  99999.00  99999.00  99999.00  99999.00       0       0       0       0
12120  12  00  9999    931.61   1096.37  99999.00  99999.00   -241.76    262.00    -75.26    111.10     964       0     962     962
12120  12  00  1000  99999.00  99999.00   -352.91    640.21   -233.60    244.96   -320.71    282.77       0     827     825     822
12120  12  00   925  99999.00  99999.00     88.58   1389.02   -271.16    254.08   -477.34    375.86       0     687     688     687
12120  12  00   900  99999.00  99999.00  99999.00  99999.00  99999.00  99999.00  99999.00  99999.00       0       0      26      26
12120  12  00   850  99999.00  99999.00    753.46   2060.14   -330.78    257.34   -596.72    397.84       0     993     993     984
12120  12  00   800  99999.00  99999.00  99999.00  99999.00  99999.00  99999.00  99999.00  99999.00       0       0      23      23
12120  12  00   700  99999.00  99999.00   2185.78   3658.78   -430.86    209.94   -861.12    425.16       0     998     995     988
12120  12  00   600  99999.00  99999.00  99999.00  99999.00  99999.00  99999.00  99999.00  99999.00       0       0      11      11
12120  12  00   500  99999.00  99999.00   4471.32   6387.36   -598.02     60.30   -944.46    200.58       0     997     994     987
12120  12  00   400  99999.00  99999.00   5878.60   8127.88   -687.23    -76.79   -975.57     36.87       0     996     996     855
12120  12  00   300  99999.00  99999.00   7633.81  10218.61   -718.64   -308.60  -1033.55   -219.47       0     990     989     519
12120  12  00   250  99999.00  99999.00   8768.32  11417.80   -794.15   -347.39  -1022.73   -379.41       0     988     987     511
12120  12  00   200  99999.00  99999.00  10279.51  12707.83   -945.44   -244.76  -1068.20   -470.00       0     976     978     508
12120  12  00   150  99999.00  99999.00  12200.29  14391.85   -873.03   -301.23  -1103.31   -550.59       0     937     937     501
12120  12  00   100  99999.00  99999.00  14739.39  16928.07   -862.38   -350.94  -1123.05   -615.45       0     841     850     503
12120  12  00    80  99999.00  99999.00  99999.00  99999.00  99999.00  99999.00  99999.00  99999.00       0       0      27      14
12120  12  00    70  99999.00  99999.00  16871.67  19204.23   -920.20   -344.68  -1138.89   -646.41       0     740     742     492
12120  12  00    60  99999.00  99999.00  99999.00  99999.00  99999.00  99999.00  99999.00  99999.00       0       0      29      20
12120  12  00    50  99999.00  99999.00  18745.82  21448.70   -986.00   -325.28  -1162.47   -659.79       0     682     688     477
12120  12  00    40  99999.00  99999.00  99999.00  99999.00  99999.00  99999.00  99999.00  99999.00       0       0      48      35
12120  12  00    30  99999.00  99999.00  21496.42  24876.94  -1060.15   -308.83  -1192.83   -664.47       0     575     583     433
12120  12  00    20  99999.00  99999.00  23676.68  27563.72  -1096.12   -298.12  -1215.29   -654.89       0     460     473     364
12120  12  00    15  99999.00  99999.00  99999.00  99999.00 -17663.21  14570.83  -1277.37   -592.17       0       0     110      91
12120  12  00    10  99999.00  99999.00  27605.66  32025.14  -1272.39    -31.23  -1358.74   -455.02       0     187     224     187
12120  12  00     7  99999.00  99999.00  99999.00  99999.00  99999.00  99999.00  99999.00  99999.00       0       0      54      51
12120  12  00     5  99999.00  99999.00  99999.00  99999.00  99999.00  99999.00  99999.00  99999.00       0       0      11      10
12120  12  00     3  99999.00  99999.00  99999.00  99999.00  99999.00  99999.00  99999.00  99999.00       0       0       0       0
12120  12  00     2  99999.00  99999.00  99999.00  99999.00  99999.00  99999.00  99999.00  99999.00       0       0       0       0
12120  12  00     1  99999.00  99999.00  99999.00  99999.00  99999.00  99999.00  99999.00  99999.00       0       0       0       0
