58665  01  00  9999   9945.80  10562.12  99999.00  99999.00   -186.77    285.07   -312.39    341.37     682       0     682     682
58665  01  00  1000  99999.00  99999.00    -26.58    440.82   -205.54    309.50   -400.16    409.84       0     682     682     682
58665  01  00   925  99999.00  99999.00    652.25   1030.37   -298.04    353.44   -557.56    501.92       0     651     650     650
58665  01  00   900  99999.00  99999.00  99999.00  99999.00  99999.00  99999.00  99999.00  99999.00       0       0       0       0
58665  01  00   850  99999.00  99999.00   1367.56   1681.60   -267.71    306.01   -825.40    683.24       0     682     682     682
58665  01  00   800  99999.00  99999.00  99999.00  99999.00  99999.00  99999.00  99999.00  99999.00       0       0       0       0
58665  01  00   700  99999.00  99999.00   2897.74   3267.58   -199.97    153.31   -924.41    647.71       0     680     680     680
58665  01  00   600  99999.00  99999.00   4061.73   4526.61   -287.79    129.81   -968.58    533.34       0     682     682     682
58665  01  00   500  99999.00  99999.00   5382.55   6001.63   -385.24     82.40  -1002.37    372.95       0     682     682     682
58665  01  00   400  99999.00  99999.00   6935.28   7760.16   -507.16     16.64   -992.31    178.05       0     682     682     682
58665  01  00   300  99999.00  99999.00   8852.74   9936.10   -648.92    -64.04  -1010.56    -22.72       0     681     681     681
58665  01  00   250  99999.00  99999.00  10032.52  11256.16   -656.76   -193.80  -1042.76   -119.84       0     681     680     680
58665  01  00   200  99999.00  99999.00  11479.42  12765.34   -668.22   -359.58  -1109.98   -209.14       0     677     677     675
58665  01  00   150  99999.00  99999.00  13341.02  14550.74   -807.78   -425.94  -1105.22   -281.78       0     674     674     171
58665  01  00   100  99999.00  99999.00  15917.63  16871.63   -942.98   -475.10  99999.00  99999.00       0     662     663       3
58665  01  00    80  99999.00  99999.00  99999.00  99999.00  99999.00  99999.00  99999.00  99999.00       0       0       0       0
58665  01  00    70  99999.00  99999.00  18096.47  18895.43   -949.44   -475.56  99999.00  99999.00       0     645     646       0
58665  01  00    60  99999.00  99999.00  99999.00  99999.00  99999.00  99999.00  99999.00  99999.00       0       0       0       0
58665  01  00    50  99999.00  99999.00  20090.63  20945.39   -824.32   -460.36  99999.00  99999.00       0     631     632       0
58665  01  00    40  99999.00  99999.00  21435.89  22354.13   -767.55   -442.71  99999.00  99999.00       0     613     614       0
58665  01  00    30  99999.00  99999.00  23185.86  24211.62   -745.88   -398.72  99999.00  99999.00       0     581     582       0
58665  01  00    20  99999.00  99999.00  25649.27  26906.27   -728.72   -340.04  99999.00  99999.00       0     516     517       0
58665  01  00    15  99999.00  99999.00  27430.51  28805.23   -730.68   -301.68  99999.00  99999.00       0     390     394       0
58665  01  00    10  99999.00  99999.00  29940.95  31537.91   -752.53   -211.45  99999.00  99999.00       0     158     158       0
58665  01  00     7  99999.00  99999.00  99999.00  99999.00  99999.00  99999.00  99999.00  99999.00       0      28      28       0
58665  01  00     5  99999.00  99999.00  99999.00  99999.00  99999.00  99999.00  99999.00  99999.00       0       2       2       0
58665  01  00     3  99999.00  99999.00  99999.00  99999.00  99999.00  99999.00  99999.00  99999.00       0       0       0       0
58665  01  00     2  99999.00  99999.00  99999.00  99999.00  99999.00  99999.00  99999.00  99999.00       0       0       0       0
58665  01  00     1  99999.00  99999.00  99999.00  99999.00  99999.00  99999.00  99999.00  99999.00       0       0       0       0
58665  02  00  9999   9889.44  10579.32  99999.00  99999.00   -161.44    284.84   -270.54    336.42     622       0     622     622
58665  02  00  1000  99999.00  99999.00    -72.24    456.96   -176.50    304.22   -346.39    393.89       0     622     622     622
58665  02  00   925  99999.00  99999.00    618.07   1041.19   -301.99    384.29   -489.12    474.84       0     594     594     594
58665  02  00   900  99999.00  99999.00  99999.00  99999.00  99999.00  99999.00  99999.00  99999.00       0       0       0       0
58665  02  00   850  99999.00  99999.00   1347.48   1685.76   -290.28    356.88   -765.76    666.44       0     622     622     622
58665  02  00   800  99999.00  99999.00  99999.00  99999.00  99999.00  99999.00  99999.00  99999.00       0       0       0       0
58665  02  00   700  99999.00  99999.00   2901.05   3264.17   -208.15    185.93   -860.49    628.83       0     622     622     622
58665  02  00   600  99999.00  99999.00   4074.38   4524.50   -244.70    104.86   -909.22    525.50       0     622     622     622
58665  02  00   500  99999.00  99999.00   5421.92   5982.08   -334.96     44.36   -973.17    381.27       0     622     622     622
58665  02  00   400  99999.00  99999.00   7003.51   7717.99   -487.87      3.41   -980.00    190.72       0     619     620     620
58665  02  00   300  99999.00  99999.00   8936.68   9884.56   -650.68    -53.80  -1014.19      2.45       0     617     617     617
58665  02  00   250  99999.00  99999.00  10121.44  11203.12   -662.23   -181.87  -1047.42    -99.54       0     615     615     615
58665  02  00   200  99999.00  99999.00  11564.19  12720.75   -673.62   -350.22  -1111.91   -196.55       0     613     613     605
58665  02  00   150  99999.00  99999.00  13415.07  14518.95   -788.87   -444.47  -1127.36   -277.16       0     607     607     147
58665  02  00   100  99999.00  99999.00  15967.22  16861.70   -945.55   -482.71  99999.00  99999.00       0     598     598       0
58665  02  00    80  99999.00  99999.00  99999.00  99999.00  99999.00  99999.00  99999.00  99999.00       0       0       0       0
58665  02  00    70  99999.00  99999.00  18116.07  18900.15   -975.70   -468.82  99999.00  99999.00       0     593     593       0
58665  02  00    60  99999.00  99999.00  99999.00  99999.00  99999.00  99999.00  99999.00  99999.00       0       0       0       0
58665  02  00    50  99999.00  99999.00  20078.20  20956.84   -874.82   -435.38  99999.00  99999.00       0     576     576       0
58665  02  00    40  99999.00  99999.00  21392.48  22381.16   -821.75   -411.47  99999.00  99999.00       0     565     566       0
58665  02  00    30  99999.00  99999.00  23116.60  24248.92   -769.47   -390.27  99999.00  99999.00       0     540     541       0
58665  02  00    20  99999.00  99999.00  25572.59  26947.55   -720.09   -347.97  99999.00  99999.00       0     454     456       0
58665  02  00    15  99999.00  99999.00  27359.81  28874.93   -704.26   -315.70  99999.00  99999.00       0     345     345       0
58665  02  00    10  99999.00  99999.00  29948.68  31556.56   -685.01   -275.57  99999.00  99999.00       0     111     111       0
58665  02  00     7  99999.00  99999.00  99999.00  99999.00  99999.00  99999.00  99999.00  99999.00       0      26      26       0
58665  02  00     5  99999.00  99999.00  99999.00  99999.00  99999.00  99999.00  99999.00  99999.00       0       1       1       0
58665  02  00     3  99999.00  99999.00  99999.00  99999.00  99999.00  99999.00  99999.00  99999.00       0       0       0       0
58665  02  00     2  99999.00  99999.00  99999.00  99999.00  99999.00  99999.00  99999.00  99999.00       0       0       0       0
58665  02  00     1  99999.00  99999.00  99999.00  99999.00  99999.00  99999.00  99999.00  99999.00       0       0       0       0
58665  03  00  9999   9872.08  10532.56  99999.00  99999.00   -114.23    303.13   -209.35    344.57     682       0     682     682
58665  03  00  1000  99999.00  99999.00    -90.65    427.75   -126.45    313.83   -290.94    399.42       0     682     682     682
58665  03  00   925  99999.00  99999.00    598.40   1028.72   -248.82    396.90   -510.07    540.89       0     650     648     648
58665  03  00   900  99999.00  99999.00  99999.00  99999.00  99999.00  99999.00  99999.00  99999.00       0       0       0       0
58665  03  00   850  99999.00  99999.00   1333.47   1684.95   -249.13    380.39   -760.95    721.41       0     681     681     681
58665  03  00   800  99999.00  99999.00  99999.00  99999.00  99999.00  99999.00  99999.00  99999.00       0       0       0       0
58665  03  00   700  99999.00  99999.00   2908.73   3274.61   -196.68    224.88   -905.46    720.66       0     681     681     681
58665  03  00   600  99999.00  99999.00   4093.34   4545.26   -225.72    127.20   -917.56    596.84       0     682     682     682
58665  03  00   500  99999.00  99999.00   5443.52   6020.60   -307.03     49.37   -949.44    435.12       0     682     681     681
58665  03  00   400  99999.00  99999.00   7030.32   7769.76   -428.22    -38.10   -972.67    241.73       0     679     679     679
58665  03  00   300  99999.00  99999.00   8981.67   9912.63   -605.46   -125.94   -975.33    -11.61       0     678     678     678
58665  03  00   250  99999.00  99999.00  10180.79  11199.83   -681.49   -197.53  -1014.21   -121.17       0     671     672     672
58665  03  00   200  99999.00  99999.00  11622.71  12699.47   -712.97   -329.81  -1087.82   -204.02       0     672     672     661
58665  03  00   150  99999.00  99999.00  13457.91  14508.15   -796.39   -430.15  -1129.21   -251.41       0     670     670     202
58665  03  00   100  99999.00  99999.00  15972.10  16899.22   -919.66   -496.42  99999.00  99999.00       0     654     657       0
58665  03  00    80  99999.00  99999.00  99999.00  99999.00  99999.00  99999.00  99999.00  99999.00       0       0       0       0
58665  03  00    70  99999.00  99999.00  18100.56  18970.08   -943.81   -489.01  99999.00  99999.00       0     643     644       0
58665  03  00    60  99999.00  99999.00  99999.00  99999.00  99999.00  99999.00  99999.00  99999.00       0       0       0       0
58665  03  00    50  99999.00  99999.00  20100.40  21002.44   -839.07   -453.51  99999.00  99999.00       0     625     627       0
58665  03  00    40  99999.00  99999.00  21457.44  22397.88   -773.13   -430.17  99999.00  99999.00       0     611     614       0
58665  03  00    30  99999.00  99999.00  23222.19  24253.35   -730.30   -395.02  99999.00  99999.00       0     590     592       0
58665  03  00    20  99999.00  99999.00  25747.86  26924.22   -693.96   -330.48  99999.00  99999.00       0     486     487       0
58665  03  00    15  99999.00  99999.00  27597.52  28800.64   -668.02   -304.30  99999.00  99999.00       0     347     349       0
58665  03  00    10  99999.00  99999.00  30174.97  31570.69   -685.81   -204.61  99999.00  99999.00       0     117     117       0
58665  03  00     7  99999.00  99999.00  99999.00  99999.00  99999.00  99999.00  99999.00  99999.00       0      29      29       0
58665  03  00     5  99999.00  99999.00  99999.00  99999.00  99999.00  99999.00  99999.00  99999.00       0       0       0       0
58665  03  00     3  99999.00  99999.00  99999.00  99999.00  99999.00  99999.00  99999.00  99999.00       0       0       0       0
58665  03  00     2  99999.00  99999.00  99999.00  99999.00  99999.00  99999.00  99999.00  99999.00       0       0       0       0
58665  03  00     1  99999.00  99999.00  99999.00  99999.00  99999.00  99999.00  99999.00  99999.00       0       0       0       0
58665  04  00  9999   9837.97  10475.53  99999.00  99999.00    -58.45    352.79   -142.88    382.12     658       0     658     658
58665  04  00  1000  99999.00  99999.00   -122.67    390.93    -70.88    355.96   -211.28    423.88       0     658     658     658
58665  04  00   925  99999.00  99999.00    581.81   1000.73   -164.15    421.69   -475.08    606.00       0     629     628     628
58665  04  00   900  99999.00  99999.00  99999.00  99999.00  99999.00  99999.00  99999.00  99999.00       0       0       0       0
58665  04  00   850  99999.00  99999.00   1330.86   1670.58   -160.60    384.80   -668.63    716.77       0     659     659     659
58665  04  00   800  99999.00  99999.00  99999.00  99999.00  99999.00  99999.00  99999.00  99999.00       0       0       0       0
58665  04  00   700  99999.00  99999.00   2943.56   3266.36   -131.82    223.74   -872.65    733.19       0     659     659     659
58665  04  00   600  99999.00  99999.00   4155.56   4537.40   -166.35    122.97   -892.30    615.62       0     659     659     659
58665  04  00   500  99999.00  99999.00   5537.55   6009.75   -247.52     42.76   -982.99    509.45       0     659     659     659
58665  04  00   400  99999.00  99999.00   7152.84   7763.64   -370.27    -49.63   -997.62    315.78       0     658     658     658
58665  04  00   300  99999.00  99999.00   9112.54   9928.42   -542.01   -173.01   -997.29     58.11       0     655     655     655
58665  04  00   250  99999.00  99999.00  10299.10  11230.42   -637.22   -249.86  -1017.54    -89.58       0     651     651     651
58665  04  00   200  99999.00  99999.00  11709.19  12750.43   -727.25   -337.97  -1059.39   -217.95       0     649     649     632
58665  04  00   150  99999.00  99999.00  13507.73  14583.29   -787.79   -444.47  -1061.73   -307.17       0     646     646     137
58665  04  00   100  99999.00  99999.00  15998.13  16998.45   -892.11   -519.99  99999.00  99999.00       0     640     640       0
58665  04  00    80  99999.00  99999.00  99999.00  99999.00  99999.00  99999.00  99999.00  99999.00       0       0       0       0
58665  04  00    70  99999.00  99999.00  18140.40  19059.36   -907.97   -517.97  99999.00  99999.00       0     633     634       0
58665  04  00    60  99999.00  99999.00  99999.00  99999.00  99999.00  99999.00  99999.00  99999.00       0       0       0       0
58665  04  00    50  99999.00  99999.00  20168.31  21075.15   -842.62   -440.50  99999.00  99999.00       0     623     623       0
58665  04  00    40  99999.00  99999.00  21538.00  22464.40   -767.65   -419.05  99999.00  99999.00       0     606     607       0
58665  04  00    30  99999.00  99999.00  23336.89  24301.45   -699.97   -397.69  99999.00  99999.00       0     574     576       0
58665  04  00    20  99999.00  99999.00  25889.83  26974.39   -651.13   -340.81  99999.00  99999.00       0     469     471       0
58665  04  00    15  99999.00  99999.00  27738.59  28884.95   -633.91   -304.63  99999.00  99999.00       0     305     305       0
58665  04  00    10  99999.00  99999.00  30360.96  31608.72   -652.30   -210.10  99999.00  99999.00       0      95      95       0
58665  04  00     7  99999.00  99999.00  99999.00  99999.00  99999.00  99999.00  99999.00  99999.00       0      12      12       0
58665  04  00     5  99999.00  99999.00  99999.00  99999.00  99999.00  99999.00  99999.00  99999.00       0       0       0       0
58665  04  00     3  99999.00  99999.00  99999.00  99999.00  99999.00  99999.00  99999.00  99999.00       0       0       0       0
58665  04  00     2  99999.00  99999.00  99999.00  99999.00  99999.00  99999.00  99999.00  99999.00       0       0       0       0
58665  04  00     1  99999.00  99999.00  99999.00  99999.00  99999.00  99999.00  99999.00  99999.00       0       0       0       0
58665  05  00  9999   9872.73  10353.69  99999.00  99999.00     43.07    353.39    -26.17    370.55     682       0     682     682
58665  05  00  1000  99999.00  99999.00    -97.52    297.64     32.24    352.64    -74.58    397.74       0     679     679     679
58665  05  00   925  99999.00  99999.00    594.85    941.89    -25.53    372.51   -318.36    544.68       0     650     650     650
58665  05  00   900  99999.00  99999.00  99999.00  99999.00  99999.00  99999.00  99999.00  99999.00       0       0       0       0
58665  05  00   850  99999.00  99999.00   1333.06   1645.90    -42.28    341.72   -535.72    666.80       0     682     682     682
58665  05  00   800  99999.00  99999.00  99999.00  99999.00  99999.00  99999.00  99999.00  99999.00       0       0       0       0
58665  05  00   700  99999.00  99999.00   2950.68   3276.12    -63.11    213.25   -814.26    736.62       0     682     682     682
58665  05  00   600  99999.00  99999.00   4182.36   4555.80   -116.24    135.76   -878.48    659.80       0     681     681     681
58665  05  00   500  99999.00  99999.00   5594.31   6034.95   -207.97     71.15   -935.59    558.41       0     681     681     681
58665  05  00   400  99999.00  99999.00   7242.64   7805.56   -327.78    -11.82   -965.55    393.57       0     681     681     681
58665  05  00   300  99999.00  99999.00   9241.13  10000.85   -488.47   -148.39   -968.64    125.76       0     678     678     678
58665  05  00   250  99999.00  99999.00  10437.89  11329.49   -578.93   -248.69   -983.02    -43.54       0     676     676     676
58665  05  00   200  99999.00  99999.00  11854.15  12871.15   -681.85   -356.29  -1024.62   -206.10       0     673     672     672
58665  05  00   150  99999.00  99999.00  13651.93  14712.01   -780.25   -460.45  -1038.59   -317.27       0     672     672     118
58665  05  00   100  99999.00  99999.00  16147.41  17102.73   -900.20   -536.60  99999.00  99999.00       0     662     662       0
58665  05  00    80  99999.00  99999.00  99999.00  99999.00  99999.00  99999.00  99999.00  99999.00       0       0       0       0
58665  05  00    70  99999.00  99999.00  18283.42  19144.06   -902.15   -545.27  99999.00  99999.00       0     659     659       0
58665  05  00    60  99999.00  99999.00  99999.00  99999.00  99999.00  99999.00  99999.00  99999.00       0       0       0       0
58665  05  00    50  99999.00  99999.00  20304.52  21149.44   -831.54   -450.42  99999.00  99999.00       0     648     649       0
58665  05  00    40  99999.00  99999.00  21662.80  22557.40   -739.21   -434.65  99999.00  99999.00       0     632     634       0
58665  05  00    30  99999.00  99999.00  23439.70  24429.58   -683.89   -395.17  99999.00  99999.00       0     594     595       0
58665  05  00    20  99999.00  99999.00  26018.28  27101.04   -635.03   -333.95  99999.00  99999.00       0     460     461       0
58665  05  00    15  99999.00  99999.00  27931.63  28945.27   -612.72   -308.76  99999.00  99999.00       0     278     280       0
58665  05  00    10  99999.00  99999.00  99999.00  99999.00  99999.00  99999.00  99999.00  99999.00       0      59      59       0
58665  05  00     7  99999.00  99999.00  99999.00  99999.00  99999.00  99999.00  99999.00  99999.00       0      17      17       0
58665  05  00     5  99999.00  99999.00  99999.00  99999.00  99999.00  99999.00  99999.00  99999.00       0       4       4       0
58665  05  00     3  99999.00  99999.00  99999.00  99999.00  99999.00  99999.00  99999.00  99999.00       0       0       0       0
58665  05  00     2  99999.00  99999.00  99999.00  99999.00  99999.00  99999.00  99999.00  99999.00       0       0       0       0
58665  05  00     1  99999.00  99999.00  99999.00  99999.00  99999.00  99999.00  99999.00  99999.00       0       0       0       0
58665  06  00  9999   9868.32  10267.44  99999.00  99999.00     79.44    394.92     57.35    376.31     655       0     655     655
58665  06  00  1000  99999.00  99999.00   -100.66    226.34     72.28    393.88     35.81    385.49       0     649     649     649
58665  06  00   925  99999.00  99999.00    583.79    898.07     18.08    400.76    -79.91    423.61       0     630     630     630
58665  06  00   900  99999.00  99999.00  99999.00  99999.00  99999.00  99999.00  99999.00  99999.00       0       0       0       0
58665  06  00   850  99999.00  99999.00   1317.06   1626.78     13.69    353.17   -190.86    447.18       0     660     660     660
58665  06  00   800  99999.00  99999.00  99999.00  99999.00  99999.00  99999.00  99999.00  99999.00       0       0       0       0
58665  06  00   700  99999.00  99999.00   2941.43   3288.83    -13.57    216.11   -561.58    601.46       0     660     660     660
58665  06  00   600  99999.00  99999.00   4191.69   4575.21    -71.50    139.70   -749.51    628.81       0     660     660     660
58665  06  00   500  99999.00  99999.00   5630.02   6055.54   -144.74     59.38   -788.22    512.94       0     660     660     660
58665  06  00   400  99999.00  99999.00   7323.64   7817.20   -258.90    -22.86   -841.88    365.92       0     659     659     659
58665  06  00   300  99999.00  99999.00   9378.65  10006.61   -420.50   -155.18   -899.90    131.86       0     656     656     656
58665  06  00   250  99999.00  99999.00  10608.60  11333.52   -512.43   -261.15   -936.54    -23.58       0     656     656     656
58665  06  00   200  99999.00  99999.00  12047.87  12880.19   -634.01   -378.65   -994.83   -193.59       0     656     656     656
58665  06  00   150  99999.00  99999.00  13829.98  14736.34   -765.64   -499.00  99999.00  99999.00       0     647     650      34
58665  06  00   100  99999.00  99999.00  16275.25  17139.01   -891.81   -571.17  99999.00  99999.00       0     637     642       0
58665  06  00    80  99999.00  99999.00  99999.00  99999.00  99999.00  99999.00  99999.00  99999.00       0       0       0       0
58665  06  00    70  99999.00  99999.00  18380.42  19203.62   -880.01   -555.41  99999.00  99999.00       0     618     620       0
58665  06  00    60  99999.00  99999.00  99999.00  99999.00  99999.00  99999.00  99999.00  99999.00       0       0       0       0
58665  06  00    50  99999.00  99999.00  20396.86  21241.06   -768.50   -487.46  99999.00  99999.00       0     592     595       0
58665  06  00    40  99999.00  99999.00  21772.44  22638.96   -717.13   -449.77  99999.00  99999.00       0     570     575       0
58665  06  00    30  99999.00  99999.00  23555.44  24509.20   -675.25   -401.77  99999.00  99999.00       0     527     531       0
58665  06  00    20  99999.00  99999.00  26133.52  27173.68   -622.92   -349.32  99999.00  99999.00       0     405     409       0
58665  06  00    15  99999.00  99999.00  28080.12  29004.12   -586.56   -327.48  99999.00  99999.00       0     256     256       0
58665  06  00    10  99999.00  99999.00  30721.66  31785.46   -585.69   -248.73  99999.00  99999.00       0      68      68       0
58665  06  00     7  99999.00  99999.00  99999.00  99999.00  99999.00  99999.00  99999.00  99999.00       0      10      10       0
58665  06  00     5  99999.00  99999.00  99999.00  99999.00  99999.00  99999.00  99999.00  99999.00       0       5       5       0
58665  06  00     3  99999.00  99999.00  99999.00  99999.00  99999.00  99999.00  99999.00  99999.00       0       0       0       0
58665  06  00     2  99999.00  99999.00  99999.00  99999.00  99999.00  99999.00  99999.00  99999.00       0       0       0       0
58665  06  00     1  99999.00  99999.00  99999.00  99999.00  99999.00  99999.00  99999.00  99999.00       0       0       0       0
58665  07  00  9999   9857.76  10259.88  99999.00  99999.00    173.54    376.46    169.30    325.78     665       0     665     665
58665  07  00  1000  99999.00  99999.00   -102.68    216.64    170.90    369.02    158.82    324.42       0     651     651     651
58665  07  00   925  99999.00  99999.00    563.87    920.27     97.27    384.43     86.86    313.54       0     651     651     651
58665  07  00   900  99999.00  99999.00  99999.00  99999.00  99999.00  99999.00  99999.00  99999.00       0       0       0       0
58665  07  00   850  99999.00  99999.00   1303.00   1658.32     88.42    329.02    -40.63    343.49       0     681     681     681
58665  07  00   800  99999.00  99999.00  99999.00  99999.00  99999.00  99999.00  99999.00  99999.00       0       0       0       0
58665  07  00   700  99999.00  99999.00   2947.44   3327.60     32.56    210.28   -306.01    374.15       0     682     682     682
58665  07  00   600  99999.00  99999.00   4220.41   4606.45    -35.67    132.45   -477.83    380.53       0     682     682     682
58665  07  00   500  99999.00  99999.00   5692.48   6064.96   -122.93     56.47   -671.61    384.39       0     682     682     682
58665  07  00   400  99999.00  99999.00   7434.73   7789.45   -230.42    -34.10   -822.68    312.16       0     676     676     676
58665  07  00   300  99999.00  99999.00   9549.99   9935.91   -392.09   -160.61   -889.59    104.01       0     675     675     675
58665  07  00   250  99999.00  99999.00  10806.62  11249.30   -489.53   -258.77   -905.45    -57.29       0     675     675     675
58665  07  00   200  99999.00  99999.00  12261.28  12797.68   -603.55   -383.71   -959.57   -223.73       0     672     672     672
58665  07  00   150  99999.00  99999.00  14031.80  14681.12   -750.53   -510.29  99999.00  99999.00       0     667     667      51
58665  07  00   100  99999.00  99999.00  16412.51  17134.67   -894.04   -586.60  99999.00  99999.00       0     658     658       0
58665  07  00    80  99999.00  99999.00  99999.00  99999.00  99999.00  99999.00  99999.00  99999.00       0       0       0       0
58665  07  00    70  99999.00  99999.00  18509.40  19209.12   -866.41   -546.73  99999.00  99999.00       0     648     649       0
58665  07  00    60  99999.00  99999.00  99999.00  99999.00  99999.00  99999.00  99999.00  99999.00       0       0       0       0
58665  07  00    50  99999.00  99999.00  20528.45  21260.81   -750.83   -502.43  99999.00  99999.00       0     631     632       0
58665  07  00    40  99999.00  99999.00  21889.07  22675.67   -709.91   -464.63  99999.00  99999.00       0     617     618       0
58665  07  00    30  99999.00  99999.00  23678.63  24527.27   -663.57   -427.29  99999.00  99999.00       0     592     595       0
58665  07  00    20  99999.00  99999.00  26259.70  27177.22   -622.90   -365.38  99999.00  99999.00       0     470     473       0
58665  07  00    15  99999.00  99999.00  28195.04  29001.80   -597.99   -336.87  99999.00  99999.00       0     328     329       0
58665  07  00    10  99999.00  99999.00  30932.74  31652.50   -595.41   -264.21  99999.00  99999.00       0     109     109       0
58665  07  00     7  99999.00  99999.00  99999.00  99999.00  99999.00  99999.00  99999.00  99999.00       0      16      16       0
58665  07  00     5  99999.00  99999.00  99999.00  99999.00  99999.00  99999.00  99999.00  99999.00       0       0       0       0
58665  07  00     3  99999.00  99999.00  99999.00  99999.00  99999.00  99999.00  99999.00  99999.00       0       0       0       0
58665  07  00     2  99999.00  99999.00  99999.00  99999.00  99999.00  99999.00  99999.00  99999.00       0       0       0       0
58665  07  00     1  99999.00  99999.00  99999.00  99999.00  99999.00  99999.00  99999.00  99999.00       0       0       0       0
58665  08  00  9999   9822.21  10308.09  99999.00  99999.00    184.94    357.62    160.45    330.97     669       0     669     669
58665  08  00  1000  99999.00  99999.00    -93.82    224.54    184.86    348.30    150.43    329.59       0     643     643     643
58665  08  00   925  99999.00  99999.00    533.75    960.71    122.57    345.17     87.62    313.22       0     651     651     651
58665  08  00   900  99999.00  99999.00  99999.00  99999.00  99999.00  99999.00  99999.00  99999.00       0       0       0       0
58665  08  00   850  99999.00  99999.00   1271.82   1694.94     91.61    307.85    -17.54    321.94       0     682     682     682
58665  08  00   800  99999.00  99999.00  99999.00  99999.00  99999.00  99999.00  99999.00  99999.00       0       0       0       0
58665  08  00   700  99999.00  99999.00   2915.57   3357.17     35.57    197.21   -281.38    367.22       0     682     682     682
58665  08  00   600  99999.00  99999.00   4189.31   4633.19    -34.12    129.32   -459.05    378.55       0     681     682     682
58665  08  00   500  99999.00  99999.00   5660.18   6093.86   -121.22     57.82   -648.14    373.18       0     682     682     682
58665  08  00   400  99999.00  99999.00   7403.21   7819.85   -227.08    -35.20   -804.10    295.22       0     677     677     677
58665  08  00   300  99999.00  99999.00   9534.27   9949.23   -390.10   -164.62   -921.20    115.24       0     674     674     674
58665  08  00   250  99999.00  99999.00  10802.41  11249.89   -498.06   -251.46   -944.80    -40.72       0     673     673     673
58665  08  00   200  99999.00  99999.00  12264.20  12790.88   -621.27   -363.87  -1011.69   -189.45       0     672     672     672
58665  08  00   150  99999.00  99999.00  14028.47  14684.15   -756.10   -495.34   -953.81   -380.45       0     667     667      68
58665  08  00   100  99999.00  99999.00  16393.18  17162.86   -881.63   -593.03  99999.00  99999.00       0     658     661       0
58665  08  00    80  99999.00  99999.00  99999.00  99999.00  99999.00  99999.00  99999.00  99999.00       0       0       0       0
58665  08  00    70  99999.00  99999.00  18490.38  19245.18   -867.30   -534.06  99999.00  99999.00       0     647     649       0
58665  08  00    60  99999.00  99999.00  99999.00  99999.00  99999.00  99999.00  99999.00  99999.00       0       0       0       0
58665  08  00    50  99999.00  99999.00  20510.98  21303.10   -751.47   -498.51  99999.00  99999.00       0     638     641       0
58665  08  00    40  99999.00  99999.00  21875.96  22712.72   -715.21   -463.81  99999.00  99999.00       0     623     628       0
58665  08  00    30  99999.00  99999.00  23652.42  24571.50   -675.93   -421.17  99999.00  99999.00       0     588     593       0
58665  08  00    20  99999.00  99999.00  26239.06  27204.34   -636.89   -369.05  99999.00  99999.00       0     455     460       0
58665  08  00    15  99999.00  99999.00  28118.89  29083.21   -633.15   -317.79  99999.00  99999.00       0     301     304       0
58665  08  00    10  99999.00  99999.00  30831.94  31714.66   -662.61   -233.97  99999.00  99999.00       0      90      92       0
58665  08  00     7  99999.00  99999.00  99999.00  99999.00  99999.00  99999.00  99999.00  99999.00       0      11      12       0
58665  08  00     5  99999.00  99999.00  99999.00  99999.00  99999.00  99999.00  99999.00  99999.00       0       4       4       0
58665  08  00     3  99999.00  99999.00  99999.00  99999.00  99999.00  99999.00  99999.00  99999.00       0       0       0       0
58665  08  00     2  99999.00  99999.00  99999.00  99999.00  99999.00  99999.00  99999.00  99999.00       0       0       0       0
58665  08  00     1  99999.00  99999.00  99999.00  99999.00  99999.00  99999.00  99999.00  99999.00       0       0       0       0
58665  09  00  9999   9876.30  10356.54  99999.00  99999.00     74.94    397.86     -5.46    418.98     659       0     659     659
58665  09  00  1000  99999.00  99999.00    -86.58    296.70     75.98    388.22    -30.63    427.17       0     654     654     654
58665  09  00   925  99999.00  99999.00    595.82    969.02     26.89    367.21    -85.75    409.49       0     630     630     630
58665  09  00   900  99999.00  99999.00  99999.00  99999.00  99999.00  99999.00  99999.00  99999.00       0       0       0       0
58665  09  00   850  99999.00  99999.00   1334.38   1682.50     -2.47    335.93   -303.11    520.57       0     659     659     659
58665  09  00   800  99999.00  99999.00  99999.00  99999.00  99999.00  99999.00  99999.00  99999.00       0       0       0       0
58665  09  00   700  99999.00  99999.00   2966.43   3324.15    -34.78    232.46   -645.49    640.07       0     660     660     660
58665  09  00   600  99999.00  99999.00   4219.81   4605.73    -83.95    156.05   -730.26    567.30       0     660     660     660
58665  09  00   500  99999.00  99999.00   5664.37   6080.17   -166.54     81.98   -811.83    466.77       0     660     660     660
58665  09  00   400  99999.00  99999.00   7361.17   7836.49   -264.58    -23.02   -909.43    334.37       0     660     660     660
58665  09  00   300  99999.00  99999.00   9430.49  10001.69   -415.19   -175.19   -959.39     94.21       0     658     658     658
58665  09  00   250  99999.00  99999.00  10670.58  11310.06   -519.07   -268.03   -968.75    -69.71       0     656     656     656
58665  09  00   200  99999.00  99999.00  12122.71  12839.59   -625.89   -383.13  -1025.21   -217.97       0     652     652     652
58665  09  00   150  99999.00  99999.00  13913.55  14695.71   -748.01   -509.69  99999.00  99999.00       0     648     648      52
58665  09  00   100  99999.00  99999.00  16328.48  17119.28   -885.71   -598.31  99999.00  99999.00       0     642     642       0
58665  09  00    80  99999.00  99999.00  99999.00  99999.00  99999.00  99999.00  99999.00  99999.00       0       0       0       0
58665  09  00    70  99999.00  99999.00  18446.18  19172.54   -875.95   -532.15  99999.00  99999.00       0     633     634       0
58665  09  00    60  99999.00  99999.00  99999.00  99999.00  99999.00  99999.00  99999.00  99999.00       0       0       0       0
58665  09  00    50  99999.00  99999.00  20467.79  21226.07   -761.22   -489.54  99999.00  99999.00       0     617     618       0
58665  09  00    40  99999.00  99999.00  21820.46  22647.14   -714.12   -466.44  99999.00  99999.00       0     600     602       0
58665  09  00    30  99999.00  99999.00  23599.12  24503.32   -679.02   -421.86  99999.00  99999.00       0     555     556       0
58665  09  00    20  99999.00  99999.00  26176.58  27138.14   -639.47   -366.71  99999.00  99999.00       0     434     437       0
58665  09  00    15  99999.00  99999.00  28083.51  28981.71   -614.73   -341.73  99999.00  99999.00       0     302     301       0
58665  09  00    10  99999.00  99999.00  30734.00  31692.92   -645.43   -240.79  99999.00  99999.00       0      96      96       0
58665  09  00     7  99999.00  99999.00  99999.00  99999.00  99999.00  99999.00  99999.00  99999.00       0      34      34       0
58665  09  00     5  99999.00  99999.00  99999.00  99999.00  99999.00  99999.00  99999.00  99999.00       0       7       7       0
58665  09  00     3  99999.00  99999.00  99999.00  99999.00  99999.00  99999.00  99999.00  99999.00       0       0       0       0
58665  09  00     2  99999.00  99999.00  99999.00  99999.00  99999.00  99999.00  99999.00  99999.00       0       0       0       0
58665  09  00     1  99999.00  99999.00  99999.00  99999.00  99999.00  99999.00  99999.00  99999.00       0       0       0       0
58665  10  00  9999 -25160.89  46322.15  99999.00  99999.00  -3686.44   4139.36  -3737.84   4122.52     680       0     679     679
58665  10  00  1000  99999.00  99999.00    -20.44    340.28     17.76    347.16   -136.31    411.97       0     678     678     677
58665  10  00   925  99999.00  99999.00    664.98    986.22    -44.48    344.68   -230.17    431.75       0     648     648     648
58665  10  00   900  99999.00  99999.00  99999.00  99999.00  99999.00  99999.00  99999.00  99999.00       0       0       0       0
58665  10  00   850  99999.00  99999.00   1398.27   1677.63    -82.77    326.55   -686.66    731.50       0     679     679     679
58665  10  00   800  99999.00  99999.00  99999.00  99999.00  99999.00  99999.00  99999.00  99999.00       0       0       0       0
58665  10  00   700  99999.00  99999.00   3000.56   3301.76    -87.65    221.47   -927.85    762.11       0     680     680     680
58665  10  00   600  99999.00  99999.00   4220.55   4586.07   -139.06    148.58   -887.50    625.10       0     679     680     680
58665  10  00   500  99999.00  99999.00   5617.77   6073.77   -222.41     76.63   -922.76    485.80       0     680     680     680
58665  10  00   400  99999.00  99999.00   7256.26   7845.58   -336.47    -17.51   -951.59    303.13       0     679     679     679
58665  10  00   300  99999.00  99999.00   9268.04  10018.64   -468.89   -171.89   -997.03     56.09       0     676     676     676
58665  10  00   250  99999.00  99999.00  10491.56  11321.84   -550.44   -270.96  -1019.52    -95.04       0     675     675     675
58665  10  00   200  99999.00  99999.00  11939.27  12838.31   -623.58   -406.38  -1070.97   -231.93       0     670     670     670
58665  10  00   150  99999.00  99999.00  13735.86  14673.78   -746.52   -524.16  99999.00  99999.00       0     665     665      24
58665  10  00   100  99999.00  99999.00  16176.23  17057.75   -925.04   -568.04  99999.00  99999.00       0     663     663       0
58665  10  00    80  99999.00  99999.00  99999.00  99999.00  99999.00  99999.00  99999.00  99999.00       0       0       0       0
58665  10  00    70  99999.00  99999.00  18295.17  19102.17   -882.80   -527.84  99999.00  99999.00       0     651     651       0
58665  10  00    60  99999.00  99999.00  99999.00  99999.00  99999.00  99999.00  99999.00  99999.00       0       0       0       0
58665  10  00    50  99999.00  99999.00  20314.89  21152.01   -772.62   -487.86  99999.00  99999.00       0     634     635       0
58665  10  00    40  99999.00  99999.00  21662.31  22568.91   -729.83   -463.19  99999.00  99999.00       0     618     619       0
58665  10  00    30  99999.00  99999.00  23432.47  24419.95   -686.77   -431.53  99999.00  99999.00       0     586     587       0
58665  10  00    20  99999.00  99999.00  25992.53  27054.05   -642.92   -383.48  99999.00  99999.00       0     496     498       0
58665  10  00    15  99999.00  99999.00  27865.44  28896.84   -631.15   -353.35  99999.00  99999.00       0     366     369       0
58665  10  00    10  99999.00  99999.00  30540.85  31544.41   -613.51   -312.07  99999.00  99999.00       0     148     148       0
58665  10  00     7  99999.00  99999.00  99999.00  99999.00  99999.00  99999.00  99999.00  99999.00       0      31      31       0
58665  10  00     5  99999.00  99999.00  99999.00  99999.00  99999.00  99999.00  99999.00  99999.00       0       2       2       0
58665  10  00     3  99999.00  99999.00  99999.00  99999.00  99999.00  99999.00  99999.00  99999.00       0       0       0       0
58665  10  00     2  99999.00  99999.00  99999.00  99999.00  99999.00  99999.00  99999.00  99999.00       0       0       0       0
58665  10  00     1  99999.00  99999.00  99999.00  99999.00  99999.00  99999.00  99999.00  99999.00       0       0       0       0
58665  11  00  9999   9957.08  10487.12  99999.00  99999.00   -110.67    373.05   -220.07    413.53     660       0     660     660
58665  11  00  1000  99999.00  99999.00    -18.06    393.42   -100.24    369.44   -291.71    463.57       0     660     660     660
58665  11  00   925  99999.00  99999.00    673.55   1010.15   -156.97    368.63   -424.85    525.31       0     660     660     660
58665  11  00   900  99999.00  99999.00  99999.00  99999.00  99999.00  99999.00  99999.00  99999.00       0       0       0       0
58665  11  00   850  99999.00  99999.00   1399.62   1687.62   -154.81    321.83   -772.99    735.65       0     660     660     660
58665  11  00   800  99999.00  99999.00  99999.00  99999.00  99999.00  99999.00  99999.00  99999.00       0       0       0       0
58665  11  00   700  99999.00  99999.00   2965.76   3303.80   -139.79    196.81   -956.81    717.67       0     660     660     660
58665  11  00   600  99999.00  99999.00   4152.25   4584.25   -206.00    135.16  -1002.01    622.67       0     660     660     660
58665  11  00   500  99999.00  99999.00   5509.29   6068.85   -292.58     69.58  -1034.82    474.54       0     660     660     660
58665  11  00   400  99999.00  99999.00   7099.62   7839.18   -418.75     -3.91  -1035.66    291.18       0     658     658     658
58665  11  00   300  99999.00  99999.00   9064.60  10012.60   -527.65   -152.53  -1033.88     30.52       0     655     655     655
58665  11  00   250  99999.00  99999.00  10277.59  11309.95   -576.65   -266.33  -1050.23   -105.59       0     654     654     654
58665  11  00   200  99999.00  99999.00  11731.53  12810.45   -652.35   -388.11  -1101.24   -232.08       0     653     652     651
58665  11  00   150  99999.00  99999.00  13548.72  14619.12   -780.69   -490.89  99999.00  99999.00       0     650     650      36
58665  11  00   100  99999.00  99999.00  16029.34  16979.26   -929.64   -532.80  99999.00  99999.00       0     635     636       0
58665  11  00    80  99999.00  99999.00  99999.00  99999.00  99999.00  99999.00  99999.00  99999.00       0       0       0       0
58665  11  00    70  99999.00  99999.00  18181.83  19006.83   -920.45   -497.93  99999.00  99999.00       0     626     627       0
58665  11  00    60  99999.00  99999.00  99999.00  99999.00  99999.00  99999.00  99999.00  99999.00       0       0       0       0
58665  11  00    50  99999.00  99999.00  20224.72  21024.04   -801.37   -464.65  99999.00  99999.00       0     616     618       0
58665  11  00    40  99999.00  99999.00  21591.23  22423.43   -740.80   -451.24  99999.00  99999.00       0     610     612       0
58665  11  00    30  99999.00  99999.00  23376.87  24261.03   -712.64   -410.48  99999.00  99999.00       0     588     591       0
58665  11  00    20  99999.00  99999.00  25903.90  26923.42   -694.51   -337.03  99999.00  99999.00       0     506     507       0
58665  11  00    15  99999.00  99999.00  27731.68  28835.68   -676.74   -302.46  99999.00  99999.00       0     397     399       0
58665  11  00    10  99999.00  99999.00  30315.77  31599.77   -693.75   -213.75  99999.00  99999.00       0     148     148       0
58665  11  00     7  99999.00  99999.00  99999.00  99999.00  99999.00  99999.00  99999.00  99999.00       0      36      36       0
58665  11  00     5  99999.00  99999.00  99999.00  99999.00  99999.00  99999.00  99999.00  99999.00       0       3       3       0
58665  11  00     3  99999.00  99999.00  99999.00  99999.00  99999.00  99999.00  99999.00  99999.00       0       0       0       0
58665  11  00     2  99999.00  99999.00  99999.00  99999.00  99999.00  99999.00  99999.00  99999.00       0       0       0       0
58665  11  00     1  99999.00  99999.00  99999.00  99999.00  99999.00  99999.00  99999.00  99999.00       0       0       0       0
58665  12  00  9999   9967.98  10542.42  99999.00  99999.00   -185.12    331.96   -330.48    401.04     681       0     681     681
58665  12  00  1000  99999.00  99999.00     -7.37    427.99   -186.80    345.76   -425.44    474.32       0     681     681     681
58665  12  00   925  99999.00  99999.00    678.88   1023.76   -260.08    368.84   -567.35    551.53       0     681     681     681
58665  12  00   900  99999.00  99999.00  99999.00  99999.00  99999.00  99999.00  99999.00  99999.00       0       0       0       0
58665  12  00   850  99999.00  99999.00   1393.67   1687.67   -231.78    313.14   -932.03    781.21       0     681     681     681
58665  12  00   800  99999.00  99999.00  99999.00  99999.00  99999.00  99999.00  99999.00  99999.00       0       0       0       0
58665  12  00   700  99999.00  99999.00   2921.39   3296.63   -186.68    170.08  -1022.47    717.05       0     681     681     681
58665  12  00   600  99999.00  99999.00   4087.36   4566.16   -265.41    134.07  -1012.50    559.98       0     681     681     681
58665  12  00   500  99999.00  99999.00   5415.10   6050.14   -357.58     83.30  -1027.78    379.82       0     681     681     681
58665  12  00   400  99999.00  99999.00   6973.23   7819.35   -486.11     13.93  -1036.14    214.26       0     677     677     677
58665  12  00   300  99999.00  99999.00   8897.39  10001.03   -594.66   -110.46  -1028.97    -14.13       0     677     677     677
58665  12  00   250  99999.00  99999.00  10096.87  11303.11   -612.07   -237.31  -1037.22   -138.42       0     674     674     674
58665  12  00   200  99999.00  99999.00  11551.84  12802.00   -664.07   -372.11  -1090.41   -246.57       0     673     673     669
58665  12  00   150  99999.00  99999.00  13392.09  14597.73   -792.99   -459.03  -1157.96   -299.72       0     669     670     121
58665  12  00   100  99999.00  99999.00  15930.35  16933.79   -939.50   -496.94  99999.00  99999.00       0     655     655       0
58665  12  00    80  99999.00  99999.00  99999.00  99999.00  99999.00  99999.00  99999.00  99999.00       0       0       0       0
58665  12  00    70  99999.00  99999.00  18119.11  18937.75   -930.17   -495.29  99999.00  99999.00       0     638     638       0
58665  12  00    60  99999.00  99999.00  99999.00  99999.00  99999.00  99999.00  99999.00  99999.00       0       0       0       0
58665  12  00    50  99999.00  99999.00  20149.79  20953.91   -842.19   -435.27  99999.00  99999.00       0     625     627       0
58665  12  00    40  99999.00  99999.00  21509.20  22353.64   -777.73   -425.65  99999.00  99999.00       0     618     621       0
58665  12  00    30  99999.00  99999.00  23264.87  24210.23   -754.58   -385.10  99999.00  99999.00       0     592     594       0
58665  12  00    20  99999.00  99999.00  25754.19  26878.95   -728.93   -329.93  99999.00  99999.00       0     510     511       0
58665  12  00    15  99999.00  99999.00  27534.68  28817.36   -706.65   -299.85  99999.00  99999.00       0     406     408       0
58665  12  00    10  99999.00  99999.00  30022.11  31626.03   -734.02   -206.98  99999.00  99999.00       0     191     191       0
58665  12  00     7  99999.00  99999.00  99999.00  99999.00  99999.00  99999.00  99999.00  99999.00       0      48      48       0
58665  12  00     5  99999.00  99999.00  99999.00  99999.00  99999.00  99999.00  99999.00  99999.00       0       3       3       0
58665  12  00     3  99999.00  99999.00  99999.00  99999.00  99999.00  99999.00  99999.00  99999.00       0       0       0       0
58665  12  00     2  99999.00  99999.00  99999.00  99999.00  99999.00  99999.00  99999.00  99999.00       0       0       0       0
58665  12  00     1  99999.00  99999.00  99999.00  99999.00  99999.00  99999.00  99999.00  99999.00       0       0       0       0
