31538  01  12  9999    935.80   1015.96  99999.00  99999.00   -529.58     50.26    -49.20    111.48     425       0     425     424
31538  01  12  1000  99999.00  99999.00  99999.00  99999.00  99999.00  99999.00  99999.00  99999.00       0       0       0       0
31538  01  12   925  99999.00  99999.00    445.55   1037.39   -518.31     90.45   -559.73     73.39       0     286     296     293
31538  01  12   900  99999.00  99999.00  99999.00  99999.00  99999.00  99999.00  99999.00  99999.00       0       0       9       9
31538  01  12   850  99999.00  99999.00   1035.47   1688.63   -556.27    118.73   -575.89     66.83       0     474     471     462
31538  01  12   800  99999.00  99999.00  99999.00  99999.00  99999.00  99999.00  99999.00  99999.00       0       0      11      11
31538  01  12   700  99999.00  99999.00   2338.06   3225.58   -564.19     46.97   -596.29    -16.45       0     465     467     461
31538  01  12   600  99999.00  99999.00  99999.00  99999.00  99999.00  99999.00  99999.00  99999.00       0       0       3       3
31538  01  12   500  99999.00  99999.00   4485.28   5817.64   -653.27   -136.91   -724.10   -162.14       0     459     460     420
31538  01  12   400  99999.00  99999.00   5863.84   7426.60   -691.95   -281.55   -763.90   -311.62       0     456     453     360
31538  01  12   300  99999.00  99999.00   7674.72   9322.56   -774.69   -357.93   -854.74   -379.78       0     456     454     359
31538  01  12   250  99999.00  99999.00   8865.61  10435.45   -860.39   -279.35   -927.76   -321.64       0     453     449     358
31538  01  12   200  99999.00  99999.00  10311.18  11831.94   -821.58   -266.58   -904.49   -309.41       0     449     451     355
31538  01  12   150  99999.00  99999.00  12133.87  13701.31   -786.82   -270.82   -872.54   -330.26       0     440     438     346
31538  01  12   100  99999.00  99999.00  14579.93  16500.17   -813.11   -223.43   -946.71   -260.43       0     424     421     337
31538  01  12    80  99999.00  99999.00  99999.00  99999.00  99999.00  99999.00  99999.00  99999.00       0       0       6       6
31538  01  12    70  99999.00  99999.00  16697.09  19018.13   -818.25   -198.21   -920.08   -280.60       0     414     414     324
31538  01  12    60  99999.00  99999.00  99999.00  99999.00  99999.00  99999.00  99999.00  99999.00       0       0      10      10
31538  01  12    50  99999.00  99999.00  18742.22  21361.22   -801.57   -188.73   -920.25   -270.69       0     367     368     299
31538  01  12    40  99999.00  99999.00  99999.00  99999.00  99999.00  99999.00  99999.00  99999.00       0       0      21      16
31538  01  12    30  99999.00  99999.00  21881.94  24922.38   -817.87   -130.63   -974.74   -217.30       0     287     290     245
31538  01  12    20  99999.00  99999.00  24423.25  27753.61   -859.43    -55.07  -1014.94   -168.94       0     216     224     190
31538  01  12    15  99999.00  99999.00  99999.00  99999.00  99999.00  99999.00  99999.00  99999.00       0       0      30      28
31538  01  12    10  99999.00  99999.00  99999.00  99999.00  99999.00  99999.00  99999.00  99999.00       0      41      50      35
31538  01  12     7  99999.00  99999.00  99999.00  99999.00  99999.00  99999.00  99999.00  99999.00       0       0       2       2
31538  01  12     5  99999.00  99999.00  99999.00  99999.00  99999.00  99999.00  99999.00  99999.00       0       0       0       0
31538  01  12     3  99999.00  99999.00  99999.00  99999.00  99999.00  99999.00  99999.00  99999.00       0       0       0       0
31538  01  12     2  99999.00  99999.00  99999.00  99999.00  99999.00  99999.00  99999.00  99999.00       0       0       0       0
31538  01  12     1  99999.00  99999.00  99999.00  99999.00  99999.00  99999.00  99999.00  99999.00       0       0       0       0
31538  02  12  9999    936.43   1011.19  99999.00  99999.00   -448.34    102.22   -103.48    214.88     406       0     404     404
31538  02  12  1000  99999.00  99999.00  99999.00  99999.00  99999.00  99999.00  99999.00  99999.00       0       0       0       0
31538  02  12   925  99999.00  99999.00    467.98    986.26   -439.67     96.49   -501.65     43.99       0     238     246     244
31538  02  12   900  99999.00  99999.00  99999.00  99999.00  99999.00  99999.00  99999.00  99999.00       0       0       4       4
31538  02  12   850  99999.00  99999.00   1049.53   1687.33   -496.58     92.98   -557.73     46.11       0     469     465     462
31538  02  12   800  99999.00  99999.00  99999.00  99999.00  99999.00  99999.00  99999.00  99999.00       0       0       8       8
31538  02  12   700  99999.00  99999.00   2383.89   3199.41   -549.85     36.83   -610.70    -14.78       0     465     464     460
31538  02  12   600  99999.00  99999.00  99999.00  99999.00  99999.00  99999.00  99999.00  99999.00       0       0       6       6
31538  02  12   500  99999.00  99999.00   4534.48   5792.80   -660.35   -121.91   -711.89   -180.65       0     453     453     421
31538  02  12   400  99999.00  99999.00   5888.92   7429.84   -721.52   -247.76   -755.22   -325.86       0     452     450     352
31538  02  12   300  99999.00  99999.00   7640.41   9390.13   -761.87   -363.83   -833.75   -398.99       0     444     441     338
31538  02  12   250  99999.00  99999.00   8802.83  10535.03   -832.15   -296.23   -905.03   -328.07       0     431     435     337
31538  02  12   200  99999.00  99999.00  10246.52  11936.84   -806.36   -273.32   -875.34   -325.38       0     428     426     332
31538  02  12   150  99999.00  99999.00  12036.13  13857.73   -786.93   -260.85   -853.56   -339.12       0     417     414     316
31538  02  12   100  99999.00  99999.00  14571.70  16581.94   -803.05   -221.29   -895.01   -303.53       0     403     402     305
31538  02  12    80  99999.00  99999.00  99999.00  99999.00  99999.00  99999.00  99999.00  99999.00       0       0       6       6
31538  02  12    70  99999.00  99999.00  16648.16  19175.72   -808.30   -190.66   -900.49   -289.33       0     392     391     302
31538  02  12    60  99999.00  99999.00  99999.00  99999.00  99999.00  99999.00  99999.00  99999.00       0       0       9       8
31538  02  12    50  99999.00  99999.00  18851.64  21363.24   -801.69   -180.57   -923.74   -268.54       0     359     361     276
31538  02  12    40  99999.00  99999.00  99999.00  99999.00  99999.00  99999.00  99999.00  99999.00       0       0      17      17
31538  02  12    30  99999.00  99999.00  22082.13  24852.57   -782.06   -180.26   -939.55   -265.27       0     298     295     227
31538  02  12    20  99999.00  99999.00  24681.07  27634.99   -787.35   -160.23   -928.55   -287.27       0     223     231     169
31538  02  12    15  99999.00  99999.00  99999.00  99999.00  99999.00  99999.00  99999.00  99999.00       0       0      20      18
31538  02  12    10  99999.00  99999.00  29152.32  32515.08   -771.36    -98.16  99999.00  99999.00       0      73      75      26
31538  02  12     7  99999.00  99999.00  99999.00  99999.00  99999.00  99999.00  99999.00  99999.00       0       0       1       1
31538  02  12     5  99999.00  99999.00  99999.00  99999.00  99999.00  99999.00  99999.00  99999.00       0       0       0       0
31538  02  12     3  99999.00  99999.00  99999.00  99999.00  99999.00  99999.00  99999.00  99999.00       0       0       0       0
31538  02  12     2  99999.00  99999.00  99999.00  99999.00  99999.00  99999.00  99999.00  99999.00       0       0       0       0
31538  02  12     1  99999.00  99999.00  99999.00  99999.00  99999.00  99999.00  99999.00  99999.00       0       0       0       0
31538  03  12  9999    932.29   1009.69  99999.00  99999.00   -405.35    260.41   -158.67    323.37     483       0     482     482
31538  03  12  1000  99999.00  99999.00  99999.00  99999.00  99999.00  99999.00  99999.00  99999.00       0       0       0       0
31538  03  12   925  99999.00  99999.00    403.52   1021.28   -435.97    273.95   -546.73    198.35       0     276     278     274
31538  03  12   900  99999.00  99999.00  99999.00  99999.00  99999.00  99999.00  99999.00  99999.00       0       0       0       0
31538  03  12   850  99999.00  99999.00   1042.03   1708.87   -459.37    196.07   -561.17    153.79       0     557     552     543
31538  03  12   800  99999.00  99999.00  99999.00  99999.00  99999.00  99999.00  99999.00  99999.00       0       0       3       3
31538  03  12   700  99999.00  99999.00   2414.91   3239.07   -530.88     94.08   -640.78     75.26       0     537     540     530
31538  03  12   600  99999.00  99999.00  99999.00  99999.00  99999.00  99999.00  99999.00  99999.00       0       0       4       4
31538  03  12   500  99999.00  99999.00   4597.58   5866.22   -656.70    -67.26   -748.30   -103.90       0     531     531     498
31538  03  12   400  99999.00  99999.00   5971.22   7524.14   -726.26   -198.62   -812.98   -232.66       0     534     533     392
31538  03  12   300  99999.00  99999.00   7729.24   9499.36   -760.74   -344.58   -841.94   -381.62       0     528     528     380
31538  03  12   250  99999.00  99999.00   8904.26  10644.86   -836.36   -283.76   -903.34   -344.14       0     511     515     368
31538  03  12   200  99999.00  99999.00  10377.80  12021.68   -824.13   -255.45   -910.54   -318.94       0     507     505     366
31538  03  12   150  99999.00  99999.00  12208.78  13899.10   -772.84   -280.72   -872.74   -356.38       0     492     491     350
31538  03  12   100  99999.00  99999.00  14714.47  16625.23   -790.05   -258.57   -927.51   -321.87       0     473     473     333
31538  03  12    80  99999.00  99999.00  99999.00  99999.00  99999.00  99999.00  99999.00  99999.00       0       0       6       5
31538  03  12    70  99999.00  99999.00  16907.99  19042.79   -798.73   -234.13   -966.38   -287.06       0     458     462     312
31538  03  12    60  99999.00  99999.00  99999.00  99999.00  99999.00  99999.00  99999.00  99999.00       0       0      11      10
31538  03  12    50  99999.00  99999.00  19038.86  21296.66   -798.65   -223.49   -952.47   -300.99       0     428     428     282
31538  03  12    40  99999.00  99999.00  99999.00  99999.00  99999.00  99999.00  99999.00  99999.00       0       0      25      20
31538  03  12    30  99999.00  99999.00  22276.27  24720.55   -767.24   -230.72   -907.65   -347.13       0     370     372     237
31538  03  12    20  99999.00  99999.00  24916.62  27408.54   -786.42   -179.22   -920.61   -308.85       0     291     296     194
31538  03  12    15  99999.00  99999.00  99999.00  99999.00  99999.00  99999.00  99999.00  99999.00       0       0      33      30
31538  03  12    10  99999.00  99999.00  29649.78  32026.86   -788.01    -99.93  99999.00  99999.00       0      95     107      34
31538  03  12     7  99999.00  99999.00  99999.00  99999.00  99999.00  99999.00  99999.00  99999.00       0       0       0       0
31538  03  12     5  99999.00  99999.00  99999.00  99999.00  99999.00  99999.00  99999.00  99999.00       0       0       0       0
31538  03  12     3  99999.00  99999.00  99999.00  99999.00  99999.00  99999.00  99999.00  99999.00       0       0       0       0
31538  03  12     2  99999.00  99999.00  99999.00  99999.00  99999.00  99999.00  99999.00  99999.00       0       0       0       0
31538  03  12     1  99999.00  99999.00  99999.00  99999.00  99999.00  99999.00  99999.00  99999.00       0       0       0       0
31538  04  12  9999    928.18   1007.02  99999.00  99999.00   -281.53    348.47   -238.15    439.97     432       0     432     431
31538  04  12  1000  99999.00  99999.00  99999.00  99999.00  99999.00  99999.00  99999.00  99999.00       0       0       0       0
31538  04  12   925  99999.00  99999.00    374.76   1044.36   -325.38    377.94   -475.06    294.98       0     268     268     263
31538  04  12   900  99999.00  99999.00  99999.00  99999.00  99999.00  99999.00  99999.00  99999.00       0       0       0       0
31538  04  12   850  99999.00  99999.00   1032.25   1742.65   -372.84    308.28   -483.58    245.54       0     489     491     487
31538  04  12   800  99999.00  99999.00  99999.00  99999.00  99999.00  99999.00  99999.00  99999.00       0       0       5       4
31538  04  12   700  99999.00  99999.00   2443.35   3336.39   -495.70    219.74   -623.01    222.75       0     482     485     475
31538  04  12   600  99999.00  99999.00  99999.00  99999.00  99999.00  99999.00  99999.00  99999.00       0       0       5       5
31538  04  12   500  99999.00  99999.00   4656.93   6077.97   -635.66     47.26   -792.67     60.65       0     482     482     473
31538  04  12   400  99999.00  99999.00   6040.18   7806.82   -713.83    -91.87   -859.28    -69.92       0     474     474     413
31538  04  12   300  99999.00  99999.00   7796.16   9874.92   -748.22   -286.94   -863.59   -295.15       0     469     470     357
31538  04  12   250  99999.00  99999.00   8947.74  11065.02   -842.57   -255.77   -910.20   -316.80       0     461     465     354
31538  04  12   200  99999.00  99999.00  10502.13  12366.81   -863.48   -215.36   -927.11   -301.19       0     456     455     348
31538  04  12   150  99999.00  99999.00  12453.95  14121.59   -754.26   -299.82   -842.58   -384.90       0     453     452     343
31538  04  12   100  99999.00  99999.00  15127.92  16678.44   -755.75   -301.91   -878.63   -381.23       0     434     432     327
31538  04  12    80  99999.00  99999.00  99999.00  99999.00  99999.00  99999.00  99999.00  99999.00       0       0       7       6
31538  04  12    70  99999.00  99999.00  17419.61  18982.37   -755.20   -297.64   -911.26   -360.58       0     416     417     302
31538  04  12    60  99999.00  99999.00  99999.00  99999.00  99999.00  99999.00  99999.00  99999.00       0       0      11      11
31538  04  12    50  99999.00  99999.00  19564.34  21181.10   -739.36   -303.52   -892.58   -380.06       0     389     384     281
31538  04  12    40  99999.00  99999.00  99999.00  99999.00  99999.00  99999.00  99999.00  99999.00       0       0      22      22
31538  04  12    30  99999.00  99999.00  22807.52  24560.72   -698.00   -315.44   -903.78   -362.46       0     325     327     234
31538  04  12    20  99999.00  99999.00  25347.47  27318.71   -694.49   -280.73   -899.38   -341.50       0     256     260     178
31538  04  12    15  99999.00  99999.00  99999.00  99999.00  99999.00  99999.00  99999.00  99999.00       0       0      22      19
31538  04  12    10  99999.00  99999.00  29668.17  32203.65   -749.77   -136.09  99999.00  99999.00       0      88      92      35
31538  04  12     7  99999.00  99999.00  99999.00  99999.00  99999.00  99999.00  99999.00  99999.00       0       0       1       1
31538  04  12     5  99999.00  99999.00  99999.00  99999.00  99999.00  99999.00  99999.00  99999.00       0       0       0       0
31538  04  12     3  99999.00  99999.00  99999.00  99999.00  99999.00  99999.00  99999.00  99999.00       0       0       0       0
31538  04  12     2  99999.00  99999.00  99999.00  99999.00  99999.00  99999.00  99999.00  99999.00       0       0       0       0
31538  04  12     1  99999.00  99999.00  99999.00  99999.00  99999.00  99999.00  99999.00  99999.00       0       0       0       0
31538  05  12  9999    931.98    999.66  99999.00  99999.00   -187.79    432.37   -285.41    491.11     439       0     439     439
31538  05  12  1000  99999.00  99999.00  99999.00  99999.00  99999.00  99999.00  99999.00  99999.00       0       0       0       0
31538  05  12   925  99999.00  99999.00    404.08   1013.56   -213.94    446.06   -360.07    365.33       0     285     286     279
31538  05  12   900  99999.00  99999.00  99999.00  99999.00  99999.00  99999.00  99999.00  99999.00       0       0       2       2
31538  05  12   850  99999.00  99999.00   1085.93   1725.17   -265.42    379.82   -376.66    310.22       0     504     506     497
31538  05  12   800  99999.00  99999.00  99999.00  99999.00  99999.00  99999.00  99999.00  99999.00       0       0       4       4
31538  05  12   700  99999.00  99999.00   2535.42   3379.14   -358.76    245.56   -473.52    255.72       0     496     499     474
31538  05  12   600  99999.00  99999.00  99999.00  99999.00  99999.00  99999.00  99999.00  99999.00       0       0      12      12
31538  05  12   500  99999.00  99999.00   4887.58   6135.58   -504.29     66.55   -759.74    166.90       0     499     499     492
31538  05  12   400  99999.00  99999.00   6339.60   7892.28   -618.13    -49.81   -816.37     12.59       0     492     494     466
31538  05  12   300  99999.00  99999.00   8169.08   9984.08   -709.26   -235.38   -862.74   -200.94       0     488     485     377
31538  05  12   250  99999.00  99999.00   9337.97  11194.97   -805.02   -251.58   -903.57   -281.73       0     481     478     370
31538  05  12   200  99999.00  99999.00  10865.93  12524.81   -882.25   -192.49   -932.09   -286.37       0     469     465     359
31538  05  12   150  99999.00  99999.00  12840.37  14265.13   -729.92   -310.04   -836.18   -369.86       0     455     454     346
31538  05  12   100  99999.00  99999.00  15509.42  16838.42   -684.85   -372.61   -857.03   -396.11       0     418     415     324
31538  05  12    80  99999.00  99999.00  99999.00  99999.00  99999.00  99999.00  99999.00  99999.00       0       0       7       7
31538  05  12    70  99999.00  99999.00  17872.91  19046.27  -3524.05   2403.47   -893.11   -391.51       0     369     368     297
31538  05  12    60  99999.00  99999.00  99999.00  99999.00  99999.00  99999.00  99999.00  99999.00       0       0      11      11
31538  05  12    50  99999.00  99999.00  20081.22  21171.78   -669.23   -390.59   -868.38   -415.26       0     337     335     268
31538  05  12    40  99999.00  99999.00  99999.00  99999.00  99999.00  99999.00  99999.00  99999.00       0       0      12      10
31538  05  12    30  99999.00  99999.00  23353.33  24501.85   -649.04   -373.76   -849.65   -421.97       0     284     286     232
31538  05  12    20  99999.00  99999.00  25903.71  27265.59   -638.40   -330.12   -866.50   -376.66       0     226     231     172
31538  05  12    15  99999.00  99999.00  99999.00  99999.00  99999.00  99999.00  99999.00  99999.00       0       0      20      19
31538  05  12    10  99999.00  99999.00  30424.30  32139.22   -599.62   -213.22  99999.00  99999.00       0      74      83      39
31538  05  12     7  99999.00  99999.00  99999.00  99999.00  99999.00  99999.00  99999.00  99999.00       0       0       4       3
31538  05  12     5  99999.00  99999.00  99999.00  99999.00  99999.00  99999.00  99999.00  99999.00       0       0       0       0
31538  05  12     3  99999.00  99999.00  99999.00  99999.00  99999.00  99999.00  99999.00  99999.00       0       0       0       0
31538  05  12     2  99999.00  99999.00  99999.00  99999.00  99999.00  99999.00  99999.00  99999.00       0       0       0       0
31538  05  12     1  99999.00  99999.00  99999.00  99999.00  99999.00  99999.00  99999.00  99999.00       0       0       0       0
31538  06  12  9999    936.41    993.89  99999.00  99999.00    -70.33    428.87   -192.54    314.58     370       0     368     368
31538  06  12  1000  99999.00  99999.00  99999.00  99999.00  99999.00  99999.00  99999.00  99999.00       0       0       0       0
31538  06  12   925  99999.00  99999.00    447.98    974.42   -100.11    453.45   -151.97    343.63       0     248     255     249
31538  06  12   900  99999.00  99999.00  99999.00  99999.00  99999.00  99999.00  99999.00  99999.00       0       0       3       3
31538  06  12   850  99999.00  99999.00   1146.53   1703.21   -132.57    373.71   -200.89    311.27       0     428     430     417
31538  06  12   800  99999.00  99999.00  99999.00  99999.00  99999.00  99999.00  99999.00  99999.00       0       0       5       5
31538  06  12   700  99999.00  99999.00   2650.96   3384.88   -203.04    230.52   -412.07    329.05       0     430     427     407
31538  06  12   600  99999.00  99999.00  99999.00  99999.00  99999.00  99999.00  99999.00  99999.00       0       0      10      10
31538  06  12   500  99999.00  99999.00   5159.30   6123.86   -347.82     58.50   -683.11    210.17       0     423     420     408
31538  06  12   400  99999.00  99999.00   6716.11   7874.95   -494.84    -26.24   -758.85     70.83       0     416     419     408
31538  06  12   300  99999.00  99999.00   8569.16  10050.44   -663.08   -169.28   -820.75   -130.87       0     408     406     326
31538  06  12   250  99999.00  99999.00   9704.95  11339.83   -731.37   -275.25   -854.83   -276.19       0     398     398     285
31538  06  12   200  99999.00  99999.00  11135.37  12783.21   -865.09   -228.49   -939.33   -286.65       0     392     391     280
31538  06  12   150  99999.00  99999.00  13092.67  14517.43   -754.85   -301.97   -881.94   -336.06       0     376     371     265
31538  06  12   100  99999.00  99999.00  15792.61  17039.77   -706.38   -376.62   -854.57   -411.77       0     352     350     252
31538  06  12    80  99999.00  99999.00  99999.00  99999.00  99999.00  99999.00  99999.00  99999.00       0       0       5       5
31538  06  12    70  99999.00  99999.00  18095.09  19296.89   -675.29   -406.73   -858.88   -427.36       0     302     300     220
31538  06  12    60  99999.00  99999.00  99999.00  99999.00  99999.00  99999.00  99999.00  99999.00       0       0       9       8
31538  06  12    50  99999.00  99999.00  20285.48  21421.76   -638.10   -413.94   -841.48   -432.28       0     268     268     202
31538  06  12    40  99999.00  99999.00  99999.00  99999.00  99999.00  99999.00  99999.00  99999.00       0       0       6       6
31538  06  12    30  99999.00  99999.00  23561.10  24790.86   -600.17   -390.65   -842.79   -404.07       0     219     217     166
31538  06  12    20  99999.00  99999.00  26143.64  27555.20   -581.84   -340.52   -866.20   -340.48       0     171     173     138
31538  06  12    15  99999.00  99999.00  99999.00  99999.00  99999.00  99999.00  99999.00  99999.00       0       0      19      19
31538  06  12    10  99999.00  99999.00  99999.00  99999.00   -545.41   -213.37  99999.00  99999.00       0      49      62      39
31538  06  12     7  99999.00  99999.00  99999.00  99999.00  99999.00  99999.00  99999.00  99999.00       0       0       2       2
31538  06  12     5  99999.00  99999.00  99999.00  99999.00  99999.00  99999.00  99999.00  99999.00       0       0       0       0
31538  06  12     3  99999.00  99999.00  99999.00  99999.00  99999.00  99999.00  99999.00  99999.00       0       0       0       0
31538  06  12     2  99999.00  99999.00  99999.00  99999.00  99999.00  99999.00  99999.00  99999.00       0       0       0       0
31538  06  12     1  99999.00  99999.00  99999.00  99999.00  99999.00  99999.00  99999.00  99999.00       0       0       0       0
31538  07  12  9999    938.33    990.89  99999.00  99999.00      9.67    398.59   -151.93    245.03     359       0     358     358
31538  07  12  1000  99999.00  99999.00  99999.00  99999.00  99999.00  99999.00  99999.00  99999.00       0       0       0       0
31538  07  12   925  99999.00  99999.00    456.88    949.12     -9.78    409.74    -57.72    330.60       0     252     254     249
31538  07  12   900  99999.00  99999.00  99999.00  99999.00  99999.00  99999.00  99999.00  99999.00       0       0       0       0
31538  07  12   850  99999.00  99999.00   1168.41   1688.97    -32.84    328.00    -88.02    282.90       0     428     422     402
31538  07  12   800  99999.00  99999.00  99999.00  99999.00  99999.00  99999.00  99999.00  99999.00       0       0       4       4
31538  07  12   700  99999.00  99999.00   2728.34   3343.70   -112.38    204.66   -275.78    269.38       0     423     424     394
31538  07  12   600  99999.00  99999.00  99999.00  99999.00  99999.00  99999.00  99999.00  99999.00       0       0       9       9
31538  07  12   500  99999.00  99999.00   5306.51   6090.47   -265.50     60.54   -631.23    240.33       0     416     417     392
31538  07  12   400  99999.00  99999.00   6919.06   7841.86   -405.89    -20.93   -715.65    112.71       0     416     418     398
31538  07  12   300  99999.00  99999.00   8845.51  10029.19   -589.47   -138.63   -798.62    -64.70       0     408     408     372
31538  07  12   250  99999.00  99999.00  10004.33  11344.85   -681.59   -233.75   -820.09   -216.61       0     407     407     310
31538  07  12   200  99999.00  99999.00  11412.93  12850.89   -827.56   -225.04   -872.65   -306.13       0     398     400     302
31538  07  12   150  99999.00  99999.00  13334.01  14645.37   -740.79   -309.39   -888.27   -320.67       0     382     387     296
31538  07  12   100  99999.00  99999.00  16066.30  17117.38   -725.42   -375.26   -881.38   -410.14       0     365     365     282
31538  07  12    80  99999.00  99999.00  99999.00  99999.00  99999.00  99999.00  99999.00  99999.00       0       0       8       8
31538  07  12    70  99999.00  99999.00  18417.10  19313.26   -703.51   -394.99   -902.97   -409.65       0     332     335     250
31538  07  12    60  99999.00  99999.00  99999.00  99999.00  99999.00  99999.00  99999.00  99999.00       0       0       8       8
31538  07  12    50  99999.00  99999.00  20565.55  21480.43   -655.63   -402.67   -900.04   -397.36       0     284     284     219
31538  07  12    40  99999.00  99999.00  99999.00  99999.00  99999.00  99999.00  99999.00  99999.00       0       0       7       7
31538  07  12    30  99999.00  99999.00  23831.67  24847.95   -612.17   -374.21   -925.90   -333.82       0     208     208     162
31538  07  12    20  99999.00  99999.00  26389.05  27652.89   -594.68   -311.48   -921.15   -289.23       0     155     159     125
31538  07  12    15  99999.00  99999.00  99999.00  99999.00  99999.00  99999.00  99999.00  99999.00       0       0      15      15
31538  07  12    10  99999.00  99999.00  99999.00  99999.00  99999.00  99999.00  99999.00  99999.00       0      50      56      40
31538  07  12     7  99999.00  99999.00  99999.00  99999.00  99999.00  99999.00  99999.00  99999.00       0       0       4       3
31538  07  12     5  99999.00  99999.00  99999.00  99999.00  99999.00  99999.00  99999.00  99999.00       0       0       0       0
31538  07  12     3  99999.00  99999.00  99999.00  99999.00  99999.00  99999.00  99999.00  99999.00       0       0       0       0
31538  07  12     2  99999.00  99999.00  99999.00  99999.00  99999.00  99999.00  99999.00  99999.00       0       0       0       0
31538  07  12     1  99999.00  99999.00  99999.00  99999.00  99999.00  99999.00  99999.00  99999.00       0       0       0       0
31538  08  12  9999    935.06    998.54  99999.00  99999.00    -12.33    371.07    -98.53    164.51     341       0     341     341
31538  08  12  1000  99999.00  99999.00  99999.00  99999.00  99999.00  99999.00  99999.00  99999.00       0       0       0       0
31538  08  12   925  99999.00  99999.00    445.98    996.66    -32.10    401.46   -120.32    373.00       0     238     236     231
31538  08  12   900  99999.00  99999.00  99999.00  99999.00  99999.00  99999.00  99999.00  99999.00       0       0       5       5
31538  08  12   850  99999.00  99999.00   1141.94   1739.06    -72.11    330.97   -150.42    321.66       0     414     414     393
31538  08  12   800  99999.00  99999.00  99999.00  99999.00  99999.00  99999.00  99999.00  99999.00       0       0       4       4
31538  08  12   700  99999.00  99999.00   2695.08   3384.48   -165.76    233.72   -437.05    382.31       0     408     409     382
31538  08  12   600  99999.00  99999.00  99999.00  99999.00  99999.00  99999.00  99999.00  99999.00       0       0       8       8
31538  08  12   500  99999.00  99999.00   5230.68   6144.96   -336.19    100.25   -694.21    254.63       0     403     400     370
31538  08  12   400  99999.00  99999.00   6801.83   7917.47   -484.15     21.05   -790.18    147.26       0     404     402     382
31538  08  12   300  99999.00  99999.00   8673.39  10132.35   -679.23    -80.43   -884.72     -7.16       0     397     399     332
31538  08  12   250  99999.00  99999.00   9784.76  11481.56   -752.37   -169.05   -893.03   -150.83       0     392     390     282
31538  08  12   200  99999.00  99999.00  11240.64  12952.56   -818.73   -192.57   -896.77   -258.97       0     379     381     266
31538  08  12   150  99999.00  99999.00  13176.45  14750.73   -733.01   -314.09   -851.48   -372.44       0     376     372     259
31538  08  12   100  99999.00  99999.00  15917.43  17214.63   -744.56   -366.20   -902.30   -408.38       0     350     351     251
31538  08  12    80  99999.00  99999.00  99999.00  99999.00  99999.00  99999.00  99999.00  99999.00       0       0       5       5
31538  08  12    70  99999.00  99999.00  18261.67  19396.15   -706.05   -404.61   -933.68   -395.84       0     320     318     234
31538  08  12    60  99999.00  99999.00  99999.00  99999.00  99999.00  99999.00  99999.00  99999.00       0       0       7       7
31538  08  12    50  99999.00  99999.00  20449.59  21502.71   -664.03   -414.43   -911.47   -399.31       0     278     277     213
31538  08  12    40  99999.00  99999.00  99999.00  99999.00  99999.00  99999.00  99999.00  99999.00       0       0       6       6
31538  08  12    30  99999.00  99999.00  23721.32  24828.68   -606.38   -401.54   -912.12   -358.80       0     202     201     158
31538  08  12    20  99999.00  99999.00  26378.61  27497.85   -588.65   -350.45   -962.10   -280.02       0     153     150     120
31538  08  12    15  99999.00  99999.00  99999.00  99999.00  99999.00  99999.00  99999.00  99999.00       0       0      13      13
31538  08  12    10  99999.00  99999.00  99999.00  99999.00  99999.00  99999.00  99999.00  99999.00       0      34      46      33
31538  08  12     7  99999.00  99999.00  99999.00  99999.00  99999.00  99999.00  99999.00  99999.00       0       0       0       0
31538  08  12     5  99999.00  99999.00  99999.00  99999.00  99999.00  99999.00  99999.00  99999.00       0       0       0       0
31538  08  12     3  99999.00  99999.00  99999.00  99999.00  99999.00  99999.00  99999.00  99999.00       0       0       0       0
31538  08  12     2  99999.00  99999.00  99999.00  99999.00  99999.00  99999.00  99999.00  99999.00       0       0       0       0
31538  08  12     1  99999.00  99999.00  99999.00  99999.00  99999.00  99999.00  99999.00  99999.00       0       0       0       0
31538  09  12  9999    939.50   1002.62  99999.00  99999.00   -133.80    351.60   -149.17    239.51     403       0     402     402
31538  09  12  1000  99999.00  99999.00  99999.00  99999.00  99999.00  99999.00  99999.00  99999.00       0       0       0       0
31538  09  12   925  99999.00  99999.00    463.97   1036.01   -175.37    403.51   -323.10    393.30       0     239     240     232
31538  09  12   900  99999.00  99999.00  99999.00  99999.00  99999.00  99999.00  99999.00  99999.00       0       0       5       5
31538  09  12   850  99999.00  99999.00   1149.67   1749.91   -221.66    339.34   -333.15    339.93       0     472     473     453
31538  09  12   800  99999.00  99999.00  99999.00  99999.00  99999.00  99999.00  99999.00  99999.00       0       0       3       3
31538  09  12   700  99999.00  99999.00   2628.98   3388.46   -315.70    244.46   -573.05    359.47       0     464     465     437
31538  09  12   600  99999.00  99999.00  99999.00  99999.00  99999.00  99999.00  99999.00  99999.00       0       0      11      10
31538  09  12   500  99999.00  99999.00   5001.18   6171.06   -487.14    100.86   -727.46    170.62       0     456     455     432
31538  09  12   400  99999.00  99999.00   6466.28   7949.00   -605.94    -11.34   -812.69     38.59       0     453     452     433
31538  09  12   300  99999.00  99999.00   8247.52  10125.40   -719.90   -175.82   -886.65   -146.73       0     446     445     302
31538  09  12   250  99999.00  99999.00   9371.25  11402.01   -797.65   -216.25   -917.38   -235.30       0     437     430     283
31538  09  12   200  99999.00  99999.00  10846.49  12813.89   -843.00   -196.68   -927.61   -262.93       0     425     426     275
31538  09  12   150  99999.00  99999.00  12807.97  14582.89   -720.25   -319.93   -917.27   -311.63       0     414     413     270
31538  09  12   100  99999.00  99999.00  15517.00  17103.76   -709.69   -363.61   -927.62   -358.82       0     394     393     253
31538  09  12    80  99999.00  99999.00  99999.00  99999.00  99999.00  99999.00  99999.00  99999.00       0       0       5       5
31538  09  12    70  99999.00  99999.00  17870.76  19319.40   -701.80   -374.32   -949.13   -356.09       0     360     360     239
31538  09  12    60  99999.00  99999.00  99999.00  99999.00  99999.00  99999.00  99999.00  99999.00       0       0       6       6
31538  09  12    50  99999.00  99999.00  20068.30  21440.02   -688.18   -380.50   -952.94   -358.34       0     315     316     221
31538  09  12    40  99999.00  99999.00  99999.00  99999.00  99999.00  99999.00  99999.00  99999.00       0       0      20      20
31538  09  12    30  99999.00  99999.00  23339.24  24766.52   -662.14   -364.30   -970.17   -327.69       0     250     250     179
31538  09  12    20  99999.00  99999.00  25933.63  27486.79   -629.54   -347.90   -926.84   -331.16       0     191     190     138
31538  09  12    15  99999.00  99999.00  99999.00  99999.00  99999.00  99999.00  99999.00  99999.00       0       0      16      15
31538  09  12    10  99999.00  99999.00  99999.00  99999.00  99999.00  99999.00  99999.00  99999.00       0      53      60      29
31538  09  12     7  99999.00  99999.00  99999.00  99999.00  99999.00  99999.00  99999.00  99999.00       0       0       1       1
31538  09  12     5  99999.00  99999.00  99999.00  99999.00  99999.00  99999.00  99999.00  99999.00       0       0       0       0
31538  09  12     3  99999.00  99999.00  99999.00  99999.00  99999.00  99999.00  99999.00  99999.00       0       0       0       0
31538  09  12     2  99999.00  99999.00  99999.00  99999.00  99999.00  99999.00  99999.00  99999.00       0       0       0       0
31538  09  12     1  99999.00  99999.00  99999.00  99999.00  99999.00  99999.00  99999.00  99999.00       0       0       0       0
31538  10  12  9999    930.75   1013.79  99999.00  99999.00   -316.08    343.08   -182.95    321.89     445       0     445     445
31538  10  12  1000  99999.00  99999.00  99999.00  99999.00  99999.00  99999.00  99999.00  99999.00       0       0       0       0
31538  10  12   925  99999.00  99999.00    421.12   1083.76   -358.75    395.21   -470.71    332.81       0     262     262     253
31538  10  12   900  99999.00  99999.00  99999.00  99999.00  99999.00  99999.00  99999.00  99999.00       0       0       6       6
31538  10  12   850  99999.00  99999.00   1073.08   1773.16   -412.09    342.95   -503.74    298.10       0     508     506     478
31538  10  12   800  99999.00  99999.00  99999.00  99999.00  99999.00  99999.00  99999.00  99999.00       0       0       6       6
31538  10  12   700  99999.00  99999.00   2459.59   3409.51   -455.02    231.98   -631.12    254.72       0     507     509     482
31538  10  12   600  99999.00  99999.00  99999.00  99999.00  99999.00  99999.00  99999.00  99999.00       0       0      10      10
31538  10  12   500  99999.00  99999.00   4725.31   6157.27   -569.82     43.26   -734.79     50.85       0     503     502     481
31538  10  12   400  99999.00  99999.00   6108.23   7927.67   -659.75    -91.67   -811.41    -72.69       0     497     500     448
31538  10  12   300  99999.00  99999.00   7899.20   9980.84   -697.82   -313.46   -813.88   -325.24       0     489     491     348
31538  10  12   250  99999.00  99999.00   9086.48  11148.56   -801.17   -286.97   -871.00   -346.84       0     484     481     343
31538  10  12   200  99999.00  99999.00  10609.91  12477.83   -837.51   -236.55   -894.92   -323.00       0     481     479     338
31538  10  12   150  99999.00  99999.00  12561.45  14235.21   -722.91   -338.31   -830.18   -399.74       0     467     470     333
31538  10  12   100  99999.00  99999.00  15229.39  16775.35   -692.18   -382.58   -856.48   -417.40       0     439     439     317
31538  10  12    80  99999.00  99999.00  99999.00  99999.00  99999.00  99999.00  99999.00  99999.00       0       0       5       5
31538  10  12    70  99999.00  99999.00  17542.79  19022.99   -703.85   -376.49   -883.84   -414.16       0     394     391     294
31538  10  12    60  99999.00  99999.00  99999.00  99999.00  99999.00  99999.00  99999.00  99999.00       0       0      11      10
31538  10  12    50  99999.00  99999.00  19686.63  21186.27   -713.08   -363.52   -900.68   -405.32       0     335     339     261
31538  10  12    40  99999.00  99999.00  99999.00  99999.00  99999.00  99999.00  99999.00  99999.00       0       0      27      26
31538  10  12    30  99999.00  99999.00  22883.83  24555.19   -729.85   -308.17   -910.30   -379.06       0     266     270     217
31538  10  12    20  99999.00  99999.00  25499.40  27200.40   -714.90   -281.46   -944.40   -327.84       0     201     207     175
31538  10  12    15  99999.00  99999.00  99999.00  99999.00  99999.00  99999.00  99999.00  99999.00       0       0      18      16
31538  10  12    10  99999.00  99999.00  99999.00  99999.00  99999.00  99999.00  99999.00  99999.00       0      43      52      34
31538  10  12     7  99999.00  99999.00  99999.00  99999.00  99999.00  99999.00  99999.00  99999.00       0       0       1       1
31538  10  12     5  99999.00  99999.00  99999.00  99999.00  99999.00  99999.00  99999.00  99999.00       0       0       0       0
31538  10  12     3  99999.00  99999.00  99999.00  99999.00  99999.00  99999.00  99999.00  99999.00       0       0       0       0
31538  10  12     2  99999.00  99999.00  99999.00  99999.00  99999.00  99999.00  99999.00  99999.00       0       0       0       0
31538  10  12     1  99999.00  99999.00  99999.00  99999.00  99999.00  99999.00  99999.00  99999.00       0       0       0       0
31538  11  12  9999    930.44   1016.36  99999.00  99999.00   -540.23    306.97    -97.50    173.58     425       0     424     423
31538  11  12  1000  99999.00  99999.00  99999.00  99999.00  99999.00  99999.00  99999.00  99999.00       0       0       0       0
31538  11  12   925  99999.00  99999.00    409.57   1062.13   -546.99    325.53   -559.08    258.24       0     248     258     247
31538  11  12   900  99999.00  99999.00  99999.00  99999.00  99999.00  99999.00  99999.00  99999.00       0       0       4       4
31538  11  12   850  99999.00  99999.00   1028.35   1737.79   -531.16    255.20   -603.24    239.40       0     478     477     463
31538  11  12   800  99999.00  99999.00  99999.00  99999.00  99999.00  99999.00  99999.00  99999.00       0       0       6       6
31538  11  12   700  99999.00  99999.00   2364.61   3324.61   -564.15    186.09   -672.03    171.93       0     472     469     457
31538  11  12   600  99999.00  99999.00  99999.00  99999.00  99999.00  99999.00  99999.00  99999.00       0       0       9       9
31538  11  12   500  99999.00  99999.00   4512.44   6051.56   -672.03     13.41   -761.54    -13.94       0     474     476     460
31538  11  12   400  99999.00  99999.00   5856.68   7775.60   -723.59   -143.15   -814.07   -161.03       0     474     473     398
31538  11  12   300  99999.00  99999.00   7600.94   9806.90   -726.75   -345.15   -818.55   -368.31       0     467     465     350
31538  11  12   250  99999.00  99999.00   8777.42  10963.46   -824.73   -291.69   -904.71   -328.11       0     454     458     345
31538  11  12   200  99999.00  99999.00  10318.06  12267.94   -855.23   -236.39   -917.80   -305.32       0     450     449     340
31538  11  12   150  99999.00  99999.00  12269.98  14006.26   -753.37   -314.05   -856.40   -368.84       0     446     448     340
31538  11  12   100  99999.00  99999.00  14940.75  16541.67   -750.79   -329.35   -916.00   -352.84       0     431     432     330
31538  11  12    80  99999.00  99999.00  99999.00  99999.00  99999.00  99999.00  99999.00  99999.00       0       0      12      11
31538  11  12    70  99999.00  99999.00  17191.26  18851.70   -777.59   -308.87   -952.81   -339.97       0     411     408     313
31538  11  12    60  99999.00  99999.00  99999.00  99999.00  99999.00  99999.00  99999.00  99999.00       0       0      11       9
31538  11  12    50  99999.00  99999.00  19282.04  21057.32   -782.94   -301.38   -964.42   -337.30       0     378     378     299
31538  11  12    40  99999.00  99999.00  99999.00  99999.00  99999.00  99999.00  99999.00  99999.00       0       0      17      16
31538  11  12    30  99999.00  99999.00  22390.84  24498.76   -797.21   -251.09   -983.96   -296.48       0     319     321     258
31538  11  12    20  99999.00  99999.00  24846.97  27313.45   -816.24   -187.68  -1027.18   -228.46       0     239     245     194
31538  11  12    15  99999.00  99999.00  99999.00  99999.00  99999.00  99999.00  99999.00  99999.00       0       0      33      32
31538  11  12    10  99999.00  99999.00  29105.81  32193.89   -831.41    -96.41  99999.00  99999.00       0      67      79      43
31538  11  12     7  99999.00  99999.00  99999.00  99999.00  99999.00  99999.00  99999.00  99999.00       0       0       5       5
31538  11  12     5  99999.00  99999.00  99999.00  99999.00  99999.00  99999.00  99999.00  99999.00       0       0       0       0
31538  11  12     3  99999.00  99999.00  99999.00  99999.00  99999.00  99999.00  99999.00  99999.00       0       0       0       0
31538  11  12     2  99999.00  99999.00  99999.00  99999.00  99999.00  99999.00  99999.00  99999.00       0       0       0       0
31538  11  12     1  99999.00  99999.00  99999.00  99999.00  99999.00  99999.00  99999.00  99999.00       0       0       0       0
31538  12  12  9999    934.03   1015.15  99999.00  99999.00   -572.29    119.63    -47.04    101.16     407       0     406     406
31538  12  12  1000  99999.00  99999.00  99999.00  99999.00  99999.00  99999.00  99999.00  99999.00       0       0       0       0
31538  12  12   925  99999.00  99999.00    418.92   1042.20   -514.93    118.79   -548.35    103.49       0     278     285     280
31538  12  12   900  99999.00  99999.00  99999.00  99999.00  99999.00  99999.00  99999.00  99999.00       0       0       7       6
31538  12  12   850  99999.00  99999.00   1033.67   1683.83   -540.12    149.88   -573.06    115.74       0     447     448     442
31538  12  12   800  99999.00  99999.00  99999.00  99999.00  99999.00  99999.00  99999.00  99999.00       0       0       8       8
31538  12  12   700  99999.00  99999.00   2362.94   3220.82   -531.80     63.40   -603.19     36.05       0     450     452     447
31538  12  12   600  99999.00  99999.00  99999.00  99999.00  99999.00  99999.00  99999.00  99999.00       0       0       5       5
31538  12  12   500  99999.00  99999.00   4547.40   5824.56   -645.17    -96.53   -706.25   -132.29       0     448     445     404
31538  12  12   400  99999.00  99999.00   5928.64   7458.88   -696.32   -244.28   -788.37   -252.45       0     444     441     335
31538  12  12   300  99999.00  99999.00   7682.95   9425.95   -753.28   -365.20   -832.01   -388.25       0     436     436     322
31538  12  12   250  99999.00  99999.00   8881.84  10543.00   -846.88   -287.20   -913.27   -327.91       0     429     427     313
31538  12  12   200  99999.00  99999.00  10354.22  11909.66   -821.33   -268.61   -888.92   -321.44       0     417     416     307
31538  12  12   150  99999.00  99999.00  12216.99  13739.43   -773.58   -291.66   -855.98   -350.90       0     403     402     298
31538  12  12   100  99999.00  99999.00  14762.20  16423.24   -787.98   -273.18   -891.39   -332.91       0     379     375     285
31538  12  12    80  99999.00  99999.00  99999.00  99999.00  99999.00  99999.00  99999.00  99999.00       0       0       7       7
31538  12  12    70  99999.00  99999.00  16953.49  18819.01   -811.08   -242.04   -919.41   -314.49       0     355     352     276
31538  12  12    60  99999.00  99999.00  99999.00  99999.00  99999.00  99999.00  99999.00  99999.00       0       0      17      16
31538  12  12    50  99999.00  99999.00  19008.40  21109.00   -806.69   -226.85   -922.05   -313.29       0     316     315     252
31538  12  12    40  99999.00  99999.00  99999.00  99999.00  99999.00  99999.00  99999.00  99999.00       0       0      22      21
31538  12  12    30  99999.00  99999.00  22163.10  24624.78   -835.27   -162.07   -980.96   -247.04       0     246     245     201
31538  12  12    20  99999.00  99999.00  24673.33  27442.81   -887.42    -81.50  -1072.23   -145.71       0     187     194     159
31538  12  12    15  99999.00  99999.00  99999.00  99999.00  99999.00  99999.00  99999.00  99999.00       0       0      29      27
31538  12  12    10  99999.00  99999.00  99999.00  99999.00  99999.00  99999.00  99999.00  99999.00       0      28      39      29
31538  12  12     7  99999.00  99999.00  99999.00  99999.00  99999.00  99999.00  99999.00  99999.00       0       0       2       2
31538  12  12     5  99999.00  99999.00  99999.00  99999.00  99999.00  99999.00  99999.00  99999.00       0       0       0       0
31538  12  12     3  99999.00  99999.00  99999.00  99999.00  99999.00  99999.00  99999.00  99999.00       0       0       0       0
31538  12  12     2  99999.00  99999.00  99999.00  99999.00  99999.00  99999.00  99999.00  99999.00       0       0       0       0
31538  12  12     1  99999.00  99999.00  99999.00  99999.00  99999.00  99999.00  99999.00  99999.00       0       0       0       0
