48568  01  12  9999    999.97   1020.37  99999.00  99999.00    219.51    320.67    -93.96    178.56     251       0     250     249
48568  01  12  1000  99999.00  99999.00      5.68    180.88    217.92    303.96    154.61    292.25       0     271     267     267
48568  01  12   925  99999.00  99999.00  99999.00  99999.00  99999.00  99999.00  99999.00  99999.00       0       2       4       4
48568  01  12   900  99999.00  99999.00  99999.00  99999.00  99999.00  99999.00  99999.00  99999.00       0       0       5       5
48568  01  12   850  99999.00  99999.00   1422.97   1585.69     98.60    232.40    -26.21    273.67       0     269     270     270
48568  01  12   800  99999.00  99999.00  99999.00  99999.00  99999.00  99999.00  99999.00  99999.00       0       0       5       5
48568  01  12   700  99999.00  99999.00   3055.31   3221.63     20.90    171.14   -415.02    373.38       0     268     266     266
48568  01  12   600  99999.00  99999.00  99999.00  99999.00  99999.00  99999.00  99999.00  99999.00       0       0       3       2
48568  01  12   500  99999.00  99999.00   5756.20   5958.16   -120.69     12.27   -572.80    176.00       0     262     262     256
48568  01  12   400  99999.00  99999.00   7458.73   7692.49   -218.20    -94.72   -636.59     12.73       0     261     270     262
48568  01  12   300  99999.00  99999.00   9535.32   9827.40   -376.49   -247.61   -709.04   -180.08       0     257     256     245
48568  01  12   250  99999.00  99999.00  10778.90  11115.26   -483.50   -345.26   -756.51   -298.83       0     253     254      63
48568  01  12   200  99999.00  99999.00  12223.30  12618.34   -608.38   -470.50  99999.00  99999.00       0     250     249      27
48568  01  12   150  99999.00  99999.00  13958.00  14451.80   -793.13   -578.45  99999.00  99999.00       0     247     243      25
48568  01  12   100  99999.00  99999.00  16243.02  16850.70   -998.85   -633.69  99999.00  99999.00       0     223     226      27
48568  01  12    80  99999.00  99999.00  99999.00  99999.00  99999.00  99999.00  99999.00  99999.00       0       0      23       3
48568  01  12    70  99999.00  99999.00  18190.39  18972.55   -952.28   -565.04  99999.00  99999.00       0     183     184      18
48568  01  12    60  99999.00  99999.00  99999.00  99999.00  99999.00  99999.00  99999.00  99999.00       0       0      15       2
48568  01  12    50  99999.00  99999.00  20129.76  20977.68   -873.87   -481.59  99999.00  99999.00       0     156     156      10
48568  01  12    40  99999.00  99999.00  99999.00  99999.00  99999.00  99999.00  99999.00  99999.00       0       0      22       1
48568  01  12    30  99999.00  99999.00  23037.21  24343.89   -779.31   -399.87  99999.00  99999.00       0     127     126       6
48568  01  12    20  99999.00  99999.00  25569.73  26992.69   -707.45   -359.81  99999.00  99999.00       0      66      70       2
48568  01  12    15  99999.00  99999.00  99999.00  99999.00  99999.00  99999.00  99999.00  99999.00       0       0       4       0
48568  01  12    10  99999.00  99999.00  99999.00  99999.00  99999.00  99999.00  99999.00  99999.00       0       0       0       0
48568  01  12     7  99999.00  99999.00  99999.00  99999.00  99999.00  99999.00  99999.00  99999.00       0       0       0       0
48568  01  12     5  99999.00  99999.00  99999.00  99999.00  99999.00  99999.00  99999.00  99999.00       0       0       0       0
48568  01  12     3  99999.00  99999.00  99999.00  99999.00  99999.00  99999.00  99999.00  99999.00       0       0       0       0
48568  01  12     2  99999.00  99999.00  99999.00  99999.00  99999.00  99999.00  99999.00  99999.00       0       0       0       0
48568  01  12     1  99999.00  99999.00  99999.00  99999.00  99999.00  99999.00  99999.00  99999.00       0       0       0       0
48568  02  12  9999    995.51   1023.23  99999.00  99999.00    219.94    336.34    -19.08    112.20     220       0     220     220
48568  02  12  1000  99999.00  99999.00    -48.68    219.76    216.97    316.57    150.11    301.67       0     232     232     230
48568  02  12   925  99999.00  99999.00  99999.00  99999.00  99999.00  99999.00  99999.00  99999.00       0       1       3       3
48568  02  12   900  99999.00  99999.00  99999.00  99999.00  99999.00  99999.00  99999.00  99999.00       0       0       1       1
48568  02  12   850  99999.00  99999.00   1393.49   1609.49     98.31    254.43   -127.64    350.32       0     226     229     228
48568  02  12   800  99999.00  99999.00  99999.00  99999.00  99999.00  99999.00  99999.00  99999.00       0       0       4       4
48568  02  12   700  99999.00  99999.00   3036.08   3240.32     24.36    168.12   -451.32    389.76       0     231     228     226
48568  02  12   600  99999.00  99999.00  99999.00  99999.00  99999.00  99999.00  99999.00  99999.00       0       0       2       2
48568  02  12   500  99999.00  99999.00   5741.40   5971.44   -117.81      6.87   -593.18    191.62       0     232     232     227
48568  02  12   400  99999.00  99999.00   7460.46   7687.14   -232.24    -89.92   -632.50     17.66       0     229     237     230
48568  02  12   300  99999.00  99999.00   9543.84   9811.56   -382.29   -244.65   -700.12   -187.60       0     226     225     220
48568  02  12   250  99999.00  99999.00  10792.38  11091.18   -486.35   -345.95  99999.00  99999.00       0     222     224      41
48568  02  12   200  99999.00  99999.00  12237.88  12590.80   -618.34   -462.34  99999.00  99999.00       0     218     216      26
48568  02  12   150  99999.00  99999.00  13986.89  14415.41   -783.82   -582.22  99999.00  99999.00       0     208     207      23
48568  02  12   100  99999.00  99999.00  16243.48  16855.24   -980.54   -640.22  99999.00  99999.00       0     173     178      18
48568  02  12    80  99999.00  99999.00  99999.00  99999.00  99999.00  99999.00  99999.00  99999.00       0       0       9       2
48568  02  12    70  99999.00  99999.00  18170.28  18974.88   -980.04   -557.40  99999.00  99999.00       0     155     156      14
48568  02  12    60  99999.00  99999.00  99999.00  99999.00  99999.00  99999.00  99999.00  99999.00       0       0      17       4
48568  02  12    50  99999.00  99999.00  20119.80  20970.36   -872.83   -503.11  99999.00  99999.00       0     128     128       9
48568  02  12    40  99999.00  99999.00  99999.00  99999.00  99999.00  99999.00  99999.00  99999.00       0       0      10       1
48568  02  12    30  99999.00  99999.00  23085.68  24246.20   -820.17   -384.93  99999.00  99999.00       0     101     102       8
48568  02  12    20  99999.00  99999.00  99999.00  99999.00  99999.00  99999.00  99999.00  99999.00       0      54      56       4
48568  02  12    15  99999.00  99999.00  99999.00  99999.00  99999.00  99999.00  99999.00  99999.00       0       0      10       1
48568  02  12    10  99999.00  99999.00  99999.00  99999.00  99999.00  99999.00  99999.00  99999.00       0       0       1       0
48568  02  12     7  99999.00  99999.00  99999.00  99999.00  99999.00  99999.00  99999.00  99999.00       0       0       0       0
48568  02  12     5  99999.00  99999.00  99999.00  99999.00  99999.00  99999.00  99999.00  99999.00       0       0       0       0
48568  02  12     3  99999.00  99999.00  99999.00  99999.00  99999.00  99999.00  99999.00  99999.00       0       0       0       0
48568  02  12     2  99999.00  99999.00  99999.00  99999.00  99999.00  99999.00  99999.00  99999.00       0       0       0       0
48568  02  12     1  99999.00  99999.00  99999.00  99999.00  99999.00  99999.00  99999.00  99999.00       0       0       0       0
48568  03  12  9999    996.52   1019.80  99999.00  99999.00    222.95    350.63   -120.82    219.98     257       0     256     256
48568  03  12  1000  99999.00  99999.00    -25.61    178.99    218.24    337.28    150.61    314.53       0     277     272     272
48568  03  12   925  99999.00  99999.00  99999.00  99999.00  99999.00  99999.00  99999.00  99999.00       0       0       5       5
48568  03  12   900  99999.00  99999.00  99999.00  99999.00  99999.00  99999.00  99999.00  99999.00       0       0       4       4
48568  03  12   850  99999.00  99999.00   1407.89   1588.97    101.17    276.01   -123.35    362.89       0     277     274     273
48568  03  12   800  99999.00  99999.00  99999.00  99999.00  99999.00  99999.00  99999.00  99999.00       0       0       2       2
48568  03  12   700  99999.00  99999.00   3041.63   3238.31     26.10    174.90   -395.13    347.07       0     273     274     272
48568  03  12   600  99999.00  99999.00  99999.00  99999.00  99999.00  99999.00  99999.00  99999.00       0       0       1       1
48568  03  12   500  99999.00  99999.00   5736.91   5985.31   -123.62     20.14   -546.85    178.55       0     271     270     255
48568  03  12   400  99999.00  99999.00   7430.41   7731.01   -229.65    -81.69   -688.92     85.56       0     267     276     260
48568  03  12   300  99999.00  99999.00   9502.18   9872.62   -379.38   -237.06   -706.30   -147.58       0     258     254     242
48568  03  12   250  99999.00  99999.00  10756.87  11155.03   -489.87   -329.43   -798.03   -205.71       0     252     254      90
48568  03  12   200  99999.00  99999.00  12194.57  12672.29   -624.31   -445.03  99999.00  99999.00       0     242     241      23
48568  03  12   150  99999.00  99999.00  13924.56  14517.00   -790.24   -574.96  99999.00  99999.00       0     230     235      22
48568  03  12   100  99999.00  99999.00  16164.44  16966.88   -991.24   -633.76  99999.00  99999.00       0     212     216      20
48568  03  12    80  99999.00  99999.00  99999.00  99999.00  99999.00  99999.00  99999.00  99999.00       0       0      13       2
48568  03  12    70  99999.00  99999.00  18127.14  19074.06   -992.37   -546.33  99999.00  99999.00       0     167     169      13
48568  03  12    60  99999.00  99999.00  99999.00  99999.00  99999.00  99999.00  99999.00  99999.00       0       0      11       2
48568  03  12    50  99999.00  99999.00  19962.36  21171.48   -923.43   -440.07  99999.00  99999.00       0     130     132      10
48568  03  12    40  99999.00  99999.00  99999.00  99999.00  99999.00  99999.00  99999.00  99999.00       0       0      14       1
48568  03  12    30  99999.00  99999.00  22892.32  24523.12   -785.19   -386.67  99999.00  99999.00       0     101     101       6
48568  03  12    20  99999.00  99999.00  99999.00  99999.00  99999.00  99999.00  99999.00  99999.00       0      48      50       5
48568  03  12    15  99999.00  99999.00  99999.00  99999.00  99999.00  99999.00  99999.00  99999.00       0       0       4       0
48568  03  12    10  99999.00  99999.00  99999.00  99999.00  99999.00  99999.00  99999.00  99999.00       0       0       1       1
48568  03  12     7  99999.00  99999.00  99999.00  99999.00  99999.00  99999.00  99999.00  99999.00       0       0       0       0
48568  03  12     5  99999.00  99999.00  99999.00  99999.00  99999.00  99999.00  99999.00  99999.00       0       0       0       0
48568  03  12     3  99999.00  99999.00  99999.00  99999.00  99999.00  99999.00  99999.00  99999.00       0       0       0       0
48568  03  12     2  99999.00  99999.00  99999.00  99999.00  99999.00  99999.00  99999.00  99999.00       0       0       0       0
48568  03  12     1  99999.00  99999.00  99999.00  99999.00  99999.00  99999.00  99999.00  99999.00       0       0       0       0
48568  04  12  9999    997.06   1016.38  99999.00  99999.00    201.90    383.82    -39.90    134.22     266       0     265     265
48568  04  12  1000  99999.00  99999.00    -22.31    152.05    200.49    371.49    123.47    354.35       0     293     288     288
48568  04  12   925  99999.00  99999.00  99999.00  99999.00  99999.00  99999.00  99999.00  99999.00       0       0       6       6
48568  04  12   900  99999.00  99999.00  99999.00  99999.00  99999.00  99999.00  99999.00  99999.00       0       0       4       4
48568  04  12   850  99999.00  99999.00   1403.80   1579.00    117.82    273.22    -38.13    324.99       0     291     287     287
48568  04  12   800  99999.00  99999.00  99999.00  99999.00  99999.00  99999.00  99999.00  99999.00       0       0       1       1
48568  04  12   700  99999.00  99999.00   3047.60   3228.08     28.89    179.01   -325.94    344.50       0     287     287     283
48568  04  12   600  99999.00  99999.00  99999.00  99999.00  99999.00  99999.00  99999.00  99999.00       0       0       4       4
48568  04  12   500  99999.00  99999.00   5749.93   5979.97   -115.22     23.26   -539.20    202.88       0     283     283     269
48568  04  12   400  99999.00  99999.00   7435.55   7738.31   -220.87    -82.99   -633.51     81.81       0     277     276     264
48568  04  12   300  99999.00  99999.00   9514.88   9882.08   -371.12   -231.20   -698.74   -122.14       0     269     267     250
48568  04  12   250  99999.00  99999.00  10763.05  11179.81   -476.55   -325.59   -758.30   -222.98       0     259     259     134
48568  04  12   200  99999.00  99999.00  12206.87  12699.47   -614.29   -439.93  99999.00  99999.00       0     252     247      18
48568  04  12   150  99999.00  99999.00  13936.20  14553.96   -785.46   -571.14  99999.00  99999.00       0     244     244      18
48568  04  12   100  99999.00  99999.00  16171.07  17007.47  -1018.44   -617.40  99999.00  99999.00       0     218     223      21
48568  04  12    80  99999.00  99999.00  99999.00  99999.00  99999.00  99999.00  99999.00  99999.00       0       0      12       1
48568  04  12    70  99999.00  99999.00  18071.94  19186.14  -1025.02   -491.62  99999.00  99999.00       0     145     148      12
48568  04  12    60  99999.00  99999.00  99999.00  99999.00  99999.00  99999.00  99999.00  99999.00       0       0      13       0
48568  04  12    50  99999.00  99999.00  19919.30  21309.38   -867.36   -464.28  99999.00  99999.00       0      99      98       6
48568  04  12    40  99999.00  99999.00  99999.00  99999.00  99999.00  99999.00  99999.00  99999.00       0       0      15       1
48568  04  12    30  99999.00  99999.00  22945.56  24587.04   -813.49   -337.33  99999.00  99999.00       0      73      73       4
48568  04  12    20  99999.00  99999.00  99999.00  99999.00  99999.00  99999.00  99999.00  99999.00       0      41      43       1
48568  04  12    15  99999.00  99999.00  99999.00  99999.00  99999.00  99999.00  99999.00  99999.00       0       0       5       0
48568  04  12    10  99999.00  99999.00  99999.00  99999.00  99999.00  99999.00  99999.00  99999.00       0       0       0       0
48568  04  12     7  99999.00  99999.00  99999.00  99999.00  99999.00  99999.00  99999.00  99999.00       0       0       0       0
48568  04  12     5  99999.00  99999.00  99999.00  99999.00  99999.00  99999.00  99999.00  99999.00       0       0       0       0
48568  04  12     3  99999.00  99999.00  99999.00  99999.00  99999.00  99999.00  99999.00  99999.00       0       0       0       0
48568  04  12     2  99999.00  99999.00  99999.00  99999.00  99999.00  99999.00  99999.00  99999.00       0       0       0       0
48568  04  12     1  99999.00  99999.00  99999.00  99999.00  99999.00  99999.00  99999.00  99999.00       0       0       0       0
48568  05  12  9999    998.29   1014.13  99999.00  99999.00    173.43    410.91    -73.66    166.82     344       0     338     337
48568  05  12  1000  99999.00  99999.00    -10.01    131.59    179.77    393.01    160.30    320.74       0     359     354     353
48568  05  12   925  99999.00  99999.00  99999.00  99999.00  99999.00  99999.00  99999.00  99999.00       0       0       0       0
48568  05  12   900  99999.00  99999.00  99999.00  99999.00  99999.00  99999.00  99999.00  99999.00       0       0       2       2
48568  05  12   850  99999.00  99999.00   1413.26   1562.30    128.47    262.63     30.62    278.54       0     349     346     346
48568  05  12   800  99999.00  99999.00  99999.00  99999.00  99999.00  99999.00  99999.00  99999.00       0       0       2       2
48568  05  12   700  99999.00  99999.00   3050.37   3221.13     40.60    173.08   -161.50    255.50       0     342     346     343
48568  05  12   600  99999.00  99999.00  99999.00  99999.00  99999.00  99999.00  99999.00  99999.00       0       0       6       6
48568  05  12   500  99999.00  99999.00   5750.02   5982.10   -111.21     19.71   -423.80    189.40       0     345     348     343
48568  05  12   400  99999.00  99999.00   7446.76   7737.28   -219.79    -73.99   -548.99     84.73       0     342     353     341
48568  05  12   300  99999.00  99999.00   9523.55   9896.51   -371.67   -214.95   -686.98    -90.58       0     329     326     310
48568  05  12   250  99999.00  99999.00  10766.13  11205.69   -471.42   -314.94   -758.14   -206.50       0     323     320     242
48568  05  12   200  99999.00  99999.00  12212.45  12731.81   -601.18   -440.14  99999.00  99999.00       0     319     314      41
48568  05  12   150  99999.00  99999.00  13963.17  14575.53   -762.38   -586.10  99999.00  99999.00       0     308     306      41
48568  05  12   100  99999.00  99999.00  16251.05  16984.85  -1021.22   -609.26  99999.00  99999.00       0     259     268      37
48568  05  12    80  99999.00  99999.00  99999.00  99999.00  99999.00  99999.00  99999.00  99999.00       0       0      17       6
48568  05  12    70  99999.00  99999.00  18161.14  19164.46   -989.52   -515.40  99999.00  99999.00       0     182     181      32
48568  05  12    60  99999.00  99999.00  99999.00  99999.00  99999.00  99999.00  99999.00  99999.00       0       0      14       5
48568  05  12    50  99999.00  99999.00  20116.91  21190.67   -841.22   -477.38  99999.00  99999.00       0     116     115      24
48568  05  12    40  99999.00  99999.00  99999.00  99999.00  99999.00  99999.00  99999.00  99999.00       0       0       9       3
48568  05  12    30  99999.00  99999.00  23115.60  24527.40   -757.86   -359.34  99999.00  99999.00       0      80      81      12
48568  05  12    20  99999.00  99999.00  99999.00  99999.00  99999.00  99999.00  99999.00  99999.00       0      38      38       5
48568  05  12    15  99999.00  99999.00  99999.00  99999.00  99999.00  99999.00  99999.00  99999.00       0       0       4       1
48568  05  12    10  99999.00  99999.00  99999.00  99999.00  99999.00  99999.00  99999.00  99999.00       0       1       1       0
48568  05  12     7  99999.00  99999.00  99999.00  99999.00  99999.00  99999.00  99999.00  99999.00       0       0       0       0
48568  05  12     5  99999.00  99999.00  99999.00  99999.00  99999.00  99999.00  99999.00  99999.00       0       0       0       0
48568  05  12     3  99999.00  99999.00  99999.00  99999.00  99999.00  99999.00  99999.00  99999.00       0       0       0       0
48568  05  12     2  99999.00  99999.00  99999.00  99999.00  99999.00  99999.00  99999.00  99999.00       0       0       0       0
48568  05  12     1  99999.00  99999.00  99999.00  99999.00  99999.00  99999.00  99999.00  99999.00       0       0       0       0
48568  06  12  9999    998.87   1014.23  99999.00  99999.00    163.76    419.24   -159.85    268.67     274       0     272     272
48568  06  12  1000  99999.00  99999.00     -7.08    134.88    176.60    396.32     69.92    395.00       0     304     298     296
48568  06  12   925  99999.00  99999.00  99999.00  99999.00  99999.00  99999.00  99999.00  99999.00       0       0       1       1
48568  06  12   900  99999.00  99999.00  99999.00  99999.00  99999.00  99999.00  99999.00  99999.00       0       0       5       5
48568  06  12   850  99999.00  99999.00   1415.34   1564.74    132.12    252.60     14.67    285.15       0     297     296     294
48568  06  12   800  99999.00  99999.00  99999.00  99999.00  99999.00  99999.00  99999.00  99999.00       0       0       3       3
48568  06  12   700  99999.00  99999.00   3051.20   3220.52     34.84    174.16   -220.04    281.92       0     291     291     289
48568  06  12   600  99999.00  99999.00  99999.00  99999.00  99999.00  99999.00  99999.00  99999.00       0       0       7       7
48568  06  12   500  99999.00  99999.00   5747.33   5970.77   -119.97     15.27   -348.52    125.48       0     294     293     291
48568  06  12   400  99999.00  99999.00   7447.26   7714.62   -217.86    -85.50   -522.32     64.12       0     288     298     293
48568  06  12   300  99999.00  99999.00   9522.61   9866.65   -366.52   -230.44   -640.67   -122.39       0     283     282     279
48568  06  12   250  99999.00  99999.00  10770.61  11165.41   -471.93   -324.33   -758.99   -202.19       0     277     273     193
48568  06  12   200  99999.00  99999.00  12222.56  12682.04   -608.49   -440.61  99999.00  99999.00       0     270     273      38
48568  06  12   150  99999.00  99999.00  13967.15  14528.27   -786.10   -559.90  99999.00  99999.00       0     258     257      33
48568  06  12   100  99999.00  99999.00  16244.80  16964.44   -987.57   -606.69  99999.00  99999.00       0     225     233      31
48568  06  12    80  99999.00  99999.00  99999.00  99999.00  99999.00  99999.00  99999.00  99999.00       0       0      15       6
48568  06  12    70  99999.00  99999.00  18239.30  19111.34   -928.02   -526.74  99999.00  99999.00       0     158     160      25
48568  06  12    60  99999.00  99999.00  99999.00  99999.00  99999.00  99999.00  99999.00  99999.00       0       0      17       4
48568  06  12    50  99999.00  99999.00  20213.35  21127.39   -817.13   -493.85  99999.00  99999.00       0     107     108      20
48568  06  12    40  99999.00  99999.00  99999.00  99999.00  99999.00  99999.00  99999.00  99999.00       0       0       7       1
48568  06  12    30  99999.00  99999.00  23257.80  24427.80   -749.68   -361.12  99999.00  99999.00       0      82      86      13
48568  06  12    20  99999.00  99999.00  99999.00  99999.00  99999.00  99999.00  99999.00  99999.00       0      39      42       8
48568  06  12    15  99999.00  99999.00  99999.00  99999.00  99999.00  99999.00  99999.00  99999.00       0       0      10       2
48568  06  12    10  99999.00  99999.00  99999.00  99999.00  99999.00  99999.00  99999.00  99999.00       0       0       1       0
48568  06  12     7  99999.00  99999.00  99999.00  99999.00  99999.00  99999.00  99999.00  99999.00       0       0       0       0
48568  06  12     5  99999.00  99999.00  99999.00  99999.00  99999.00  99999.00  99999.00  99999.00       0       0       0       0
48568  06  12     3  99999.00  99999.00  99999.00  99999.00  99999.00  99999.00  99999.00  99999.00       0       0       0       0
48568  06  12     2  99999.00  99999.00  99999.00  99999.00  99999.00  99999.00  99999.00  99999.00       0       0       0       0
48568  06  12     1  99999.00  99999.00  99999.00  99999.00  99999.00  99999.00  99999.00  99999.00       0       0       0       0
48568  07  12  9999    999.79   1013.95  99999.00  99999.00    172.92    402.96    -93.21    200.79     278       0     276     276
48568  07  12  1000  99999.00  99999.00     -1.30    133.70    175.47    391.71    126.71    335.99       0     310     298     298
48568  07  12   925  99999.00  99999.00  99999.00  99999.00  99999.00  99999.00  99999.00  99999.00       0       0       2       2
48568  07  12   900  99999.00  99999.00  99999.00  99999.00  99999.00  99999.00  99999.00  99999.00       0       0       2       2
48568  07  12   850  99999.00  99999.00   1421.76   1558.80    123.03    247.71     21.69    274.53       0     302     300     299
48568  07  12   800  99999.00  99999.00  99999.00  99999.00  99999.00  99999.00  99999.00  99999.00       0       0       6       6
48568  07  12   700  99999.00  99999.00   3052.47   3211.59     33.19    158.11   -182.14    248.78       0     301     300     299
48568  07  12   600  99999.00  99999.00  99999.00  99999.00  99999.00  99999.00  99999.00  99999.00       0       0       3       3
48568  07  12   500  99999.00  99999.00   5748.34   5949.10   -122.12      2.92   -388.10    142.42       0     298     298     298
48568  07  12   400  99999.00  99999.00   7445.59   7684.03   -220.96   -100.12   -555.74     71.74       0     297     304     302
48568  07  12   300  99999.00  99999.00   9524.38   9815.14   -373.18   -243.58   -661.40   -126.08       0     290     284     282
48568  07  12   250  99999.00  99999.00  10768.82  11106.14   -481.64   -337.16   -635.30   -325.94       0     286     286      95
48568  07  12   200  99999.00  99999.00  12209.79  12620.79   -620.66   -450.86  99999.00  99999.00       0     278     272       9
48568  07  12   150  99999.00  99999.00  13941.95  14459.99   -797.14   -571.66  99999.00  99999.00       0     267     265       8
48568  07  12   100  99999.00  99999.00  16204.73  16902.41   -978.02   -587.66  99999.00  99999.00       0     238     240       9
48568  07  12    80  99999.00  99999.00  99999.00  99999.00  99999.00  99999.00  99999.00  99999.00       0       0      20       2
48568  07  12    70  99999.00  99999.00  18250.17  19063.17   -870.97   -536.89  99999.00  99999.00       0     186     188       6
48568  07  12    60  99999.00  99999.00  99999.00  99999.00  99999.00  99999.00  99999.00  99999.00       0       0      18       0
48568  07  12    50  99999.00  99999.00  20219.44  21090.64   -832.23   -459.99  99999.00  99999.00       0     139     142       6
48568  07  12    40  99999.00  99999.00  99999.00  99999.00  99999.00  99999.00  99999.00  99999.00       0       0       8       2
48568  07  12    30  99999.00  99999.00  23314.04  24362.84   -745.02   -374.22  99999.00  99999.00       0     109     113       7
48568  07  12    20  99999.00  99999.00  99999.00  99999.00  99999.00  99999.00  99999.00  99999.00       0      54      56       4
48568  07  12    15  99999.00  99999.00  99999.00  99999.00  99999.00  99999.00  99999.00  99999.00       0       0      11       1
48568  07  12    10  99999.00  99999.00  99999.00  99999.00  99999.00  99999.00  99999.00  99999.00       0       3       3       1
48568  07  12     7  99999.00  99999.00  99999.00  99999.00  99999.00  99999.00  99999.00  99999.00       0       0       0       0
48568  07  12     5  99999.00  99999.00  99999.00  99999.00  99999.00  99999.00  99999.00  99999.00       0       0       0       0
48568  07  12     3  99999.00  99999.00  99999.00  99999.00  99999.00  99999.00  99999.00  99999.00       0       0       0       0
48568  07  12     2  99999.00  99999.00  99999.00  99999.00  99999.00  99999.00  99999.00  99999.00       0       0       0       0
48568  07  12     1  99999.00  99999.00  99999.00  99999.00  99999.00  99999.00  99999.00  99999.00       0       0       0       0
48568  08  12  9999    999.32   1014.44  99999.00  99999.00    171.80    404.12    -90.28    201.80     296       0     296     296
48568  08  12  1000  99999.00  99999.00      2.76    130.08    172.55    394.31     90.52    365.56       0     321     314     313
48568  08  12   925  99999.00  99999.00  99999.00  99999.00  99999.00  99999.00  99999.00  99999.00       0       0       4       4
48568  08  12   900  99999.00  99999.00  99999.00  99999.00  99999.00  99999.00  99999.00  99999.00       0       0       5       5
48568  08  12   850  99999.00  99999.00   1421.23   1559.23    125.82    248.82     19.06    270.46       0     320     319     318
48568  08  12   800  99999.00  99999.00  99999.00  99999.00  99999.00  99999.00  99999.00  99999.00       0       0       6       6
48568  08  12   700  99999.00  99999.00   3055.67   3211.31     27.77    169.13   -180.41    252.91       0     318     318     317
48568  08  12   600  99999.00  99999.00  99999.00  99999.00  99999.00  99999.00  99999.00  99999.00       0       0       3       3
48568  08  12   500  99999.00  99999.00   5737.62   5969.22   -130.72     18.56   -374.14    150.62       0     316     318     318
48568  08  12   400  99999.00  99999.00   7423.11   7721.91   -232.22    -81.14   -535.09     69.47       0     315     323     319
48568  08  12   300  99999.00  99999.00   9478.59   9882.51   -383.02   -225.58   -664.70   -107.18       0     309     308     302
48568  08  12   250  99999.00  99999.00  10711.41  11189.97   -491.28   -318.96   -722.12   -221.00       0     306     305     109
48568  08  12   200  99999.00  99999.00  12144.34  12713.62   -631.39   -433.15  99999.00  99999.00       0     293     294       0
48568  08  12   150  99999.00  99999.00  13860.45  14577.93   -795.03   -567.27  99999.00  99999.00       0     273     272       0
48568  08  12   100  99999.00  99999.00  16103.74  17046.22  -1015.14   -549.18  99999.00  99999.00       0     223     225       0
48568  08  12    80  99999.00  99999.00  99999.00  99999.00  99999.00  99999.00  99999.00  99999.00       0       0      13       0
48568  08  12    70  99999.00  99999.00  18126.20  19217.00   -917.51   -474.11  99999.00  99999.00       0     163     162       0
48568  08  12    60  99999.00  99999.00  99999.00  99999.00  99999.00  99999.00  99999.00  99999.00       0       0      17       0
48568  08  12    50  99999.00  99999.00  19966.77  21427.29   -843.35   -426.23  99999.00  99999.00       0     118     117       0
48568  08  12    40  99999.00  99999.00  99999.00  99999.00  99999.00  99999.00  99999.00  99999.00       0       0      16       0
48568  08  12    30  99999.00  99999.00  22917.51  24834.15   -793.92   -323.88  99999.00  99999.00       0      84      84       0
48568  08  12    20  99999.00  99999.00  99999.00  99999.00  99999.00  99999.00  99999.00  99999.00       0      33      35       0
48568  08  12    15  99999.00  99999.00  99999.00  99999.00  99999.00  99999.00  99999.00  99999.00       0       0       4       0
48568  08  12    10  99999.00  99999.00  99999.00  99999.00  99999.00  99999.00  99999.00  99999.00       0       0       0       0
48568  08  12     7  99999.00  99999.00  99999.00  99999.00  99999.00  99999.00  99999.00  99999.00       0       0       0       0
48568  08  12     5  99999.00  99999.00  99999.00  99999.00  99999.00  99999.00  99999.00  99999.00       0       0       0       0
48568  08  12     3  99999.00  99999.00  99999.00  99999.00  99999.00  99999.00  99999.00  99999.00       0       0       0       0
48568  08  12     2  99999.00  99999.00  99999.00  99999.00  99999.00  99999.00  99999.00  99999.00       0       0       0       0
48568  08  12     1  99999.00  99999.00  99999.00  99999.00  99999.00  99999.00  99999.00  99999.00       0       0       0       0
48568  09  12  9999    998.61   1016.25  99999.00  99999.00    178.48    382.48    -80.48    173.68     265       0     263     263
48568  09  12  1000  99999.00  99999.00    -10.57    152.39    176.32    373.12    142.55    316.67       0     292     281     280
48568  09  12   925  99999.00  99999.00  99999.00  99999.00  99999.00  99999.00  99999.00  99999.00       0       0       1       1
48568  09  12   900  99999.00  99999.00  99999.00  99999.00  99999.00  99999.00  99999.00  99999.00       0       0       3       3
48568  09  12   850  99999.00  99999.00   1414.25   1569.89    117.70    251.14     23.19    272.43       0     289     287     287
48568  09  12   800  99999.00  99999.00  99999.00  99999.00  99999.00  99999.00  99999.00  99999.00       0       0       1       1
48568  09  12   700  99999.00  99999.00   3050.23   3216.91     22.32    166.68   -135.52    229.28       0     284     282     282
48568  09  12   600  99999.00  99999.00  99999.00  99999.00  99999.00  99999.00  99999.00  99999.00       0       0       6       6
48568  09  12   500  99999.00  99999.00   5727.92   5975.60   -133.51     22.37   -383.66    159.82       0     284     283     283
48568  09  12   400  99999.00  99999.00   1171.91  13844.27   -230.74    -82.90   -567.64     93.20       0     277     284     283
48568  09  12   300  99999.00  99999.00   9473.96   9886.64   -388.56   -220.44   -683.33   -106.01       0     265     263     261
48568  09  12   250  99999.00  99999.00  10714.37  11183.81   -491.89   -319.81   -700.90   -254.62       0     263     262      89
48568  09  12   200  99999.00  99999.00  12140.82  12714.78   -625.47   -441.75  99999.00  99999.00       0     264     265       0
48568  09  12   150  99999.00  99999.00  13865.88  14565.48   -785.68   -584.56  99999.00  99999.00       0     243     244       1
48568  09  12   100  99999.00  99999.00  16113.31  17022.31  -1019.57   -546.29  99999.00  99999.00       0     215     217       1
48568  09  12    80  99999.00  99999.00  99999.00  99999.00  99999.00  99999.00  99999.00  99999.00       0       0      10       0
48568  09  12    70  99999.00  99999.00  18096.74  19251.02   -927.60   -480.72  99999.00  99999.00       0     152     154       0
48568  09  12    60  99999.00  99999.00  99999.00  99999.00  99999.00  99999.00  99999.00  99999.00       0       0      13       0
48568  09  12    50  99999.00  99999.00  19928.11  21468.31   -856.59   -417.15  99999.00  99999.00       0     106     105       0
48568  09  12    40  99999.00  99999.00  99999.00  99999.00  99999.00  99999.00  99999.00  99999.00       0       0       9       0
48568  09  12    30  99999.00  99999.00  22923.04  24842.56   -771.19   -348.31  99999.00  99999.00       0      75      77       0
48568  09  12    20  99999.00  99999.00  99999.00  99999.00  99999.00  99999.00  99999.00  99999.00       0      37      40       0
48568  09  12    15  99999.00  99999.00  99999.00  99999.00  99999.00  99999.00  99999.00  99999.00       0       0       4       0
48568  09  12    10  99999.00  99999.00  99999.00  99999.00  99999.00  99999.00  99999.00  99999.00       0       0       0       0
48568  09  12     7  99999.00  99999.00  99999.00  99999.00  99999.00  99999.00  99999.00  99999.00       0       0       0       0
48568  09  12     5  99999.00  99999.00  99999.00  99999.00  99999.00  99999.00  99999.00  99999.00       0       0       0       0
48568  09  12     3  99999.00  99999.00  99999.00  99999.00  99999.00  99999.00  99999.00  99999.00       0       0       0       0
48568  09  12     2  99999.00  99999.00  99999.00  99999.00  99999.00  99999.00  99999.00  99999.00       0       0       0       0
48568  09  12     1  99999.00  99999.00  99999.00  99999.00  99999.00  99999.00  99999.00  99999.00       0       0       0       0
48568  10  12  9999   1000.51   1015.75  99999.00  99999.00    186.95    356.75    -57.73    123.83     241       0     239     239
48568  10  12  1000  99999.00  99999.00      1.93    150.49    184.59    351.27    163.77    306.45       0     258     254     253
48568  10  12   925  99999.00  99999.00  99999.00  99999.00  99999.00  99999.00  99999.00  99999.00       0       0       4       4
48568  10  12   900  99999.00  99999.00  99999.00  99999.00  99999.00  99999.00  99999.00  99999.00       0       0       0       0
48568  10  12   850  99999.00  99999.00   1424.93   1566.29    119.92    241.12     36.48    265.92       0     258     256     256
48568  10  12   800  99999.00  99999.00  99999.00  99999.00  99999.00  99999.00  99999.00  99999.00       0       0       1       1
48568  10  12   700  99999.00  99999.00   3047.65   3224.53     30.75    157.11   -164.95    258.65       0     254     254     253
48568  10  12   600  99999.00  99999.00  99999.00  99999.00  99999.00  99999.00  99999.00  99999.00       0       0       6       6
48568  10  12   500  99999.00  99999.00   5728.20   5980.20   -116.05      2.87   -396.49    178.79       0     255     255     255
48568  10  12   400  99999.00  99999.00   7430.96   7715.60   -213.28   -104.44   -516.40     57.44       0     253     261     260
48568  10  12   300  99999.00  99999.00   9498.88   9858.64   -368.58   -245.70   -695.97   -109.89       0     247     246     242
48568  10  12   250  99999.00  99999.00  10753.18  11141.14   -473.19   -344.19   -757.11   -237.39       0     245     242      72
48568  10  12   200  99999.00  99999.00  12205.15  12641.83   -604.82   -471.26  99999.00  99999.00       0     241     240       1
48568  10  12   150  99999.00  99999.00  13955.18  14460.02   -769.78   -614.50  99999.00  99999.00       0     233     231       0
48568  10  12   100  99999.00  99999.00  16236.08  16851.32   -989.99   -625.43  99999.00  99999.00       0     208     209       2
48568  10  12    80  99999.00  99999.00  99999.00  99999.00  99999.00  99999.00  99999.00  99999.00       0       0      14       0
48568  10  12    70  99999.00  99999.00  18248.80  18981.40   -890.99   -574.91  99999.00  99999.00       0     149     149       0
48568  10  12    60  99999.00  99999.00  99999.00  99999.00  99999.00  99999.00  99999.00  99999.00       0       0       4       0
48568  10  12    50  99999.00  99999.00  20238.09  20972.01   -827.15   -483.11  99999.00  99999.00       0     107     106       0
48568  10  12    40  99999.00  99999.00  99999.00  99999.00  99999.00  99999.00  99999.00  99999.00       0       0      12       0
48568  10  12    30  99999.00  99999.00  23268.63  24275.31   -745.11   -394.59  99999.00  99999.00       0      76      75       0
48568  10  12    20  99999.00  99999.00  99999.00  99999.00  99999.00  99999.00  99999.00  99999.00       0      32      31       0
48568  10  12    15  99999.00  99999.00  99999.00  99999.00  99999.00  99999.00  99999.00  99999.00       0       0       1       0
48568  10  12    10  99999.00  99999.00  99999.00  99999.00  99999.00  99999.00  99999.00  99999.00       0       0       0       0
48568  10  12     7  99999.00  99999.00  99999.00  99999.00  99999.00  99999.00  99999.00  99999.00       0       0       0       0
48568  10  12     5  99999.00  99999.00  99999.00  99999.00  99999.00  99999.00  99999.00  99999.00       0       0       0       0
48568  10  12     3  99999.00  99999.00  99999.00  99999.00  99999.00  99999.00  99999.00  99999.00       0       0       0       0
48568  10  12     2  99999.00  99999.00  99999.00  99999.00  99999.00  99999.00  99999.00  99999.00       0       0       0       0
48568  10  12     1  99999.00  99999.00  99999.00  99999.00  99999.00  99999.00  99999.00  99999.00       0       0       0       0
48568  11  12  9999   1000.58   1017.26  99999.00  99999.00    191.35    344.47    -46.74    105.90     244       0     243     243
48568  11  12  1000  99999.00  99999.00     10.00    158.44    189.25    336.85     96.13    368.89       0     259     260     259
48568  11  12   925  99999.00  99999.00  99999.00  99999.00  99999.00  99999.00  99999.00  99999.00       0       0       0       0
48568  11  12   900  99999.00  99999.00  99999.00  99999.00  99999.00  99999.00  99999.00  99999.00       0       0       2       2
48568  11  12   850  99999.00  99999.00   1430.86   1568.38    108.62    239.90     28.59    261.27       0     257     258     257
48568  11  12   800  99999.00  99999.00  99999.00  99999.00  99999.00  99999.00  99999.00  99999.00       0       0       4       4
48568  11  12   700  99999.00  99999.00   3064.00   3212.92     31.65    155.37   -240.55    312.05       0     257     257     256
48568  11  12   600  99999.00  99999.00  99999.00  99999.00  99999.00  99999.00  99999.00  99999.00       0       0       2       2
48568  11  12   500  99999.00  99999.00   5752.59   5959.71   -119.81      6.55   -547.18    275.90       0     257     257     256
48568  11  12   400  99999.00  99999.00   7451.92   7697.20   -213.12   -103.68   -645.42    142.86       0     252     261     256
48568  11  12   300  99999.00  99999.00   9527.13   9834.09   -369.50   -247.46   -720.84   -108.00       0     245     247     235
48568  11  12   250  99999.00  99999.00  10776.49  11119.57   -478.48   -341.80   -822.58   -193.54       0     244     246      69
48568  11  12   200  99999.00  99999.00  12215.15  12631.19   -612.49   -467.29  99999.00  99999.00       0     246     243       1
48568  11  12   150  99999.00  99999.00  13944.34  14462.74   -778.04   -607.52  99999.00  99999.00       0     237     237       1
48568  11  12   100  99999.00  99999.00  16217.80  16845.28  -1000.66   -646.42  99999.00  99999.00       0     220     223       3
48568  11  12    80  99999.00  99999.00  99999.00  99999.00  99999.00  99999.00  99999.00  99999.00       0       0      17       0
48568  11  12    70  99999.00  99999.00  18184.49  18972.41   -942.98   -547.10  99999.00  99999.00       0     155     153       1
48568  11  12    60  99999.00  99999.00  99999.00  99999.00  99999.00  99999.00  99999.00  99999.00       0       0       5       1
48568  11  12    50  99999.00  99999.00  20089.64  21029.96   -877.67   -453.59  99999.00  99999.00       0      98      95       0
48568  11  12    40  99999.00  99999.00  99999.00  99999.00  99999.00  99999.00  99999.00  99999.00       0       0       7       0
48568  11  12    30  99999.00  99999.00  23062.32  24361.68   -773.86   -383.62  99999.00  99999.00       0      75      77       2
48568  11  12    20  99999.00  99999.00  99999.00  99999.00  99999.00  99999.00  99999.00  99999.00       0      34      35       2
48568  11  12    15  99999.00  99999.00  99999.00  99999.00  99999.00  99999.00  99999.00  99999.00       0       0       2       0
48568  11  12    10  99999.00  99999.00  99999.00  99999.00  99999.00  99999.00  99999.00  99999.00       0       0       0       0
48568  11  12     7  99999.00  99999.00  99999.00  99999.00  99999.00  99999.00  99999.00  99999.00       0       0       0       0
48568  11  12     5  99999.00  99999.00  99999.00  99999.00  99999.00  99999.00  99999.00  99999.00       0       0       0       0
48568  11  12     3  99999.00  99999.00  99999.00  99999.00  99999.00  99999.00  99999.00  99999.00       0       0       0       0
48568  11  12     2  99999.00  99999.00  99999.00  99999.00  99999.00  99999.00  99999.00  99999.00       0       0       0       0
48568  11  12     1  99999.00  99999.00  99999.00  99999.00  99999.00  99999.00  99999.00  99999.00       0       0       0       0
48568  12  12  9999    999.96   1020.00  99999.00  99999.00    204.24    327.12    -57.62    125.62     249       0     248     246
48568  12  12  1000  99999.00  99999.00      7.37    177.41    203.52    316.20    153.50    301.10       0     271     269     266
48568  12  12   925  99999.00  99999.00  99999.00  99999.00  99999.00  99999.00  99999.00  99999.00       0      12      17      15
48568  12  12   900  99999.00  99999.00  99999.00  99999.00  99999.00  99999.00  99999.00  99999.00       0       0       4       4
48568  12  12   850  99999.00  99999.00   1423.47   1584.99    100.46    228.50      0.91    270.19       0     269     269     267
48568  12  12   800  99999.00  99999.00  99999.00  99999.00  99999.00  99999.00  99999.00  99999.00       0       0       3       3
48568  12  12   700  99999.00  99999.00   3057.69   3219.09     13.35    172.35   -405.38    412.90       0     270     274     274
48568  12  12   600  99999.00  99999.00  99999.00  99999.00  99999.00  99999.00  99999.00  99999.00       0       0       6       6
48568  12  12   500  99999.00  99999.00   5749.07   5962.91   -115.38      6.42   -649.00    275.84       0     272     270     264
48568  12  12   400  99999.00  99999.00   7457.92   7690.96   -218.28    -96.84   -730.61    139.27       0     270     272     257
48568  12  12   300  99999.00  99999.00   9531.04   9826.96   -372.08   -248.00   -752.06   -116.06       0     260     254     240
48568  12  12   250  99999.00  99999.00  10770.30  11119.50   -479.75   -347.75  99999.00  99999.00       0     251     252      44
48568  12  12   200  99999.00  99999.00  12220.02  12618.30   -617.60   -461.48  99999.00  99999.00       0     250     252      24
48568  12  12   150  99999.00  99999.00  13941.72  14463.24   -786.70   -585.94  99999.00  99999.00       0     242     241      21
48568  12  12   100  99999.00  99999.00  16234.66  16866.58   -959.78   -671.42  99999.00  99999.00       0     211     214      24
48568  12  12    80  99999.00  99999.00  99999.00  99999.00  99999.00  99999.00  99999.00  99999.00       0       0      15       1
48568  12  12    70  99999.00  99999.00  18231.45  18902.97   -969.89   -567.29  99999.00  99999.00       0     161     161      22
48568  12  12    60  99999.00  99999.00  99999.00  99999.00  99999.00  99999.00  99999.00  99999.00       0       0      18       3
48568  12  12    50  99999.00  99999.00  20163.30  20917.50   -878.41   -492.61  99999.00  99999.00       0     125     125      16
48568  12  12    40  99999.00  99999.00  99999.00  99999.00  99999.00  99999.00  99999.00  99999.00       0       0      14       1
48568  12  12    30  99999.00  99999.00  23081.59  24263.71   -765.72   -412.80  99999.00  99999.00       0     102     101      14
48568  12  12    20  99999.00  99999.00  25641.46  26869.18   -724.07   -346.43  99999.00  99999.00       0      62      64       6
48568  12  12    15  99999.00  99999.00  99999.00  99999.00  99999.00  99999.00  99999.00  99999.00       0       0       9       4
48568  12  12    10  99999.00  99999.00  99999.00  99999.00  99999.00  99999.00  99999.00  99999.00       0       5       5       5
48568  12  12     7  99999.00  99999.00  99999.00  99999.00  99999.00  99999.00  99999.00  99999.00       0       0       2       2
48568  12  12     5  99999.00  99999.00  99999.00  99999.00  99999.00  99999.00  99999.00  99999.00       0       0       1       1
48568  12  12     3  99999.00  99999.00  99999.00  99999.00  99999.00  99999.00  99999.00  99999.00       0       0       0       0
48568  12  12     2  99999.00  99999.00  99999.00  99999.00  99999.00  99999.00  99999.00  99999.00       0       0       0       0
48568  12  12     1  99999.00  99999.00  99999.00  99999.00  99999.00  99999.00  99999.00  99999.00       0       0       0       0
