54511  01  12  9999   9870.76  10585.72  99999.00  99999.00   -205.29    164.55   -526.05    223.59    1023       0    1023    1023
54511  01  12  1000  99999.00  99999.00    -44.22    490.02   -243.86    206.26   -582.84    259.92       0    1023    1023    1023
54511  01  12   925  99999.00  99999.00    598.51   1076.47   -317.46    210.42   -615.50    211.42       0     651     650     650
54511  01  12   900  99999.00  99999.00  99999.00  99999.00  99999.00  99999.00  99999.00  99999.00       0       0       0       0
54511  01  12   850  99999.00  99999.00   1282.75   1710.91   -386.15    197.89   -638.15    188.29       0    1022    1022    1022
54511  01  12   800  99999.00  99999.00  99999.00  99999.00  99999.00  99999.00  99999.00  99999.00       0       0       0       0
54511  01  12   700  99999.00  99999.00   2720.94   3234.66   -472.98    152.58   -775.65    179.07       0    1023    1023    1023
54511  01  12   600  99999.00  99999.00   3775.68   4478.04   -500.00     66.88   -835.29    118.83       0    1022    1022    1022
54511  01  12   500  99999.00  99999.00   4984.37   5913.65   -546.05    -49.85   -881.13     27.03       0    1022    1022    1022
54511  01  12   400  99999.00  99999.00   6418.00   7592.56   -613.02   -194.10   -929.28   -111.60       0    1018    1018    1018
54511  01  12   300  99999.00  99999.00   8229.46   9599.50   -690.71   -354.47   -953.18   -305.30       0    1016    1016    1015
54511  01  12   250  99999.00  99999.00   9406.96  10757.68   -798.69   -317.85   -965.46   -348.42       0    1012    1013     817
54511  01  12   200  99999.00  99999.00  10891.42  12119.14   -812.50   -274.54   -948.29   -340.49       0    1009    1010     680
54511  01  12   150  99999.00  99999.00  12764.95  13942.27   -714.52   -361.72   -965.44   -346.72       0     999    1000     667
54511  01  12   100  99999.00  99999.00  15359.24  16528.40   -743.80   -382.48  -1003.91   -358.19       0     975     976     568
54511  01  12    80  99999.00  99999.00  99999.00  99999.00  99999.00  99999.00  99999.00  99999.00       0       0       0       0
54511  01  12    70  99999.00  99999.00  17593.49  18815.21   -768.19   -368.23  99999.00  99999.00       0     965     966      24
54511  01  12    60  99999.00  99999.00  99999.00  99999.00  99999.00  99999.00  99999.00  99999.00       0       0       0       0
54511  01  12    50  99999.00  99999.00  19671.79  21008.59   -767.99   -349.31  99999.00  99999.00       0     943     943      17
54511  01  12    40  99999.00  99999.00  21037.25  22487.09   -760.13   -334.97  99999.00  99999.00       0     921     922      15
54511  01  12    30  99999.00  99999.00  22805.06  24407.30   -750.66   -311.34  99999.00  99999.00       0     868     869      15
54511  01  12    20  99999.00  99999.00  25300.51  27148.63   -754.05   -265.65  99999.00  99999.00       0     757     758      15
54511  01  12    15  99999.00  99999.00  27066.01  29115.01   -787.91   -200.15  99999.00  99999.00       0     562     562      15
54511  01  12    10  99999.00  99999.00  29621.20  31852.72   -844.30    -76.66  99999.00  99999.00       0     277     277      15
54511  01  12     7  99999.00  99999.00  31869.68  34403.00   -830.94    -10.38  99999.00  99999.00       0     189     189      15
54511  01  12     5  99999.00  99999.00  33942.59  36951.23   -826.01     73.99  99999.00  99999.00       0     148     148      14
54511  01  12     3  99999.00  99999.00  99999.00  99999.00  99999.00  99999.00  99999.00  99999.00       0       0       0       0
54511  01  12     2  99999.00  99999.00  99999.00  99999.00  99999.00  99999.00  99999.00  99999.00       0       0       0       0
54511  01  12     1  99999.00  99999.00  99999.00  99999.00  99999.00  99999.00  99999.00  99999.00       0       0       0       0
54511  02  12  9999   9804.70  10589.86  99999.00  99999.00   -211.03    245.81   -596.75    328.69     931       0     931     931
54511  02  12  1000  99999.00  99999.00    -92.26    495.38   -247.04    280.60   -654.56    363.52       0     928     928     928
54511  02  12   925  99999.00  99999.00    544.43   1094.75   -316.11    282.45   -683.83    322.85       0     594     594     594
54511  02  12   900  99999.00  99999.00  99999.00  99999.00  99999.00  99999.00  99999.00  99999.00       0       0       0       0
54511  02  12   850  99999.00  99999.00   1252.36   1727.56   -397.91    268.21   -710.85    292.11       0     933     933     933
54511  02  12   800  99999.00  99999.00  99999.00  99999.00  99999.00  99999.00  99999.00  99999.00       0       0       0       0
54511  02  12   700  99999.00  99999.00   2718.40   3248.32   -483.30    193.26   -845.34    272.94       0     932     932     932
54511  02  12   600  99999.00  99999.00   3772.30   4505.14   -519.86    114.34   -897.06    198.30       0     932     932     932
54511  02  12   500  99999.00  99999.00   4970.78   5965.82   -572.60      4.72   -957.26    113.98       0     932     932     932
54511  02  12   400  99999.00  99999.00   6389.23   7678.39   -641.60   -137.24   -994.15    -27.55       0     929     929     929
54511  02  12   300  99999.00  99999.00   8181.07   9725.47   -691.50   -335.34   -996.36   -249.36       0     926     925     923
54511  02  12   250  99999.00  99999.00   9351.28  10896.88   -799.81   -315.61   -997.63   -318.79       0     921     921     773
54511  02  12   200  99999.00  99999.00  10849.20  12241.68   -857.00   -236.12   -985.05   -305.73       0     920     919     565
54511  02  12   150  99999.00  99999.00  12746.70  14038.26   -740.33   -342.29   -999.66   -322.62       0     912     912     555
54511  02  12   100  99999.00  99999.00  15340.15  16610.59   -780.42   -356.22   -999.92   -369.56       0     895     895     456
54511  02  12    80  99999.00  99999.00  99999.00  99999.00  99999.00  99999.00  99999.00  99999.00       0       0       0       0
54511  02  12    70  99999.00  99999.00  17561.13  18897.33   -810.78   -345.30  99999.00  99999.00       0     875     875      13
54511  02  12    60  99999.00  99999.00  99999.00  99999.00  99999.00  99999.00  99999.00  99999.00       0       0       0       0
54511  02  12    50  99999.00  99999.00  19616.41  21092.41   -805.56   -332.64  99999.00  99999.00       0     857     858       5
54511  02  12    40  99999.00  99999.00  20967.90  22571.82   -788.91   -328.71  99999.00  99999.00       0     832     834       4
54511  02  12    30  99999.00  99999.00  22730.18  24484.58   -757.31   -324.35  99999.00  99999.00       0     800     799       4
54511  02  12    20  99999.00  99999.00  25232.68  27195.76   -740.75   -297.59  99999.00  99999.00       0     697     699       4
54511  02  12    15  99999.00  99999.00  26995.39  29154.67   -755.83   -247.63  99999.00  99999.00       0     537     540       4
54511  02  12    10  99999.00  99999.00  29501.16  31911.84   -746.62   -200.98  99999.00  99999.00       0     275     275       4
54511  02  12     7  99999.00  99999.00  31738.76  34357.04   -772.67   -104.75  99999.00  99999.00       0     195     196       4
54511  02  12     5  99999.00  99999.00  33786.16  36878.80   -747.26    -38.78  99999.00  99999.00       0     141     141       4
54511  02  12     3  99999.00  99999.00  99999.00  99999.00  99999.00  99999.00  99999.00  99999.00       0       0       0       0
54511  02  12     2  99999.00  99999.00  99999.00  99999.00  99999.00  99999.00  99999.00  99999.00       0       0       0       0
54511  02  12     1  99999.00  99999.00  99999.00  99999.00  99999.00  99999.00  99999.00  99999.00       0       0       0       0
54511  03  12  9999   9745.28  10541.48  99999.00  99999.00   -180.71    354.73   -552.88    382.52    1017       0    1017    1017
54511  03  12  1000  99999.00  99999.00   -146.10    470.70   -205.92    371.16   -630.12    432.24       0    1008    1008    1008
54511  03  12   925  99999.00  99999.00    509.80   1078.84   -277.06    361.58   -694.97    414.07       0     651     651     651
54511  03  12   900  99999.00  99999.00  99999.00  99999.00  99999.00  99999.00  99999.00  99999.00       0       0       0       0
54511  03  12   850  99999.00  99999.00   1236.39   1721.79   -331.20    310.56   -666.55    341.81       0    1023    1023    1023
54511  03  12   800  99999.00  99999.00  99999.00  99999.00  99999.00  99999.00  99999.00  99999.00       0       0       0       0
54511  03  12   700  99999.00  99999.00   2753.79   3246.99   -428.61    214.83   -785.78    314.38       0    1023    1023    1023
54511  03  12   600  99999.00  99999.00   3837.85   4503.13   -481.17    131.91   -894.76    277.40       0    1023    1023    1023
54511  03  12   500  99999.00  99999.00   5053.77   5975.61   -556.55     42.85   -958.40    182.92       0    1023    1022    1022
54511  03  12   400  99999.00  99999.00   6478.63   7716.79   -640.09    -87.73   -999.87     34.29       0    1022    1022    1022
54511  03  12   300  99999.00  99999.00   8255.84   9815.60   -699.18   -291.18  -1012.57   -189.37       0    1016    1016    1015
54511  03  12   250  99999.00  99999.00   9399.03  11026.83   -756.35   -351.11   -990.90   -312.42       0    1011    1011     915
54511  03  12   200  99999.00  99999.00  10886.30  12370.10   -885.74   -245.30   -997.16   -305.60       0    1006    1004     533
54511  03  12   150  99999.00  99999.00  12789.49  14131.93   -737.89   -367.21  -1006.93   -323.89       0     995     994     513
54511  03  12   100  99999.00  99999.00  15380.17  16685.05   -749.06   -405.38  -1050.23   -329.63       0     970     971     405
54511  03  12    80  99999.00  99999.00  99999.00  99999.00  99999.00  99999.00  99999.00  99999.00       0       0       0       0
54511  03  12    70  99999.00  99999.00  17632.59  18918.99   -775.94   -396.38  99999.00  99999.00       0     952     953      15
54511  03  12    60  99999.00  99999.00  99999.00  99999.00  99999.00  99999.00  99999.00  99999.00       0       0       0       0
54511  03  12    50  99999.00  99999.00  19743.51  21047.19   -779.07   -368.07  99999.00  99999.00       0     919     923      10
54511  03  12    40  99999.00  99999.00  21140.97  22479.69   -760.60   -357.88  99999.00  99999.00       0     895     896       9
54511  03  12    30  99999.00  99999.00  22918.84  24375.28   -739.46   -336.26  99999.00  99999.00       0     855     858       9
54511  03  12    20  99999.00  99999.00  25449.03  27084.75   -718.29   -293.97  99999.00  99999.00       0     732     739       9
54511  03  12    15  99999.00  99999.00  27265.13  29008.01   -723.48   -246.00  99999.00  99999.00       0     562     566       9
54511  03  12    10  99999.00  99999.00  29813.34  31785.30   -707.97   -192.33  99999.00  99999.00       0     293     293       9
54511  03  12     7  99999.00  99999.00  32141.48  34283.60   -701.82   -111.06  99999.00  99999.00       0     208     208       9
54511  03  12     5  99999.00  99999.00  34437.81  36641.97   -685.80    -42.00  99999.00  99999.00       0     157     157       8
54511  03  12     3  99999.00  99999.00  99999.00  99999.00  99999.00  99999.00  99999.00  99999.00       0       0       0       0
54511  03  12     2  99999.00  99999.00  99999.00  99999.00  99999.00  99999.00  99999.00  99999.00       0       0       0       0
54511  03  12     1  99999.00  99999.00  99999.00  99999.00  99999.00  99999.00  99999.00  99999.00       0       0       0       0
54511  04  12  9999   9691.43  10455.71  99999.00  99999.00   -101.06    437.62   -522.40    503.72     960       0     960     959
54511  04  12  1000  99999.00  99999.00   -136.41    370.35   -108.95    429.01   -622.11    566.85       0     861     860     860
54511  04  12   925  99999.00  99999.00    478.55   1040.39   -193.90    436.94   -722.24    593.20       0     630     630     630
54511  04  12   900  99999.00  99999.00  99999.00  99999.00  99999.00  99999.00  99999.00  99999.00       0       0       0       0
54511  04  12   850  99999.00  99999.00   1219.64   1706.96   -239.37    381.75   -670.28    475.96       0     990     990     990
54511  04  12   800  99999.00  99999.00  99999.00  99999.00  99999.00  99999.00  99999.00  99999.00       0       0       0       0
54511  04  12   700  99999.00  99999.00   2781.02   3275.66   -357.09    280.47   -732.86    369.22       0     990     990     990
54511  04  12   600  99999.00  99999.00   3898.45   4554.61   -418.72    178.76   -889.21    380.75       0     988     988     988
54511  04  12   500  99999.00  99999.00   5149.36   6047.08   -500.79     83.97   -961.22    270.46       0     990     990     990
54511  04  12   400  99999.00  99999.00   6601.53   7821.93   -610.65    -29.25   -994.32    105.72       0     986     985     985
54511  04  12   300  99999.00  99999.00   8386.38   9983.10   -702.93   -217.29  -1023.40   -112.24       0     981     981     981
54511  04  12   250  99999.00  99999.00   9508.86  11245.62   -740.62   -323.86  -1016.73   -250.41       0     975     976     956
54511  04  12   200  99999.00  99999.00  10954.64  12641.72   -863.81   -279.89  -1020.65   -296.45       0     971     972     531
54511  04  12   150  99999.00  99999.00  12870.77  14371.73   -788.53   -339.73  -1024.22   -318.26       0     959     960     463
54511  04  12   100  99999.00  99999.00  15483.71  16877.87   -769.26   -410.82  -1056.81   -338.01       0     934     936     311
54511  04  12    80  99999.00  99999.00  99999.00  99999.00  99999.00  99999.00  99999.00  99999.00       0       0       0       0
54511  04  12    70  99999.00  99999.00  17763.27  19056.39   -792.58   -406.78  99999.00  99999.00       0     905     907       3
54511  04  12    60  99999.00  99999.00  99999.00  99999.00  99999.00  99999.00  99999.00  99999.00       0       0       0       0
54511  04  12    50  99999.00  99999.00  19909.10  21125.66   -783.69   -379.41  99999.00  99999.00       0     878     881       2
54511  04  12    40  99999.00  99999.00  21323.02  22533.58   -753.75   -366.03  99999.00  99999.00       0     853     856       2
54511  04  12    30  99999.00  99999.00  23149.77  24386.49   -733.80   -330.60  99999.00  99999.00       0     817     825       2
54511  04  12    20  99999.00  99999.00  25717.53  27075.93   -690.49   -303.97  99999.00  99999.00       0     711     714       2
54511  04  12    15  99999.00  99999.00  27559.50  29006.46   -687.16   -261.16  99999.00  99999.00       0     563     565       2
54511  04  12    10  99999.00  99999.00  30141.33  31796.37   -672.52   -203.56  99999.00  99999.00       0     298     298       2
54511  04  12     7  99999.00  99999.00  32459.81  34339.97   -634.40   -151.04  99999.00  99999.00       0     191     191       1
54511  04  12     5  99999.00  99999.00  34698.61  36759.25   -603.56    -92.84  99999.00  99999.00       0     163     163       1
54511  04  12     3  99999.00  99999.00  99999.00  99999.00  99999.00  99999.00  99999.00  99999.00       0       0       0       0
54511  04  12     2  99999.00  99999.00  99999.00  99999.00  99999.00  99999.00  99999.00  99999.00       0       0       0       0
54511  04  12     1  99999.00  99999.00  99999.00  99999.00  99999.00  99999.00  99999.00  99999.00       0       0       0       0
54511  05  12  9999   9712.48  10347.88  99999.00  99999.00    -22.15    480.17   -365.20    507.44     969       0     969     969
54511  05  12  1000  99999.00  99999.00   -102.93    278.43    -26.08    464.24   -435.84    551.52       0     754     753     753
54511  05  12   925  99999.00  99999.00    512.65    967.81    -77.61    446.79   -572.17    585.59       0     651     651     651
54511  05  12   900  99999.00  99999.00  99999.00  99999.00  99999.00  99999.00  99999.00  99999.00       0       0       0       0
54511  05  12   850  99999.00  99999.00   1241.61   1677.45   -126.90    394.38   -554.62    506.78       0    1023    1023    1023
54511  05  12   800  99999.00  99999.00  99999.00  99999.00  99999.00  99999.00  99999.00  99999.00       0       0       0       0
54511  05  12   700  99999.00  99999.00   2821.08   3300.48   -234.90    275.46   -617.83    392.81       0    1023    1023    1023
54511  05  12   600  99999.00  99999.00   3980.52   4589.52   -304.38    173.46   -790.35    404.49       0    1021    1023    1023
54511  05  12   500  99999.00  99999.00   5283.32   6087.20   -406.58     91.90   -926.36    344.80       0    1023    1023    1023
54511  05  12   400  99999.00  99999.00   6791.22   7872.06   -542.29      1.19   -999.64    201.08       0    1020    1020    1020
54511  05  12   300  99999.00  99999.00   8621.01  10068.57   -678.78   -150.42  -1020.95    -20.99       0    1014    1013    1013
54511  05  12   250  99999.00  99999.00   9755.22  11365.38   -737.17   -250.81  -1023.98   -163.94       0    1009    1009    1008
54511  05  12   200  99999.00  99999.00  11175.11  12826.55   -825.61   -273.37   -991.87   -287.59       0     999    1000     804
54511  05  12   150  99999.00  99999.00  13065.77  14602.61   -769.28   -350.48  -1023.58   -305.50       0     982     983     623
54511  05  12   100  99999.00  99999.00  15719.89  17058.73   -792.95   -407.15  -1061.38   -329.38       0     951     952     323
54511  05  12    80  99999.00  99999.00  99999.00  99999.00  99999.00  99999.00  99999.00  99999.00       0       0       0       0
54511  05  12    70  99999.00  99999.00  18038.17  19173.13   -811.87   -411.67  99999.00  99999.00       0     924     925       2
54511  05  12    60  99999.00  99999.00  99999.00  99999.00  99999.00  99999.00  99999.00  99999.00       0       0       0       0
54511  05  12    50  99999.00  99999.00  20184.47  21224.15   -749.57   -421.61  99999.00  99999.00       0     901     903       1
54511  05  12    40  99999.00  99999.00  21587.62  22643.50   -709.44   -408.84  99999.00  99999.00       0     875     879       1
54511  05  12    30  99999.00  99999.00  23405.55  24511.95   -665.96   -390.92  99999.00  99999.00       0     857     861       1
54511  05  12    20  99999.00  99999.00  25998.37  27187.09   -635.38   -355.90  99999.00  99999.00       0     766     769       1
54511  05  12    15  99999.00  99999.00  27847.59  29109.63   -616.54   -325.78  99999.00  99999.00       0     594     599       1
54511  05  12    10  99999.00  99999.00  30449.00  31889.72   -622.98   -240.78  99999.00  99999.00       0     322     323       1
54511  05  12     7  99999.00  99999.00  32806.93  34424.41   -592.19   -160.67  99999.00  99999.00       0     209     210       1
54511  05  12     5  99999.00  99999.00  35049.96  36880.92   -564.85    -80.89  99999.00  99999.00       0     167     167       1
54511  05  12     3  99999.00  99999.00  99999.00  99999.00  99999.00  99999.00  99999.00  99999.00       0       0       0       0
54511  05  12     2  99999.00  99999.00  99999.00  99999.00  99999.00  99999.00  99999.00  99999.00       0       0       0       0
54511  05  12     1  99999.00  99999.00  99999.00  99999.00  99999.00  99999.00  99999.00  99999.00       0       0       0       0
54511  06  12  9999   9712.30  10262.38  99999.00  99999.00     33.80    511.16   -178.18    459.38     907       0     907     907
54511  06  12  1000  99999.00  99999.00    -76.66    210.14     18.57    497.73   -161.66    432.10       0     428     428     428
54511  06  12   925  99999.00  99999.00    496.21    935.89    -12.97    468.59   -284.64    476.16       0     630     630     630
54511  06  12   900  99999.00  99999.00  99999.00  99999.00  99999.00  99999.00  99999.00  99999.00       0       0       0       0
54511  06  12   850  99999.00  99999.00   1245.91   1649.95    -24.57    374.31   -325.61    439.03       0     990     990     990
54511  06  12   800  99999.00  99999.00  99999.00  99999.00  99999.00  99999.00  99999.00  99999.00       0       0       0       0
54511  06  12   700  99999.00  99999.00   2853.17   3296.81   -112.71    238.77   -457.91    372.25       0     990     990     990
54511  06  12   600  99999.00  99999.00   4057.56   4581.84   -194.12    150.76   -678.43    415.97       0     990     990     990
54511  06  12   500  99999.00  99999.00   5426.19   6064.11   -297.43     79.73   -857.66    383.38       0     990     990     990
54511  06  12   400  99999.00  99999.00   7008.82   7839.94   -446.15      4.21   -955.42    265.58       0     985     984     984
54511  06  12   300  99999.00  99999.00   8891.85  10063.65   -627.96   -112.44  -1011.58     68.42       0     977     976     976
54511  06  12   250  99999.00  99999.00  10022.72  11409.08   -714.08   -195.56  -1022.29    -74.29       0     974     973     973
54511  06  12   200  99999.00  99999.00  11410.33  12946.33   -786.77   -260.69  -1017.01   -215.17       0     967     967     928
54511  06  12   150  99999.00  99999.00  13284.44  14764.64   -756.96   -352.80  -1026.21   -278.85       0     960     962     758
54511  06  12   100  99999.00  99999.00  15953.51  17198.63   -810.12   -406.44  -1033.48   -333.40       0     932     935     273
54511  06  12    80  99999.00  99999.00  99999.00  99999.00  99999.00  99999.00  99999.00  99999.00       0       0       0       0
54511  06  12    70  99999.00  99999.00  18268.24  19302.04   -794.00   -434.24  99999.00  99999.00       0     897     898       5
54511  06  12    60  99999.00  99999.00  99999.00  99999.00  99999.00  99999.00  99999.00  99999.00       0       0       0       0
54511  06  12    50  99999.00  99999.00  20404.22  21368.90   -711.54   -449.10  99999.00  99999.00       0     861     865       5
54511  06  12    40  99999.00  99999.00  21810.89  22789.25   -670.37   -437.81  99999.00  99999.00       0     839     843       5
54511  06  12    30  99999.00  99999.00  23631.51  24659.91   -638.24   -411.56  99999.00  99999.00       0     802     806       5
54511  06  12    20  99999.00  99999.00  26225.64  27341.40   -613.54   -359.50  99999.00  99999.00       0     696     699       5
54511  06  12    15  99999.00  99999.00  28093.06  29264.98   -594.49   -319.93  99999.00  99999.00       0     566     568       5
54511  06  12    10  99999.00  99999.00  30741.61  32022.97   -587.18   -241.94  99999.00  99999.00       0     320     321       5
54511  06  12     7  99999.00  99999.00  33122.36  34549.76   -574.96   -149.92  99999.00  99999.00       0     225     225       5
54511  06  12     5  99999.00  99999.00  35512.86  36932.22   -526.28    -78.56  99999.00  99999.00       0     183     183       5
54511  06  12     3  99999.00  99999.00  99999.00  99999.00  99999.00  99999.00  99999.00  99999.00       0       0       0       0
54511  06  12     2  99999.00  99999.00  99999.00  99999.00  99999.00  99999.00  99999.00  99999.00       0       0       0       0
54511  06  12     1  99999.00  99999.00  99999.00  99999.00  99999.00  99999.00  99999.00  99999.00       0       0       0       0
54511  07  12  9999   9737.42  10215.26  99999.00  99999.00     84.84    482.64    -24.70    425.06     937       0     937     937
54511  07  12  1000  99999.00  99999.00    -55.07    169.45     83.18    463.46      7.91    395.75       0     351     351     351
54511  07  12   925  99999.00  99999.00    528.75    897.87     49.93    433.57   -125.85    443.19       0     651     651     651
54511  07  12   900  99999.00  99999.00  99999.00  99999.00  99999.00  99999.00  99999.00  99999.00       0       0       0       0
54511  07  12   850  99999.00  99999.00   1269.66   1626.78     28.01    357.77   -169.36    396.92       0    1023    1023    1023
54511  07  12   800  99999.00  99999.00  99999.00  99999.00  99999.00  99999.00  99999.00  99999.00       0       0       0       0
54511  07  12   700  99999.00  99999.00   2896.24   3286.12    -49.54    233.78   -359.45    375.19       0    1023    1023    1023
54511  07  12   600  99999.00  99999.00   4120.75   4583.11   -138.07    168.29   -648.51    477.81       0    1022    1023    1023
54511  07  12   500  99999.00  99999.00   5515.02   6084.54   -231.97    102.47   -860.90    476.50       0    1023    1023    1023
54511  07  12   400  99999.00  99999.00   7139.43   7881.51   -364.78     24.74   -938.96    356.68       0    1017    1018    1018
54511  07  12   300  99999.00  99999.00   9092.15  10127.15   -553.00    -74.08   -982.29    150.99       0    1015    1015    1015
54511  07  12   250  99999.00  99999.00  10262.67  11491.83   -630.38   -169.82   -994.44     -9.12       0    1012    1014    1014
54511  07  12   200  99999.00  99999.00  11678.62  13063.18   -677.22   -298.50  -1025.85   -163.05       0    1010    1011    1010
54511  07  12   150  99999.00  99999.00  13556.21  14893.25   -753.16   -385.12  -1089.79   -252.43       0    1002    1005     812
54511  07  12   100  99999.00  99999.00  16226.55  17259.63   -857.24   -418.52  -1004.97   -349.65       0     952     954     108
54511  07  12    80  99999.00  99999.00  99999.00  99999.00  99999.00  99999.00  99999.00  99999.00       0       0       0       0
54511  07  12    70  99999.00  99999.00  18518.43  19332.51   -798.13   -460.93  99999.00  99999.00       0     914     915       0
54511  07  12    60  99999.00  99999.00  99999.00  99999.00  99999.00  99999.00  99999.00  99999.00       0       0       0       0
54511  07  12    50  99999.00  99999.00  20633.23  21401.11   -710.40   -459.48  99999.00  99999.00       0     891     893       0
54511  07  12    40  99999.00  99999.00  22030.77  22825.65   -675.95   -439.07  99999.00  99999.00       0     874     876       0
54511  07  12    30  99999.00  99999.00  23846.69  24697.85   -638.10   -412.98  99999.00  99999.00       0     829     831       0
54511  07  12    20  99999.00  99999.00  26447.75  27370.91   -603.32   -361.76  99999.00  99999.00       0     724     727       0
54511  07  12    15  99999.00  99999.00  28321.51  29290.39   -584.84   -322.04  99999.00  99999.00       0     571     576       0
54511  07  12    10  99999.00  99999.00  31012.81  32015.53   -559.80   -272.04  99999.00  99999.00       0     324     325       0
54511  07  12     7  99999.00  99999.00  33419.01  34492.29   -539.13   -196.29  99999.00  99999.00       0     219     219       0
54511  07  12     5  99999.00  99999.00  35724.89  36915.65   -514.33   -106.93  99999.00  99999.00       0     178     178       0
54511  07  12     3  99999.00  99999.00  99999.00  99999.00  99999.00  99999.00  99999.00  99999.00       0       0       0       0
54511  07  12     2  99999.00  99999.00  99999.00  99999.00  99999.00  99999.00  99999.00  99999.00       0       0       0       0
54511  07  12     1  99999.00  99999.00  99999.00  99999.00  99999.00  99999.00  99999.00  99999.00       0       0       0       0
54511  08  12  9999   9769.38  10273.26  99999.00  99999.00    101.92    430.36     -5.89    400.43     954       0     954     954
54511  08  12  1000  99999.00  99999.00    -70.28    224.20     98.61    426.45    -27.77    405.31       0     722     722     722
54511  08  12   925  99999.00  99999.00    560.14    935.74     68.98    383.26   -173.26    468.62       0     651     651     651
54511  08  12   900  99999.00  99999.00  99999.00  99999.00  99999.00  99999.00  99999.00  99999.00       0       0       0       0
54511  08  12   850  99999.00  99999.00   1303.46   1651.10     21.60    337.08   -236.36    429.52       0    1023    1022    1022
54511  08  12   800  99999.00  99999.00  99999.00  99999.00  99999.00  99999.00  99999.00  99999.00       0       0       0       0
54511  08  12   700  99999.00  99999.00   2938.53   3284.13    -83.18    240.58   -542.87    506.53       0    1023    1023    1023
54511  08  12   600  99999.00  99999.00   4158.90   4573.86   -168.41    179.47   -790.68    556.20       0    1022    1023    1023
54511  08  12   500  99999.00  99999.00   5539.88   6079.04   -260.51    112.81   -929.68    501.68       0    1022    1023    1023
54511  08  12   400  99999.00  99999.00   7136.05   7891.09   -408.11     47.17   -977.34    367.86       0    1018    1019    1019
54511  08  12   300  99999.00  99999.00   9050.72  10160.36   -582.84    -57.00   -991.96    145.04       0    1013    1013    1013
54511  08  12   250  99999.00  99999.00  10209.42  11532.78   -642.03   -161.67  -1009.22     -9.86       0    1012    1012    1011
54511  08  12   200  99999.00  99999.00  11632.17  13098.81   -657.56   -312.32  -1041.74   -154.82       0    1005    1006    1006
54511  08  12   150  99999.00  99999.00  13512.16  14929.36   -750.68   -395.36  -1121.96   -234.20       0     997     998     800
54511  08  12   100  99999.00  99999.00  16168.11  17295.51   -871.80   -416.04   -901.77   -427.41       0     942     943      87
54511  08  12    80  99999.00  99999.00  99999.00  99999.00  99999.00  99999.00  99999.00  99999.00       0       0       0       0
54511  08  12    70  99999.00  99999.00  18447.95  19374.71   -808.46   -453.02  99999.00  99999.00       0     908     908       0
54511  08  12    60  99999.00  99999.00  99999.00  99999.00  99999.00  99999.00  99999.00  99999.00       0       0       0       0
54511  08  12    50  99999.00  99999.00  20584.83  21422.67   -716.68   -453.04  99999.00  99999.00       0     889     891       0
54511  08  12    40  99999.00  99999.00  21984.61  22844.41   -672.15   -444.51  99999.00  99999.00       0     866     866       0
54511  08  12    30  99999.00  99999.00  23814.27  24699.99   -634.56   -422.88  99999.00  99999.00       0     828     829       0
54511  08  12    20  99999.00  99999.00  26410.16  27373.52   -602.16   -374.88  99999.00  99999.00       0     719     720       0
54511  08  12    15  99999.00  99999.00  28269.96  29286.00   -580.16   -347.96  99999.00  99999.00       0     565     567       0
54511  08  12    10  99999.00  99999.00  30954.35  32010.35   -568.13   -287.93  99999.00  99999.00       0     340     343       0
54511  08  12     7  99999.00  99999.00  33368.70  34448.34   -545.94   -224.58  99999.00  99999.00       0     246     246       0
54511  08  12     5  99999.00  99999.00  35636.92  36853.48   -519.26   -157.58  99999.00  99999.00       0     205     205       0
54511  08  12     3  99999.00  99999.00  99999.00  99999.00  99999.00  99999.00  99999.00  99999.00       0       0       0       0
54511  08  12     2  99999.00  99999.00  99999.00  99999.00  99999.00  99999.00  99999.00  99999.00       0       0       0       0
54511  08  12     1  99999.00  99999.00  99999.00  99999.00  99999.00  99999.00  99999.00  99999.00       0       0       0       0
54511  09  12  9999   9814.18  10363.90  99999.00  99999.00     16.12    417.40   -202.37    453.91     972       0     972     972
54511  09  12  1000  99999.00  99999.00    -97.14    338.22     18.28    423.16   -250.91    484.93       0     968     968     968
54511  09  12   925  99999.00  99999.00    587.20    994.24    -30.11    396.25   -392.42    524.86       0     629     630     630
54511  09  12   900  99999.00  99999.00  99999.00  99999.00  99999.00  99999.00  99999.00  99999.00       0       0       0       0
54511  09  12   850  99999.00  99999.00   1330.45   1690.45    -77.17    342.59   -448.32    486.24       0     990     990     990
54511  09  12   800  99999.00  99999.00  99999.00  99999.00  99999.00  99999.00  99999.00  99999.00       0       0       0       0
54511  09  12   700  99999.00  99999.00   2928.78   3298.98   -180.57    238.71   -695.87    510.13       0     990     990     990
54511  09  12   600  99999.00  99999.00   4113.25   4578.13   -252.78    166.86   -906.38    522.82       0     990     990     990
54511  09  12   500  99999.00  99999.00   5446.00   6074.80   -358.61    103.27   -999.04    426.56       0     989     989     989
54511  09  12   400  99999.00  99999.00   6978.98   7876.10   -512.36     36.16  -1054.46    305.62       0     989     988     988
54511  09  12   300  99999.00  99999.00   8816.25  10123.05   -684.19    -70.03  -1087.91    102.49       0     983     983     983
54511  09  12   250  99999.00  99999.00   9930.07  11482.87   -739.05   -164.01  -1079.43    -49.47       0     981     982     982
54511  09  12   200  99999.00  99999.00  11313.90  13034.70   -720.71   -303.23  -1045.32   -210.60       0     975     975     957
54511  09  12   150  99999.00  99999.00  13184.95  14852.83   -764.53   -379.33  -1103.40   -259.20       0     970     970     730
54511  09  12   100  99999.00  99999.00  15877.73  17209.73   -874.91   -379.55  -1006.78   -362.86       0     935     935     197
54511  09  12    80  99999.00  99999.00  99999.00  99999.00  99999.00  99999.00  99999.00  99999.00       0       0       0       0
54511  09  12    70  99999.00  99999.00  18207.69  19276.41   -818.65   -413.53  99999.00  99999.00       0     914     916       6
54511  09  12    60  99999.00  99999.00  99999.00  99999.00  99999.00  99999.00  99999.00  99999.00       0       0       0       0
54511  09  12    50  99999.00  99999.00  20350.84  21340.00   -736.17   -415.41  99999.00  99999.00       0     892     894       5
54511  09  12    40  99999.00  99999.00  21763.82  22760.90   -691.44   -412.92  99999.00  99999.00       0     872     876       5
54511  09  12    30  99999.00  99999.00  23587.53  24624.69   -644.39   -411.83  99999.00  99999.00       0     830     835       5
54511  09  12    20  99999.00  99999.00  26162.32  27304.36   -611.68   -386.80  99999.00  99999.00       0     712     714       5
54511  09  12    15  99999.00  99999.00  27991.05  29245.29   -601.78   -358.06  99999.00  99999.00       0     560     568       5
54511  09  12    10  99999.00  99999.00  30623.67  31976.67   -590.34   -313.02  99999.00  99999.00       0     304     308       4
54511  09  12     7  99999.00  99999.00  32752.23  34656.63   -572.09   -258.17  99999.00  99999.00       0     221     221       4
54511  09  12     5  99999.00  99999.00  35189.93  36816.53   -549.58   -185.86  99999.00  99999.00       0     178     178       4
54511  09  12     3  99999.00  99999.00  99999.00  99999.00  99999.00  99999.00  99999.00  99999.00       0       0       0       0
54511  09  12     2  99999.00  99999.00  99999.00  99999.00  99999.00  99999.00  99999.00  99999.00       0       0       0       0
54511  09  12     1  99999.00  99999.00  99999.00  99999.00  99999.00  99999.00  99999.00  99999.00       0       0       0       0
54511  10  12  9999   9844.43  10450.79  99999.00  99999.00    -86.50    375.62   -390.60    473.88    1023       0    1023    1023
54511  10  12  1000  99999.00  99999.00    -78.10    411.86    -99.80    408.28   -485.90    540.70       0    1023    1023    1023
54511  10  12   925  99999.00  99999.00    604.04   1041.56   -150.68    382.48   -586.22    533.98       0     650     651     651
54511  10  12   900  99999.00  99999.00  99999.00  99999.00  99999.00  99999.00  99999.00  99999.00       0       0       0       0
54511  10  12   850  99999.00  99999.00   1331.66   1717.70   -217.20    356.16   -557.32    433.52       0    1023    1023    1023
54511  10  12   800  99999.00  99999.00  99999.00  99999.00  99999.00  99999.00  99999.00  99999.00       0       0       0       0
54511  10  12   700  99999.00  99999.00   2851.61   3331.49   -289.01    229.99   -752.09    432.07       0    1023    1023    1023
54511  10  12   600  99999.00  99999.00   3979.23   4614.99   -333.89    137.23   -883.15    387.41       0    1023    1023    1023
54511  10  12   500  99999.00  99999.00   5264.46   6097.14   -419.09     45.91   -946.30    277.70       0    1022    1022    1022
54511  10  12   400  99999.00  99999.00   6764.74   7850.14   -541.98    -60.78  -1003.25    137.83       0    1021    1021    1021
54511  10  12   300  99999.00  99999.00   8593.08   9996.60   -681.76   -202.48  -1048.67    -65.99       0    1018    1018    1018
54511  10  12   250  99999.00  99999.00   9724.76  11272.76   -752.75   -265.79  -1059.47   -182.87       0    1014    1013    1011
54511  10  12   200  99999.00  99999.00  11122.50  12749.22   -782.03   -308.03  -1037.32   -266.68       0    1005    1007     865
54511  10  12   150  99999.00  99999.00  12973.97  14562.29   -732.93   -408.69  -1061.40   -306.60       0    1001    1001     729
54511  10  12   100  99999.00  99999.00  15616.63  16999.75   -787.13   -424.85  -1055.96   -342.92       0     978     979     278
54511  10  12    80  99999.00  99999.00  99999.00  99999.00  99999.00  99999.00  99999.00  99999.00       0       0       0       0
54511  10  12    70  99999.00  99999.00  17933.44  19116.64   -782.91   -424.59  99999.00  99999.00       0     948     949       4
54511  10  12    60  99999.00  99999.00  99999.00  99999.00  99999.00  99999.00  99999.00  99999.00       0       0       0       0
54511  10  12    50  99999.00  99999.00  20077.08  21185.88   -745.75   -418.27  99999.00  99999.00       0     933     934       2
54511  10  12    40  99999.00  99999.00  21475.92  22606.56   -726.20   -397.04  99999.00  99999.00       0     909     910       2
54511  10  12    30  99999.00  99999.00  23290.68  24468.72   -682.72   -387.52  99999.00  99999.00       0     880     881       2
54511  10  12    20  99999.00  99999.00  25856.28  27140.16   -647.71   -374.71  99999.00  99999.00       0     758     761       2
54511  10  12    15  99999.00  99999.00  27686.38  29035.42   -642.04   -355.36  99999.00  99999.00       0     574     574       2
54511  10  12    10  99999.00  99999.00  30307.95  31693.95   -615.68   -339.32  99999.00  99999.00       0     325     325       2
54511  10  12     7  99999.00  99999.00  32670.23  34052.87   -605.81   -276.29  99999.00  99999.00       0     230     230       2
54511  10  12     5  99999.00  99999.00  34907.35  36393.79   -592.05   -202.65  99999.00  99999.00       0     170     170       1
54511  10  12     3  99999.00  99999.00  99999.00  99999.00  99999.00  99999.00  99999.00  99999.00       0       0       0       0
54511  10  12     2  99999.00  99999.00  99999.00  99999.00  99999.00  99999.00  99999.00  99999.00       0       0       0       0
54511  10  12     1  99999.00  99999.00  99999.00  99999.00  99999.00  99999.00  99999.00  99999.00       0       0       0       0
54511  11  12  9999   9822.13  10561.45  99999.00  99999.00   -186.99    301.65   -484.18    380.66     990       0     990     989
54511  11  12  1000  99999.00  99999.00    -93.67    490.13   -224.09    352.51   -556.48    429.80       0     990     990     990
54511  11  12   925  99999.00  99999.00    583.79   1076.87   -295.51    356.69   -629.91    407.97       0     660     660     660
54511  11  12   900  99999.00  99999.00  99999.00  99999.00  99999.00  99999.00  99999.00  99999.00       0       0       0       0
54511  11  12   850  99999.00  99999.00   1294.85   1732.13   -353.73    334.59   -631.13    346.15       0     990     990     990
54511  11  12   800  99999.00  99999.00  99999.00  99999.00  99999.00  99999.00  99999.00  99999.00       0       0       0       0
54511  11  12   700  99999.00  99999.00   2775.40   3305.08   -403.89    231.15   -784.20    333.60       0     990     990     990
54511  11  12   600  99999.00  99999.00   3856.57   4585.57   -431.75    129.61   -853.87    259.85       0     990     990     990
54511  11  12   500  99999.00  99999.00   5094.81   6058.29   -487.14      9.66   -898.30    145.70       0     990     990     990
54511  11  12   400  99999.00  99999.00   6556.30   7781.62   -566.88   -138.96   -929.63    -23.51       0     984     985     985
54511  11  12   300  99999.00  99999.00   8377.86   9850.86   -652.43   -326.51   -965.93   -232.85       0     977     978     978
54511  11  12   250  99999.00  99999.00   9532.62  11056.86   -740.04   -356.52   -984.98   -321.74       0     973     974     947
54511  11  12   200  99999.00  99999.00  10989.33  12438.69   -817.77   -306.81   -978.10   -335.50       0     963     964     643
54511  11  12   150  99999.00  99999.00  12864.36  14221.68   -727.11   -405.15   -988.98   -360.18       0     947     948     582
54511  11  12   100  99999.00  99999.00  15482.89  16713.61   -745.15   -433.63  -1015.60   -372.64       0     910     910     318
54511  11  12    80  99999.00  99999.00  99999.00  99999.00  99999.00  99999.00  99999.00  99999.00       0       0       0       0
54511  11  12    70  99999.00  99999.00  17752.16  18915.32   -756.47   -421.55  99999.00  99999.00       0     891     891      12
54511  11  12    60  99999.00  99999.00  99999.00  99999.00  99999.00  99999.00  99999.00  99999.00       0       0       0       0
54511  11  12    50  99999.00  99999.00  19879.34  21024.38   -744.26   -403.34  99999.00  99999.00       0     879     880      11
54511  11  12    40  99999.00  99999.00  21284.52  22449.00   -743.46   -371.34  99999.00  99999.00       0     867     868      11
54511  11  12    30  99999.00  99999.00  23099.23  24319.51   -731.73   -328.53  99999.00  99999.00       0     838     839      11
54511  11  12    20  99999.00  99999.00  25648.72  27022.60   -717.09   -285.21  99999.00  99999.00       0     725     728      10
54511  11  12    15  99999.00  99999.00  27492.27  28934.91   -727.42   -239.02  99999.00  99999.00       0     558     559      10
54511  11  12    10  99999.00  99999.00  30074.55  31703.79   -745.05   -158.97  99999.00  99999.00       0     327     328      10
54511  11  12     7  99999.00  99999.00  32298.08  34269.32   -798.96    -51.60  99999.00  99999.00       0     239     239      10
54511  11  12     5  99999.00  99999.00  34355.12  36835.64   -813.73     36.47  99999.00  99999.00       0     184     184       8
54511  11  12     3  99999.00  99999.00  99999.00  99999.00  99999.00  99999.00  99999.00  99999.00       0       0       0       0
54511  11  12     2  99999.00  99999.00  99999.00  99999.00  99999.00  99999.00  99999.00  99999.00       0       0       0       0
54511  11  12     1  99999.00  99999.00  99999.00  99999.00  99999.00  99999.00  99999.00  99999.00       0       0       0       0
54511  12  12  9999   9847.65  10602.33  99999.00  99999.00   -198.37    188.15   -520.84    272.60    1023       0    1023    1023
54511  12  12  1000  99999.00  99999.00    -62.38    504.50   -240.05    235.87   -585.53    316.63       0    1023    1021    1021
54511  12  12   925  99999.00  99999.00    587.05   1094.65   -315.25    242.15   -641.59    285.17       0     682     682     682
54511  12  12   900  99999.00  99999.00  99999.00  99999.00  99999.00  99999.00  99999.00  99999.00       0       0       0       0
54511  12  12   850  99999.00  99999.00   1278.79   1729.99   -397.66    252.02   -638.86    232.82       0    1023    1023    1023
54511  12  12   800  99999.00  99999.00  99999.00  99999.00  99999.00  99999.00  99999.00  99999.00       0       0       0       0
54511  12  12   700  99999.00  99999.00   2717.16   3279.00   -466.65    191.31   -798.72    242.64       0    1022    1022    1022
54511  12  12   600  99999.00  99999.00   3770.70   4543.26   -503.76    111.60   -859.03    175.61       0    1023    1022    1022
54511  12  12   500  99999.00  99999.00   4973.91   6004.35   -552.10     -9.94   -892.72     65.12       0    1022    1023    1023
54511  12  12   400  99999.00  99999.00   6402.04   7708.36   -617.72   -162.68   -942.99    -74.31       0    1019    1019    1019
54511  12  12   300  99999.00  99999.00   8202.00   9744.24   -680.80   -351.04   -961.50   -285.30       0    1013    1013    1012
54511  12  12   250  99999.00  99999.00   9371.32  10914.04   -784.02   -336.42   -960.54   -357.42       0    1010    1010     841
54511  12  12   200  99999.00  99999.00  10844.95  12275.59   -806.72   -302.84   -973.60   -338.08       0    1001    1001     654
54511  12  12   150  99999.00  99999.00  12723.40  14071.36   -721.96   -383.32   -985.96   -353.68       0     984     985     632
54511  12  12   100  99999.00  99999.00  15332.72  16607.24   -749.17   -401.53  -1011.91   -369.91       0     967     968     472
54511  12  12    80  99999.00  99999.00  99999.00  99999.00  99999.00  99999.00  99999.00  99999.00       0       0       0       0
54511  12  12    70  99999.00  99999.00  17592.68  18844.64   -785.08   -371.44  99999.00  99999.00       0     937     939      17
54511  12  12    60  99999.00  99999.00  99999.00  99999.00  99999.00  99999.00  99999.00  99999.00       0       0       0       0
54511  12  12    50  99999.00  99999.00  19683.48  21004.44   -787.19   -348.71  99999.00  99999.00       0     911     912      12
54511  12  12    40  99999.00  99999.00  21063.73  22462.21   -790.08   -315.00  99999.00  99999.00       0     895     900      11
54511  12  12    30  99999.00  99999.00  22841.77  24372.37   -771.71   -291.23  99999.00  99999.00       0     850     857      11
54511  12  12    20  99999.00  99999.00  25367.16  27105.48   -770.55   -231.15  99999.00  99999.00       0     743     747       9
54511  12  12    15  99999.00  99999.00  27173.14  29060.26   -782.23   -179.95  99999.00  99999.00       0     588     590       9
54511  12  12    10  99999.00  99999.00  29652.19  31924.03   -814.97    -87.53  99999.00  99999.00       0     347     349       8
54511  12  12     7  99999.00  99999.00  31835.93  34553.45   -817.04    -17.12  99999.00  99999.00       0     246     246       8
54511  12  12     5  99999.00  99999.00  33912.19  37086.31   -810.59     38.41  99999.00  99999.00       0     181     181       8
54511  12  12     3  99999.00  99999.00  99999.00  99999.00  99999.00  99999.00  99999.00  99999.00       0       0       0       0
54511  12  12     2  99999.00  99999.00  99999.00  99999.00  99999.00  99999.00  99999.00  99999.00       0       0       0       0
54511  12  12     1  99999.00  99999.00  99999.00  99999.00  99999.00  99999.00  99999.00  99999.00       0       0       0       0
