44288  01  00  9999    777.93    850.65  99999.00  99999.00   -588.49    250.31   -190.68    296.76      68       0      68      68
44288  01  00  1000  99999.00  99999.00  99999.00  99999.00  99999.00  99999.00  99999.00  99999.00       0       0       0       0
44288  01  00   925  99999.00  99999.00  99999.00  99999.00  99999.00  99999.00  99999.00  99999.00       0       0       0       0
44288  01  00   900  99999.00  99999.00  99999.00  99999.00  99999.00  99999.00  99999.00  99999.00       0       0       0       0
44288  01  00   850  99999.00  99999.00  99999.00  99999.00  99999.00  99999.00  99999.00  99999.00       0       0       0       0
44288  01  00   800  99999.00  99999.00  99999.00  99999.00  99999.00  99999.00  99999.00  99999.00       0       0       4       4
44288  01  00   700  99999.00  99999.00   2660.40   3265.68   -561.98    204.22   -640.83     93.57       0     479     485     483
44288  01  00   600  99999.00  99999.00  99999.00  99999.00  99999.00  99999.00  99999.00  99999.00       0       0       1       1
44288  01  00   500  99999.00  99999.00   4887.28   5927.80   -650.49      4.95   -747.55    -59.83       0     492     490     454
44288  01  00   400  99999.00  99999.00   6257.27   7633.91   -730.56   -142.20   -799.30   -188.74       0     458     464     241
44288  01  00   300  99999.00  99999.00   8004.64   9649.84   -784.11   -332.31   -810.71   -431.99       0     430     428     184
44288  01  00   250  99999.00  99999.00   9020.35  10943.71   -885.97   -294.97   -952.41   -355.65       0     414     420     182
44288  01  00   200  99999.00  99999.00  10536.13  12221.29   -867.41   -294.89   -955.17   -338.25       0     411     406     160
44288  01  00   150  99999.00  99999.00  12336.77  14073.89   -791.43   -344.43   -892.90   -383.62       0     392     391     156
44288  01  00   100  99999.00  99999.00  14921.25  16625.01   -787.51   -355.75   -872.40   -413.28       0     367     368     146
44288  01  00    80  99999.00  99999.00  99999.00  99999.00  99999.00  99999.00  99999.00  99999.00       0       0       2       0
44288  01  00    70  99999.00  99999.00  99999.00  99999.00  99999.00  99999.00  99999.00  99999.00       0      22      22       0
44288  01  00    60  99999.00  99999.00  99999.00  99999.00  99999.00  99999.00  99999.00  99999.00       0       0       1       0
44288  01  00    50  99999.00  99999.00  99999.00  99999.00  99999.00  99999.00  99999.00  99999.00       0      20      20       0
44288  01  00    40  99999.00  99999.00  99999.00  99999.00  99999.00  99999.00  99999.00  99999.00       0       0       3       0
44288  01  00    30  99999.00  99999.00  99999.00  99999.00  99999.00  99999.00  99999.00  99999.00       0      15      16       0
44288  01  00    20  99999.00  99999.00  99999.00  99999.00  99999.00  99999.00  99999.00  99999.00       0      16      16       2
44288  01  00    15  99999.00  99999.00  99999.00  99999.00  99999.00  99999.00  99999.00  99999.00       0       0       5       1
44288  01  00    10  99999.00  99999.00  99999.00  99999.00  99999.00  99999.00  99999.00  99999.00       0       2       5       1
44288  01  00     7  99999.00  99999.00  99999.00  99999.00  99999.00  99999.00  99999.00  99999.00       0       0       1       1
44288  01  00     5  99999.00  99999.00  99999.00  99999.00  99999.00  99999.00  99999.00  99999.00       0       0       0       0
44288  01  00     3  99999.00  99999.00  99999.00  99999.00  99999.00  99999.00  99999.00  99999.00       0       0       0       0
44288  01  00     2  99999.00  99999.00  99999.00  99999.00  99999.00  99999.00  99999.00  99999.00       0       0       0       0
44288  01  00     1  99999.00  99999.00  99999.00  99999.00  99999.00  99999.00  99999.00  99999.00       0       0       0       0
44288  02  00  9999  99999.00  99999.00  99999.00  99999.00  99999.00  99999.00  99999.00  99999.00      51       0      51      51
44288  02  00  1000  99999.00  99999.00  99999.00  99999.00  99999.00  99999.00  99999.00  99999.00       0       0       0       0
44288  02  00   925  99999.00  99999.00  99999.00  99999.00  99999.00  99999.00  99999.00  99999.00       0       0       0       0
44288  02  00   900  99999.00  99999.00  99999.00  99999.00  99999.00  99999.00  99999.00  99999.00       0       0       0       0
44288  02  00   850  99999.00  99999.00  99999.00  99999.00  99999.00  99999.00  99999.00  99999.00       0       0       0       0
44288  02  00   800  99999.00  99999.00  99999.00  99999.00  99999.00  99999.00  99999.00  99999.00       0       0       2       2
44288  02  00   700  99999.00  99999.00   -921.50   6788.74   -552.49    201.35   -587.81     47.35       0     410     418     407
44288  02  00   600  99999.00  99999.00  99999.00  99999.00  99999.00  99999.00  99999.00  99999.00       0       0       0       0
44288  02  00   500  99999.00  99999.00   4875.48   5948.76   -651.30      4.14   -744.99    -67.47       0     410     408     379
44288  02  00   400  99999.00  99999.00   6269.54   7634.66   -734.32   -130.96   -885.07   -117.91       0     386     382     225
44288  02  00   300  99999.00  99999.00   7983.36   9687.36   -797.76   -298.08   -854.64   -383.04       0     362     366     166
44288  02  00   250  99999.00  99999.00   9103.55  10887.11   -873.11   -292.67   -982.84   -319.84       0     351     355     151
44288  02  00   200  99999.00  99999.00  10582.48  12211.48  -3703.25   2494.27   -970.25   -306.17       0     338     336     150
44288  02  00   150  99999.00  99999.00  12422.14  14019.34  -3743.57   2558.95   -864.99   -384.03       0     326     325     142
44288  02  00   100  99999.00  99999.00  14917.35  16657.11  -3824.34   2638.98   -848.79   -410.07       0     311     309     131
44288  02  00    80  99999.00  99999.00  99999.00  99999.00  99999.00  99999.00  99999.00  99999.00       0       0       1       0
44288  02  00    70  99999.00  99999.00  99999.00  99999.00  99999.00  99999.00  99999.00  99999.00       0      24      24       0
44288  02  00    60  99999.00  99999.00  99999.00  99999.00  99999.00  99999.00  99999.00  99999.00       0       0       1       0
44288  02  00    50  99999.00  99999.00  99999.00  99999.00  99999.00  99999.00  99999.00  99999.00       0      21      21       0
44288  02  00    40  99999.00  99999.00  99999.00  99999.00  99999.00  99999.00  99999.00  99999.00       0       0       0       0
44288  02  00    30  99999.00  99999.00  99999.00  99999.00  99999.00  99999.00  99999.00  99999.00       0      18      19       0
44288  02  00    20  99999.00  99999.00  99999.00  99999.00  99999.00  99999.00  99999.00  99999.00       0      16      16       1
44288  02  00    15  99999.00  99999.00  99999.00  99999.00  99999.00  99999.00  99999.00  99999.00       0       0       4       1
44288  02  00    10  99999.00  99999.00  99999.00  99999.00  99999.00  99999.00  99999.00  99999.00       0       5       9       3
44288  02  00     7  99999.00  99999.00  99999.00  99999.00  99999.00  99999.00  99999.00  99999.00       0       0       0       0
44288  02  00     5  99999.00  99999.00  99999.00  99999.00  99999.00  99999.00  99999.00  99999.00       0       0       0       0
44288  02  00     3  99999.00  99999.00  99999.00  99999.00  99999.00  99999.00  99999.00  99999.00       0       0       0       0
44288  02  00     2  99999.00  99999.00  99999.00  99999.00  99999.00  99999.00  99999.00  99999.00       0       0       0       0
44288  02  00     1  99999.00  99999.00  99999.00  99999.00  99999.00  99999.00  99999.00  99999.00       0       0       0       0
44288  03  00  9999  99999.00  99999.00  99999.00  99999.00  99999.00  99999.00  99999.00  99999.00      41       0      41      41
44288  03  00  1000  99999.00  99999.00  99999.00  99999.00  99999.00  99999.00  99999.00  99999.00       0       0       0       0
44288  03  00   925  99999.00  99999.00  99999.00  99999.00  99999.00  99999.00  99999.00  99999.00       0       0       0       0
44288  03  00   900  99999.00  99999.00  99999.00  99999.00  99999.00  99999.00  99999.00  99999.00       0       0       0       0
44288  03  00   850  99999.00  99999.00  99999.00  99999.00  99999.00  99999.00  99999.00  99999.00       0       0       0       0
44288  03  00   800  99999.00  99999.00  99999.00  99999.00  99999.00  99999.00  99999.00  99999.00       0       0       2       2
44288  03  00   700  99999.00  99999.00   -787.94   6686.62  -2697.52   2381.36   -597.66    129.30       0     438     437     431
44288  03  00   600  99999.00  99999.00  99999.00  99999.00  99999.00  99999.00  99999.00  99999.00       0       0       0       0
44288  03  00   500  99999.00  99999.00   4901.65   6008.05   -625.60     35.00   -764.05     -0.37       0     433     433     413
44288  03  00   400  99999.00  99999.00   6318.18   7708.86  -2972.08   2118.68   -842.73   -108.09       0     409     406     278
44288  03  00   300  99999.00  99999.00   8026.54   9806.98  -3405.77   2290.99   -911.22   -301.62       0     398     402     194
44288  03  00   250  99999.00  99999.00   9023.99  11125.19  -3541.28   2342.44   -906.33   -395.49       0     375     373     160
44288  03  00   200  99999.00  99999.00   4635.90  18222.30  -3206.11   2020.25   -958.12   -327.52       0     367     369     158
44288  03  00   150  99999.00  99999.00  12431.86  14198.26  -3255.93   2082.75   -885.68   -387.92       0     352     353     142
44288  03  00   100  99999.00  99999.00  15056.17  16702.57   -802.12   -327.28   -896.67   -393.39       0     334     332     132
44288  03  00    80  99999.00  99999.00  99999.00  99999.00  99999.00  99999.00  99999.00  99999.00       0       0       0       0
44288  03  00    70  99999.00  99999.00  99999.00  99999.00  99999.00  99999.00  99999.00  99999.00       0      30      30       0
44288  03  00    60  99999.00  99999.00  99999.00  99999.00  99999.00  99999.00  99999.00  99999.00       0       0       1       0
44288  03  00    50  99999.00  99999.00  99999.00  99999.00  99999.00  99999.00  99999.00  99999.00       0      26      25       0
44288  03  00    40  99999.00  99999.00  99999.00  99999.00  99999.00  99999.00  99999.00  99999.00       0       0       1       0
44288  03  00    30  99999.00  99999.00  99999.00  99999.00  99999.00  99999.00  99999.00  99999.00       0      22      22       0
44288  03  00    20  99999.00  99999.00  99999.00  99999.00  99999.00  99999.00  99999.00  99999.00       0      17      17       0
44288  03  00    15  99999.00  99999.00  99999.00  99999.00  99999.00  99999.00  99999.00  99999.00       0       0       4       0
44288  03  00    10  99999.00  99999.00  99999.00  99999.00  99999.00  99999.00  99999.00  99999.00       0       4       7       3
44288  03  00     7  99999.00  99999.00  99999.00  99999.00  99999.00  99999.00  99999.00  99999.00       0       0       0       0
44288  03  00     5  99999.00  99999.00  99999.00  99999.00  99999.00  99999.00  99999.00  99999.00       0       0       1       0
44288  03  00     3  99999.00  99999.00  99999.00  99999.00  99999.00  99999.00  99999.00  99999.00       0       0       0       0
44288  03  00     2  99999.00  99999.00  99999.00  99999.00  99999.00  99999.00  99999.00  99999.00       0       0       0       0
44288  03  00     1  99999.00  99999.00  99999.00  99999.00  99999.00  99999.00  99999.00  99999.00       0       0       0       0
44288  04  00  9999  99999.00  99999.00  99999.00  99999.00  99999.00  99999.00  99999.00  99999.00      38       0      37      37
44288  04  00  1000  99999.00  99999.00  99999.00  99999.00  99999.00  99999.00  99999.00  99999.00       0       0       0       0
44288  04  00   925  99999.00  99999.00  99999.00  99999.00  99999.00  99999.00  99999.00  99999.00       0       0       0       0
44288  04  00   900  99999.00  99999.00  99999.00  99999.00  99999.00  99999.00  99999.00  99999.00       0       0       0       0
44288  04  00   850  99999.00  99999.00  99999.00  99999.00  99999.00  99999.00  99999.00  99999.00       0       0       0       0
44288  04  00   800  99999.00  99999.00  99999.00  99999.00  99999.00  99999.00  99999.00  99999.00       0       1       2       2
44288  04  00   700  99999.00  99999.00   2627.37   3389.49   -449.91    303.81   -543.58    172.34       0     436     436     428
44288  04  00   600  99999.00  99999.00  99999.00  99999.00  99999.00  99999.00  99999.00  99999.00       0       0       3       3
44288  04  00   500  99999.00  99999.00   5002.78   6065.14   -572.11     76.61   -729.81     53.31       0     434     432     417
44288  04  00   400  99999.00  99999.00   6459.55   7787.83   -682.46    -43.46   -841.15    -43.39       0     404     400     333
44288  04  00   300  99999.00  99999.00   8126.42  10005.74   -829.57   -166.69   -942.14   -195.62       0     398     399     191
44288  04  00   250  99999.00  99999.00   9162.85  11320.21   -877.90   -227.14   -931.48   -326.32       0     380     373     166
44288  04  00   200  99999.00  99999.00  10665.88  12649.24   -876.91   -240.19   -956.87   -312.23       0     373     371     159
44288  04  00   150  99999.00  99999.00  12526.11  14448.51   -756.60   -349.32   -833.74   -435.22       0     361     362     151
44288  04  00   100  99999.00  99999.00  15044.65  17076.85   -748.89   -386.97   -873.17   -448.01       0     342     342     138
44288  04  00    80  99999.00  99999.00  99999.00  99999.00  99999.00  99999.00  99999.00  99999.00       0       0       3       0
44288  04  00    70  99999.00  99999.00  99999.00  99999.00  99999.00  99999.00  99999.00  99999.00       0      39      39       0
44288  04  00    60  99999.00  99999.00  99999.00  99999.00  99999.00  99999.00  99999.00  99999.00       0       0       1       0
44288  04  00    50  99999.00  99999.00  99999.00  99999.00  99999.00  99999.00  99999.00  99999.00       0      38      38       0
44288  04  00    40  99999.00  99999.00  99999.00  99999.00  99999.00  99999.00  99999.00  99999.00       0       0       0       0
44288  04  00    30  99999.00  99999.00  99999.00  99999.00  99999.00  99999.00  99999.00  99999.00       0      31      32       0
44288  04  00    20  99999.00  99999.00  99999.00  99999.00  99999.00  99999.00  99999.00  99999.00       0      25      26       0
44288  04  00    15  99999.00  99999.00  99999.00  99999.00  99999.00  99999.00  99999.00  99999.00       0       0       5       0
44288  04  00    10  99999.00  99999.00  99999.00  99999.00  99999.00  99999.00  99999.00  99999.00       0       6       9       5
44288  04  00     7  99999.00  99999.00  99999.00  99999.00  99999.00  99999.00  99999.00  99999.00       0       0       0       0
44288  04  00     5  99999.00  99999.00  99999.00  99999.00  99999.00  99999.00  99999.00  99999.00       0       0       0       0
44288  04  00     3  99999.00  99999.00  99999.00  99999.00  99999.00  99999.00  99999.00  99999.00       0       0       0       0
44288  04  00     2  99999.00  99999.00  99999.00  99999.00  99999.00  99999.00  99999.00  99999.00       0       0       0       0
44288  04  00     1  99999.00  99999.00  99999.00  99999.00  99999.00  99999.00  99999.00  99999.00       0       0       0       0
44288  05  00  9999  99999.00  99999.00  99999.00  99999.00  99999.00  99999.00  99999.00  99999.00      39       0      39      37
44288  05  00  1000  99999.00  99999.00  99999.00  99999.00  99999.00  99999.00  99999.00  99999.00       0       0       0       0
44288  05  00   925  99999.00  99999.00  99999.00  99999.00  99999.00  99999.00  99999.00  99999.00       0       0       0       0
44288  05  00   900  99999.00  99999.00  99999.00  99999.00  99999.00  99999.00  99999.00  99999.00       0       0       0       0
44288  05  00   850  99999.00  99999.00  99999.00  99999.00  99999.00  99999.00  99999.00  99999.00       0       0       0       0
44288  05  00   800  99999.00  99999.00  99999.00  99999.00  99999.00  99999.00  99999.00  99999.00       0       0       2       2
44288  05  00   700  99999.00  99999.00   -716.44   6753.32   -337.87    336.05   -464.74    235.70       0     442     441     437
44288  05  00   600  99999.00  99999.00  99999.00  99999.00  99999.00  99999.00  99999.00  99999.00       0       0       3       3
44288  05  00   500  99999.00  99999.00   5194.09   6092.65   -473.06     99.10   -688.95    127.17       0     439     443     431
44288  05  00   400  99999.00  99999.00   6687.08   7856.72   -624.23     15.85   -780.62     -4.10       0     422     422     401
44288  05  00   300  99999.00  99999.00   8486.09  10026.77   -794.63   -105.23   -952.19    -71.03       0     398     403     217
44288  05  00   250  99999.00  99999.00   9573.52  11331.88   -865.50   -179.22   -988.54   -188.26       0     387     385     177
44288  05  00   200  99999.00  99999.00  10919.37  12858.09  -3488.65   2345.15   -934.28   -323.96       0     377     383     162
44288  05  00   150  99999.00  99999.00  12792.08  14667.32   -747.02   -341.18   -952.81   -313.21       0     364     359     148
44288  05  00   100  99999.00  99999.00  15351.21  17279.97   -743.15   -394.91   -842.36   -485.72       0     349     343     141
44288  05  00    80  99999.00  99999.00  99999.00  99999.00  99999.00  99999.00  99999.00  99999.00       0       0       1       0
44288  05  00    70  99999.00  99999.00  99999.00  99999.00  99999.00  99999.00  99999.00  99999.00       0      29      28       0
44288  05  00    60  99999.00  99999.00  99999.00  99999.00  99999.00  99999.00  99999.00  99999.00       0       0       3       0
44288  05  00    50  99999.00  99999.00  99999.00  99999.00  99999.00  99999.00  99999.00  99999.00       0      25      25       0
44288  05  00    40  99999.00  99999.00  99999.00  99999.00  99999.00  99999.00  99999.00  99999.00       0       0       2       0
44288  05  00    30  99999.00  99999.00  99999.00  99999.00  99999.00  99999.00  99999.00  99999.00       0      21      21       0
44288  05  00    20  99999.00  99999.00  99999.00  99999.00  99999.00  99999.00  99999.00  99999.00       0      17      17       0
44288  05  00    15  99999.00  99999.00  99999.00  99999.00  99999.00  99999.00  99999.00  99999.00       0       0       3       0
44288  05  00    10  99999.00  99999.00  99999.00  99999.00  99999.00  99999.00  99999.00  99999.00       0       6       8       3
44288  05  00     7  99999.00  99999.00  99999.00  99999.00  99999.00  99999.00  99999.00  99999.00       0       0       1       0
44288  05  00     5  99999.00  99999.00  99999.00  99999.00  99999.00  99999.00  99999.00  99999.00       0       0       0       0
44288  05  00     3  99999.00  99999.00  99999.00  99999.00  99999.00  99999.00  99999.00  99999.00       0       0       0       0
44288  05  00     2  99999.00  99999.00  99999.00  99999.00  99999.00  99999.00  99999.00  99999.00       0       0       0       0
44288  05  00     1  99999.00  99999.00  99999.00  99999.00  99999.00  99999.00  99999.00  99999.00       0       0       0       0
44288  06  00  9999    796.56    830.40  99999.00  99999.00   -112.60    361.88   -191.59    371.57      67       0      67      67
44288  06  00  1000  99999.00  99999.00  99999.00  99999.00  99999.00  99999.00  99999.00  99999.00       0       0       0       0
44288  06  00   925  99999.00  99999.00  99999.00  99999.00  99999.00  99999.00  99999.00  99999.00       0       0       0       0
44288  06  00   900  99999.00  99999.00  99999.00  99999.00  99999.00  99999.00  99999.00  99999.00       0       0       0       0
44288  06  00   850  99999.00  99999.00  99999.00  99999.00  99999.00  99999.00  99999.00  99999.00       0       0       0       0
44288  06  00   800  99999.00  99999.00  99999.00  99999.00  99999.00  99999.00  99999.00  99999.00       0       0       1       1
44288  06  00   700  99999.00  99999.00   2804.16   3302.16   -211.20    295.68   -364.75    266.57       0     469     477     473
44288  06  00   600  99999.00  99999.00  99999.00  99999.00  99999.00  99999.00  99999.00  99999.00       0       0       0       0
44288  06  00   500  99999.00  99999.00   5329.05   6062.85   -367.68     84.24   -631.72    192.92       0     466     468     459
44288  06  00   400  99999.00  99999.00   6869.23   7833.55   -544.13     23.59   -751.16     65.68       0     445     448     428
44288  06  00   300  99999.00  99999.00   8691.85  10042.21   -732.00    -96.24   -857.69    -85.73       0     424     429     265
44288  06  00   250  99999.00  99999.00   9759.50  11396.90   -793.23   -189.87   -964.45   -149.89       0     410     414     196
44288  06  00   200  99999.00  99999.00  11201.46  12871.98  -3399.58   2302.82   -936.56   -289.16       0     400     402     172
44288  06  00   150  99999.00  99999.00  13064.37  14720.01  -3480.65   2374.63   -814.84   -414.16       0     379     378     161
44288  06  00   100  99999.00  99999.00  15662.80  17319.16  -3572.69   2397.19   -842.57   -470.45       0     366     361     147
44288  06  00    80  99999.00  99999.00  99999.00  99999.00  99999.00  99999.00  99999.00  99999.00       0       0       1       0
44288  06  00    70  99999.00  99999.00  99999.00  99999.00  99999.00  99999.00  99999.00  99999.00       0      30      30       0
44288  06  00    60  99999.00  99999.00  99999.00  99999.00  99999.00  99999.00  99999.00  99999.00       0       0       1       0
44288  06  00    50  99999.00  99999.00  99999.00  99999.00  99999.00  99999.00  99999.00  99999.00       0      26      26       0
44288  06  00    40  99999.00  99999.00  99999.00  99999.00  99999.00  99999.00  99999.00  99999.00       0       0       1       0
44288  06  00    30  99999.00  99999.00  99999.00  99999.00  99999.00  99999.00  99999.00  99999.00       0      21      21       0
44288  06  00    20  99999.00  99999.00  99999.00  99999.00  99999.00  99999.00  99999.00  99999.00       0      15      17       0
44288  06  00    15  99999.00  99999.00  99999.00  99999.00  99999.00  99999.00  99999.00  99999.00       0       0       1       0
44288  06  00    10  99999.00  99999.00  99999.00  99999.00  99999.00  99999.00  99999.00  99999.00       0       0       0       0
44288  06  00     7  99999.00  99999.00  99999.00  99999.00  99999.00  99999.00  99999.00  99999.00       0       0       0       0
44288  06  00     5  99999.00  99999.00  99999.00  99999.00  99999.00  99999.00  99999.00  99999.00       0       0       0       0
44288  06  00     3  99999.00  99999.00  99999.00  99999.00  99999.00  99999.00  99999.00  99999.00       0       0       0       0
44288  06  00     2  99999.00  99999.00  99999.00  99999.00  99999.00  99999.00  99999.00  99999.00       0       0       0       0
44288  06  00     1  99999.00  99999.00  99999.00  99999.00  99999.00  99999.00  99999.00  99999.00       0       0       0       0
44288  07  00  9999  99999.00  99999.00  99999.00  99999.00  99999.00  99999.00  99999.00  99999.00      59       0      59      59
44288  07  00  1000  99999.00  99999.00  99999.00  99999.00  99999.00  99999.00  99999.00  99999.00       0       0       0       0
44288  07  00   925  99999.00  99999.00  99999.00  99999.00  99999.00  99999.00  99999.00  99999.00       0       0       0       0
44288  07  00   900  99999.00  99999.00  99999.00  99999.00  99999.00  99999.00  99999.00  99999.00       0       0       0       0
44288  07  00   850  99999.00  99999.00  99999.00  99999.00  99999.00  99999.00  99999.00  99999.00       0       0       0       0
44288  07  00   800  99999.00  99999.00  99999.00  99999.00  99999.00  99999.00  99999.00  99999.00       0       0       3       3
44288  07  00   700  99999.00  99999.00   2843.12   3268.76   -171.34    301.22   -267.97    239.39       0     438     429     421
44288  07  00   600  99999.00  99999.00  99999.00  99999.00  99999.00  99999.00  99999.00  99999.00       0       0       0       0
44288  07  00   500  99999.00  99999.00   5396.43   6053.55   -306.49     79.55   -598.22    211.54       0     433     427     409
44288  07  00   400  99999.00  99999.00   6955.17   7843.29   -468.73     11.51   -702.94     80.18       0     400     393     384
44288  07  00   300  99999.00  99999.00   8853.95  10023.71   -650.28   -118.68   -799.97    -92.57       0     375     372     282
44288  07  00   250  99999.00  99999.00   9933.23  11406.83   -731.64   -204.60   -854.67   -207.75       0     353     350     171
44288  07  00   200  99999.00  99999.00  11412.15  12870.39   -735.82   -263.50   -803.36   -344.60       0     352     350     146
44288  07  00   150  99999.00  99999.00  13287.47  14751.11   -718.58   -328.94   -862.30   -366.10       0     339     343     145
44288  07  00   100  99999.00  99999.00  15926.83  17300.71   -748.59   -376.59   -885.52   -430.00       0     329     328     136
44288  07  00    80  99999.00  99999.00  99999.00  99999.00  99999.00  99999.00  99999.00  99999.00       0       0       1       0
44288  07  00    70  99999.00  99999.00  99999.00  99999.00  99999.00  99999.00  99999.00  99999.00       0      27      28       0
44288  07  00    60  99999.00  99999.00  99999.00  99999.00  99999.00  99999.00  99999.00  99999.00       0       0       1       0
44288  07  00    50  99999.00  99999.00  99999.00  99999.00  99999.00  99999.00  99999.00  99999.00       0      23      24       0
44288  07  00    40  99999.00  99999.00  99999.00  99999.00  99999.00  99999.00  99999.00  99999.00       0       0       2       0
44288  07  00    30  99999.00  99999.00  99999.00  99999.00  99999.00  99999.00  99999.00  99999.00       0      21      22       0
44288  07  00    20  99999.00  99999.00  99999.00  99999.00  99999.00  99999.00  99999.00  99999.00       0      21      22       0
44288  07  00    15  99999.00  99999.00  99999.00  99999.00  99999.00  99999.00  99999.00  99999.00       0       0       3       0
44288  07  00    10  99999.00  99999.00  99999.00  99999.00  99999.00  99999.00  99999.00  99999.00       0       4      12      10
44288  07  00     7  99999.00  99999.00  99999.00  99999.00  99999.00  99999.00  99999.00  99999.00       0       0       0       0
44288  07  00     5  99999.00  99999.00  99999.00  99999.00  99999.00  99999.00  99999.00  99999.00       0       0       0       0
44288  07  00     3  99999.00  99999.00  99999.00  99999.00  99999.00  99999.00  99999.00  99999.00       0       0       0       0
44288  07  00     2  99999.00  99999.00  99999.00  99999.00  99999.00  99999.00  99999.00  99999.00       0       0       0       0
44288  07  00     1  99999.00  99999.00  99999.00  99999.00  99999.00  99999.00  99999.00  99999.00       0       0       0       0
44288  08  00  9999    797.31    837.15  99999.00  99999.00   -356.70    618.66   -140.93    262.15      62       0      62      61
44288  08  00  1000  99999.00  99999.00  99999.00  99999.00  99999.00  99999.00  99999.00  99999.00       0       0       0       0
44288  08  00   925  99999.00  99999.00  99999.00  99999.00  99999.00  99999.00  99999.00  99999.00       0       0       0       0
44288  08  00   900  99999.00  99999.00  99999.00  99999.00  99999.00  99999.00  99999.00  99999.00       0       0       0       0
44288  08  00   850  99999.00  99999.00  99999.00  99999.00  99999.00  99999.00  99999.00  99999.00       0       0       0       0
44288  08  00   800  99999.00  99999.00  99999.00  99999.00  99999.00  99999.00  99999.00  99999.00       0       0       3       3
44288  08  00   700  99999.00  99999.00   2852.04   3301.44   -163.15    267.53   -235.07    201.49       0     416     416     407
44288  08  00   600  99999.00  99999.00  99999.00  99999.00  99999.00  99999.00  99999.00  99999.00       0       0       1       1
44288  08  00   500  99999.00  99999.00   5403.03   6057.75   -330.00     73.92   -618.19    205.49       0     408     408     400
44288  08  00   400  99999.00  99999.00   6944.07   7844.07   -496.91      2.89   -753.84     90.96       0     371     369     353
44288  08  00   300  99999.00  99999.00   8794.28  10055.12   -710.41    -96.73   -854.60    -74.60       0     349     355     235
44288  08  00   250  99999.00  99999.00   9909.92  11388.32   -767.45   -186.05   -878.59   -217.63       0     329     325     163
44288  08  00   200  99999.00  99999.00  11309.47  12924.19   -751.82   -248.54   -803.73   -347.73       0     322     321     147
44288  08  00   150  99999.00  99999.00  13174.67  14796.83   -714.87   -349.71   -892.77   -349.53       0     301     301     131
44288  08  00   100  99999.00  99999.00  15900.20  17256.68   -760.67   -374.51   -830.22   -484.26       0     282     277     120
44288  08  00    80  99999.00  99999.00  99999.00  99999.00  99999.00  99999.00  99999.00  99999.00       0       0       2       0
44288  08  00    70  99999.00  99999.00  99999.00  99999.00  99999.00  99999.00  99999.00  99999.00       0      29      29       0
44288  08  00    60  99999.00  99999.00  99999.00  99999.00  99999.00  99999.00  99999.00  99999.00       0       0       2       0
44288  08  00    50  99999.00  99999.00  99999.00  99999.00  99999.00  99999.00  99999.00  99999.00       0      26      27       0
44288  08  00    40  99999.00  99999.00  99999.00  99999.00  99999.00  99999.00  99999.00  99999.00       0       0       1       0
44288  08  00    30  99999.00  99999.00  99999.00  99999.00  99999.00  99999.00  99999.00  99999.00       0      24      24       0
44288  08  00    20  99999.00  99999.00  99999.00  99999.00  99999.00  99999.00  99999.00  99999.00       0      22      22       0
44288  08  00    15  99999.00  99999.00  99999.00  99999.00  99999.00  99999.00  99999.00  99999.00       0       0       1       0
44288  08  00    10  99999.00  99999.00  99999.00  99999.00  99999.00  99999.00  99999.00  99999.00       0       1       2       1
44288  08  00     7  99999.00  99999.00  99999.00  99999.00  99999.00  99999.00  99999.00  99999.00       0       0       0       0
44288  08  00     5  99999.00  99999.00  99999.00  99999.00  99999.00  99999.00  99999.00  99999.00       0       0       0       0
44288  08  00     3  99999.00  99999.00  99999.00  99999.00  99999.00  99999.00  99999.00  99999.00       0       0       0       0
44288  08  00     2  99999.00  99999.00  99999.00  99999.00  99999.00  99999.00  99999.00  99999.00       0       0       0       0
44288  08  00     1  99999.00  99999.00  99999.00  99999.00  99999.00  99999.00  99999.00  99999.00       0       0       0       0
44288  09  00  9999  99999.00  99999.00  99999.00  99999.00  99999.00  99999.00  99999.00  99999.00      52       0      52      52
44288  09  00  1000  99999.00  99999.00  99999.00  99999.00  99999.00  99999.00  99999.00  99999.00       0       0       0       0
44288  09  00   925  99999.00  99999.00  99999.00  99999.00  99999.00  99999.00  99999.00  99999.00       0       0       0       0
44288  09  00   900  99999.00  99999.00  99999.00  99999.00  99999.00  99999.00  99999.00  99999.00       0       0       0       0
44288  09  00   850  99999.00  99999.00  99999.00  99999.00  99999.00  99999.00  99999.00  99999.00       0       0       0       0
44288  09  00   800  99999.00  99999.00  99999.00  99999.00  99999.00  99999.00  99999.00  99999.00       0       0       3       2
44288  09  00   700  99999.00  99999.00   2845.24   3316.24   -301.78    307.70   -425.05    246.47       0     402     400     394
44288  09  00   600  99999.00  99999.00  99999.00  99999.00  99999.00  99999.00  99999.00  99999.00       0       0       0       0
44288  09  00   500  99999.00  99999.00   5311.04   6066.32   -426.67     80.93   -685.16    140.08       0     394     393     382
44288  09  00   400  99999.00  99999.00   6822.93   7822.53   -570.95    -15.71   -758.95     -6.31       0     378     380     347
44288  09  00   300  99999.00  99999.00   8629.16   9991.40   -716.25   -172.89   -889.92   -142.56       0     359     355     189
44288  09  00   250  99999.00  99999.00   9741.80  11286.44   -787.11   -241.35   -982.06   -205.18       0     342     337     154
44288  09  00   200  99999.00  99999.00  11161.64  12753.80   -793.70   -269.78   -878.41   -342.01       0     335     329     149
44288  09  00   150  99999.00  99999.00  13000.48  14608.00   -705.62   -388.10   -808.36   -454.12       0     314     309     141
44288  09  00   100  99999.00  99999.00  15589.71  17199.03   -712.08   -415.56   -925.54   -388.30       0     291     293     127
44288  09  00    80  99999.00  99999.00  99999.00  99999.00  99999.00  99999.00  99999.00  99999.00       0       0       0       0
44288  09  00    70  99999.00  99999.00  99999.00  99999.00  99999.00  99999.00  99999.00  99999.00       0      18      18       0
44288  09  00    60  99999.00  99999.00  99999.00  99999.00  99999.00  99999.00  99999.00  99999.00       0       0       2       0
44288  09  00    50  99999.00  99999.00  99999.00  99999.00  99999.00  99999.00  99999.00  99999.00       0      13      13       0
44288  09  00    40  99999.00  99999.00  99999.00  99999.00  99999.00  99999.00  99999.00  99999.00       0       0       1       0
44288  09  00    30  99999.00  99999.00  99999.00  99999.00  99999.00  99999.00  99999.00  99999.00       0       9       9       0
44288  09  00    20  99999.00  99999.00  99999.00  99999.00  99999.00  99999.00  99999.00  99999.00       0       8       8       0
44288  09  00    15  99999.00  99999.00  99999.00  99999.00  99999.00  99999.00  99999.00  99999.00       0       0       2       0
44288  09  00    10  99999.00  99999.00  99999.00  99999.00  99999.00  99999.00  99999.00  99999.00       0       1       2       0
44288  09  00     7  99999.00  99999.00  99999.00  99999.00  99999.00  99999.00  99999.00  99999.00       0       0       0       0
44288  09  00     5  99999.00  99999.00  99999.00  99999.00  99999.00  99999.00  99999.00  99999.00       0       0       0       0
44288  09  00     3  99999.00  99999.00  99999.00  99999.00  99999.00  99999.00  99999.00  99999.00       0       0       0       0
44288  09  00     2  99999.00  99999.00  99999.00  99999.00  99999.00  99999.00  99999.00  99999.00       0       0       0       0
44288  09  00     1  99999.00  99999.00  99999.00  99999.00  99999.00  99999.00  99999.00  99999.00       0       0       0       0
44288  10  00  9999  99999.00  99999.00  99999.00  99999.00  99999.00  99999.00  99999.00  99999.00      49       0      46      46
44288  10  00  1000  99999.00  99999.00  99999.00  99999.00  99999.00  99999.00  99999.00  99999.00       0       0       0       0
44288  10  00   925  99999.00  99999.00  99999.00  99999.00  99999.00  99999.00  99999.00  99999.00       0       0       0       0
44288  10  00   900  99999.00  99999.00  99999.00  99999.00  99999.00  99999.00  99999.00  99999.00       0       0       0       0
44288  10  00   850  99999.00  99999.00  99999.00  99999.00  99999.00  99999.00  99999.00  99999.00       0       0       0       0
44288  10  00   800  99999.00  99999.00  99999.00  99999.00  99999.00  99999.00  99999.00  99999.00       0       0       5       5
44288  10  00   700  99999.00  99999.00   2734.23   3386.91   -380.66    270.82   -503.52    186.84       0     429     428     423
44288  10  00   600  99999.00  99999.00  99999.00  99999.00  99999.00  99999.00  99999.00  99999.00       0       0       2       2
44288  10  00   500  99999.00  99999.00   5132.22   6094.86   -499.16     58.00   -702.28     56.96       0     427     423     414
44288  10  00   400  99999.00  99999.00   6603.84   7834.32   -606.57    -71.97   -780.00    -72.72       0     395     390     338
44288  10  00   300  99999.00  99999.00   8415.76   9933.64   -748.13   -221.93   -914.13   -207.09       0     372     378     160
44288  10  00   250  99999.00  99999.00   9483.60  11224.08   -804.35   -295.55   -832.41   -430.53       0     363     360     129
44288  10  00   200  99999.00  99999.00  10935.12  12608.52   -835.20   -299.52   -977.32   -319.84       0     346     348     124
44288  10  00   150  99999.00  99999.00  12778.72  14422.36   -763.72   -378.64   -861.95   -447.11       0     344     341     120
44288  10  00   100  99999.00  99999.00  15365.05  16958.53   -733.97   -415.61   -842.68   -495.64       0     329     331     114
44288  10  00    80  99999.00  99999.00  99999.00  99999.00  99999.00  99999.00  99999.00  99999.00       0       0       0       0
44288  10  00    70  99999.00  99999.00  99999.00  99999.00  99999.00  99999.00  99999.00  99999.00       0      14      15       0
44288  10  00    60  99999.00  99999.00  99999.00  99999.00  99999.00  99999.00  99999.00  99999.00       0       0       0       0
44288  10  00    50  99999.00  99999.00  99999.00  99999.00  99999.00  99999.00  99999.00  99999.00       0      14      13       0
44288  10  00    40  99999.00  99999.00  99999.00  99999.00  99999.00  99999.00  99999.00  99999.00       0       0       0       0
44288  10  00    30  99999.00  99999.00  99999.00  99999.00  99999.00  99999.00  99999.00  99999.00       0      13      13       0
44288  10  00    20  99999.00  99999.00  99999.00  99999.00  99999.00  99999.00  99999.00  99999.00       0      11      12       0
44288  10  00    15  99999.00  99999.00  99999.00  99999.00  99999.00  99999.00  99999.00  99999.00       0       0       4       0
44288  10  00    10  99999.00  99999.00  99999.00  99999.00  99999.00  99999.00  99999.00  99999.00       0       2       4       0
44288  10  00     7  99999.00  99999.00  99999.00  99999.00  99999.00  99999.00  99999.00  99999.00       0       0       0       0
44288  10  00     5  99999.00  99999.00  99999.00  99999.00  99999.00  99999.00  99999.00  99999.00       0       0       0       0
44288  10  00     3  99999.00  99999.00  99999.00  99999.00  99999.00  99999.00  99999.00  99999.00       0       0       0       0
44288  10  00     2  99999.00  99999.00  99999.00  99999.00  99999.00  99999.00  99999.00  99999.00       0       0       0       0
44288  10  00     1  99999.00  99999.00  99999.00  99999.00  99999.00  99999.00  99999.00  99999.00       0       0       0       0
44288  11  00  9999    788.02    847.06  99999.00  99999.00   -475.27    294.17   -186.15    333.69      87       0      84      84
44288  11  00  1000  99999.00  99999.00  99999.00  99999.00  99999.00  99999.00  99999.00  99999.00       0       0       0       0
44288  11  00   925  99999.00  99999.00  99999.00  99999.00  99999.00  99999.00  99999.00  99999.00       0       0       0       0
44288  11  00   900  99999.00  99999.00  99999.00  99999.00  99999.00  99999.00  99999.00  99999.00       0       0       0       0
44288  11  00   850  99999.00  99999.00  99999.00  99999.00  99999.00  99999.00  99999.00  99999.00       0       0       0       0
44288  11  00   800  99999.00  99999.00  99999.00  99999.00  99999.00  99999.00  99999.00  99999.00       0       0       3       3
44288  11  00   700  99999.00  99999.00   2669.25   3361.77   -509.95    280.73   -597.75    163.77       0     490     490     482
44288  11  00   600  99999.00  99999.00  99999.00  99999.00  99999.00  99999.00  99999.00  99999.00       0       0       0       0
44288  11  00   500  99999.00  99999.00   4955.21   6082.85   -594.35     53.65   -763.87     39.05       0     493     488     465
44288  11  00   400  99999.00  99999.00   6384.92   7808.12   -703.01    -71.81   -842.04    -72.60       0     448     455     295
44288  11  00   300  99999.00  99999.00   8106.36   9912.00   -802.14   -249.30   -943.20   -229.08       0     434     440     169
44288  11  00   250  99999.00  99999.00   9217.26  11136.42   -861.14   -298.58   -906.02   -404.18       0     418     418     150
44288  11  00   200  99999.00  99999.00  10623.61  12512.65   -852.88   -319.00   -926.39   -403.07       0     395     401     147
44288  11  00   150  99999.00  99999.00  12483.83  14283.71   -771.42   -390.06   -875.65   -442.93       0     387     388     140
44288  11  00   100  99999.00  99999.00  15019.50  16837.74   -789.92   -377.48   -963.16   -380.56       0     355     359     125
44288  11  00    80  99999.00  99999.00  99999.00  99999.00  99999.00  99999.00  99999.00  99999.00       0       0       2       0
44288  11  00    70  99999.00  99999.00  99999.00  99999.00  99999.00  99999.00  99999.00  99999.00       0      28      29       0
44288  11  00    60  99999.00  99999.00  99999.00  99999.00  99999.00  99999.00  99999.00  99999.00       0       0       1       0
44288  11  00    50  99999.00  99999.00  99999.00  99999.00  99999.00  99999.00  99999.00  99999.00       0      29      30       0
44288  11  00    40  99999.00  99999.00  99999.00  99999.00  99999.00  99999.00  99999.00  99999.00       0       0       3       0
44288  11  00    30  99999.00  99999.00  99999.00  99999.00  99999.00  99999.00  99999.00  99999.00       0      26      27       0
44288  11  00    20  99999.00  99999.00  99999.00  99999.00  99999.00  99999.00  99999.00  99999.00       0      24      27       0
44288  11  00    15  99999.00  99999.00  99999.00  99999.00  99999.00  99999.00  99999.00  99999.00       0       0       9       0
44288  11  00    10  99999.00  99999.00  99999.00  99999.00  99999.00  99999.00  99999.00  99999.00       0      10      17       0
44288  11  00     7  99999.00  99999.00  99999.00  99999.00  99999.00  99999.00  99999.00  99999.00       0       0       4       0
44288  11  00     5  99999.00  99999.00  99999.00  99999.00  99999.00  99999.00  99999.00  99999.00       0       0       0       0
44288  11  00     3  99999.00  99999.00  99999.00  99999.00  99999.00  99999.00  99999.00  99999.00       0       0       0       0
44288  11  00     2  99999.00  99999.00  99999.00  99999.00  99999.00  99999.00  99999.00  99999.00       0       0       0       0
44288  11  00     1  99999.00  99999.00  99999.00  99999.00  99999.00  99999.00  99999.00  99999.00       0       0       0       0
44288  12  00  9999    780.31    851.71  99999.00  99999.00   -504.36    204.24   -165.37    296.03      67       0      67      67
44288  12  00  1000  99999.00  99999.00  99999.00  99999.00  99999.00  99999.00  99999.00  99999.00       0       0       0       0
44288  12  00   925  99999.00  99999.00  99999.00  99999.00  99999.00  99999.00  99999.00  99999.00       0       0       0       0
44288  12  00   900  99999.00  99999.00  99999.00  99999.00  99999.00  99999.00  99999.00  99999.00       0       0       0       0
44288  12  00   850  99999.00  99999.00  99999.00  99999.00  99999.00  99999.00  99999.00  99999.00       0       0       0       0
44288  12  00   800  99999.00  99999.00  99999.00  99999.00  99999.00  99999.00  99999.00  99999.00       0       0       5       5
44288  12  00   700  99999.00  99999.00   -624.37   6538.79  -2585.03   2244.37   -634.08    133.92       0     477     484     480
44288  12  00   600  99999.00  99999.00  99999.00  99999.00  99999.00  99999.00  99999.00  99999.00       0       0       1       1
44288  12  00   500  99999.00  99999.00   4928.63   5974.31   -612.05      7.15   -743.23    -31.27       0     483     483     467
44288  12  00   400  99999.00  99999.00   6321.70   7691.26  -2855.15   1979.29   -813.88   -144.04       0     450     448     243
44288  12  00   300  99999.00  99999.00   8069.56   9721.00   -784.63   -315.07   -818.33   -412.73       0     433     428     153
44288  12  00   250  99999.00  99999.00   9123.16  10985.92   -877.20   -314.16   -882.55   -435.91       0     409     423     151
44288  12  00   200  99999.00  99999.00  10608.62  12285.26  -3418.88   2189.68   -901.96   -406.48       0     410     409     146
44288  12  00   150  99999.00  99999.00  12413.10  14088.42   -780.64   -384.76   -868.67   -436.31       0     381     379     134
44288  12  00   100  99999.00  99999.00  14965.07  16638.95   -794.73   -384.93   -898.50   -438.42       0     359     362     121
44288  12  00    80  99999.00  99999.00  99999.00  99999.00  99999.00  99999.00  99999.00  99999.00       0       0       3       0
44288  12  00    70  99999.00  99999.00  99999.00  99999.00  99999.00  99999.00  99999.00  99999.00       0      40      41       0
44288  12  00    60  99999.00  99999.00  99999.00  99999.00  99999.00  99999.00  99999.00  99999.00       0       0       3       0
44288  12  00    50  99999.00  99999.00  99999.00  99999.00  99999.00  99999.00  99999.00  99999.00       0      37      38       0
44288  12  00    40  99999.00  99999.00  99999.00  99999.00  99999.00  99999.00  99999.00  99999.00       0       0       9       0
44288  12  00    30  99999.00  99999.00  99999.00  99999.00  99999.00  99999.00  99999.00  99999.00       0      35      35       0
44288  12  00    20  99999.00  99999.00  99999.00  99999.00  99999.00  99999.00  99999.00  99999.00       0      28      30       2
44288  12  00    15  99999.00  99999.00  99999.00  99999.00  99999.00  99999.00  99999.00  99999.00       0       0       8       3
44288  12  00    10  99999.00  99999.00  99999.00  99999.00  99999.00  99999.00  99999.00  99999.00       0       6       8       6
44288  12  00     7  99999.00  99999.00  99999.00  99999.00  99999.00  99999.00  99999.00  99999.00       0       0       1       0
44288  12  00     5  99999.00  99999.00  99999.00  99999.00  99999.00  99999.00  99999.00  99999.00       0       0       0       0
44288  12  00     3  99999.00  99999.00  99999.00  99999.00  99999.00  99999.00  99999.00  99999.00       0       0       0       0
44288  12  00     2  99999.00  99999.00  99999.00  99999.00  99999.00  99999.00  99999.00  99999.00       0       0       0       0
44288  12  00     1  99999.00  99999.00  99999.00  99999.00  99999.00  99999.00  99999.00  99999.00       0       0       0       0
