47122  01  12  9999    988.65   1046.85  99999.00  99999.00   -265.23    230.85   -127.98    277.38     841       0     841     840
47122  01  12  1000  99999.00  99999.00    -32.67    414.57   -285.48    248.04   -469.39    275.57       0     867     866     864
47122  01  12   925  99999.00  99999.00    597.37   1012.33   -350.08    234.68   -585.90    321.06       0     701     707     706
47122  01  12   900  99999.00  99999.00  99999.00  99999.00  99999.00  99999.00  99999.00  99999.00       0       0      14      14
47122  01  12   850  99999.00  99999.00   1241.13   1689.09   -382.92    210.84   -759.67    351.89       0     864     867     865
47122  01  12   800  99999.00  99999.00  99999.00  99999.00  99999.00  99999.00  99999.00  99999.00       0       0      11      11
47122  01  12   700  99999.00  99999.00   2617.04   3294.08   -445.97    166.03   -815.06    240.34       0     862     866     863
47122  01  12   600  99999.00  99999.00  99999.00  99999.00  99999.00  99999.00  99999.00  99999.00       0       0       9       9
47122  01  12   500  99999.00  99999.00   4865.84   6025.52   -534.88    -13.96   -908.76     99.96       0     861     862     862
47122  01  12   400  99999.00  99999.00   6322.13   7715.45   -599.61   -151.05   -937.46    -36.86       0     858     859     810
47122  01  12   300  99999.00  99999.00   8174.89   9736.81   -699.22   -271.66   -914.50   -271.42       0     853     859     702
47122  01  12   250  99999.00  99999.00   9391.83  10901.67   -818.47   -207.55   -926.86   -333.10       0     855     857     698
47122  01  12   200  99999.00  99999.00  10894.40  12300.44   -764.13   -263.01   -936.14   -353.54       0     840     841     690
47122  01  12   150  99999.00  99999.00  12807.54  14101.26   -730.66   -358.42   -997.06   -363.10       0     822     824     675
47122  01  12   100  99999.00  99999.00  15466.93  16584.01   -795.47   -378.11  -1052.91   -379.11       0     790     800     651
47122  01  12    80  99999.00  99999.00  99999.00  99999.00  99999.00  99999.00  99999.00  99999.00       0       0      51      44
47122  01  12    70  99999.00  99999.00  17755.08  18773.16   -797.57   -369.89  -1070.01   -364.29       0     718     720     603
47122  01  12    60  99999.00  99999.00  99999.00  99999.00  99999.00  99999.00  99999.00  99999.00       0       0      54      48
47122  01  12    50  99999.00  99999.00  19873.46  20897.78   -767.61   -385.17  -1071.00   -357.96       0     641     644     538
47122  01  12    40  99999.00  99999.00  99999.00  99999.00  -7228.54   5859.02  -1120.70   -290.54       0       0      75      69
47122  01  12    30  99999.00  99999.00  23030.83  24252.67   -754.54   -325.30  -1069.44   -313.80       0     513     521     435
47122  01  12    20  99999.00  99999.00  25490.46  27024.78   -776.07   -264.51  -1080.10   -278.50       0     386     403     335
47122  01  12    15  99999.00  99999.00  99999.00  99999.00 -14573.50  12459.50  -1075.70   -256.58       0       0      68      65
47122  01  12    10  99999.00  99999.00  29627.74  31968.34   -805.94   -119.54  -1062.64   -211.96       0     209     227     183
47122  01  12     7  99999.00  99999.00  31706.05  34710.85  -6003.30   4980.42   -998.86   -180.82       0      71     110      81
47122  01  12     5  99999.00  99999.00  99999.00  99999.00  99999.00  99999.00  99999.00  99999.00       0      32      49      35
47122  01  12     3  99999.00  99999.00  99999.00  99999.00  99999.00  99999.00  99999.00  99999.00       0       8       9       5
47122  01  12     2  99999.00  99999.00  99999.00  99999.00  99999.00  99999.00  99999.00  99999.00       0       2       4       2
47122  01  12     1  99999.00  99999.00  99999.00  99999.00  99999.00  99999.00  99999.00  99999.00       0       0       2       0
47122  02  12  9999    982.75   1048.75  99999.00  99999.00   -241.21    259.79   -142.86    304.14     748       0     748     747
47122  02  12  1000  99999.00  99999.00    -67.95    423.69   -260.83    271.13   -441.80    288.16       0     766     768     768
47122  02  12   925  99999.00  99999.00    559.90   1032.94   -340.09    277.79   -608.91    364.65       0     639     641     640
47122  02  12   900  99999.00  99999.00  99999.00  99999.00  99999.00  99999.00  99999.00  99999.00       0       0       4       4
47122  02  12   850  99999.00  99999.00   1219.02   1706.58   -389.14    261.26   -802.05    412.23       0     769     768     766
47122  02  12   800  99999.00  99999.00  99999.00  99999.00  99999.00  99999.00  99999.00  99999.00       0       0      12      12
47122  02  12   700  99999.00  99999.00   2628.25   3300.37   -449.09    202.75   -880.44    330.36       0     764     765     764
47122  02  12   600  99999.00  99999.00  99999.00  99999.00  99999.00  99999.00  99999.00  99999.00       0       0      12      12
47122  02  12   500  99999.00  99999.00   4885.69   6055.69   -554.89     37.19   -957.48    179.76       0     766     768     764
47122  02  12   400  99999.00  99999.00   6331.72   7776.28   -614.76   -107.64   -974.82     21.18       0     762     764     739
47122  02  12   300  99999.00  99999.00   8177.97   9821.97   -690.75   -272.43   -922.78   -249.82       0     761     763     633
47122  02  12   250  99999.00  99999.00   9383.00  10999.40   -825.89   -213.65   -898.74   -362.34       0     756     755     629
47122  02  12   200  99999.00  99999.00  10901.87  12368.99   -818.72   -228.80   -922.68   -378.36       0     749     750     628
47122  02  12   150  99999.00  99999.00  12806.61  14168.01   -738.93   -360.81   -970.62   -396.06       0     741     741     623
47122  02  12   100  99999.00  99999.00  15455.35  16636.63   -823.82   -370.10  -1043.96   -406.04       0     709     713     601
47122  02  12    80  99999.00  99999.00  99999.00  99999.00  99999.00  99999.00  99999.00  99999.00       0       0      44      40
47122  02  12    70  99999.00  99999.00  17707.97  18835.73   -818.99   -376.79  -1039.21   -415.45       0     654     655     556
47122  02  12    60  99999.00  99999.00  99999.00  99999.00  99999.00  99999.00  99999.00  99999.00       0       0      59      56
47122  02  12    50  99999.00  99999.00  19801.00  20956.96   -790.59   -383.91  -1021.32   -420.36       0     577     581     497
47122  02  12    40  99999.00  99999.00  99999.00  99999.00  -6977.10   5601.66   -980.27   -442.55       0       0      81      71
47122  02  12    30  99999.00  99999.00  22932.45  24304.05   -750.60   -351.96  -1016.40   -377.64       0     456     461     394
47122  02  12    20  99999.00  99999.00  25473.35  26976.59   -742.94   -305.30  -1015.38   -346.86       0     348     370     313
47122  02  12    15  99999.00  99999.00  99999.00  99999.00 -20832.14  17412.94  99999.00  99999.00       0       0      63      59
47122  02  12    10  99999.00  99999.00  29913.88  31636.00   -779.19   -132.27  -1002.43   -261.67       0     174     195     160
47122  02  12     7  99999.00  99999.00  99999.00  99999.00  -6778.22   5703.94  -1000.38   -193.38       0      54      85      66
47122  02  12     5  99999.00  99999.00  99999.00  99999.00  99999.00  99999.00  99999.00  99999.00       0      29      54      46
47122  02  12     3  99999.00  99999.00  99999.00  99999.00  99999.00  99999.00  99999.00  99999.00       0       6      16      11
47122  02  12     2  99999.00  99999.00  99999.00  99999.00  99999.00  99999.00  99999.00  99999.00       0       0       4       4
47122  02  12     1  99999.00  99999.00  99999.00  99999.00  99999.00  99999.00  99999.00  99999.00       0       0       0       0
47122  03  12  9999    979.86   1044.54  99999.00  99999.00   -180.82    291.50   -172.71    336.21     836       0     836     836
47122  03  12  1000  99999.00  99999.00    -92.60    396.64   -191.20    292.40   -346.11    280.29       0     850     851     851
47122  03  12   925  99999.00  99999.00    534.54   1025.22   -272.65    306.95   -526.68    363.24       0     703     707     707
47122  03  12   900  99999.00  99999.00  99999.00  99999.00  99999.00  99999.00  99999.00  99999.00       0       0      16      16
47122  03  12   850  99999.00  99999.00   1211.47   1705.27   -326.40    281.64   -696.19    415.85       0     860     860     859
47122  03  12   800  99999.00  99999.00  99999.00  99999.00  99999.00  99999.00  99999.00  99999.00       0       0      26      26
47122  03  12   700  99999.00  99999.00   2659.38   3299.94   -409.59    221.73   -848.20    361.64       0     858     858     857
47122  03  12   600  99999.00  99999.00  99999.00  99999.00  99999.00  99999.00  99999.00  99999.00       0       0      13      13
47122  03  12   500  99999.00  99999.00   4948.04   6075.92   -554.25     82.71   -965.10    226.98       0     859     861     860
47122  03  12   400  99999.00  99999.00   6386.54   7831.70   -631.73    -47.09   -985.66     77.66       0     855     855     834
47122  03  12   300  99999.00  99999.00   8202.89   9938.81   -670.69   -263.89   -967.33   -167.89       0     844     843     693
47122  03  12   250  99999.00  99999.00   9397.65  11131.65   -764.58   -284.94   -937.08   -317.16       0     838     838     684
47122  03  12   200  99999.00  99999.00  10928.32  12468.88   -891.99   -200.79   -966.68   -352.28       0     830     830     677
47122  03  12   150  99999.00  99999.00  12881.33  14194.61   -764.60   -350.60   -968.65   -394.57       0     813     811     663
47122  03  12   100  99999.00  99999.00  15530.40  16653.12   -798.47   -405.47  -1003.37   -440.69       0     782     787     642
47122  03  12    80  99999.00  99999.00  99999.00  99999.00  99999.00  99999.00  99999.00  99999.00       0       0      54      46
47122  03  12    70  99999.00  99999.00  17809.46  18814.58   -815.21   -388.25  -1029.68   -420.08       0     712     714     599
47122  03  12    60  99999.00  99999.00  99999.00  99999.00  99999.00  99999.00  99999.00  99999.00       0       0      56      47
47122  03  12    50  99999.00  99999.00  19935.92  20905.40   -778.73   -390.53  -1020.17   -408.29       0     632     630     528
47122  03  12    40  99999.00  99999.00  99999.00  99999.00 -13536.06  11460.66   -985.54   -412.66       0       0      79      73
47122  03  12    30  99999.00  99999.00  23142.44  24195.32   -739.94   -333.86  -1004.15   -361.91       0     511     518     434
47122  03  12    20  99999.00  99999.00  25692.93  26902.05   -712.70   -293.90   -995.68   -326.68       0     422     432     368
47122  03  12    15  99999.00  99999.00  99999.00  99999.00 -16898.47  14405.45   -977.95   -298.63       0       0      99      89
47122  03  12    10  99999.00  99999.00  30119.65  31666.21  -3941.01   3000.03   -964.94   -268.10       0     253     275     232
47122  03  12     7  99999.00  99999.00  32282.55  34297.23  -7184.10   6131.10  -1000.93   -174.61       0      95     149     117
47122  03  12     5  99999.00  99999.00  99999.00  99999.00   -676.10    -71.30  99999.00  99999.00       0      40      69      54
47122  03  12     3  99999.00  99999.00  99999.00  99999.00  99999.00  99999.00  99999.00  99999.00       0       6      13       9
47122  03  12     2  99999.00  99999.00  99999.00  99999.00  99999.00  99999.00  99999.00  99999.00       0       1       3       3
47122  03  12     1  99999.00  99999.00  99999.00  99999.00  99999.00  99999.00  99999.00  99999.00       0       0       1       1
47122  04  12  9999    975.54   1039.86  99999.00  99999.00   -126.21    369.99   -211.11    396.69     802       0     802     802
47122  04  12  1000  99999.00  99999.00   -101.09    344.47   -136.85    369.19   -315.95    356.17       0     803     801     798
47122  04  12   925  99999.00  99999.00    501.63   1021.71   -193.51    368.33   -510.41    456.91       0     687     689     688
47122  04  12   900  99999.00  99999.00  99999.00  99999.00  99999.00  99999.00  99999.00  99999.00       0       0      11      11
47122  04  12   850  99999.00  99999.00   1189.85   1723.49   -247.07    337.33   -626.00    473.32       0     861     858     855
47122  04  12   800  99999.00  99999.00  99999.00  99999.00  99999.00  99999.00  99999.00  99999.00       0       0      13      13
47122  04  12   700  99999.00  99999.00   2675.60   3350.48   -340.95    260.13   -833.66    447.58       0     854     855     851
47122  04  12   600  99999.00  99999.00  99999.00  99999.00  99999.00  99999.00  99999.00  99999.00       0       0      13      13
47122  04  12   500  99999.00  99999.00   5039.16   6145.92   -499.16    111.16  -1004.92    305.96       0     852     853     849
47122  04  12   400  99999.00  99999.00   6501.87   7929.03   -597.59     -8.51  -1027.22    156.82       0     846     846     838
47122  04  12   300  99999.00  99999.00   8322.82  10085.26   -677.51   -201.95  -1008.80    -81.92       0     840     840     690
47122  04  12   250  99999.00  99999.00   9480.87  11337.03   -722.38   -301.90   -949.92   -273.60       0     839     837     669
47122  04  12   200  99999.00  99999.00  10960.90  12723.10   -883.30   -237.46   -958.08   -372.96       0     835     836     666
47122  04  12   150  99999.00  99999.00  12897.51  14436.39   -821.55   -324.75   -999.37   -385.57       0     817     817     655
47122  04  12   100  99999.00  99999.00  15543.59  16869.23   -813.64   -408.16  -1027.78   -430.42       0     797     802     642
47122  04  12    80  99999.00  99999.00  99999.00  99999.00  99999.00  99999.00  99999.00  99999.00       0       0      47      40
47122  04  12    70  99999.00  99999.00  17847.76  18980.92   -827.38   -399.94  -1048.37   -421.49       0     719     722     587
47122  04  12    60  99999.00  99999.00  99999.00  99999.00  99999.00  99999.00  99999.00  99999.00       0       0      53      50
47122  04  12    50  99999.00  99999.00  19992.81  21039.45   -802.97   -370.25  -1040.38   -391.42       0     652     653     534
47122  04  12    40  99999.00  99999.00  99999.00  99999.00 -16253.58  13705.14  99999.00  99999.00       0       0      67      60
47122  04  12    30  99999.00  99999.00  23224.93  24317.89   -703.88   -355.16  -1022.38   -335.50       0     552     555     454
47122  04  12    20  99999.00  99999.00  25817.18  26993.78   -694.00   -305.80  -1026.74   -298.34       0     473     481     390
47122  04  12    15  99999.00  99999.00  99999.00  99999.00 -20011.60  16849.88   -954.90   -324.90       0       0      86      79
47122  04  12    10  99999.00  99999.00  30234.35  31761.59   -657.52   -210.04  -1028.90   -210.62       0     300     327     262
47122  04  12     7  99999.00  99999.00  32478.12  34326.96 -10053.62   8735.38   -998.15   -187.67       0     126     184     138
47122  04  12     5  99999.00  99999.00  34746.96  36662.88  -8531.44   7419.32   -985.62   -138.78       0      65     104      81
47122  04  12     3  99999.00  99999.00  99999.00  99999.00  99999.00  99999.00  99999.00  99999.00       0      10      30      27
47122  04  12     2  99999.00  99999.00  99999.00  99999.00  99999.00  99999.00  99999.00  99999.00       0       2       6       6
47122  04  12     1  99999.00  99999.00  99999.00  99999.00  99999.00  99999.00  99999.00  99999.00       0       0       2       2
47122  05  12  9999    975.94   1032.10  99999.00  99999.00    -18.60    380.64   -214.78    379.34     834       0     833     831
47122  05  12  1000  99999.00  99999.00    -65.28    263.16    -21.25    374.87   -173.55    356.37       0     729     729     728
47122  05  12   925  99999.00  99999.00    496.56    993.96    -56.70    351.30   -324.49    422.99       0     701     706     705
47122  05  12   900  99999.00  99999.00  99999.00  99999.00  99999.00  99999.00  99999.00  99999.00       0       0      16      16
47122  05  12   850  99999.00  99999.00   1204.11   1708.59   -101.80    308.00   -469.53    464.19       0     890     892     888
47122  05  12   800  99999.00  99999.00  99999.00  99999.00  99999.00  99999.00  99999.00  99999.00       0       0      13      13
47122  05  12   700  99999.00  99999.00   2743.73   3347.57   -209.84    238.48   -755.63    491.89       0     892     894     889
47122  05  12   600  99999.00  99999.00  99999.00  99999.00  99999.00  99999.00  99999.00  99999.00       0       0      16      16
47122  05  12   500  99999.00  99999.00   5224.41   6126.45   -399.08    108.52   -964.51    351.05       0     889     890     887
47122  05  12   400  99999.00  99999.00   6747.34   7913.50   -536.76     25.56  -1026.91    228.77       0     883     886     883
47122  05  12   300  99999.00  99999.00   8603.01  10112.01   -666.86   -125.42  -1049.86     41.06       0     876     880     802
47122  05  12   250  99999.00  99999.00   9754.04  11411.48   -714.33   -238.65  -1016.70   -149.10       0     872     869     696
47122  05  12   200  99999.00  99999.00  11200.28  12867.44   -817.57   -271.69   -983.79   -323.43       0     863     865     686
47122  05  12   150  99999.00  99999.00  13107.16  14614.60   -825.46   -330.22  -1007.79   -385.47       0     855     856     677
47122  05  12   100  99999.00  99999.00  15775.29  16999.17   -843.26   -409.46  -1055.30   -433.34       0     819     829     658
47122  05  12    80  99999.00  99999.00  99999.00  99999.00  99999.00  99999.00  99999.00  99999.00       0       0      52      48
47122  05  12    70  99999.00  99999.00  18098.10  19064.34   -836.12   -417.92  -1070.62   -427.66       0     752     753     621
47122  05  12    60  99999.00  99999.00  99999.00  99999.00   -812.33   -417.89  -1053.64   -412.60       0       0      73      66
47122  05  12    50  99999.00  99999.00  20238.92  21112.76   -759.13   -411.97  -1049.67   -390.63       0     685     687     575
47122  05  12    40  99999.00  99999.00  99999.00  99999.00  99999.00  99999.00  99999.00  99999.00       0       0      57      52
47122  05  12    30  99999.00  99999.00  23473.19  24404.99   -657.78   -393.30  -1030.25   -334.25       0     603     603     506
47122  05  12    20  99999.00  99999.00  26049.44  27111.80   -630.07   -349.39  -1029.78   -295.02       0     551     554     461
47122  05  12    15  99999.00  99999.00  99999.00  99999.00 -17327.23  14779.61   -998.98   -285.10       0       0      94      83
47122  05  12    10  99999.00  99999.00  30566.76  31853.64   -581.25   -253.89  -1004.02   -238.06       0     403     431     362
47122  05  12     7  99999.00  99999.00  32775.86  34462.10  -8197.78   7093.82  -1006.15   -185.23       0     147     225     173
47122  05  12     5  99999.00  99999.00  35042.69  36850.13  -8706.13   7624.19  -1029.77   -120.89       0      92     149     112
47122  05  12     3  99999.00  99999.00  99999.00  99999.00  -7676.27   6744.37  99999.00  99999.00       0      29      65      51
47122  05  12     2  99999.00  99999.00  99999.00  99999.00  99999.00  99999.00  99999.00  99999.00       0       8      22      18
47122  05  12     1  99999.00  99999.00  99999.00  99999.00  99999.00  99999.00  99999.00  99999.00       0       3       6       6
47122  06  12  9999    975.35   1025.87  99999.00  99999.00     67.99    386.23   -181.86    314.34     785       0     783     783
47122  06  12  1000  99999.00  99999.00    -35.16    196.80     77.15    368.63    -58.10    359.38       0     505     505     502
47122  06  12   925  99999.00  99999.00    510.01    946.33     32.48    343.04   -150.36    394.44       0     678     679     678
47122  06  12   900  99999.00  99999.00  99999.00  99999.00  99999.00  99999.00  99999.00  99999.00       0       0       8       8
47122  06  12   850  99999.00  99999.00   1223.01   1676.97     -6.83    294.37   -233.36    387.16       0     865     868     865
47122  06  12   800  99999.00  99999.00  99999.00  99999.00  99999.00  99999.00  99999.00  99999.00       0       0      16      16
47122  06  12   700  99999.00  99999.00   2813.96   3313.76   -108.91    218.09   -617.13    493.47       0     863     869     867
47122  06  12   600  99999.00  99999.00  99999.00  99999.00  99999.00  99999.00  99999.00  99999.00       0       0      13      13
47122  06  12   500  99999.00  99999.00   5399.14   6076.42   -304.72    109.04   -945.07    423.29       0     861     866     865
47122  06  12   400  99999.00  99999.00   6972.39   7874.31   -455.87     40.21   -998.89    306.47       0     850     852     850
47122  06  12   300  99999.00  99999.00   8875.05  10104.09   -626.27    -78.47  -1032.36    108.72       0     838     839     806
47122  06  12   250  99999.00  99999.00  10016.88  11454.96   -686.21   -193.25  -1003.94    -77.30       0     834     835     695
47122  06  12   200  99999.00  99999.00  11425.20  12983.40   -732.05   -318.29   -951.68   -313.64       0     831     830     664
47122  06  12   150  99999.00  99999.00  13308.12  14761.68   -827.80   -349.96   -994.92   -414.12       0     824     825     661
47122  06  12   100  99999.00  99999.00  15988.78  17103.46   -852.28   -427.84  -1047.13   -460.21       0     794     798     637
47122  06  12    80  99999.00  99999.00  99999.00  99999.00  99999.00  99999.00  99999.00  99999.00       0       0      36      29
47122  06  12    70  99999.00  99999.00  18291.16  19173.28   -794.41   -461.77  -1045.75   -449.59       0     728     730     598
47122  06  12    60  99999.00  99999.00  99999.00  99999.00  99999.00  99999.00  99999.00  99999.00       0       0      37      31
47122  06  12    50  99999.00  99999.00  20436.77  21222.17   -692.64   -467.76  -1031.12   -399.08       0     667     668     552
47122  06  12    40  99999.00  99999.00  99999.00  99999.00  99999.00  99999.00  99999.00  99999.00       0       0      43      38
47122  06  12    30  99999.00  99999.00  23685.15  24504.75   -621.64   -425.08  -1013.59   -350.23       0     594     595     492
47122  06  12    20  99999.00  99999.00  26298.51  27190.83   -596.23   -356.47  -1012.28   -300.68       0     529     529     443
47122  06  12    15  99999.00  99999.00  99999.00  99999.00 -17691.36  15119.16   -949.36   -297.28       0       0      79      73
47122  06  12    10  99999.00  99999.00  30865.79  31930.31   -563.62   -238.90  -1001.14   -222.34       0     369     395     332
47122  06  12     7  99999.00  99999.00  33172.20  34482.84 -11436.86  10019.14   -987.06   -176.82       0     141     225     178
47122  06  12     5  99999.00  99999.00  35285.15  37016.27  -7459.59   6505.89  -1035.32   -102.56       0      70     137     108
47122  06  12     3  99999.00  99999.00  99999.00  99999.00  99999.00  99999.00  99999.00  99999.00       0      21      55      41
47122  06  12     2  99999.00  99999.00  99999.00  99999.00  99999.00  99999.00  99999.00  99999.00       0       5      14      13
47122  06  12     1  99999.00  99999.00  99999.00  99999.00  99999.00  99999.00  99999.00  99999.00       0       4       7       7
47122  07  12  9999    974.07   1025.19  99999.00  99999.00    111.34    398.62   -110.79    187.17     794       0     794     794
47122  07  12  1000  99999.00  99999.00    -24.57    178.35    126.53    382.37     62.78    365.18       0     455     455     453
47122  07  12   925  99999.00  99999.00    505.94    950.18     86.78    341.18     19.84    342.40       0     701     704     704
47122  07  12   900  99999.00  99999.00  99999.00  99999.00  99999.00  99999.00  99999.00  99999.00       0       0      10      10
47122  07  12   850  99999.00  99999.00   1223.04   1692.12     48.19    299.35   -102.67    367.61       0     887     887     886
47122  07  12   800  99999.00  99999.00  99999.00  99999.00  99999.00  99999.00  99999.00  99999.00       0       0      13      13
47122  07  12   700  99999.00  99999.00   2835.77   3352.25    -35.92    222.56   -441.05    454.87       0     887     889     888
47122  07  12   600  99999.00  99999.00  99999.00  99999.00  99999.00  99999.00  99999.00  99999.00       0       0      15      15
47122  07  12   500  99999.00  99999.00   5492.79   6132.03   -188.12     86.92   -875.33    484.99       0     885     883     878
47122  07  12   400  99999.00  99999.00   7156.79   7907.27   -323.52     13.80   -966.97    374.87       0     870     870     862
47122  07  12   300  99999.00  99999.00   9166.54  10120.06   -487.97   -110.33  -1006.41    167.31       0     861     862     856
47122  07  12   250  99999.00  99999.00  10376.59  11455.51   -568.45   -220.09  -1014.49      2.63       0     855     855     780
47122  07  12   200  99999.00  99999.00  11823.00  12992.40   -644.74   -362.74  -1035.55   -194.95       0     838     836     671
47122  07  12   150  99999.00  99999.00  13668.14  14806.22   -801.63   -423.87  -1073.14   -365.98       0     837     835     670
47122  07  12   100  99999.00  99999.00  16270.36  17141.44   -862.16   -492.68  -1151.05   -412.45       0     793     799     642
47122  07  12    80  99999.00  99999.00  99999.00  99999.00  99999.00  99999.00  99999.00  99999.00       0       0      46      39
47122  07  12    70  99999.00  99999.00  18516.31  19213.39   -784.99   -505.75  -1113.52   -412.36       0     697     699     582
47122  07  12    60  99999.00  99999.00  99999.00  99999.00  99999.00  99999.00  99999.00  99999.00       0       0      31      31
47122  07  12    50  99999.00  99999.00  20627.07  21272.55   -696.92   -481.28  -1087.03   -364.87       0     642     643     531
47122  07  12    40  99999.00  99999.00  99999.00  99999.00  99999.00  99999.00  99999.00  99999.00       0       0      28      24
47122  07  12    30  99999.00  99999.00  23876.05  24538.33  -2646.21   1566.39  -1090.87   -294.31       0     562     569     472
47122  07  12    20  99999.00  99999.00  26477.97  27235.89   -598.90   -355.06  -1095.46   -245.62       0     489     497     410
47122  07  12    15  99999.00  99999.00  99999.00  99999.00 -14598.75  12594.93  -1048.46   -223.70       0       0      68      61
47122  07  12    10  99999.00  99999.00  31042.78  31973.14   -556.92   -255.36  -1084.03   -183.19       0     323     341     288
47122  07  12     7  99999.00  99999.00  33261.92  34591.76  -9151.00   7965.68  -1065.68   -157.76       0     114     179     135
47122  07  12     5  99999.00  99999.00  99999.00  99999.00  -7891.63   6889.13  -1051.09   -150.61       0      58     122      93
47122  07  12     3  99999.00  99999.00  99999.00  99999.00  99999.00  99999.00  99999.00  99999.00       0       9      33      25
47122  07  12     2  99999.00  99999.00  99999.00  99999.00  99999.00  99999.00  99999.00  99999.00       0       2      10       7
47122  07  12     1  99999.00  99999.00  99999.00  99999.00  99999.00  99999.00  99999.00  99999.00       0       0       1       0
47122  08  12  9999    976.66   1026.46  99999.00  99999.00    101.07    418.11   -117.22    198.02     803       0     803     803
47122  08  12  1000  99999.00  99999.00    -40.55    207.37    110.52    399.72     51.95    374.15       0     601     603     599
47122  08  12   925  99999.00  99999.00    544.64    951.32     82.15    352.99    -17.12    374.08       0     698     702     702
47122  08  12   900  99999.00  99999.00  99999.00  99999.00  99999.00  99999.00  99999.00  99999.00       0       0      13      13
47122  08  12   850  99999.00  99999.00   1260.38   1690.34     48.65    299.21   -136.65    396.27       0     893     897     895
47122  08  12   800  99999.00  99999.00  99999.00  99999.00  99999.00  99999.00  99999.00  99999.00       0       0      18      18
47122  08  12   700  99999.00  99999.00   2879.57   3341.69    -40.71    225.57   -530.11    524.33       0     892     893     890
47122  08  12   600  99999.00  99999.00  99999.00  99999.00  99999.00  99999.00  99999.00  99999.00       0       0      18      18
47122  08  12   500  99999.00  99999.00   5547.76   6111.76   -193.97     94.03   -888.94    496.46       0     891     890     885
47122  08  12   400  99999.00  99999.00   7216.40   7881.92   -312.09      2.67   -934.03    355.73       0     877     873     866
47122  08  12   300  99999.00  99999.00   9248.69  10075.13   -458.22   -136.50   -986.85    145.95       0     870     870     861
47122  08  12   250  99999.00  99999.00  10479.88  11392.72   -535.08   -247.20  -1018.31     -2.27       0     864     867     778
47122  08  12   200  99999.00  99999.00  11937.93  12919.05   -635.73   -368.13  -1026.68   -206.60       0     855     851     676
47122  08  12   150  99999.00  99999.00  13772.35  14744.35   -769.60   -463.36  -1079.77   -371.89       0     844     843     674
47122  08  12   100  99999.00  99999.00  16319.53  17119.69   -850.53   -524.49  -1128.85   -453.61       0     798     808     643
47122  08  12    80  99999.00  99999.00  99999.00  99999.00  99999.00  99999.00  99999.00  99999.00       0       0      33      32
47122  08  12    70  99999.00  99999.00  18553.52  19188.92   -804.84   -498.72  -1103.98   -433.18       0     705     705     578
47122  08  12    60  99999.00  99999.00  99999.00  99999.00  99999.00  99999.00  99999.00  99999.00       0       0      36      30
47122  08  12    50  99999.00  99999.00  20658.76  21247.24   -703.47   -478.59  -1078.37   -380.93       0     653     661     536
47122  08  12    40  99999.00  99999.00  99999.00  99999.00  99999.00  99999.00  99999.00  99999.00       0       0      51      45
47122  08  12    30  99999.00  99999.00  23885.61  24527.13   -623.36   -430.88  -1092.32   -306.68       0     581     582     479
47122  08  12    20  99999.00  99999.00  26490.00  27217.08   -596.41   -370.81  -1103.71   -258.67       0     503     511     422
47122  08  12    15  99999.00  99999.00  99999.00  99999.00  99999.00  99999.00  99999.00  99999.00       0       0      56      48
47122  08  12    10  99999.00  99999.00  30989.90  31979.90   -569.62   -271.90  -1122.06   -189.54       0     341     366     303
47122  08  12     7  99999.00  99999.00  33086.22  34686.90 -11149.19   9713.17  -1114.13   -155.57       0      96     178     141
47122  08  12     5  99999.00  99999.00  99999.00  99999.00  -8610.50   7494.46  -1118.18   -171.74       0      49     102      82
47122  08  12     3  99999.00  99999.00  99999.00  99999.00  99999.00  99999.00  99999.00  99999.00       0       6      26      19
47122  08  12     2  99999.00  99999.00  99999.00  99999.00  99999.00  99999.00  99999.00  99999.00       0       1       5       3
47122  08  12     1  99999.00  99999.00  99999.00  99999.00  99999.00  99999.00  99999.00  99999.00       0       0       1       1
47122  09  12  9999    980.89   1032.73  99999.00  99999.00     33.72    389.88   -119.68    221.60     808       0     808     808
47122  09  12  1000  99999.00  99999.00    -69.84    299.76     39.79    380.83   -100.28    406.24       0     805     804     804
47122  09  12   925  99999.00  99999.00    564.60    993.96     -0.49    349.91   -188.76    415.08       0     668     671     671
47122  09  12   900  99999.00  99999.00  99999.00  99999.00  99999.00  99999.00  99999.00  99999.00       0       0       7       7
47122  09  12   850  99999.00  99999.00   1283.25   1708.53    -61.91    319.21   -461.10    556.98       0     856     858     853
47122  09  12   800  99999.00  99999.00  99999.00  99999.00  99999.00  99999.00  99999.00  99999.00       0       0      11      11
47122  09  12   700  99999.00  99999.00   2867.80   3340.12   -152.56    255.92   -797.85    594.15       0     854     854     851
47122  09  12   600  99999.00  99999.00  99999.00  99999.00  99999.00  99999.00  99999.00  99999.00       0       0      12      12
47122  09  12   500  99999.00  99999.00   5417.10   6138.90   -333.47    140.53   -986.22    480.18       0     852     853     850
47122  09  12   400  99999.00  99999.00   6979.02   7954.26   -474.25     71.15  -1052.58    378.90       0     847     849     847
47122  09  12   300  99999.00  99999.00   8883.04  10199.20   -588.39    -89.19  -1042.33    123.47       0     846     845     820
47122  09  12   250  99999.00  99999.00  10062.12  11529.12   -631.52   -213.68  -1040.54    -54.86       0     836     836     692
47122  09  12   200  99999.00  99999.00  11506.57  13041.49   -685.57   -340.33  -1050.49   -241.69       0     829     832     654
47122  09  12   150  99999.00  99999.00  13385.33  14823.17   -800.16   -413.40  -1129.94   -341.66       0     821     822     651
47122  09  12   100  99999.00  99999.00  16011.00  17149.56   -894.70   -447.46  -1200.03   -384.51       0     776     784     628
47122  09  12    80  99999.00  99999.00  99999.00  99999.00  99999.00  99999.00  99999.00  99999.00       0       0      50      46
47122  09  12    70  99999.00  99999.00  18289.28  19205.00   -819.04   -454.96  -1190.64   -351.72       0     692     693     575
47122  09  12    60  99999.00  99999.00  99999.00  99999.00  99999.00  99999.00  99999.00  99999.00       0       0      42      38
47122  09  12    50  99999.00  99999.00  20437.75  21240.79   -711.10   -461.86  -1155.87   -318.15       0     642     646     537
47122  09  12    40  99999.00  99999.00  99999.00  99999.00  99999.00  99999.00  99999.00  99999.00       0       0      55      50
47122  09  12    30  99999.00  99999.00  23681.06  24501.62   -641.70   -423.06  -1118.01   -286.53       0     581     584     492
47122  09  12    20  99999.00  99999.00  26267.55  27185.91   -610.13   -381.17  -1101.22   -263.38       0     517     522     442
47122  09  12    15  99999.00  99999.00  99999.00  99999.00 -14566.84  12516.08  -1108.40   -235.88       0       0      85      77
47122  09  12    10  99999.00  99999.00  30728.14  31904.74   -585.93   -301.05  -1074.91   -237.19       0     337     365     301
47122  09  12     7  99999.00  99999.00  32981.74  34434.58  -9898.01   8564.11  -1055.25   -200.73       0     114     190     142
47122  09  12     5  99999.00  99999.00  99999.00  99999.00 -12411.48  10828.08  -1101.91   -133.87       0      60     119      88
47122  09  12     3  99999.00  99999.00  99999.00  99999.00  99999.00  99999.00  99999.00  99999.00       0      11      38      29
47122  09  12     2  99999.00  99999.00  99999.00  99999.00  99999.00  99999.00  99999.00  99999.00       0       1      10       9
47122  09  12     1  99999.00  99999.00  99999.00  99999.00  99999.00  99999.00  99999.00  99999.00       0       0       2       1
47122  10  12  9999    987.04   1037.32  99999.00  99999.00    -64.84    357.56   -115.67    238.69     817       0     817     817
47122  10  12  1000  99999.00  99999.00    -52.66    361.22    -61.76    363.40   -232.52    389.44       0     856     857     857
47122  10  12   925  99999.00  99999.00    608.63   1009.79   -130.98    353.10   -341.45    404.11       0     673     681     680
47122  10  12   900  99999.00  99999.00  99999.00  99999.00  99999.00  99999.00  99999.00  99999.00       0       0      16      16
47122  10  12   850  99999.00  99999.00   1302.91   1715.23   -180.90    319.50   -609.54    512.58       0     857     857     854
47122  10  12   800  99999.00  99999.00  99999.00  99999.00  99999.00  99999.00  99999.00  99999.00       0       0      16      16
47122  10  12   700  99999.00  99999.00   2805.62   3359.06   -237.38    226.66   -784.35    429.09       0     856     855     853
47122  10  12   600  99999.00  99999.00  99999.00  99999.00  99999.00  99999.00  99999.00  99999.00       0       0      10      10
47122  10  12   500  99999.00  99999.00   5250.42   6143.10   -405.37     86.39   -967.59    322.89       0     852     851     849
47122  10  12   400  99999.00  99999.00   6773.17   7910.41   -530.92     -9.64  -1017.36    198.72       0     844     847     845
47122  10  12   300  99999.00  99999.00   8628.53  10089.53   -669.97   -138.25  -1049.15      0.85       0     838     841     737
47122  10  12   250  99999.00  99999.00   9775.14  11391.30   -719.56   -221.80  -1031.41   -167.41       0     836     834     674
47122  10  12   200  99999.00  99999.00  11196.35  12891.23   -730.27   -317.83  -1027.94   -294.62       0     825     826     657
47122  10  12   150  99999.00  99999.00  13074.56  14679.68   -779.21   -398.21  -1093.62   -352.02       0     817     814     654
47122  10  12   100  99999.00  99999.00  15745.08  17023.32   -881.05   -400.45  -1171.30   -362.62       0     786     790     633
47122  10  12    80  99999.00  99999.00  99999.00  99999.00  99999.00  99999.00  99999.00  99999.00       0       0      45      38
47122  10  12    70  99999.00  99999.00  18068.42  19077.74   -812.58   -432.06  -1144.89   -364.77       0     720     721     593
47122  10  12    60  99999.00  99999.00  99999.00  99999.00  99999.00  99999.00  99999.00  99999.00       0       0      55      50
47122  10  12    50  99999.00  99999.00  20214.10  21124.90   -746.78   -431.78  -1124.76   -342.72       0     655     658     546
47122  10  12    40  99999.00  99999.00  99999.00  99999.00 -15706.54  13252.10  -1166.94   -266.94       0       0      72      65
47122  10  12    30  99999.00  99999.00  23438.88  24386.64   -675.14   -415.94  -1096.07   -314.15       0     561     571     480
47122  10  12    20  99999.00  99999.00  25984.31  27068.63   -658.06   -378.34  -1086.01   -288.85       0     485     498     422
47122  10  12    15  99999.00  99999.00  99999.00  99999.00 -17155.79  14573.17  -1004.83   -341.35       0       0      72      64
47122  10  12    10  99999.00  99999.00  30404.96  31719.68   -616.14   -322.26  -1052.84   -258.20       0     315     346     289
47122  10  12     7  99999.00  99999.00  32709.28  34163.68  -9999.59   8601.61  -1048.49   -207.89       0     108     186     147
47122  10  12     5  99999.00  99999.00  99999.00  99999.00 -13363.37  11594.47  -1131.35   -121.79       0      46     102      83
47122  10  12     3  99999.00  99999.00  99999.00  99999.00  99999.00  99999.00  99999.00  99999.00       0       5      21      19
47122  10  12     2  99999.00  99999.00  99999.00  99999.00  99999.00  99999.00  99999.00  99999.00       0       0       3       3
47122  10  12     1  99999.00  99999.00  99999.00  99999.00  99999.00  99999.00  99999.00  99999.00       0       0       0       0
47122  11  12  9999    986.22   1044.54  99999.00  99999.00   -191.19    341.01   -127.05    260.19     807       0     807     807
47122  11  12  1000  99999.00  99999.00    -54.36    409.44   -206.28    362.28   -406.69    408.47       0     838     840     838
47122  11  12   925  99999.00  99999.00    586.85   1041.17   -267.78    343.38   -539.45    463.03       0     653     667     667
47122  11  12   900  99999.00  99999.00  99999.00  99999.00  99999.00  99999.00  99999.00  99999.00       0       0      17      17
47122  11  12   850  99999.00  99999.00   1250.93   1742.81   -315.43    316.49   -737.70    509.10       0     841     843     842
47122  11  12   800  99999.00  99999.00  99999.00  99999.00  99999.00  99999.00  99999.00  99999.00       0       0      15      15
47122  11  12   700  99999.00  99999.00   2672.00   3396.20   -364.38    238.14   -840.81    391.35       0     839     839     835
47122  11  12   600  99999.00  99999.00  99999.00  99999.00  99999.00  99999.00  99999.00  99999.00       0       0      18      18
47122  11  12   500  99999.00  99999.00   5005.17   6181.05   -479.58     49.26   -936.75    204.93       0     839     835     832
47122  11  12   400  99999.00  99999.00   6477.45   7924.29   -567.80    -84.80   -970.87     53.09       0     837     839     829
47122  11  12   300  99999.00  99999.00   8321.93  10023.53   -689.69   -215.81   -983.06   -154.58       0     834     834     661
47122  11  12   250  99999.00  99999.00   9488.26  11262.82   -756.84   -251.28   -965.85   -285.45       0     826     825     648
47122  11  12   200  99999.00  99999.00  10943.81  12696.17   -783.23   -290.27   -995.48   -341.00       0     818     819     644
47122  11  12   150  99999.00  99999.00  12838.63  14470.51   -767.97   -387.09  -1062.76   -361.72       0     805     807     637
47122  11  12   100  99999.00  99999.00  15488.14  16876.66   -838.97   -393.41  -1120.02   -373.98       0     780     785     618
47122  11  12    80  99999.00  99999.00  99999.00  99999.00  99999.00  99999.00  99999.00  99999.00       0       0      46      37
47122  11  12    70  99999.00  99999.00  17829.11  18965.39   -821.61   -388.17  -1115.72   -368.72       0     710     711     578
47122  11  12    60  99999.00  99999.00  99999.00  99999.00 -13260.06  11167.02  99999.00  99999.00       0       0      62      56
47122  11  12    50  99999.00  99999.00  20017.91  20994.83   -788.65   -377.41  -1091.01   -363.93       0     656     669     550
47122  11  12    40  99999.00  99999.00  99999.00  99999.00 -10762.59   9042.93  -1054.98   -360.06       0       0      96      87
47122  11  12    30  99999.00  99999.00  23260.62  24260.46   -737.21   -332.21  -1078.02   -310.02       0     558     564     468
47122  11  12    20  99999.00  99999.00  25805.85  26970.81   -728.71   -285.07  -1081.87   -272.11       0     468     482     397
47122  11  12    15  99999.00  99999.00  99999.00  99999.00 -20050.74  16858.02  -1073.97   -252.81       0       0      94      85
47122  11  12    10  99999.00  99999.00  30178.94  31748.30   -729.97   -172.33  -1081.69   -201.97       0     282     306     258
47122  11  12     7  99999.00  99999.00  32444.60  34267.52 -10755.82   9321.62  -1095.58   -137.62       0      94     160     127
47122  11  12     5  99999.00  99999.00  99999.00  99999.00  -6383.75   5400.13  -1098.92   -111.08       0      34      96      76
47122  11  12     3  99999.00  99999.00  99999.00  99999.00  99999.00  99999.00  99999.00  99999.00       0       6      17      10
47122  11  12     2  99999.00  99999.00  99999.00  99999.00  99999.00  99999.00  99999.00  99999.00       0       1       5       2
47122  11  12     1  99999.00  99999.00  99999.00  99999.00  99999.00  99999.00  99999.00  99999.00       0       0       1       1
47122  12  12  9999    985.36   1050.04  99999.00  99999.00   -260.66    272.38   -113.18    251.38     827       0     826     825
47122  12  12  1000  99999.00  99999.00    -53.28    437.16   -281.99    296.05   -450.95    312.49       0     850     849     848
47122  12  12   925  99999.00  99999.00    570.54   1054.38   -345.35    281.77   -648.76    422.24       0     699     708     708
47122  12  12   900  99999.00  99999.00  99999.00  99999.00  99999.00  99999.00  99999.00  99999.00       0       0      16      16
47122  12  12   850  99999.00  99999.00   1219.41   1737.81   -377.22    259.38   -753.54    393.42       0     848     850     846
47122  12  12   800  99999.00  99999.00  99999.00  99999.00  99999.00  99999.00  99999.00  99999.00       0       0      16      16
47122  12  12   700  99999.00  99999.00   2605.07   3362.39   -430.96    201.80   -766.51    237.77       0     850     850     849
47122  12  12   600  99999.00  99999.00  99999.00  99999.00  99999.00  99999.00  99999.00  99999.00       0       0       8       8
47122  12  12   500  99999.00  99999.00   4871.24   6121.16   -526.68      9.96   -900.50    110.14       0     852     853     852
47122  12  12   400  99999.00  99999.00   6331.41   7823.01   -587.44   -138.04   -940.37    -23.09       0     838     842     816
47122  12  12   300  99999.00  99999.00   8187.85   9859.21   -701.85   -254.85   -918.82   -267.10       0     834     837     686
47122  12  12   250  99999.00  99999.00   9388.27  11044.99   -797.61   -232.29   -926.36   -344.72       0     837     836     689
47122  12  12   200  99999.00  99999.00  10865.36  12455.36   -766.70   -291.26   -947.46   -374.82       0     833     830     683
47122  12  12   150  99999.00  99999.00  12787.83  14222.79   -740.28   -380.28  -1008.63   -382.11       0     812     811     671
47122  12  12   100  99999.00  99999.00  15461.79  16652.79   -814.30   -379.54  -1069.50   -388.50       0     781     786     647
47122  12  12    80  99999.00  99999.00  99999.00  99999.00  99999.00  99999.00  99999.00  99999.00       0       0      49      46
47122  12  12    70  99999.00  99999.00  17765.81  18808.37   -812.96   -371.84  -1077.18   -381.42       0     704     706     593
47122  12  12    60  99999.00  99999.00  99999.00  99999.00  99999.00  99999.00  99999.00  99999.00       0       0      55      51
47122  12  12    50  99999.00  99999.00  19906.31  20897.15   -798.30   -362.70  -1081.03   -366.67       0     617     622     522
47122  12  12    40  99999.00  99999.00  99999.00  99999.00 -17577.58  14791.10  -1122.71   -303.35       0       0      68      63
47122  12  12    30  99999.00  99999.00  23126.70  24187.38   -758.05   -305.53  -1063.80   -322.08       0     483     493     418
47122  12  12    20  99999.00  99999.00  25655.89  26921.53   -741.71   -265.67  -1051.72   -299.44       0     397     412     350
47122  12  12    15  99999.00  99999.00  99999.00  99999.00 -25361.69  20589.19  -1027.98   -278.10       0       0      85      76
47122  12  12    10  99999.00  99999.00  29955.35  31791.59   -784.04   -106.52  -1057.53   -207.81       0     216     249     211
47122  12  12     7  99999.00  99999.00  99999.00  99999.00 -14447.11  12514.73  -1118.77   -110.65       0      49     104      83
47122  12  12     5  99999.00  99999.00  99999.00  99999.00  99999.00  99999.00  99999.00  99999.00       0      21      43      30
47122  12  12     3  99999.00  99999.00  99999.00  99999.00  99999.00  99999.00  99999.00  99999.00       0       5      10       6
47122  12  12     2  99999.00  99999.00  99999.00  99999.00  99999.00  99999.00  99999.00  99999.00       0       0       2       2
47122  12  12     1  99999.00  99999.00  99999.00  99999.00  99999.00  99999.00  99999.00  99999.00       0       0       0       0
