59981  01  00  9999   9999.95  10310.75  99999.00  99999.00    155.90    296.54     60.82    323.62    1016       0    1016    1016
59981  01  00  1000  99999.00  99999.00      8.99    269.27    144.99    294.39     34.69    333.01       0    1016    1016    1016
59981  01  00   925  99999.00  99999.00    690.11    931.43     57.57    287.37    -23.61    302.19       0     645     645     645
59981  01  00   900  99999.00  99999.00  99999.00  99999.00  99999.00  99999.00  99999.00  99999.00       0       0       0       0
59981  01  00   850  99999.00  99999.00   1430.90   1629.86    -23.24    295.24   -157.18    331.70       0    1012    1012    1012
59981  01  00   800  99999.00  99999.00  99999.00  99999.00  99999.00  99999.00  99999.00  99999.00       0       0       0       0
59981  01  00   700  99999.00  99999.00   3048.34   3256.54    -66.72    245.28   -721.97    565.87       0    1015    1015    1015
59981  01  00   600  99999.00  99999.00   4293.62   4536.98    -80.88    140.28   -826.36    459.80       0    1014    1014    1014
59981  01  00   500  99999.00  99999.00   5735.33   6003.05   -162.08     57.52   -861.03    315.21       0    1014    1014    1014
59981  01  00   400  99999.00  99999.00   7436.49   7738.89   -256.26    -54.78   -883.24    150.32       0    1008    1008    1008
59981  01  00   300  99999.00  99999.00   9515.43   9874.35   -390.14   -229.94   -930.04    -55.84       0     993     993     992
59981  01  00   250  99999.00  99999.00  10762.26  11160.66   -485.76   -332.76   -970.30   -170.02       0     985     985     984
59981  01  00   200  99999.00  99999.00  12214.80  12666.48   -605.98   -447.58  -1036.61   -299.57       0     966     966     965
59981  01  00   150  99999.00  99999.00  13982.11  14498.47   -766.61   -555.53  99999.00  99999.00       0     937     938       3
59981  01  00   100  99999.00  99999.00  16301.67  16921.23   -962.19   -629.67  99999.00  99999.00       0     860     860       0
59981  01  00    80  99999.00  99999.00  99999.00  99999.00  99999.00  99999.00  99999.00  99999.00       0       0       0       0
59981  01  00    70  99999.00  99999.00  18260.69  18979.85   -957.21   -619.41  99999.00  99999.00       0     781     782       0
59981  01  00    60  99999.00  99999.00  99999.00  99999.00  99999.00  99999.00  99999.00  99999.00       0       0       0       0
59981  01  00    50  99999.00  99999.00  20190.70  20976.22   -845.46   -524.94  99999.00  99999.00       0     736     737       0
59981  01  00    40  99999.00  99999.00  21512.57  22357.25   -790.52   -478.40  99999.00  99999.00       0     706     708       0
59981  01  00    30  99999.00  99999.00  23228.17  24210.37   -749.23   -425.95  99999.00  99999.00       0     665     667       0
59981  01  00    20  99999.00  99999.00  25680.93  26891.49   -701.22   -377.58  99999.00  99999.00       0     544     545       0
59981  01  00    15  99999.00  99999.00  27466.26  28769.22   -691.76   -342.92  99999.00  99999.00       0     374     375       0
59981  01  00    10  99999.00  99999.00  30017.24  31463.72   -689.43   -283.47  99999.00  99999.00       0     135     135       0
59981  01  00     7  99999.00  99999.00  99999.00  99999.00  99999.00  99999.00  99999.00  99999.00       0      12      12       0
59981  01  00     5  99999.00  99999.00  99999.00  99999.00  99999.00  99999.00  99999.00  99999.00       0       0       0       0
59981  01  00     3  99999.00  99999.00  99999.00  99999.00  99999.00  99999.00  99999.00  99999.00       0       0       0       0
59981  01  00     2  99999.00  99999.00  99999.00  99999.00  99999.00  99999.00  99999.00  99999.00       0       0       0       0
59981  01  00     1  99999.00  99999.00  99999.00  99999.00  99999.00  99999.00  99999.00  99999.00       0       0       0       0
59981  02  00  9999   9984.05  10307.33  99999.00  99999.00    157.92    304.08     85.25    322.73     930       0     930     930
59981  02  00  1000  99999.00  99999.00     -5.28    267.36    145.81    303.97     62.29    330.49       0     930     930     930
59981  02  00   925  99999.00  99999.00    685.32    924.60     54.09    309.93    -15.96    312.24       0     592     592     592
59981  02  00   900  99999.00  99999.00  99999.00  99999.00  99999.00  99999.00  99999.00  99999.00       0       0       0       0
59981  02  00   850  99999.00  99999.00   1423.05   1631.97    -24.49    326.27   -202.95    380.85       0     930     930     930
59981  02  00   800  99999.00  99999.00  99999.00  99999.00  99999.00  99999.00  99999.00  99999.00       0       0       0       0
59981  02  00   700  99999.00  99999.00   3052.76   3256.76    -44.39    219.61   -665.68    538.40       0     929     929     929
59981  02  00   600  99999.00  99999.00   4303.29   4529.73    -78.72    132.72   -816.58    471.62       0     930     930     930
59981  02  00   500  99999.00  99999.00   5743.79   5993.99   -167.32     55.64   -853.67    321.37       0     930     930     930
59981  02  00   400  99999.00  99999.00   7439.73   7730.73   -264.43    -53.23   -872.80    152.84       0     926     926     926
59981  02  00   300  99999.00  99999.00   9521.39   9860.27   -388.26   -232.26   -927.41    -41.69       0     909     909     909
59981  02  00   250  99999.00  99999.00  10773.64  11141.80   -483.27   -334.95   -974.18   -153.98       0     893     893     893
59981  02  00   200  99999.00  99999.00  12233.86  12640.06   -609.55   -442.63  -1042.89   -281.73       0     885     886     886
59981  02  00   150  99999.00  99999.00  14005.88  14470.04   -767.55   -551.91  99999.00  99999.00       0     870     871       3
59981  02  00   100  99999.00  99999.00  16324.70  16899.38   -969.77   -621.89  99999.00  99999.00       0     798     799       0
59981  02  00    80  99999.00  99999.00  99999.00  99999.00  99999.00  99999.00  99999.00  99999.00       0       0       0       0
59981  02  00    70  99999.00  99999.00  18260.70  18975.18   -978.92   -610.16  99999.00  99999.00       0     726     728       0
59981  02  00    60  99999.00  99999.00  99999.00  99999.00  99999.00  99999.00  99999.00  99999.00       0       0       0       0
59981  02  00    50  99999.00  99999.00  20175.14  20971.82   -861.86   -528.86  99999.00  99999.00       0     683     685       0
59981  02  00    40  99999.00  99999.00  21493.33  22351.69   -791.75   -486.47  99999.00  99999.00       0     665     667       0
59981  02  00    30  99999.00  99999.00  23221.19  24180.71   -748.64   -436.28  99999.00  99999.00       0     599     601       0
59981  02  00    20  99999.00  99999.00  25719.22  26796.94   -696.74   -384.86  99999.00  99999.00       0     486     487       0
59981  02  00    15  99999.00  99999.00  27534.23  28659.95   -683.90   -351.74  99999.00  99999.00       0     358     358       0
59981  02  00    10  99999.00  99999.00  30074.02  31348.78   -718.74   -244.14  99999.00  99999.00       0     114     114       0
59981  02  00     7  99999.00  99999.00  99999.00  99999.00  99999.00  99999.00  99999.00  99999.00       0      12      12       0
59981  02  00     5  99999.00  99999.00  99999.00  99999.00  99999.00  99999.00  99999.00  99999.00       0       1       1       0
59981  02  00     3  99999.00  99999.00  99999.00  99999.00  99999.00  99999.00  99999.00  99999.00       0       0       0       0
59981  02  00     2  99999.00  99999.00  99999.00  99999.00  99999.00  99999.00  99999.00  99999.00       0       0       0       0
59981  02  00     1  99999.00  99999.00  99999.00  99999.00  99999.00  99999.00  99999.00  99999.00       0       0       0       0
59981  03  00  9999   9959.56  10301.08  99999.00  99999.00    164.69    331.37    104.95    335.59    1002       0    1002    1002
59981  03  00  1000  99999.00  99999.00    -26.53    263.39    153.95    330.35     84.11    340.91       0    1002    1002    1002
59981  03  00   925  99999.00  99999.00    671.17    922.33     80.44    315.76     11.85    313.17       0     630     630     630
59981  03  00   900  99999.00  99999.00  99999.00  99999.00  99999.00  99999.00  99999.00  99999.00       0       0       0       0
59981  03  00   850  99999.00  99999.00   1417.65   1631.61     -4.55    350.77   -276.82    462.14       0    1001    1001    1001
59981  03  00   800  99999.00  99999.00  99999.00  99999.00  99999.00  99999.00  99999.00  99999.00       0       0       0       0
59981  03  00   700  99999.00  99999.00   3065.53   3257.53    -16.12    204.32   -645.96    546.96       0    1001    1002    1002
59981  03  00   600  99999.00  99999.00   4315.73   4533.05    -75.77    130.15   -799.60    498.80       0    1001    1001    1001
59981  03  00   500  99999.00  99999.00   5755.24   5999.92   -149.07     41.13   -859.91    367.69       0    1002    1002    1002
59981  03  00   400  99999.00  99999.00   7456.62   7732.50   -253.55    -63.23   -897.60    202.08       0     989     989     989
59981  03  00   300  99999.00  99999.00   9529.37   9869.81   -397.89   -224.25   -957.93      1.95       0     974     974     974
59981  03  00   250  99999.00  99999.00  10772.75  11159.99   -488.78   -327.38  -1005.40   -110.32       0     958     958     958
59981  03  00   200  99999.00  99999.00  12221.96  12671.72   -611.78   -435.50  -1074.26   -239.90       0     946     946     946
59981  03  00   150  99999.00  99999.00  13982.32  14518.12   -777.96   -536.04  99999.00  99999.00       0     925     925       6
59981  03  00   100  99999.00  99999.00  16273.15  16979.95   -966.66   -618.78  99999.00  99999.00       0     845     845       0
59981  03  00    80  99999.00  99999.00  99999.00  99999.00  99999.00  99999.00  99999.00  99999.00       0       0       0       0
59981  03  00    70  99999.00  99999.00  18230.06  19040.78   -966.71   -620.15  99999.00  99999.00       0     779     780       0
59981  03  00    60  99999.00  99999.00  99999.00  99999.00  99999.00  99999.00  99999.00  99999.00       0       0       0       0
59981  03  00    50  99999.00  99999.00  20183.29  21003.13   -861.80   -514.76  99999.00  99999.00       0     743     746       0
59981  03  00    40  99999.00  99999.00  21499.46  22395.14   -788.94   -474.78  99999.00  99999.00       0     704     708       0
59981  03  00    30  99999.00  99999.00  23248.03  24213.55   -750.64   -419.08  99999.00  99999.00       0     645     646       0
59981  03  00    20  99999.00  99999.00  25775.60  26830.16   -695.08   -361.00  99999.00  99999.00       0     505     506       0
59981  03  00    15  99999.00  99999.00  27638.75  28673.03   -689.27   -307.55  99999.00  99999.00       0     340     340       0
59981  03  00    10  99999.00  99999.00  30155.15  31477.31   -742.16   -180.20  99999.00  99999.00       0      95      95       0
59981  03  00     7  99999.00  99999.00  99999.00  99999.00  99999.00  99999.00  99999.00  99999.00       0       9       9       0
59981  03  00     5  99999.00  99999.00  99999.00  99999.00  99999.00  99999.00  99999.00  99999.00       0       0       0       0
59981  03  00     3  99999.00  99999.00  99999.00  99999.00  99999.00  99999.00  99999.00  99999.00       0       0       0       0
59981  03  00     2  99999.00  99999.00  99999.00  99999.00  99999.00  99999.00  99999.00  99999.00       0       0       0       0
59981  03  00     1  99999.00  99999.00  99999.00  99999.00  99999.00  99999.00  99999.00  99999.00       0       0       0       0
59981  04  00  9999   9965.89  10248.01  99999.00  99999.00    204.93    334.65    164.51    315.95     989       0     989     989
59981  04  00  1000  99999.00  99999.00    -19.37    217.75    198.23    328.91    142.26    321.30       0     987     988     988
59981  04  00   925  99999.00  99999.00    668.92    897.40    134.96    302.00     29.26    328.54       0     629     629     629
59981  04  00   900  99999.00  99999.00  99999.00  99999.00  99999.00  99999.00  99999.00  99999.00       0       0       0       0
59981  04  00   850  99999.00  99999.00   1413.35   1618.55     67.81    312.49   -194.94    424.98       0     987     986     986
59981  04  00   800  99999.00  99999.00  99999.00  99999.00  99999.00  99999.00  99999.00  99999.00       0       0       0       0
59981  04  00   700  99999.00  99999.00   3062.24   3261.68     23.33    187.49   -447.92    427.96       0     989     989     989
59981  04  00   600  99999.00  99999.00   4320.46   4538.02    -54.16    118.28   -648.29    448.03       0     987     987     987
59981  04  00   500  99999.00  99999.00   5763.01   6008.41   -123.37     26.03   -785.76    381.36       0     988     987     987
59981  04  00   400  99999.00  99999.00   7469.31   7743.39   -228.28    -78.04   -860.96    241.96       0     975     975     975
59981  04  00   300  99999.00  99999.00   9558.61   9874.45   -377.27   -230.87   -938.89     49.07       0     959     959     959
59981  04  00   250  99999.00  99999.00  10811.38  11162.02   -470.90   -333.74   -974.02    -84.82       0     956     955     955
59981  04  00   200  99999.00  99999.00  12268.81  12673.45   -599.97   -436.29  -1034.36   -226.52       0     938     939     939
59981  04  00   150  99999.00  99999.00  14030.68  14525.20   -756.84   -552.36  99999.00  99999.00       0     921     920       1
59981  04  00   100  99999.00  99999.00  16335.41  16977.41   -937.13   -645.29  99999.00  99999.00       0     847     848       0
59981  04  00    80  99999.00  99999.00  99999.00  99999.00  99999.00  99999.00  99999.00  99999.00       0       0       0       0
59981  04  00    70  99999.00  99999.00  18288.33  19048.29   -944.12   -631.76  99999.00  99999.00       0     782     782       0
59981  04  00    60  99999.00  99999.00  99999.00  99999.00  99999.00  99999.00  99999.00  99999.00       0       0       0       0
59981  04  00    50  99999.00  99999.00  20246.22  21029.22   -847.91   -501.35  99999.00  99999.00       0     739     739       0
59981  04  00    40  99999.00  99999.00  21584.33  22414.97   -771.61   -466.69  99999.00  99999.00       0     704     706       0
59981  04  00    30  99999.00  99999.00  23337.99  24258.27   -724.31   -408.23  99999.00  99999.00       0     640     643       0
59981  04  00    20  99999.00  99999.00  25865.12  26908.40   -677.51   -345.23  99999.00  99999.00       0     483     483       0
59981  04  00    15  99999.00  99999.00  27706.93  28803.37   -662.73   -290.73  99999.00  99999.00       0     301     303       0
59981  04  00    10  99999.00  99999.00  30300.86  31630.70   -657.89   -191.93  99999.00  99999.00       0      76      76       0
59981  04  00     7  99999.00  99999.00  99999.00  99999.00  99999.00  99999.00  99999.00  99999.00       0      13      13       0
59981  04  00     5  99999.00  99999.00  99999.00  99999.00  99999.00  99999.00  99999.00  99999.00       0       1       1       0
59981  04  00     3  99999.00  99999.00  99999.00  99999.00  99999.00  99999.00  99999.00  99999.00       0       0       0       0
59981  04  00     2  99999.00  99999.00  99999.00  99999.00  99999.00  99999.00  99999.00  99999.00       0       0       0       0
59981  04  00     1  99999.00  99999.00  99999.00  99999.00  99999.00  99999.00  99999.00  99999.00       0       0       0       0
59981  05  00  9999   9947.72  10212.68  99999.00  99999.00    220.81    346.81    183.59    323.75    1017       0    1017    1017
59981  05  00  1000  99999.00  99999.00    -38.70    190.86    219.21    338.61    164.07    327.51       0    1016    1016    1016
59981  05  00   925  99999.00  99999.00    656.70    869.58    160.06    306.22     70.40    315.68       0     646     646     646
59981  05  00   900  99999.00  99999.00  99999.00  99999.00  99999.00  99999.00  99999.00  99999.00       0       0       0       0
59981  05  00   850  99999.00  99999.00   1390.40   1610.00    118.17    276.81    -92.99    370.33       0    1017    1017    1017
59981  05  00   800  99999.00  99999.00  99999.00  99999.00  99999.00  99999.00  99999.00  99999.00       0       0       0       0
59981  05  00   700  99999.00  99999.00   3037.40   3262.88     43.66    177.82   -391.26    447.90       0    1016    1017    1017
59981  05  00   600  99999.00  99999.00   4306.62   4537.38    -18.90     99.42   -474.08    377.20       0    1017    1017    1017
59981  05  00   500  99999.00  99999.00   5766.09   6000.33   -110.95     27.53   -660.93    371.43       0    1017    1017    1017
59981  05  00   400  99999.00  99999.00   7488.84   7732.08   -216.22    -68.74   -808.62    293.82       0     997     997     997
59981  05  00   300  99999.00  99999.00   9586.18   9876.94   -368.96   -209.84   -934.54    115.70       0     973     973     973
59981  05  00   250  99999.00  99999.00  10840.52  11178.92   -470.08   -305.20   -995.33     -7.37       0     956     956     956
59981  05  00   200  99999.00  99999.00  12299.68  12706.48   -595.76   -417.44  -1053.89   -160.97       0     940     942     942
59981  05  00   150  99999.00  99999.00  14058.26  14576.42   -750.75   -545.67  99999.00  99999.00       0     923     923       3
59981  05  00   100  99999.00  99999.00  16363.91  17036.51   -923.33   -655.97  99999.00  99999.00       0     863     868       0
59981  05  00    80  99999.00  99999.00  99999.00  99999.00  99999.00  99999.00  99999.00  99999.00       0       0       0       0
59981  05  00    70  99999.00  99999.00  18338.58  19092.78   -947.92   -621.28  99999.00  99999.00       0     811     813       0
59981  05  00    60  99999.00  99999.00  99999.00  99999.00  99999.00  99999.00  99999.00  99999.00       0       0       0       0
59981  05  00    50  99999.00  99999.00  20298.57  21087.09   -842.63   -488.15  99999.00  99999.00       0     765     766       0
59981  05  00    40  99999.00  99999.00  21636.17  22482.89   -769.54   -456.94  99999.00  99999.00       0     734     736       0
59981  05  00    30  99999.00  99999.00  23394.54  24330.78   -714.11   -409.07  99999.00  99999.00       0     669     670       0
59981  05  00    20  99999.00  99999.00  25938.35  26977.79   -672.76   -328.48  99999.00  99999.00       0     488     490       0
59981  05  00    15  99999.00  99999.00  27776.86  28901.98   -673.93   -254.05  99999.00  99999.00       0     298     299       0
59981  05  00    10  99999.00  99999.00  30173.25  31987.17   -697.94   -128.90  99999.00  99999.00       0      86      86       0
59981  05  00     7  99999.00  99999.00  99999.00  99999.00  99999.00  99999.00  99999.00  99999.00       0       8       8       0
59981  05  00     5  99999.00  99999.00  99999.00  99999.00  99999.00  99999.00  99999.00  99999.00       0       1       1       0
59981  05  00     3  99999.00  99999.00  99999.00  99999.00  99999.00  99999.00  99999.00  99999.00       0       0       0       0
59981  05  00     2  99999.00  99999.00  99999.00  99999.00  99999.00  99999.00  99999.00  99999.00       0       0       0       0
59981  05  00     1  99999.00  99999.00  99999.00  99999.00  99999.00  99999.00  99999.00  99999.00       0       0       0       0
59981  06  00  9999   9884.74  10231.54  99999.00  99999.00    230.55    344.19    204.14    315.26     976       0     976     976
59981  06  00  1000  99999.00  99999.00    -63.46    180.50    232.60    336.04    185.66    321.50       0     954     954     954
59981  06  00   925  99999.00  99999.00    624.55    871.27    175.20    304.56    106.44    294.36       0     627     628     628
59981  06  00   900  99999.00  99999.00  99999.00  99999.00  99999.00  99999.00  99999.00  99999.00       0       0       0       0
59981  06  00   850  99999.00  99999.00   1340.47   1627.03    134.62    268.78     20.28    283.32       0     988     989     989
59981  06  00   800  99999.00  99999.00  99999.00  99999.00  99999.00  99999.00  99999.00  99999.00       0       0       0       0
59981  06  00   700  99999.00  99999.00   2982.70   3289.54     54.10    175.18   -170.68    278.00       0     989     989     989
59981  06  00   600  99999.00  99999.00   4257.47   4563.59    -16.56    105.00   -341.97    294.03       0     989     989     989
59981  06  00   500  99999.00  99999.00   5725.74   6023.10   -100.08     24.60   -515.71    281.81       0     985     985     985
59981  06  00   400  99999.00  99999.00   7465.14   7746.18   -210.96    -61.56   -741.81    267.15       0     970     970     970
59981  06  00   300  99999.00  99999.00   9583.55   9881.63   -366.71   -198.59   -890.02    106.94       0     961     959     959
59981  06  00   250  99999.00  99999.00  10848.78  11179.86   -469.25   -292.85   -948.42    -19.50       0     948     948     948
59981  06  00   200  99999.00  99999.00  12309.99  12713.43   -597.82   -402.10  -1016.11   -169.03       0     944     944     944
59981  06  00   150  99999.00  99999.00  14070.57  14591.25   -752.80   -537.04  99999.00  99999.00       0     926     925      11
59981  06  00   100  99999.00  99999.00  16361.22  17064.78   -931.97   -640.49  99999.00  99999.00       0     869     870       0
59981  06  00    80  99999.00  99999.00  99999.00  99999.00  99999.00  99999.00  99999.00  99999.00       0       0       0       0
59981  06  00    70  99999.00  99999.00  18362.01  19125.57   -939.44   -571.16  99999.00  99999.00       0     801     803       0
59981  06  00    60  99999.00  99999.00  99999.00  99999.00  99999.00  99999.00  99999.00  99999.00       0       0       0       0
59981  06  00    50  99999.00  99999.00  20337.64  21145.48   -806.98   -498.46  99999.00  99999.00       0     755     754       0
59981  06  00    40  99999.00  99999.00  21689.60  22538.36   -752.32   -457.72  99999.00  99999.00       0     710     710       0
59981  06  00    30  99999.00  99999.00  23429.30  24412.94   -718.52   -399.20  99999.00  99999.00       0     634     636       0
59981  06  00    20  99999.00  99999.00  25936.32  27104.88   -680.45   -319.73  99999.00  99999.00       0     492     496       0
59981  06  00    15  99999.00  99999.00  27743.71  29047.63   -672.77   -266.69  99999.00  99999.00       0     313     313       0
59981  06  00    10  99999.00  99999.00  30265.96  31936.72   -718.66   -139.42  99999.00  99999.00       0      82      82       0
59981  06  00     7  99999.00  99999.00  99999.00  99999.00  99999.00  99999.00  99999.00  99999.00       0      14      14       0
59981  06  00     5  99999.00  99999.00  99999.00  99999.00  99999.00  99999.00  99999.00  99999.00       0       1       1       0
59981  06  00     3  99999.00  99999.00  99999.00  99999.00  99999.00  99999.00  99999.00  99999.00       0       0       0       0
59981  06  00     2  99999.00  99999.00  99999.00  99999.00  99999.00  99999.00  99999.00  99999.00       0       0       0       0
59981  06  00     1  99999.00  99999.00  99999.00  99999.00  99999.00  99999.00  99999.00  99999.00       0       0       0       0
59981  07  00  9999   9883.25  10227.53  99999.00  99999.00    235.00    335.20    211.53    302.73     994       0     994     994
59981  07  00  1000  99999.00  99999.00    -78.87    190.05    235.09    329.05    186.33    316.53       0     983     983     983
59981  07  00   925  99999.00  99999.00    589.04    892.88    167.56    309.16    102.87    295.59       0     648     648     648
59981  07  00   900  99999.00  99999.00  99999.00  99999.00  99999.00  99999.00  99999.00  99999.00       0       0       0       0
59981  07  00   850  99999.00  99999.00   1328.33   1630.85    135.52    263.56      9.81    290.73       0    1019    1019    1019
59981  07  00   800  99999.00  99999.00  99999.00  99999.00  99999.00  99999.00  99999.00  99999.00       0       0       0       0
59981  07  00   700  99999.00  99999.00   2978.63   3283.31     52.87    172.27   -195.02    295.54       0    1019    1019    1019
59981  07  00   600  99999.00  99999.00   4252.74   4555.98    -21.65    105.91   -326.25    276.51       0    1019    1018    1018
59981  07  00   500  99999.00  99999.00   5719.46   6014.30   -105.54     25.38   -521.84    288.64       0    1019    1018    1018
59981  07  00   400  99999.00  99999.00   7465.16   7727.96   -214.31    -65.15   -707.12    239.32       0    1006    1006    1006
59981  07  00   300  99999.00  99999.00   9583.15   9856.03   -376.02   -199.50   -825.48     56.88       0     997     997     997
59981  07  00   250  99999.00  99999.00  10844.12  11153.60   -478.00   -292.96   -893.99    -61.19       0     994     994     994
59981  07  00   200  99999.00  99999.00  12303.20  12682.64   -597.74   -411.02   -959.85   -216.33       0     981     981     981
59981  07  00   150  99999.00  99999.00  14060.81  14556.77   -755.84   -539.60  99999.00  99999.00       0     963     963       8
59981  07  00   100  99999.00  99999.00  16362.11  17017.31   -941.29   -621.01  99999.00  99999.00       0     893     893       0
59981  07  00    80  99999.00  99999.00  99999.00  99999.00  99999.00  99999.00  99999.00  99999.00       0       0       0       0
59981  07  00    70  99999.00  99999.00  18410.48  19090.64   -879.29   -556.49  99999.00  99999.00       0     838     838       0
59981  07  00    60  99999.00  99999.00  99999.00  99999.00  99999.00  99999.00  99999.00  99999.00       0       0       0       0
59981  07  00    50  99999.00  99999.00  20401.79  21140.87   -789.48   -495.24  99999.00  99999.00       0     803     803       0
59981  07  00    40  99999.00  99999.00  21756.10  22538.02   -742.95   -461.19  99999.00  99999.00       0     767     770       0
59981  07  00    30  99999.00  99999.00  23505.36  24406.44   -704.59   -413.95  99999.00  99999.00       0     702     703       0
59981  07  00    20  99999.00  99999.00  26035.45  27063.73   -676.73   -343.13  99999.00  99999.00       0     521     524       0
59981  07  00    15  99999.00  99999.00  27857.09  28987.49   -672.16   -290.56  99999.00  99999.00       0     306     306       0
59981  07  00    10  99999.00  99999.00  30349.86  31848.78   -713.22   -185.94  99999.00  99999.00       0      69      69       0
59981  07  00     7  99999.00  99999.00  99999.00  99999.00  99999.00  99999.00  99999.00  99999.00       0       2       2       0
59981  07  00     5  99999.00  99999.00  99999.00  99999.00  99999.00  99999.00  99999.00  99999.00       0       0       0       0
59981  07  00     3  99999.00  99999.00  99999.00  99999.00  99999.00  99999.00  99999.00  99999.00       0       0       0       0
59981  07  00     2  99999.00  99999.00  99999.00  99999.00  99999.00  99999.00  99999.00  99999.00       0       0       0       0
59981  07  00     1  99999.00  99999.00  99999.00  99999.00  99999.00  99999.00  99999.00  99999.00       0       0       0       0
59981  08  00  9999   9859.62  10242.66  99999.00  99999.00    227.24    338.12    211.65    303.21     975       0     975     975
59981  08  00  1000  99999.00  99999.00    -92.42    196.90    227.43    332.55    188.47    315.67       0     964     964     964
59981  08  00   925  99999.00  99999.00    571.29    907.65    172.78    300.34     99.89    297.53       0     640     640     640
59981  08  00   900  99999.00  99999.00  99999.00  99999.00  99999.00  99999.00  99999.00  99999.00       0       0       0       0
59981  08  00   850  99999.00  99999.00   1305.61   1643.77    138.35    256.19     47.58    260.82       0    1013    1013    1013
59981  08  00   800  99999.00  99999.00  99999.00  99999.00  99999.00  99999.00  99999.00  99999.00       0       0       0       0
59981  08  00   700  99999.00  99999.00   2959.20   3292.08     52.82    171.14   -147.77    260.71       0    1012    1012    1012
59981  08  00   600  99999.00  99999.00   4233.77   4564.61    -20.47    106.85   -316.34    273.34       0    1010    1010    1010
59981  08  00   500  99999.00  99999.00   5705.02   6020.50   -110.78     33.94   -521.43    289.41       0    1011    1011    1011
59981  08  00   400  99999.00  99999.00   7447.71   7737.99   -210.99    -65.79   -729.28    263.36       0     986     986     986
59981  08  00   300  99999.00  99999.00   9577.79   9857.63   -365.24   -205.40   -851.49     90.99       0     964     964     964
59981  08  00   250  99999.00  99999.00  10849.30  11146.90   -467.27   -299.75   -902.24    -44.12       0     954     954     954
59981  08  00   200  99999.00  99999.00  12317.26  12669.82   -595.93   -411.37   -978.78   -194.34       0     936     936     936
59981  08  00   150  99999.00  99999.00  14075.15  14542.31   -759.61   -538.81  99999.00  99999.00       0     911     911       5
59981  08  00   100  99999.00  99999.00  16366.19  17006.15   -945.31   -625.75  99999.00  99999.00       0     846     848       0
59981  08  00    80  99999.00  99999.00  99999.00  99999.00  99999.00  99999.00  99999.00  99999.00       0       0       0       0
59981  08  00    70  99999.00  99999.00  18424.11  19077.63   -861.46   -559.30  99999.00  99999.00       0     781     783       0
59981  08  00    60  99999.00  99999.00  99999.00  99999.00  99999.00  99999.00  99999.00  99999.00       0       0       0       0
59981  08  00    50  99999.00  99999.00  20404.90  21150.70   -784.96   -496.72  99999.00  99999.00       0     747     749       0
59981  08  00    40  99999.00  99999.00  21737.85  22570.53   -745.19   -460.79  99999.00  99999.00       0     703     706       0
59981  08  00    30  99999.00  99999.00  23485.63  24436.99   -714.85   -407.65  99999.00  99999.00       0     634     636       0
59981  08  00    20  99999.00  99999.00  26021.36  27077.72   -671.88   -354.48  99999.00  99999.00       0     472     473       0
59981  08  00    15  99999.00  99999.00  27888.69  28944.81   -666.15   -299.55  99999.00  99999.00       0     291     291       0
59981  08  00    10  99999.00  99999.00  30076.23  32124.87   -731.52   -149.40  99999.00  99999.00       0      65      65       0
59981  08  00     7  99999.00  99999.00  99999.00  99999.00  99999.00  99999.00  99999.00  99999.00       0       7       7       0
59981  08  00     5  99999.00  99999.00  99999.00  99999.00  99999.00  99999.00  99999.00  99999.00       0       0       0       0
59981  08  00     3  99999.00  99999.00  99999.00  99999.00  99999.00  99999.00  99999.00  99999.00       0       0       0       0
59981  08  00     2  99999.00  99999.00  99999.00  99999.00  99999.00  99999.00  99999.00  99999.00       0       0       0       0
59981  08  00     1  99999.00  99999.00  99999.00  99999.00  99999.00  99999.00  99999.00  99999.00       0       0       0       0
59981  09  00  9999   9888.76  10254.64  99999.00  99999.00    211.35    341.55    195.41    306.41     970       0     970     970
59981  09  00  1000  99999.00  99999.00    -73.42    212.42    213.65    334.73    174.76    314.56       0     961     961     961
59981  09  00   925  99999.00  99999.00    597.52    910.00    176.77    282.37     97.90    294.82       0     621     621     621
59981  09  00   900  99999.00  99999.00  99999.00  99999.00  99999.00  99999.00  99999.00  99999.00       0       0       0       0
59981  09  00   850  99999.00  99999.00   1333.42   1646.98    131.85    247.89     -9.77    306.43       0     977     977     977
59981  09  00   800  99999.00  99999.00  99999.00  99999.00  99999.00  99999.00  99999.00  99999.00       0       0       0       0
59981  09  00   700  99999.00  99999.00   2986.44   3288.96     47.84    168.80   -231.17    328.87       0     977     977     977
59981  09  00   600  99999.00  99999.00   4263.79   4555.27    -24.97    103.19   -349.38    295.98       0     973     975     975
59981  09  00   500  99999.00  99999.00   5732.09   6009.89   -110.44     28.04   -584.01    338.31       0     976     976     976
59981  09  00   400  99999.00  99999.00   7467.43   7730.59   -219.68    -64.16   -741.83    267.25       0     955     953     953
59981  09  00   300  99999.00  99999.00   9583.99   9856.39   -379.02   -202.14   -851.31     74.01       0     941     940     940
59981  09  00   250  99999.00  99999.00  10844.90  11151.02   -478.22   -299.78   -900.24    -62.88       0     932     932     932
59981  09  00   200  99999.00  99999.00  12302.26  12677.38   -601.77   -415.89   -966.13   -219.85       0     923     923     923
59981  09  00   150  99999.00  99999.00  14061.11  14542.43   -760.39   -543.67  99999.00  99999.00       0     903     903       4
59981  09  00   100  99999.00  99999.00  16362.02  16993.94   -944.55   -630.15  99999.00  99999.00       0     833     833       0
59981  09  00    80  99999.00  99999.00  99999.00  99999.00  99999.00  99999.00  99999.00  99999.00       0       0       0       0
59981  09  00    70  99999.00  99999.00  18381.54  19081.62   -883.70   -560.06  99999.00  99999.00       0     774     774       0
59981  09  00    60  99999.00  99999.00  99999.00  99999.00  99999.00  99999.00  99999.00  99999.00       0       0       0       0
59981  09  00    50  99999.00  99999.00  20350.26  21147.42   -793.20   -504.00  99999.00  99999.00       0     733     734       0
59981  09  00    40  99999.00  99999.00  21687.78  22557.78   -746.70   -467.70  99999.00  99999.00       0     700     701       0
59981  09  00    30  99999.00  99999.00  23440.20  24410.88   -709.26   -422.70  99999.00  99999.00       0     625     628       0
59981  09  00    20  99999.00  99999.00  25954.84  27069.64   -684.78   -350.70  99999.00  99999.00       0     480     482       0
59981  09  00    15  99999.00  99999.00  27759.29  28978.13   -693.27   -281.55  99999.00  99999.00       0     313     314       0
59981  09  00    10  99999.00  99999.00  30216.44  31846.64   -742.13   -164.21  99999.00  99999.00       0      82      82       0
59981  09  00     7  99999.00  99999.00  99999.00  99999.00  99999.00  99999.00  99999.00  99999.00       0       7       7       0
59981  09  00     5  99999.00  99999.00  99999.00  99999.00  99999.00  99999.00  99999.00  99999.00       0       0       0       0
59981  09  00     3  99999.00  99999.00  99999.00  99999.00  99999.00  99999.00  99999.00  99999.00       0       0       0       0
59981  09  00     2  99999.00  99999.00  99999.00  99999.00  99999.00  99999.00  99999.00  99999.00       0       0       0       0
59981  09  00     1  99999.00  99999.00  99999.00  99999.00  99999.00  99999.00  99999.00  99999.00       0       0       0       0
59981  10  00  9999   9927.38  10280.06  99999.00  99999.00    208.72    325.24    145.27    332.83    1012       0    1012    1012
59981  10  00  1000  99999.00  99999.00    -38.04    232.20    206.34    320.70    119.13    344.85       0    1005    1005    1005
59981  10  00   925  99999.00  99999.00    634.74    928.74    145.31    287.75     52.44    315.96       0     644     644     644
59981  10  00   900  99999.00  99999.00  99999.00  99999.00  99999.00  99999.00  99999.00  99999.00       0       0       0       0
59981  10  00   850  99999.00  99999.00   1363.66   1659.70    100.64    254.96    -44.91    321.33       0    1012    1012    1012
59981  10  00   800  99999.00  99999.00  99999.00  99999.00  99999.00  99999.00  99999.00  99999.00       0       0       0       0
59981  10  00   700  99999.00  99999.00   3010.87   3297.43     37.08    172.80   -397.92    448.32       0    1013    1013    1013
59981  10  00   600  99999.00  99999.00   4287.39   4560.75    -32.84    107.80   -597.84    468.12       0    1011    1011    1011
59981  10  00   500  99999.00  99999.00   5752.73   6015.29   -112.14     25.74   -742.29    418.35       0    1011    1011    1011
59981  10  00   400  99999.00  99999.00   7484.38   7735.18   -223.29    -69.33   -892.03    328.01       0    1008    1007    1007
59981  10  00   300  99999.00  99999.00   9590.07   9861.39   -385.99   -209.47   -962.32    109.76       0     995     995     994
59981  10  00   250  99999.00  99999.00  10844.99  11154.23   -486.76   -305.56   -979.98    -43.62       0     984     984     984
59981  10  00   200  99999.00  99999.00  12303.69  12671.25   -604.94   -424.22  -1036.52   -198.80       0     972     972     972
59981  10  00   150  99999.00  99999.00  14063.37  14527.41   -756.64   -556.00  99999.00  99999.00       0     961     961       0
59981  10  00   100  99999.00  99999.00  16363.97  16965.29   -944.19   -650.31  99999.00  99999.00       0     880     880       0
59981  10  00    80  99999.00  99999.00  99999.00  99999.00  99999.00  99999.00  99999.00  99999.00       0       0       0       0
59981  10  00    70  99999.00  99999.00  18359.53  19030.09   -924.87   -566.31  99999.00  99999.00       0     787     786       0
59981  10  00    60  99999.00  99999.00  99999.00  99999.00  99999.00  99999.00  99999.00  99999.00       0       0       0       0
59981  10  00    50  99999.00  99999.00  20309.80  21087.04   -801.54   -510.18  99999.00  99999.00       0     748     746       0
59981  10  00    40  99999.00  99999.00  21636.02  22494.62   -767.93   -461.33  99999.00  99999.00       0     706     707       0
59981  10  00    30  99999.00  99999.00  23373.32  24351.80   -722.71   -414.07  99999.00  99999.00       0     630     630       0
59981  10  00    20  99999.00  99999.00  25899.20  26978.36   -695.72   -349.88  99999.00  99999.00       0     480     482       0
59981  10  00    15  99999.00  99999.00  27686.63  28914.35   -691.68   -292.32  99999.00  99999.00       0     345     345       0
59981  10  00    10  99999.00  99999.00  30148.67  31707.59   -757.89   -158.25  99999.00  99999.00       0      99      99       0
59981  10  00     7  99999.00  99999.00  99999.00  99999.00  99999.00  99999.00  99999.00  99999.00       0       9       9       0
59981  10  00     5  99999.00  99999.00  99999.00  99999.00  99999.00  99999.00  99999.00  99999.00       0       0       0       0
59981  10  00     3  99999.00  99999.00  99999.00  99999.00  99999.00  99999.00  99999.00  99999.00       0       0       0       0
59981  10  00     2  99999.00  99999.00  99999.00  99999.00  99999.00  99999.00  99999.00  99999.00       0       0       0       0
59981  10  00     1  99999.00  99999.00  99999.00  99999.00  99999.00  99999.00  99999.00  99999.00       0       0       0       0
59981  11  00  9999   9975.10  10280.50  99999.00  99999.00    186.19    324.19    105.44    343.28     981       0     981     981
59981  11  00  1000  99999.00  99999.00    -11.55    245.25    177.49    323.05     82.57    350.17       0     980     980     980
59981  11  00   925  99999.00  99999.00    678.71    914.99    107.66    296.18     42.40    302.44       0     651     651     651
59981  11  00   900  99999.00  99999.00  99999.00  99999.00  99999.00  99999.00  99999.00  99999.00       0       0       0       0
59981  11  00   850  99999.00  99999.00   1416.26   1632.02     48.74    277.22    -90.55    339.17       0     981     981     981
59981  11  00   800  99999.00  99999.00  99999.00  99999.00  99999.00  99999.00  99999.00  99999.00       0       0       0       0
59981  11  00   700  99999.00  99999.00   3055.66   3264.58      4.35    192.99   -548.99    540.25       0     981     981     981
59981  11  00   600  99999.00  99999.00   4317.38   4536.98    -44.66    112.66   -717.11    521.05       0     981     981     981
59981  11  00   500  99999.00  99999.00   5770.06   5999.86   -128.39     36.49   -840.90    439.02       0     981     981     981
59981  11  00   400  99999.00  99999.00   7482.89   7733.57   -226.25    -73.49   -930.63    295.53       0     967     967     966
59981  11  00   300  99999.00  99999.00   9570.61   9872.17   -375.11   -227.99   -974.67     67.05       0     956     956     956
59981  11  00   250  99999.00  99999.00  10821.96  11163.48   -473.24   -328.28   -999.38    -73.70       0     949     949     949
59981  11  00   200  99999.00  99999.00  12277.76  12676.40   -598.24   -439.96  -1055.90   -223.46       0     939     939     938
59981  11  00   150  99999.00  99999.00  14044.19  14518.67   -761.92   -555.88  99999.00  99999.00       0     928     929       0
59981  11  00   100  99999.00  99999.00  16346.19  16947.87   -948.00   -661.92  99999.00  99999.00       0     859     861       0
59981  11  00    80  99999.00  99999.00  99999.00  99999.00  99999.00  99999.00  99999.00  99999.00       0       0       0       0
59981  11  00    70  99999.00  99999.00  18327.69  18991.89   -943.24   -599.44  99999.00  99999.00       0     773     773       0
59981  11  00    60  99999.00  99999.00  99999.00  99999.00  99999.00  99999.00  99999.00  99999.00       0       0       0       0
59981  11  00    50  99999.00  99999.00  20276.69  21013.37   -811.85   -522.41  99999.00  99999.00       0     717     716       0
59981  11  00    40  99999.00  99999.00  21614.37  22403.85   -761.75   -476.27  99999.00  99999.00       0     687     687       0
59981  11  00    30  99999.00  99999.00  23367.73  24248.53   -711.20   -429.44  99999.00  99999.00       0     620     621       0
59981  11  00    20  99999.00  99999.00  25892.77  26892.25   -675.12   -368.88  99999.00  99999.00       0     481     484       0
59981  11  00    15  99999.00  99999.00  27734.26  28777.90   -680.59   -302.83  99999.00  99999.00       0     342     343       0
59981  11  00    10  99999.00  99999.00  30148.35  31713.27   -763.80   -117.00  99999.00  99999.00       0     116     116       0
59981  11  00     7  99999.00  99999.00  99999.00  99999.00  99999.00  99999.00  99999.00  99999.00       0      17      17       0
59981  11  00     5  99999.00  99999.00  99999.00  99999.00  99999.00  99999.00  99999.00  99999.00       0       0       0       0
59981  11  00     3  99999.00  99999.00  99999.00  99999.00  99999.00  99999.00  99999.00  99999.00       0       0       0       0
59981  11  00     2  99999.00  99999.00  99999.00  99999.00  99999.00  99999.00  99999.00  99999.00       0       0       0       0
59981  11  00     1  99999.00  99999.00  99999.00  99999.00  99999.00  99999.00  99999.00  99999.00       0       0       0       0
59981  12  00  9999   9998.01  10301.97  99999.00  99999.00    161.45    313.97     62.20    340.72    1014       0    1014    1014
59981  12  00  1000  99999.00  99999.00     10.12    260.20    148.98    313.50     36.97    347.41       0    1013    1013    1013
59981  12  00   925  99999.00  99999.00    690.29    925.01     75.06    292.98      6.97    299.77       0     674     674     674
59981  12  00   900  99999.00  99999.00  99999.00  99999.00  99999.00  99999.00  99999.00  99999.00       0       0       0       0
59981  12  00   850  99999.00  99999.00   1428.86   1633.46      5.61    279.09   -179.29    377.75       0    1014    1014    1014
59981  12  00   800  99999.00  99999.00  99999.00  99999.00  99999.00  99999.00  99999.00  99999.00       0       0       0       0
59981  12  00   700  99999.00  99999.00   3051.58   3261.34    -31.30    215.30   -735.40    642.80       0    1014    1014    1014
59981  12  00   600  99999.00  99999.00   4311.07   4531.39    -59.91    124.41   -858.63    564.09       0    1014    1014    1014
59981  12  00   500  99999.00  99999.00   5760.45   5993.85   -139.62     40.98   -925.01    434.95       0    1013    1013    1013
59981  12  00   400  99999.00  99999.00   7466.64   7728.60   -236.04    -69.84   -944.67    251.25       0    1000    1000    1000
59981  12  00   300  99999.00  99999.00   9554.43   9860.91   -382.17   -230.73   -991.54     35.66       0     986     986     986
59981  12  00   250  99999.00  99999.00  10804.43  11148.11   -478.51   -333.19  -1025.02    -90.94       0     974     975     975
59981  12  00   200  99999.00  99999.00  12256.41  12658.29   -602.26   -447.10  -1082.30   -234.38       0     961     961     961
59981  12  00   150  99999.00  99999.00  14011.66  14504.98   -761.34   -561.54  99999.00  99999.00       0     949     949       0
59981  12  00   100  99999.00  99999.00  16309.97  16940.93   -955.59   -648.51  99999.00  99999.00       0     866     866       0
59981  12  00    80  99999.00  99999.00  99999.00  99999.00  99999.00  99999.00  99999.00  99999.00       0       0       0       0
59981  12  00    70  99999.00  99999.00  18265.71  18994.35   -953.34   -622.50  99999.00  99999.00       0     780     781       0
59981  12  00    60  99999.00  99999.00  99999.00  99999.00  99999.00  99999.00  99999.00  99999.00       0       0       0       0
59981  12  00    50  99999.00  99999.00  20227.87  20969.23   -844.79   -509.99  99999.00  99999.00       0     735     734       0
59981  12  00    40  99999.00  99999.00  21566.39  22345.43   -776.85   -476.49  99999.00  99999.00       0     706     706       0
59981  12  00    30  99999.00  99999.00  23327.04  24166.20   -732.35   -424.43  99999.00  99999.00       0     657     656       0
59981  12  00    20  99999.00  99999.00  25819.40  26834.00   -712.84   -352.36  99999.00  99999.00       0     546     547       0
59981  12  00    15  99999.00  99999.00  27612.72  28741.32   -708.99   -300.99  99999.00  99999.00       0     417     418       0
59981  12  00    10  99999.00  99999.00  30133.13  31521.65   -802.92   -107.28  99999.00  99999.00       0     147     148       0
59981  12  00     7  99999.00  99999.00  99999.00  99999.00  99999.00  99999.00  99999.00  99999.00       0      18      18       0
59981  12  00     5  99999.00  99999.00  99999.00  99999.00  99999.00  99999.00  99999.00  99999.00       0       0       0       0
59981  12  00     3  99999.00  99999.00  99999.00  99999.00  99999.00  99999.00  99999.00  99999.00       0       0       0       0
59981  12  00     2  99999.00  99999.00  99999.00  99999.00  99999.00  99999.00  99999.00  99999.00       0       0       0       0
59981  12  00     1  99999.00  99999.00  99999.00  99999.00  99999.00  99999.00  99999.00  99999.00       0       0       0       0
