65578  01  12  9999   1002.51   1019.07  99999.00  99999.00    187.21    370.09   -154.97    241.39     661       0     661     656
65578  01  12  1000  99999.00  99999.00     32.47    171.55    184.87    342.91    -30.85    481.31       0     676     676     674
65578  01  12   925  99999.00  99999.00    709.24    860.92    165.75    282.15   -222.63    559.17       0     331     332     332
65578  01  12   900  99999.00  99999.00  99999.00  99999.00  99999.00  99999.00  99999.00  99999.00       0       0       3       3
65578  01  12   850  99999.00  99999.00   1448.76   1590.00    109.59    265.71   -296.64    496.20       0     660     659     656
65578  01  12   800  99999.00  99999.00  99999.00  99999.00  99999.00  99999.00  99999.00  99999.00       0       0       9       9
65578  01  12   700  99999.00  99999.00   3073.01   3247.85     21.64    170.80   -289.79    293.41       0     657     661     657
65578  01  12   600  99999.00  99999.00  99999.00  99999.00  99999.00  99999.00  99999.00  99999.00       0       0      12      12
65578  01  12   500  99999.00  99999.00   2137.19   9568.31  -2390.31   2255.25   -621.72    234.60       0     658     661     659
65578  01  12   400  99999.00  99999.00   7449.19   7741.87   -236.73    -80.25   -754.51    121.01       0     653     655     651
65578  01  12   300  99999.00  99999.00   9518.69   9879.65   -388.66   -240.58   -834.61    -79.09       0     651     652     648
65578  01  12   250  99999.00  99999.00  10757.77  11167.57   -493.90   -339.22  99999.00  99999.00       0     650     652      31
65578  01  12   200  99999.00  99999.00  12195.01  12675.49   -612.25   -462.25  99999.00  99999.00       0     639     637       1
65578  01  12   150  99999.00  99999.00   8681.42  19693.22  -2635.81   1261.79  99999.00  99999.00       0     636     641       0
65578  01  12   100  99999.00  99999.00  16246.40  16926.80   -941.81   -651.17  99999.00  99999.00       0     620     626       1
65578  01  12    80  99999.00  99999.00  99999.00  99999.00  -8018.69   6135.19  99999.00  99999.00       0       0      61       0
65578  01  12    70  99999.00  99999.00  11138.82  25990.14  -5539.69   3892.67  99999.00  99999.00       0     536     551       0
65578  01  12    60  99999.00  99999.00  99999.00  99999.00  -7320.30   5633.70  99999.00  99999.00       0       0      74       0
65578  01  12    50  99999.00  99999.00  11871.06  29205.30  -4407.86   2991.82  99999.00  99999.00       0     450     458       0
65578  01  12    40  99999.00  99999.00  99999.00  99999.00  99999.00  99999.00  99999.00  99999.00       0       0      44       0
65578  01  12    30  99999.00  99999.00  10299.77  36898.85  -5785.27   4486.49  99999.00  99999.00       0     232     242       0
65578  01  12    20  99999.00  99999.00   7285.63  44800.75 -10165.26   8559.06  99999.00  99999.00       0     135     144       0
65578  01  12    15  99999.00  99999.00  99999.00  99999.00  99999.00  99999.00  99999.00  99999.00       0       0      40       0
65578  01  12    10  99999.00  99999.00  99999.00  99999.00  99999.00  99999.00  99999.00  99999.00       0      13      25       0
65578  01  12     7  99999.00  99999.00  99999.00  99999.00  99999.00  99999.00  99999.00  99999.00       0       0       1       0
65578  01  12     5  99999.00  99999.00  99999.00  99999.00  99999.00  99999.00  99999.00  99999.00       0       0       0       0
65578  01  12     3  99999.00  99999.00  99999.00  99999.00  99999.00  99999.00  99999.00  99999.00       0       0       0       0
65578  01  12     2  99999.00  99999.00  99999.00  99999.00  99999.00  99999.00  99999.00  99999.00       0       0       0       0
65578  01  12     1  99999.00  99999.00  99999.00  99999.00  99999.00  99999.00  99999.00  99999.00       0       0       0       0
65578  02  12  9999   1002.78   1018.62  99999.00  99999.00    200.05    376.57    -76.39    157.73     599       0     598     598
65578  02  12  1000  99999.00  99999.00     33.79    168.79    192.22    349.78     64.96    408.16       0     614     614     614
65578  02  12   925  99999.00  99999.00    720.81    855.21    170.32    282.40   -104.79    465.09       0     339     340     340
65578  02  12   900  99999.00  99999.00  99999.00  99999.00  99999.00  99999.00  99999.00  99999.00       0       0       5       5
65578  02  12   850  99999.00  99999.00  -1337.10   4342.02  -2335.47   2684.61   -212.42    461.98       0     593     594     593
65578  02  12   800  99999.00  99999.00  99999.00  99999.00  99999.00  99999.00  99999.00  99999.00       0       0       5       5
65578  02  12   700  99999.00  99999.00   3077.79   3253.35     22.36    167.44   -296.98    309.38       0     595     594     594
65578  02  12   600  99999.00  99999.00  99999.00  99999.00  99999.00  99999.00  99999.00  99999.00       0       0       8       8
65578  02  12   500  99999.00  99999.00   1929.39   9778.47  -2524.07   2384.53   -667.79    303.73       0     590     592     590
65578  02  12   400  99999.00  99999.00   3216.71  11924.15  -2609.35   2264.69   -860.83    223.25       0     589     588     586
65578  02  12   300  99999.00  99999.00   4780.39  14564.71  -2734.46   2078.50   -932.75      5.77       0     585     584     581
65578  02  12   250  99999.00  99999.00  10750.05  11191.53   -485.35   -343.75  99999.00  99999.00       0     573     575      32
65578  02  12   200  99999.00  99999.00   6769.58  18041.54  -2917.58   1811.98  99999.00  99999.00       0     572     577       0
65578  02  12   150  99999.00  99999.00   8077.91  20305.79  -3047.23   1663.85  99999.00  99999.00       0     567     565       1
65578  02  12   100  99999.00  99999.00   9763.69  23329.57  -3147.58   1520.18  99999.00  99999.00       0     555     562       3
65578  02  12    80  99999.00  99999.00  99999.00  99999.00  99999.00  99999.00  99999.00  99999.00       0       0      58       0
65578  02  12    70  99999.00  99999.00   7104.93  29892.93  -9376.83   7429.65  99999.00  99999.00       0     454     469       0
65578  02  12    60  99999.00  99999.00  99999.00  99999.00  99999.00  99999.00  99999.00  99999.00       0       0      53       0
65578  02  12    50  99999.00  99999.00   4346.23  36412.87  -8128.05   6466.95  99999.00  99999.00       0     392     406       1
65578  02  12    40  99999.00  99999.00  99999.00  99999.00  99999.00  99999.00  99999.00  99999.00       0       0      41       0
65578  02  12    30  99999.00  99999.00  10035.41  37182.17  -8050.79   6591.37  99999.00  99999.00       0     223     236       0
65578  02  12    20  99999.00  99999.00  25758.33  26930.13  -5315.31   4133.37  99999.00  99999.00       0     137     145       0
65578  02  12    15  99999.00  99999.00  99999.00  99999.00  99999.00  99999.00  99999.00  99999.00       0       0      37       0
65578  02  12    10  99999.00  99999.00  99999.00  99999.00  99999.00  99999.00  99999.00  99999.00       0       6      15       0
65578  02  12     7  99999.00  99999.00  99999.00  99999.00  99999.00  99999.00  99999.00  99999.00       0       0       0       0
65578  02  12     5  99999.00  99999.00  99999.00  99999.00  99999.00  99999.00  99999.00  99999.00       0       0       0       0
65578  02  12     3  99999.00  99999.00  99999.00  99999.00  99999.00  99999.00  99999.00  99999.00       0       0       0       0
65578  02  12     2  99999.00  99999.00  99999.00  99999.00  99999.00  99999.00  99999.00  99999.00       0       0       0       0
65578  02  12     1  99999.00  99999.00  99999.00  99999.00  99999.00  99999.00  99999.00  99999.00       0       0       0       0
65578  03  12  9999   1002.47   1017.95  99999.00  99999.00    198.45    386.85    -27.56    109.72     661       0     654     652
65578  03  12  1000  99999.00  99999.00     29.64    164.88    189.06    359.22    136.59    346.47       0     672     675     674
65578  03  12   925  99999.00  99999.00    715.75    853.15    177.15    284.67     80.76    306.12       0     364     365     365
65578  03  12   900  99999.00  99999.00  99999.00  99999.00  99999.00  99999.00  99999.00  99999.00       0       0       9       9
65578  03  12   850  99999.00  99999.00   1450.68   1590.36    111.17    280.73    -40.87    332.69       0     644     643     643
65578  03  12   800  99999.00  99999.00  99999.00  99999.00  99999.00  99999.00  99999.00  99999.00       0       0       7       7
65578  03  12   700  99999.00  99999.00   3079.04   3257.00     23.51    175.91   -235.68    275.76       0     645     649     649
65578  03  12   600  99999.00  99999.00  99999.00  99999.00  99999.00  99999.00  99999.00  99999.00       0       0       8       8
65578  03  12   500  99999.00  99999.00   5756.09   6016.37   -133.05     28.95   -564.97    271.55       0     637     638     637
65578  03  12   400  99999.00  99999.00   7447.02   7766.82   -228.54    -79.86   -746.82    200.94       0     634     635     632
65578  03  12   300  99999.00  99999.00   9511.92   9920.52   -383.13   -230.85   -845.74     -5.98       0     633     640     636
65578  03  12   250  99999.00  99999.00  10748.01  11220.45   -486.10   -332.62   -831.32   -148.04       0     626     631      72
65578  03  12   200  99999.00  99999.00  12186.14  12736.82   -611.28   -453.12  99999.00  99999.00       0     621     623       0
65578  03  12   150  99999.00  99999.00  13926.40  14579.08   -765.55   -583.87  99999.00  99999.00       0     616     617       1
65578  03  12   100  99999.00  99999.00  16216.84  17004.52   -964.45   -639.73  99999.00  99999.00       0     592     603       4
65578  03  12    80  99999.00  99999.00  99999.00  99999.00 -15991.85  13040.35  99999.00  99999.00       0       0      68       0
65578  03  12    70  99999.00  99999.00  18205.15  19066.15  -4294.18   2711.66  99999.00  99999.00       0     491     502       0
65578  03  12    60  99999.00  99999.00  99999.00  99999.00  99999.00  99999.00  99999.00  99999.00       0       0      53       0
65578  03  12    50  99999.00  99999.00  20197.69  21050.29   -853.66   -484.06  99999.00  99999.00       0     414     424       0
65578  03  12    40  99999.00  99999.00  99999.00  99999.00  99999.00  99999.00  99999.00  99999.00       0       0      47       0
65578  03  12    30  99999.00  99999.00  23301.03  24247.83  -8402.60   6914.56  99999.00  99999.00       0     253     269       0
65578  03  12    20  99999.00  99999.00  25822.18  26908.06  -7878.52   6534.44  99999.00  99999.00       0     170     185       0
65578  03  12    15  99999.00  99999.00  99999.00  99999.00  99999.00  99999.00  99999.00  99999.00       0       0      37       0
65578  03  12    10  99999.00  99999.00  99999.00  99999.00  99999.00  99999.00  99999.00  99999.00       0      13      29       3
65578  03  12     7  99999.00  99999.00  99999.00  99999.00  99999.00  99999.00  99999.00  99999.00       0       0       1       0
65578  03  12     5  99999.00  99999.00  99999.00  99999.00  99999.00  99999.00  99999.00  99999.00       0       0       0       0
65578  03  12     3  99999.00  99999.00  99999.00  99999.00  99999.00  99999.00  99999.00  99999.00       0       0       0       0
65578  03  12     2  99999.00  99999.00  99999.00  99999.00  99999.00  99999.00  99999.00  99999.00       0       0       0       0
65578  03  12     1  99999.00  99999.00  99999.00  99999.00  99999.00  99999.00  99999.00  99999.00       0       0       0       0
65578  04  12  9999   1002.65   1018.13  99999.00  99999.00    189.04    400.24    -32.10    116.82     604       0     602     602
65578  04  12  1000  99999.00  99999.00     33.18    164.34    183.54    369.42    130.28    353.72       0     620     622     618
65578  04  12   925  99999.00  99999.00    725.94    850.98    165.11    296.63     72.07    317.47       0     345     346     346
65578  04  12   900  99999.00  99999.00  99999.00  99999.00  99999.00  99999.00  99999.00  99999.00       0       0       7       7
65578  04  12   850  99999.00  99999.00  -3432.47   6360.85  -4207.86   4493.94     18.53    289.01       0     596     591     589
65578  04  12   800  99999.00  99999.00  99999.00  99999.00  99999.00  99999.00  99999.00  99999.00       0       0       8       8
65578  04  12   700  99999.00  99999.00  -1451.35   7705.49  -3444.20   3587.32   -212.98    268.34       0     595     594     592
65578  04  12   600  99999.00  99999.00  99999.00  99999.00  99999.00  99999.00  99999.00  99999.00       0       0       9       9
65578  04  12   500  99999.00  99999.00   1935.29   9797.45  -2524.19   2388.49   -488.03    228.01       0     589     591     588
65578  04  12   400  99999.00  99999.00   3216.84  11954.16   -219.36    -81.96   -691.00    171.92       0     586     590     587
65578  04  12   300  99999.00  99999.00   9530.13   9926.25   -374.82   -228.90   -792.78    -23.70       0     581     585     582
65578  04  12   250  99999.00  99999.00  10771.85  11225.21   -474.21   -332.01   -822.72   -159.72       0     571     575     116
65578  04  12   200  99999.00  99999.00   6785.57  18096.05  -2918.29   1832.87  99999.00  99999.00       0     570     573       0
65578  04  12   150  99999.00  99999.00   8097.08  20366.00  -3039.79   1663.73  99999.00  99999.00       0     565     567       1
65578  04  12   100  99999.00  99999.00   9765.13  23398.57  -3160.72   1507.16  99999.00  99999.00       0     551     560       2
65578  04  12    80  99999.00  99999.00  99999.00  99999.00  99999.00  99999.00  99999.00  99999.00       0       0      51       0
65578  04  12    70  99999.00  99999.00   6869.97  30171.33  -5380.18   3746.06  99999.00  99999.00       0     435     442       1
65578  04  12    60  99999.00  99999.00  99999.00  99999.00  99999.00  99999.00  99999.00  99999.00       0       0      54       0
65578  04  12    50  99999.00  99999.00   7084.23  33880.95  -5656.12   4192.52  99999.00  99999.00       0     376     387       1
65578  04  12    40  99999.00  99999.00  99999.00  99999.00  99999.00  99999.00  99999.00  99999.00       0       0      46       0
65578  04  12    30  99999.00  99999.00   9607.17  37681.65  -9979.24   8352.80  99999.00  99999.00       0     209     224       1
65578  04  12    20  99999.00  99999.00   6726.41  45497.69 -11533.58   9830.14  99999.00  99999.00       0     127     138       1
65578  04  12    15  99999.00  99999.00  99999.00  99999.00  99999.00  99999.00  99999.00  99999.00       0       0      28       0
65578  04  12    10  99999.00  99999.00  99999.00  99999.00  99999.00  99999.00  99999.00  99999.00       0      13      21       7
65578  04  12     7  99999.00  99999.00  99999.00  99999.00  99999.00  99999.00  99999.00  99999.00       0       0       1       1
65578  04  12     5  99999.00  99999.00  99999.00  99999.00  99999.00  99999.00  99999.00  99999.00       0       0       0       0
65578  04  12     3  99999.00  99999.00  99999.00  99999.00  99999.00  99999.00  99999.00  99999.00       0       0       0       0
65578  04  12     2  99999.00  99999.00  99999.00  99999.00  99999.00  99999.00  99999.00  99999.00       0       0       0       0
65578  04  12     1  99999.00  99999.00  99999.00  99999.00  99999.00  99999.00  99999.00  99999.00       0       0       0       0
65578  05  12  9999   1003.57   1019.41  99999.00  99999.00    180.62    396.98    -56.66    133.66     659       0     658     657
65578  05  12  1000  99999.00  99999.00     42.77    173.69    174.61    367.09    134.38    344.02       0     671     671     670
65578  05  12   925  99999.00  99999.00    735.40    856.60    163.80    286.08     82.05    309.33       0     362     362     362
65578  05  12   900  99999.00  99999.00  99999.00  99999.00  99999.00  99999.00  99999.00  99999.00       0       0       5       5
65578  05  12   850  99999.00  99999.00  -2392.91   5377.81  -3283.60   3594.44     26.38    285.82       0     633     631     629
65578  05  12   800  99999.00  99999.00  99999.00  99999.00  99999.00  99999.00  99999.00  99999.00       0       0       4       4
65578  05  12   700  99999.00  99999.00      1.77   6307.17  -2328.15   2498.73   -165.79    254.21       0     629     631     627
65578  05  12   600  99999.00  99999.00  99999.00  99999.00  99999.00  99999.00  99999.00  99999.00       0       0       6       6
65578  05  12   500  99999.00  99999.00   2046.20   9698.60  -2464.12   2332.64   -432.25    201.71       0     622     620     619
65578  05  12   400  99999.00  99999.00   3333.79  11850.43  -2540.23   2207.93   -631.15    146.09       0     617     620     618
65578  05  12   300  99999.00  99999.00   4916.72  14488.04  -2662.23   2028.33   -766.61    -24.77       0     613     616     615
65578  05  12   250  99999.00  99999.00   5851.14  16090.02  -2744.69   1908.67   -821.13   -138.93       0     607     613     154
65578  05  12   200  99999.00  99999.00   6982.21  17917.93  -2840.11   1756.97  99999.00  99999.00       0     610     612       0
65578  05  12   150  99999.00  99999.00   8298.03  20187.39  -2954.49   1586.07  99999.00  99999.00       0     602     609       1
65578  05  12   100  99999.00  99999.00  10024.76  23170.52  -3076.99   1439.33  99999.00  99999.00       0     593     600       3
65578  05  12    80  99999.00  99999.00  99999.00  99999.00 -10129.03   8049.77  99999.00  99999.00       0       0      73       0
65578  05  12    70  99999.00  99999.00  18291.78  19066.26  -5891.75   4260.61  99999.00  99999.00       0     469     477       0
65578  05  12    60  99999.00  99999.00  99999.00  99999.00  99999.00  99999.00  99999.00  99999.00       0       0      59       1
65578  05  12    50  99999.00  99999.00  20263.08  21109.20  -8060.49   6447.03  99999.00  99999.00       0     396     413       0
65578  05  12    40  99999.00  99999.00  99999.00  99999.00  99999.00  99999.00  99999.00  99999.00       0       0      56       0
65578  05  12    30  99999.00  99999.00  23403.31  24311.11  -9734.88   8153.04  99999.00  99999.00       0     222     236       0
65578  05  12    20  99999.00  99999.00  25965.95  26923.31  -5253.32   4118.92  99999.00  99999.00       0     134     148       0
65578  05  12    15  99999.00  99999.00  99999.00  99999.00  99999.00  99999.00  99999.00  99999.00       0       0      40       1
65578  05  12    10  99999.00  99999.00  99999.00  99999.00  99999.00  99999.00  99999.00  99999.00       0      18      38      20
65578  05  12     7  99999.00  99999.00  99999.00  99999.00  99999.00  99999.00  99999.00  99999.00       0       0       1       1
65578  05  12     5  99999.00  99999.00  99999.00  99999.00  99999.00  99999.00  99999.00  99999.00       0       0       0       0
65578  05  12     3  99999.00  99999.00  99999.00  99999.00  99999.00  99999.00  99999.00  99999.00       0       0       0       0
65578  05  12     2  99999.00  99999.00  99999.00  99999.00  99999.00  99999.00  99999.00  99999.00       0       0       0       0
65578  05  12     1  99999.00  99999.00  99999.00  99999.00  99999.00  99999.00  99999.00  99999.00       0       0       0       0
65578  06  12  9999   1005.86   1020.74  99999.00  99999.00    175.79    370.79    -55.17    116.07     601       0     600     600
65578  06  12  1000  99999.00  99999.00     60.47    187.07    167.83    343.03    125.39    334.07       0     631     633     631
65578  06  12   925  99999.00  99999.00    748.43    863.15    152.34    266.70     83.50    296.14       0     326     331     331
65578  06  12   900  99999.00  99999.00  99999.00  99999.00  99999.00  99999.00  99999.00  99999.00       0       0       5       5
65578  06  12   850  99999.00  99999.00   1475.82   1597.38    102.37    242.05     31.01    276.77       0     590     589     586
65578  06  12   800  99999.00  99999.00  99999.00  99999.00  99999.00  99999.00  99999.00  99999.00       0       0      10      10
65578  06  12   700  99999.00  99999.00   3101.04   3251.76     23.92    163.24   -169.47    259.77       0     581     584     583
65578  06  12   600  99999.00  99999.00  99999.00  99999.00  99999.00  99999.00  99999.00  99999.00       0       0       9       9
65578  06  12   500  99999.00  99999.00   5782.62   6003.06   -130.41     22.11   -494.57    251.23       0     570     582     580
65578  06  12   400  99999.00  99999.00   7475.89   7751.29   -222.74    -86.90   -767.81    231.43       0     569     569     568
65578  06  12   300  99999.00  99999.00   9538.33   9901.21   -386.56   -234.04   -773.72    -46.04       0     565     566     562
65578  06  12   250  99999.00  99999.00  10780.20  11191.80   -481.94   -339.74  99999.00  99999.00       0     553     554      54
65578  06  12   200  99999.00  99999.00  12231.12  12696.24   -601.67   -459.59  99999.00  99999.00       0     552     557       1
65578  06  12   150  99999.00  99999.00  13993.84  14525.80   -759.32   -570.44  99999.00  99999.00       0     547     549       1
65578  06  12   100  99999.00  99999.00  16323.90  16939.98   -945.58   -624.34  99999.00  99999.00       0     536     544       2
65578  06  12    80  99999.00  99999.00  99999.00  99999.00  99999.00  99999.00  99999.00  99999.00       0       0      56       0
65578  06  12    70  99999.00  99999.00  10442.57  26816.81  -3352.35   1887.57  99999.00  99999.00       0     443     455       1
65578  06  12    60  99999.00  99999.00  99999.00  99999.00  99999.00  99999.00  99999.00  99999.00       0       0      51       0
65578  06  12    50  99999.00  99999.00  11113.06  30163.90  -5661.29   4231.99  99999.00  99999.00       0     375     385       1
65578  06  12    40  99999.00  99999.00  99999.00  99999.00  99999.00  99999.00  99999.00  99999.00       0       0      56       0
65578  06  12    30  99999.00  99999.00  23446.59  24331.11 -10555.63   8866.73  99999.00  99999.00       0     217     232       0
65578  06  12    20  99999.00  99999.00  25991.81  26990.69  -5298.61   4181.75  99999.00  99999.00       0     136     145       1
65578  06  12    15  99999.00  99999.00  99999.00  99999.00  99999.00  99999.00  99999.00  99999.00       0       0      26       1
65578  06  12    10  99999.00  99999.00  99999.00  99999.00  99999.00  99999.00  99999.00  99999.00       0      12      22       6
65578  06  12     7  99999.00  99999.00  99999.00  99999.00  99999.00  99999.00  99999.00  99999.00       0       0       0       0
65578  06  12     5  99999.00  99999.00  99999.00  99999.00  99999.00  99999.00  99999.00  99999.00       0       0       0       0
65578  06  12     3  99999.00  99999.00  99999.00  99999.00  99999.00  99999.00  99999.00  99999.00       0       0       0       0
65578  06  12     2  99999.00  99999.00  99999.00  99999.00  99999.00  99999.00  99999.00  99999.00       0       0       0       0
65578  06  12     1  99999.00  99999.00  99999.00  99999.00  99999.00  99999.00  99999.00  99999.00       0       0       0       0
65578  07  12  9999   1006.48   1022.32  99999.00  99999.00    175.69    344.89    -40.73     95.11     591       0     586     584
65578  07  12  1000  99999.00  99999.00     63.91    201.79    170.48    314.60    137.04    303.72       0     598     595     594
65578  07  12   925  99999.00  99999.00    748.53    877.53    144.29    250.01     80.73    280.41       0     335     336     334
65578  07  12   900  99999.00  99999.00  99999.00  99999.00  99999.00  99999.00  99999.00  99999.00       0       0       4       4
65578  07  12   850  99999.00  99999.00  -3194.88   6159.12  -4284.62   4499.02     19.26    269.70       0     575     576     574
65578  07  12   800  99999.00  99999.00  99999.00  99999.00  99999.00  99999.00  99999.00  99999.00       0       0      13      13
65578  07  12   700  99999.00  99999.00   -167.01   6467.43  -2463.80   2609.32   -253.01    300.19       0     568     570     568
65578  07  12   600  99999.00  99999.00  99999.00  99999.00  99999.00  99999.00  99999.00  99999.00       0       0      14      14
65578  07  12   500  99999.00  99999.00   1809.18   9903.30  -2597.38   2446.70   -640.82    317.62       0     555     560     558
65578  07  12   400  99999.00  99999.00   3073.06  12067.30  -2685.31   2327.45   -788.54    171.34       0     552     555     549
65578  07  12   300  99999.00  99999.00   4603.59  14726.31  -2812.75   2137.13   -759.96    -81.36       0     546     551     548
65578  07  12   250  99999.00  99999.00   5507.49  16339.17  -2909.18   2035.06  99999.00  99999.00       0     540     541      23
65578  07  12   200  99999.00  99999.00   6585.64  18200.68  -3003.00   1894.56  99999.00  99999.00       0     538     538      10
65578  07  12   150  99999.00  99999.00   7867.69  20493.97  -3114.43   1745.21  99999.00  99999.00       0     531     532      10
65578  07  12   100  99999.00  99999.00   9532.38  23571.90  -3203.72   1635.88  99999.00  99999.00       0     518     527       9
65578  07  12    80  99999.00  99999.00  99999.00  99999.00  99999.00  99999.00  99999.00  99999.00       0       0      60       2
65578  07  12    70  99999.00  99999.00  18370.15  19039.39  -6433.30   4877.30  99999.00  99999.00       0     474     485      10
65578  07  12    60  99999.00  99999.00  99999.00  99999.00  99999.00  99999.00  99999.00  99999.00       0       0      44       0
65578  07  12    50  99999.00  99999.00  11663.02  29680.90  -5392.10   3988.06  99999.00  99999.00       0     420     429      10
65578  07  12    40  99999.00  99999.00  99999.00  99999.00  99999.00  99999.00  99999.00  99999.00       0       0      38       2
65578  07  12    30  99999.00  99999.00  23457.56  24388.16  -4408.14   3202.62  99999.00  99999.00       0     213     222       9
65578  07  12    20  99999.00  99999.00  26013.25  27045.85   -677.42   -315.62  99999.00  99999.00       0     133     138       9
65578  07  12    15  99999.00  99999.00  99999.00  99999.00  99999.00  99999.00  99999.00  99999.00       0       0      27       3
65578  07  12    10  99999.00  99999.00  99999.00  99999.00  99999.00  99999.00  99999.00  99999.00       0       6      13       7
65578  07  12     7  99999.00  99999.00  99999.00  99999.00  99999.00  99999.00  99999.00  99999.00       0       0       1       0
65578  07  12     5  99999.00  99999.00  99999.00  99999.00  99999.00  99999.00  99999.00  99999.00       0       0       0       0
65578  07  12     3  99999.00  99999.00  99999.00  99999.00  99999.00  99999.00  99999.00  99999.00       0       0       1       1
65578  07  12     2  99999.00  99999.00  99999.00  99999.00  99999.00  99999.00  99999.00  99999.00       0       0       0       0
65578  07  12     1  99999.00  99999.00  99999.00  99999.00  99999.00  99999.00  99999.00  99999.00       0       0       0       0
65578  08  12  9999   1006.58   1022.30  99999.00  99999.00    180.42    323.46    -37.68     84.72     638       0     635     633
65578  08  12  1000  99999.00  99999.00     65.92    199.12    176.10    292.74    144.23    291.23       0     657     657     655
65578  08  12   925  99999.00  99999.00    749.02    870.58    145.50    241.38     94.15    264.31       0     370     370     370
65578  08  12   900  99999.00  99999.00  99999.00  99999.00  99999.00  99999.00  99999.00  99999.00       0       0       6       6
65578  08  12   850  99999.00  99999.00  -2239.78   5242.22  -3330.11   3583.57     48.43    244.39       0     621     621     621
65578  08  12   800  99999.00  99999.00  99999.00  99999.00  99999.00  99999.00  99999.00  99999.00       0       0      10      10
65578  08  12   700  99999.00  99999.00    -33.63   6336.69  -2360.53   2518.31   -276.28    312.32       0     616     617     616
65578  08  12   600  99999.00  99999.00  99999.00  99999.00  99999.00  99999.00  99999.00  99999.00       0       0      12      12
65578  08  12   500  99999.00  99999.00   5778.73   5991.49   -142.55     25.33   -624.88    281.96       0     611     616     615
65578  08  12   400  99999.00  99999.00   3270.14  11874.50  -2575.32   2217.96   -739.86    127.02       0     603     607     605
65578  08  12   300  99999.00  99999.00   4859.35  14474.83  -2696.39   2023.57   -735.34   -111.58       0     605     606     603
65578  08  12   250  99999.00  99999.00  10779.29  11142.05   -486.25   -352.33  99999.00  99999.00       0     600     599      43
65578  08  12   200  99999.00  99999.00  12231.63  12635.19   -610.53   -461.61  99999.00  99999.00       0     592     596      28
65578  08  12   150  99999.00  99999.00  13998.63  14454.51   -763.66   -566.86  99999.00  99999.00       0     578     578      28
65578  08  12   100  99999.00  99999.00  16339.78  16871.38   -927.84   -600.84  99999.00  99999.00       0     572     575      27
65578  08  12    80  99999.00  99999.00  99999.00  99999.00 -13243.99  10915.97  99999.00  99999.00       0       0      82       5
65578  08  12    70  99999.00  99999.00  18395.17  19027.93  -4180.38   2752.14  99999.00  99999.00       0     516     521      27
65578  08  12    60  99999.00  99999.00  99999.00  99999.00 -22776.00  18481.56  99999.00  99999.00       0       0      63       7
65578  08  12    50  99999.00  99999.00  20361.29  21146.33  -4400.93   3049.87  99999.00  99999.00       0     446     455      25
65578  08  12    40  99999.00  99999.00  99999.00  99999.00 -16829.62  14085.62  99999.00  99999.00       0       0      62       5
65578  08  12    30  99999.00  99999.00  23452.87  24387.55   -766.12   -375.16  99999.00  99999.00       0     243     258      25
65578  08  12    20  99999.00  99999.00  26002.95  26988.39  -5464.28   4310.92  99999.00  99999.00       0     127     136      24
65578  08  12    15  99999.00  99999.00  99999.00  99999.00  99999.00  99999.00  99999.00  99999.00       0       0      29       4
65578  08  12    10  99999.00  99999.00  99999.00  99999.00  99999.00  99999.00  99999.00  99999.00       0      10      15       6
65578  08  12     7  99999.00  99999.00  99999.00  99999.00  99999.00  99999.00  99999.00  99999.00       0       0       0       0
65578  08  12     5  99999.00  99999.00  99999.00  99999.00  99999.00  99999.00  99999.00  99999.00       0       0       0       0
65578  08  12     3  99999.00  99999.00  99999.00  99999.00  99999.00  99999.00  99999.00  99999.00       0       0       0       0
65578  08  12     2  99999.00  99999.00  99999.00  99999.00  99999.00  99999.00  99999.00  99999.00       0       0       0       0
65578  08  12     1  99999.00  99999.00  99999.00  99999.00  99999.00  99999.00  99999.00  99999.00       0       0       0       0
65578  09  12  9999   1006.50   1021.38  99999.00  99999.00    186.71    332.27    -35.02     86.90     571       0     569     569
65578  09  12  1000  99999.00  99999.00     65.82    191.22    174.05    305.21    141.01    303.01       0     591     591     591
65578  09  12   925  99999.00  99999.00    748.35    870.03    155.37    243.09    103.94    265.70       0     319     319     318
65578  09  12   900  99999.00  99999.00  99999.00  99999.00  99999.00  99999.00  99999.00  99999.00       0       0       3       3
65578  09  12   850  99999.00  99999.00   1473.79   1597.39     99.83    231.71     58.81    245.05       0     571     570     569
65578  09  12   800  99999.00  99999.00  99999.00  99999.00  99999.00  99999.00  99999.00  99999.00       0       0       8       8
65578  09  12   700  99999.00  99999.00   3094.11   3252.75     21.86    167.90   -180.48    242.04       0     566     565     565
65578  09  12   600  99999.00  99999.00  99999.00  99999.00  99999.00  99999.00  99999.00  99999.00       0       0      14      14
65578  09  12   500  99999.00  99999.00   5769.19   6003.31   -138.57     16.83   -520.57    236.39       0     555     561     556
65578  09  12   400  99999.00  99999.00   3065.85  12077.13  -2695.28   2341.48   -756.58    135.98       0     550     550     548
65578  09  12   300  99999.00  99999.00   4623.88  14711.68  -2808.61   2137.67   -743.29   -111.85       0     550     552     550
65578  09  12   250  99999.00  99999.00   5499.59  16353.47  -2909.90   2039.62  99999.00  99999.00       0     538     540      38
65578  09  12   200  99999.00  99999.00  12202.34  12675.14   -602.75   -468.59  99999.00  99999.00       0     539     536      23
65578  09  12   150  99999.00  99999.00   7841.10  20528.82  -3119.58   1747.62  99999.00  99999.00       0     526     530      24
65578  09  12   100  99999.00  99999.00   9555.25  23553.73  -3194.53   1625.99  99999.00  99999.00       0     521     531      22
65578  09  12    80  99999.00  99999.00  99999.00  99999.00  99999.00  99999.00  99999.00  99999.00       0       0      37       2
65578  09  12    70  99999.00  99999.00   7302.59  29848.07  -6515.58   4938.06  99999.00  99999.00       0     466     472      22
65578  09  12    60  99999.00  99999.00  99999.00  99999.00  99999.00  99999.00  99999.00  99999.00       0       0      59       4
65578  09  12    50  99999.00  99999.00   7537.61  33631.73  -6271.29   4826.79  99999.00  99999.00       0     399     408      22
65578  09  12    40  99999.00  99999.00  99999.00  99999.00  99999.00  99999.00  99999.00  99999.00       0       0      51       2
65578  09  12    30  99999.00  99999.00   3720.38  43426.34  -8429.50   6927.86  99999.00  99999.00       0     209     214      21
65578  09  12    20  99999.00  99999.00   4765.87  47489.95  -8055.45   6700.95  99999.00  99999.00       0     105     118      18
65578  09  12    15  99999.00  99999.00  99999.00  99999.00  99999.00  99999.00  99999.00  99999.00       0       0      25       6
65578  09  12    10  99999.00  99999.00  99999.00  99999.00  99999.00  99999.00  99999.00  99999.00       0       5      14       6
65578  09  12     7  99999.00  99999.00  99999.00  99999.00  99999.00  99999.00  99999.00  99999.00       0       0       2       1
65578  09  12     5  99999.00  99999.00  99999.00  99999.00  99999.00  99999.00  99999.00  99999.00       0       0       0       0
65578  09  12     3  99999.00  99999.00  99999.00  99999.00  99999.00  99999.00  99999.00  99999.00       0       0       0       0
65578  09  12     2  99999.00  99999.00  99999.00  99999.00  99999.00  99999.00  99999.00  99999.00       0       0       0       0
65578  09  12     1  99999.00  99999.00  99999.00  99999.00  99999.00  99999.00  99999.00  99999.00       0       0       0       0
65578  10  12  9999   1004.75   1020.35  99999.00  99999.00    187.25    367.73    -36.81    108.39     595       0     595     594
65578  10  12  1000  99999.00  99999.00     50.82    183.30    168.84    340.92    132.72    327.00       0     608     605     604
65578  10  12   925  99999.00  99999.00    741.31    858.67    150.35    269.51     86.48    293.36       0     336     337     335
65578  10  12   900  99999.00  99999.00  99999.00  99999.00  99999.00  99999.00  99999.00  99999.00       0       0       8       8
65578  10  12   850  99999.00  99999.00  -3479.06   6420.46  -4246.05   4489.71     18.12    288.48       0     584     584     583
65578  10  12   800  99999.00  99999.00  99999.00  99999.00  99999.00  99999.00  99999.00  99999.00       0       0      10      10
65578  10  12   700  99999.00  99999.00   -151.95   6446.25  -2452.36   2605.04   -179.67    253.89       0     574     574     572
65578  10  12   600  99999.00  99999.00  99999.00  99999.00  99999.00  99999.00  99999.00  99999.00       0       0      11      11
65578  10  12   500  99999.00  99999.00    202.35  11457.27  -3612.13   3433.79   -469.24    191.96       0     573     573     567
65578  10  12   400  99999.00  99999.00   3126.42  12019.50  -2650.34   2302.78   -799.41    201.03       0     565     569     567
65578  10  12   300  99999.00  99999.00   4659.21  14688.69  -2794.21   2131.91   -837.01    -41.41       0     557     557     552
65578  10  12   250  99999.00  99999.00   5524.37  16343.93  -2899.86   2032.38  99999.00  99999.00       0     542     544      26
65578  10  12   200  99999.00  99999.00   4217.10  20510.94  -3998.21   2856.67  99999.00  99999.00       0     546     548       2
65578  10  12   150  99999.00  99999.00   5225.25  23066.85  -4131.79   2720.93  99999.00  99999.00       0     531     533       1
65578  10  12   100  99999.00  99999.00   6459.04  26542.36  -4268.19   2618.49  99999.00  99999.00       0     505     515       1
65578  10  12    80  99999.00  99999.00  99999.00  99999.00  99999.00  99999.00  99999.00  99999.00       0       0      47       0
65578  10  12    70  99999.00  99999.00  10364.21  26835.53  -5376.70   3820.46  99999.00  99999.00       0     437     439       0
65578  10  12    60  99999.00  99999.00  99999.00  99999.00  99999.00  99999.00  99999.00  99999.00       0       0      50       0
65578  10  12    50  99999.00  99999.00  10776.39  30424.23  -5871.19   4429.49  99999.00  99999.00       0     352     355       0
65578  10  12    40  99999.00  99999.00  99999.00  99999.00  99999.00  99999.00  99999.00  99999.00       0       0      46       0
65578  10  12    30  99999.00  99999.00   9275.03  38091.71  -7420.20   6015.84  99999.00  99999.00       0     199     211       0
65578  10  12    20  99999.00  99999.00  25667.58  27156.90  -5866.08   4651.32  99999.00  99999.00       0     107     117       0
65578  10  12    15  99999.00  99999.00  99999.00  99999.00  99999.00  99999.00  99999.00  99999.00       0       0      28       0
65578  10  12    10  99999.00  99999.00  99999.00  99999.00  99999.00  99999.00  99999.00  99999.00       0       7      18       3
65578  10  12     7  99999.00  99999.00  99999.00  99999.00  99999.00  99999.00  99999.00  99999.00       0       0       0       0
65578  10  12     5  99999.00  99999.00  99999.00  99999.00  99999.00  99999.00  99999.00  99999.00       0       0       0       0
65578  10  12     3  99999.00  99999.00  99999.00  99999.00  99999.00  99999.00  99999.00  99999.00       0       0       0       0
65578  10  12     2  99999.00  99999.00  99999.00  99999.00  99999.00  99999.00  99999.00  99999.00       0       0       0       0
65578  10  12     1  99999.00  99999.00  99999.00  99999.00  99999.00  99999.00  99999.00  99999.00       0       0       0       0
65578  11  12  9999   1003.75   1018.63  99999.00  99999.00    207.78    379.02    -27.07    118.49     610       0     605     605
65578  11  12  1000  99999.00  99999.00     41.51    170.39    184.33    356.65    145.32    329.28       0     627     625     620
65578  11  12   925  99999.00  99999.00    727.98    851.82    170.04    274.20    103.18    290.62       0     323     325     325
65578  11  12   900  99999.00  99999.00  99999.00  99999.00  99999.00  99999.00  99999.00  99999.00       0       0       3       3
65578  11  12   850  99999.00  99999.00  -1287.74   4299.10  -2304.72   2636.28     17.43    283.23       0     613     612     611
65578  11  12   800  99999.00  99999.00  99999.00  99999.00  99999.00  99999.00  99999.00  99999.00       0       0       9       9
65578  11  12   700  99999.00  99999.00   3076.44   3254.28     20.41    165.85   -179.04    236.76       0     607     611     610
65578  11  12   600  99999.00  99999.00  99999.00  99999.00  99999.00  99999.00  99999.00  99999.00       0       0       9       9
65578  11  12   500  99999.00  99999.00   1958.49   9756.69  -2498.22   2366.22   -549.15    220.89       0     598     603     598
65578  11  12   400  99999.00  99999.00   7452.09   7758.33   -227.96    -81.92   -775.93    164.75       0     593     596     590
65578  11  12   300  99999.00  99999.00   9518.40   9903.12   -382.01   -244.85   -871.51    -35.59       0     588     590     588
65578  11  12   250  99999.00  99999.00  10758.14  11191.34   -479.69   -352.85  99999.00  99999.00       0     583     587      16
65578  11  12   200  99999.00  99999.00   6817.15  18003.67  -2911.75   1804.49  99999.00  99999.00       0     581     580       0
65578  11  12   150  99999.00  99999.00   8129.27  20260.07  -3018.79   1638.53  99999.00  99999.00       0     576     578       0
65578  11  12   100  99999.00  99999.00   9832.06  23276.74  -3132.92   1505.08  99999.00  99999.00       0     565     569       4
65578  11  12    80  99999.00  99999.00  99999.00  99999.00  99999.00  99999.00  99999.00  99999.00       0       0      45       0
65578  11  12    70  99999.00  99999.00  18271.38  19021.62  -5317.26   3729.30  99999.00  99999.00       0     446     452       1
65578  11  12    60  99999.00  99999.00  99999.00  99999.00  99999.00  99999.00  99999.00  99999.00       0       0      48       0
65578  11  12    50  99999.00  99999.00  20230.44  21081.00  -5793.86   4344.46  99999.00  99999.00       0     360     366       0
65578  11  12    40  99999.00  99999.00  99999.00  99999.00  99999.00  99999.00  99999.00  99999.00       0       0      47       0
65578  11  12    30  99999.00  99999.00  23299.44  24353.28  -7320.68   5944.96  99999.00  99999.00       0     209     217       0
65578  11  12    20  99999.00  99999.00  25859.78  26988.74 -10635.70   9041.18  99999.00  99999.00       0     122     131       0
65578  11  12    15  99999.00  99999.00  99999.00  99999.00  99999.00  99999.00  99999.00  99999.00       0       0      29       0
65578  11  12    10  99999.00  99999.00  99999.00  99999.00  99999.00  99999.00  99999.00  99999.00       0       8      20       4
65578  11  12     7  99999.00  99999.00  99999.00  99999.00  99999.00  99999.00  99999.00  99999.00       0       0       0       0
65578  11  12     5  99999.00  99999.00  99999.00  99999.00  99999.00  99999.00  99999.00  99999.00       0       0       0       0
65578  11  12     3  99999.00  99999.00  99999.00  99999.00  99999.00  99999.00  99999.00  99999.00       0       0       0       0
65578  11  12     2  99999.00  99999.00  99999.00  99999.00  99999.00  99999.00  99999.00  99999.00       0       0       0       0
65578  11  12     1  99999.00  99999.00  99999.00  99999.00  99999.00  99999.00  99999.00  99999.00       0       0       0       0
65578  12  12  9999   1003.28   1018.40  99999.00  99999.00    188.10    385.38    -89.24    181.36     640       0     638     636
65578  12  12  1000  99999.00  99999.00     37.74    167.94    186.52    351.04     12.87    447.75       0     660     660     659
65578  12  12   925  99999.00  99999.00    721.09    856.33    169.92    277.68    -70.04    443.80       0     339     340     340
65578  12  12   900  99999.00  99999.00  99999.00  99999.00  99999.00  99999.00  99999.00  99999.00       0       0       4       4
65578  12  12   850  99999.00  99999.00  -2391.72   5361.96  -3268.88   3575.32   -195.93    439.95       0     635     637     633
65578  12  12   800  99999.00  99999.00  99999.00  99999.00  99999.00  99999.00  99999.00  99999.00       0       0       8       8
65578  12  12   700  99999.00  99999.00  -1312.12   7553.36  -3326.24   3451.48   -342.29    348.91       0     634     638     635
65578  12  12   600  99999.00  99999.00  99999.00  99999.00  99999.00  99999.00  99999.00  99999.00       0       0      11      11
65578  12  12   500  99999.00  99999.00   5743.93   6016.45   -135.57     38.31   -722.95    331.73       0     622     626     620
65578  12  12   400  99999.00  99999.00   3334.18  11808.34  -2538.49   2191.43   -837.14    197.86       0     622     624     618
65578  12  12   300  99999.00  99999.00   2883.48  16393.92  -3675.00   2980.32   -870.57    -38.97       0     612     609     603
65578  12  12   250  99999.00  99999.00   5799.20  16062.92  -2767.95   1901.37  99999.00  99999.00       0     602     607      22
65578  12  12   200  99999.00  99999.00  12178.42  12699.58   -611.12   -465.08  99999.00  99999.00       0     597     598       1
65578  12  12   150  99999.00  99999.00   8230.08  20142.96  -2976.72   1599.72  99999.00  99999.00       0     597     599       0
65578  12  12   100  99999.00  99999.00  16247.05  16931.41   -931.09   -669.85  99999.00  99999.00       0     584     587       3
65578  12  12    80  99999.00  99999.00  99999.00  99999.00 -13094.40  10646.28  99999.00  99999.00       0       0      63       0
65578  12  12    70  99999.00  99999.00  18249.77  18988.97  -4218.39   2657.73  99999.00  99999.00       0     511     522       0
65578  12  12    60  99999.00  99999.00  99999.00  99999.00  99999.00  99999.00  99999.00  99999.00       0       0      47       0
65578  12  12    50  99999.00  99999.00  20227.13  21003.65  -4557.31   3148.13  99999.00  99999.00       0     412     423       0
65578  12  12    40  99999.00  99999.00  99999.00  99999.00  99999.00  99999.00  99999.00  99999.00       0       0      53       0
65578  12  12    30  99999.00  99999.00  10612.56  36639.00  -8714.15   7191.49  99999.00  99999.00       0     227     238       0
65578  12  12    20  99999.00  99999.00  25820.23  26892.67  -7509.39   6196.17  99999.00  99999.00       0     121     137       0
65578  12  12    15  99999.00  99999.00  99999.00  99999.00  99999.00  99999.00  99999.00  99999.00       0       0      40       0
65578  12  12    10  99999.00  99999.00  99999.00  99999.00  99999.00  99999.00  99999.00  99999.00       0      16      25       3
65578  12  12     7  99999.00  99999.00  99999.00  99999.00  99999.00  99999.00  99999.00  99999.00       0       0       1       1
65578  12  12     5  99999.00  99999.00  99999.00  99999.00  99999.00  99999.00  99999.00  99999.00       0       0       0       0
65578  12  12     3  99999.00  99999.00  99999.00  99999.00  99999.00  99999.00  99999.00  99999.00       0       0       0       0
65578  12  12     2  99999.00  99999.00  99999.00  99999.00  99999.00  99999.00  99999.00  99999.00       0       0       0       0
65578  12  12     1  99999.00  99999.00  99999.00  99999.00  99999.00  99999.00  99999.00  99999.00       0       0       0       0
