72403  01  00  9999    957.18   1060.26  99999.00  99999.00   -333.53    369.43   -206.94    352.86    1017       0    1013     815
72403  01  00  1000  99999.00  99999.00   -146.24    490.00   -355.73    394.63   -578.86    431.30       0     908     907     722
72403  01  00   925  99999.00  99999.00    397.17   1163.73   -451.61    438.07   -658.46    492.70       0     678     684     674
72403  01  00   900  99999.00  99999.00  99999.00  99999.00  99999.00  99999.00  99999.00  99999.00       0       9      21      15
72403  01  00   850  99999.00  99999.00   -701.57   3582.67   -486.48    426.12   -867.52    621.92       0    1068    1068     843
72403  01  00   800  99999.00  99999.00  99999.00  99999.00  99999.00  99999.00  99999.00  99999.00       0      19      38      32
72403  01  00   700  99999.00  99999.00    516.10   5413.42   -463.49    309.55  -1037.01    605.43       0    1066    1066     842
72403  01  00   600  99999.00  99999.00  99999.00  99999.00  99999.00  99999.00  99999.00  99999.00       0      22      43      32
72403  01  00   500  99999.00  99999.00   2535.33   8489.97   -540.09    101.79  -1098.74    382.78       0    1065    1064     840
72403  01  00   400  99999.00  99999.00   3803.43  10431.75   -615.79    -41.23  -1132.15    226.49       0    1061    1060     824
72403  01  00   300  99999.00  99999.00   5371.98  12794.22   -680.06   -242.54  -1071.00    -86.76       0    1057    1057     641
72403  01  00   250  99999.00  99999.00   6350.69  14201.45   -771.73   -277.21  -1007.60   -283.64       0    1056    1056     630
72403  01  00   200  99999.00  99999.00  10652.30  12795.62   -927.83   -182.51  -1040.18   -351.62       0    1052    1052     628
72403  01  00   150  99999.00  99999.00  12629.06  14484.86   -829.94   -292.82  -1107.90   -350.70       0    1042    1043     622
72403  01  00   100  99999.00  99999.00  11102.87  21053.75   -854.90   -364.22  -1176.57   -383.73       0    1015    1016     610
72403  01  00    80  99999.00  99999.00  16830.59  18067.43   -875.05   -375.01  -1221.75   -369.27       0      89     140      93
72403  01  00    70  99999.00  99999.00  17666.14  18957.34   -859.99   -385.39  -1191.88   -397.96       0     977     978     588
72403  01  00    60  99999.00  99999.00  18657.32  19808.60   -857.86   -393.34  -1182.96   -414.72       0      70     139      95
72403  01  00    50  99999.00  99999.00  19756.53  21030.33   -830.29   -401.41  -1198.57   -391.81       0     937     941     579
72403  01  00    40  99999.00  99999.00   2457.13  40351.69   -852.12   -368.40  -1201.83   -383.31       0     101     215     157
72403  01  00    30  99999.00  99999.00  22830.30  24320.58   -826.92   -361.20  -1202.44   -373.84       0     865     870     544
72403  01  00    20  99999.00  99999.00  25232.61  27020.25   -854.99   -288.71  -1198.37   -362.45       0     773     777     511
72403  01  00    15  99999.00  99999.00   7249.60  47722.24  -3814.28   2653.24  -1241.65   -305.41       0     126     311     249
72403  01  00    10  99999.00  99999.00  29305.41  31763.37   -890.14   -142.18  -1191.88   -330.52       0     324     367     299
72403  01  00     7  99999.00  99999.00  99999.00  99999.00   -906.74   -101.66  -1165.37   -299.81       0      46      82      63
72403  01  00     5  99999.00  99999.00  99999.00  99999.00  99999.00  99999.00  99999.00  99999.00       0       5      11       5
72403  01  00     3  99999.00  99999.00  99999.00  99999.00  99999.00  99999.00  99999.00  99999.00       0       1       1       0
72403  01  00     2  99999.00  99999.00  99999.00  99999.00  99999.00  99999.00  99999.00  99999.00       0       0       0       0
72403  01  00     1  99999.00  99999.00  99999.00  99999.00  99999.00  99999.00  99999.00  99999.00       0       0       0       0
72403  02  00  9999    958.99   1057.15  99999.00  99999.00   -294.19    373.97   -226.31    406.93     907       0     898     725
72403  02  00  1000  99999.00  99999.00   -134.52    469.44   -310.26    390.42   -522.91    378.77       0     803     801     643
72403  02  00   925  99999.00  99999.00    404.35   1146.43   -376.06    382.10   -564.63    393.57       0     634     636     607
72403  02  00   900  99999.00  99999.00  99999.00  99999.00  99999.00  99999.00  99999.00  99999.00       0      15      20      16
72403  02  00   850  99999.00  99999.00   1054.80   1848.12   -433.59    385.89   -779.08    539.84       0     958     957     760
72403  02  00   800  99999.00  99999.00  99999.00  99999.00  99999.00  99999.00  99999.00  99999.00       0      29      41      31
72403  02  00   700  99999.00  99999.00   2459.00   3497.72   -448.97    293.35  -1002.76    564.32       0     957     957     758
72403  02  00   600  99999.00  99999.00  99999.00  99999.00  99999.00  99999.00  99999.00  99999.00       0      18      36      27
72403  02  00   500  99999.00  99999.00   4743.86   6311.54   -535.40     90.88  -1097.62    367.82       0     956     956     757
72403  02  00   400  99999.00  99999.00   6185.75   8078.99   -611.31    -51.75  -1108.74    198.06       0     951     950     740
72403  02  00   300  99999.00  99999.00   8002.58  10190.06   -682.13   -246.89  -1046.91   -118.95       0     941     941     579
72403  02  00   250  99999.00  99999.00   9193.88  11384.36   -794.81   -259.13  -1001.43   -292.23       0     940     940     573
72403  02  00   200  99999.00  99999.00  10725.91  12708.43   -931.62   -175.74  -1043.44   -344.80       0     937     937     569
72403  02  00   150  99999.00  99999.00  12705.83  14401.79   -824.07   -289.11  -1133.52   -326.04       0     930     930     565
72403  02  00   100  99999.00  99999.00  15417.72  16797.60   -850.48   -357.88  -1189.74   -366.54       0     919     919     558
72403  02  00    80  99999.00  99999.00  16842.69  18090.21   -902.24   -332.48  -1266.07   -307.27       0      94     143      93
72403  02  00    70  99999.00  99999.00  17726.29  18911.05   -848.99   -387.35  -1179.18   -406.98       0     891     890     537
72403  02  00    60  99999.00  99999.00  99999.00  99999.00   -865.58   -365.42  -1192.23   -383.79       0      57     119      77
72403  02  00    50  99999.00  99999.00  19815.49  20990.89   -837.80   -385.04  -1184.38   -401.62       0     862     862     528
72403  02  00    40  99999.00  99999.00  21065.87  22420.07   -854.46   -352.50  -1211.15   -372.95       0      74     173     132
72403  02  00    30  99999.00  99999.00  22899.15  24282.15   -803.60   -375.44  -1195.02   -374.34       0     796     795     499
72403  02  00    20  99999.00  99999.00  18004.81  34187.41  -2686.77   1524.15  -1201.63   -355.51       0     726     730     477
72403  02  00    15  99999.00  99999.00  26723.13  28900.29  -3988.25   2820.07  -1228.91   -324.35       0     134     279     201
72403  02  00    10  99999.00  99999.00  29379.03  31752.63   -819.81   -193.89  -1208.60   -302.96       0     326     374     288
72403  02  00     7  99999.00  99999.00  30783.94  34752.22   -807.43   -116.71  -1141.92   -266.76       0      64      95      70
72403  02  00     5  99999.00  99999.00  99999.00  99999.00  99999.00  99999.00  99999.00  99999.00       0      17      20      10
72403  02  00     3  99999.00  99999.00  99999.00  99999.00  99999.00  99999.00  99999.00  99999.00       0       2       2       0
72403  02  00     2  99999.00  99999.00  99999.00  99999.00  99999.00  99999.00  99999.00  99999.00       0       1       1       0
72403  02  00     1  99999.00  99999.00  99999.00  99999.00  99999.00  99999.00  99999.00  99999.00       0       0       0       0
72403  03  00  9999    955.49   1057.01  99999.00  99999.00   -285.47    471.85   -272.39    487.93     999       0     983     821
72403  03  00  1000  99999.00  99999.00   -127.36    452.12   -314.14    489.02   -523.02    444.18       0     812     810     672
72403  03  00   925  99999.00  99999.00    379.86   1174.26   -362.30    455.74   -553.83    457.53       0     698     700     669
72403  03  00   900  99999.00  99999.00  99999.00  99999.00  99999.00  99999.00  99999.00  99999.00       0       9      21      16
72403  03  00   850  99999.00  99999.00   1050.04   1868.20   -398.74    416.06   -736.02    581.46       0    1056    1054     868
72403  03  00   800  99999.00  99999.00  99999.00  99999.00  99999.00  99999.00  99999.00  99999.00       0      24      47      37
72403  03  00   700  99999.00  99999.00   2475.51   3524.91   -407.44    290.84   -993.80    617.32       0    1054    1051     861
72403  03  00   600  99999.00  99999.00  99999.00  99999.00  99999.00  99999.00  99999.00  99999.00       0      18      34      25
72403  03  00   500  99999.00  99999.00   4805.90   6326.06   -511.59     94.29  -1070.11    371.09       0    1054    1054     863
72403  03  00   400  99999.00  99999.00   6261.45   8093.73   -599.01    -45.93  -1116.02    202.42       0    1052    1049     846
72403  03  00   300  99999.00  99999.00   8087.05  10207.45   -676.70   -245.54  -1027.93   -128.77       0    1046    1045     645
72403  03  00   250  99999.00  99999.00   9264.82  11415.82   -775.52   -282.08   -990.77   -303.41       0    1042    1041     629
72403  03  00   200  99999.00  99999.00  10790.99  12738.23   -942.88   -182.08  -1035.21   -362.85       0    1038    1037     625
72403  03  00   150  99999.00  99999.00  12796.26  14392.86   -831.22   -286.42  -1104.81   -340.77       0    1023    1022     616
72403  03  00   100  99999.00  99999.00  15524.99  16778.63   -811.27   -384.19  -1156.00   -382.00       0    1009    1009     615
72403  03  00    80  99999.00  99999.00  16984.79  18051.47   -821.77   -397.33  -1202.39   -363.35       0      83     134      92
72403  03  00    70  99999.00  99999.00  17864.66  18874.34   -812.82   -407.46  -1170.45   -394.05       0     987     987     609
72403  03  00    60  99999.00  99999.00  18779.74  19790.38   -800.70   -409.62  -1197.22   -378.34       0      68     139     103
72403  03  00    50  99999.00  99999.00  20004.61  20918.77   -782.25   -423.57  -1169.11   -390.79       0     953     953     601
72403  03  00    40  99999.00  99999.00  21302.12  22280.72   -789.58   -391.18  -1210.71   -337.11       0      81     165     127
72403  03  00    30  99999.00  99999.00  23133.42  24190.74   -757.70   -402.02  -1195.30   -346.66       0     899     899     575
72403  03  00    20  99999.00  99999.00  25581.66  26877.18   -757.67   -353.39  -1220.67   -303.03       0     833     834     554
72403  03  00    15  99999.00  99999.00  26712.83  29074.55   -790.02   -268.98  -1251.77   -244.61       0     107     295     247
72403  03  00    10  99999.00  99999.00  29662.15  31720.27   -781.46   -174.50  -1255.10   -186.50       0     436     495     386
72403  03  00     7  99999.00  99999.00  31222.46  34851.86   -741.53   -110.93  -1241.70   -115.62       0      89     132      94
72403  03  00     5  99999.00  99999.00  99999.00  99999.00  99999.00  99999.00  99999.00  99999.00       0      40      44      15
72403  03  00     3  99999.00  99999.00  99999.00  99999.00  99999.00  99999.00  99999.00  99999.00       0       8      10       0
72403  03  00     2  99999.00  99999.00  99999.00  99999.00  99999.00  99999.00  99999.00  99999.00       0       4       4       0
72403  03  00     1  99999.00  99999.00  99999.00  99999.00  99999.00  99999.00  99999.00  99999.00       0       2       2       0
72403  04  00  9999    959.02   1048.66  99999.00  99999.00   -198.16    517.40   -299.13    546.03     958       0     939     768
72403  04  00  1000  99999.00  99999.00   -108.64    399.92   -202.29    520.83   -447.83    476.77       0     740     737     593
72403  04  00   925  99999.00  99999.00    412.18   1137.46   -261.95    482.05   -444.64    442.16       0     677     678     649
72403  04  00   900  99999.00  99999.00  99999.00  99999.00  99999.00  99999.00  99999.00  99999.00       0       8      16      13
72403  04  00   850  99999.00  99999.00   1081.25   1861.49   -300.96    421.80   -537.25    480.23       0    1029    1029     830
72403  04  00   800  99999.00  99999.00  99999.00  99999.00  99999.00  99999.00  99999.00  99999.00       0      10      21      15
72403  04  00   700  99999.00  99999.00   2534.83   3538.63   -345.52    293.24   -949.88    647.08       0    1028    1028     829
72403  04  00   600  99999.00  99999.00  99999.00  99999.00  99999.00  99999.00  99999.00  99999.00       0      15      30      27
72403  04  00   500  99999.00  99999.00   4900.97   6358.37   -460.29     93.51  -1044.49    365.39       0    1025    1025     826
72403  04  00   400  99999.00  99999.00   6378.09   8136.69   -557.41    -41.53  -1100.40    217.08       0    1022    1021     815
72403  04  00   300  99999.00  99999.00   8218.47  10270.35   -647.37   -240.09  -1053.48    -70.44       0    1017    1017     625
72403  04  00   250  99999.00  99999.00   9400.07  11490.35   -735.49   -304.09   -998.55   -270.27       0    1015    1014     606
72403  04  00   200  99999.00  99999.00  10920.24  12821.04   -929.53   -214.69   -987.52   -410.20       0    1010    1010     604
72403  04  00   150  99999.00  99999.00  12945.73  14430.61   -890.12   -252.80  -1080.72   -381.12       0    1001     999     596
72403  04  00   100  99999.00  99999.00  15682.49  16791.41   -819.39   -379.71  -1156.19   -390.23       0     992     992     595
72403  04  00    80  99999.00  99999.00  17127.33  18063.93   -846.99   -368.79  -1164.69   -408.21       0      89     141      94
72403  04  00    70  99999.00  99999.00  18020.19  18893.67   -797.97   -416.97  -1160.50   -407.86       0     971     972     577
72403  04  00    60  99999.00  99999.00  18937.17  19768.41   -797.07   -420.15  -1178.56   -385.72       0      63     139     104
72403  04  00    50  99999.00  99999.00  20164.09  20947.81   -754.24   -432.76  -1174.70   -382.34       0     947     947     570
72403  04  00    40  99999.00  99999.00  21341.44  22469.08   -760.85   -402.77  -1191.00   -338.52       0      62     151     103
72403  04  00    30  99999.00  99999.00  23330.60  24230.72   -707.33   -409.13  -1185.71   -337.19       0     892     890     551
72403  04  00    20  99999.00  99999.00  25805.78  26955.26   -703.24   -344.32  -1184.25   -312.45       0     819     823     527
72403  04  00    15  99999.00  99999.00  27021.55  29087.59   -723.12   -270.48  -1232.06   -235.10       0     139     309     238
72403  04  00    10  99999.00  99999.00  29998.74  31851.18   -695.55   -187.11  -1185.84   -229.56       0     406     458     337
72403  04  00     7  99999.00  99999.00  31203.66  35137.74   -672.78    -98.70  -1175.09   -194.81       0      85     131     112
72403  04  00     5  99999.00  99999.00  99999.00  99999.00  99999.00  99999.00  99999.00  99999.00       0      15      20      14
72403  04  00     3  99999.00  99999.00  99999.00  99999.00  99999.00  99999.00  99999.00  99999.00       0       3       3       1
72403  04  00     2  99999.00  99999.00  99999.00  99999.00  99999.00  99999.00  99999.00  99999.00       0       2       2       0
72403  04  00     1  99999.00  99999.00  99999.00  99999.00  99999.00  99999.00  99999.00  99999.00       0       0       2       0
72403  05  00  9999    969.70   1039.30  99999.00  99999.00    -95.32    510.68   -258.51    458.01     982       0     953     770
72403  05  00  1000  99999.00  99999.00    -76.83    359.49    -97.23    503.13   -334.44    507.24       0     823     822     653
72403  05  00   925  99999.00  99999.00    491.53   1092.13   -137.74    443.66   -326.80    461.12       0     686     688     652
72403  05  00   900  99999.00  99999.00  99999.00  99999.00  99999.00  99999.00  99999.00  99999.00       0       5      13      12
72403  05  00   850  99999.00  99999.00   1203.60   1799.16   -168.99    375.69   -445.24    503.24       0    1047    1048     834
72403  05  00   800  99999.00  99999.00  99999.00  99999.00  99999.00  99999.00  99999.00  99999.00       0      18      30      22
72403  05  00   700  99999.00  99999.00   2715.33   3465.69   -240.95    263.17   -818.22    605.82       0    1043    1043     832
72403  05  00   600  99999.00  99999.00  99999.00  99999.00  99999.00  99999.00  99999.00  99999.00       0      22      38      32
72403  05  00   500  99999.00  99999.00   5167.55   6279.71   -369.85     86.51  -1007.35    402.89       0    1047    1045     831
72403  05  00   400  99999.00  99999.00   6693.14   8064.86   -494.64    -20.76  -1061.93    243.07       0    1034    1032     820
72403  05  00   300  99999.00  99999.00   8555.07  10243.23   -611.96   -207.80  -1036.89    -27.93       0    1019    1019     693
72403  05  00   250  99999.00  99999.00   9711.07  11518.39   -670.46   -327.14   -980.86   -245.14       0    1015    1014     614
72403  05  00   200  99999.00  99999.00  11159.27  12932.03   -830.15   -329.39   -973.05   -409.53       0    1012    1010     610
72403  05  00   150  99999.00  99999.00  13120.17  14565.33   -934.88   -270.56  -1080.07   -395.95       0    1002    1001     608
72403  05  00   100  99999.00  99999.00  15821.72  16915.40   -818.52   -406.92  -1158.94   -391.90       0     987     988     599
72403  05  00    80  99999.00  99999.00  17189.64  18248.04   -809.98   -423.46  -1176.77   -393.89       0      92     152     103
72403  05  00    70  99999.00  99999.00  18134.50  19027.18   -779.15   -438.23  -1185.61   -380.77       0     980     981     591
72403  05  00    60  99999.00  99999.00  19019.27  19966.91   -760.89   -442.17  -1221.86   -321.98       0      65     131     100
72403  05  00    50  99999.00  99999.00  20256.12  21114.96   -720.88   -440.56  -1195.12   -347.20       0     970     971     581
72403  05  00    40  99999.00  99999.00  21458.30  22641.38   -701.09   -425.93  -1242.60   -287.04       0      67     142     101
72403  05  00    30  99999.00  99999.00  23429.96  24445.76   -670.75   -401.47  -1205.56   -303.52       0     940     940     557
72403  05  00    20  99999.00  99999.00  25960.67  27173.03   -640.07   -349.79  -1216.58   -260.30       0     897     898     533
72403  05  00    15  99999.00  99999.00  27286.19  29309.15   -650.70   -276.06  -1217.43   -232.11       0     118     304     219
72403  05  00    10  99999.00  99999.00  30266.57  32063.81   -575.19   -241.11  -1143.53   -237.29       0     520     575     391
72403  05  00     7  99999.00  99999.00  31658.99  35315.87   -580.88   -145.64  -1073.00   -243.44       0     152     206     140
72403  05  00     5  99999.00  99999.00  99999.00  99999.00  99999.00  99999.00  99999.00  99999.00       0      32      38      21
72403  05  00     3  99999.00  99999.00  99999.00  99999.00  99999.00  99999.00  99999.00  99999.00       0       6       8       1
72403  05  00     2  99999.00  99999.00  99999.00  99999.00  99999.00  99999.00  99999.00  99999.00       0       3       3       0
72403  05  00     1  99999.00  99999.00  99999.00  99999.00  99999.00  99999.00  99999.00  99999.00       0       0       1       0
72403  06  00  9999    974.23   1033.63  99999.00  99999.00     19.43    486.59   -193.67    376.33     926       0     900     733
72403  06  00  1000  99999.00  99999.00    -56.19    323.49     14.77    483.37   -149.96    454.96       0     804     802     646
72403  06  00   925  99999.00  99999.00    534.67   1061.95    -20.03    415.45   -145.49    395.83       0     655     654     623
72403  06  00   900  99999.00  99999.00  99999.00  99999.00  99999.00  99999.00  99999.00  99999.00       0       4      11      10
72403  06  00   850  99999.00  99999.00   1259.25   1780.65    -63.24    349.92   -234.94    411.14       0    1007    1006     805
72403  06  00   800  99999.00  99999.00  99999.00  99999.00  99999.00  99999.00  99999.00  99999.00       0      18      30      22
72403  06  00   700  99999.00  99999.00   2824.40   3442.88   -133.78    240.02   -762.91    622.01       0    1001    1002     801
72403  06  00   600  99999.00  99999.00  99999.00  99999.00  99999.00  99999.00  99999.00  99999.00       0      28      55      45
72403  06  00   500  99999.00  99999.00   5385.65   6229.97   -275.37     76.71   -986.43    448.77       0    1000     999     799
72403  06  00   400  99999.00  99999.00   6984.98   8001.02   -404.57    -19.49  -1056.79    307.01       0     992     991     791
72403  06  00   300  99999.00  99999.00   8916.50  10187.18   -557.03   -173.39  -1087.37     79.27       0     982     982     750
72403  06  00   250  99999.00  99999.00  10085.80  11493.40   -618.10   -301.90  -1029.25   -135.01       0     977     978     576
72403  06  00   200  99999.00  99999.00  11514.00  12966.60   -737.36   -378.44   -968.80   -370.24       0     974     974     576
72403  06  00   150  99999.00  99999.00  13404.91  14676.31   -908.06   -326.42  -1035.00   -447.00       0     969     968     573
72403  06  00   100  99999.00  99999.00  11353.33  21673.09   -831.12   -433.44  -1127.73   -437.97       0     960     961     569
72403  06  00    80  99999.00  99999.00  17385.71  18352.67   -786.07   -457.15  -1144.85   -424.97       0      98     148      94
72403  06  00    70  99999.00  99999.00  18340.46  19138.82   -776.77   -445.93  -1178.09   -391.61       0     947     947     567
72403  06  00    60  99999.00  99999.00  99999.00  99999.00   -746.92   -451.72  -1176.92   -364.88       0      52     111      79
72403  06  00    50  99999.00  99999.00  20427.13  21268.45   -698.01   -445.77  -1192.57   -344.77       0     936     937     562
72403  06  00    40  99999.00  99999.00  99999.00  99999.00   -677.75   -436.19  -1199.01   -343.41       0      48     111      86
72403  06  00    30  99999.00  99999.00  23614.03  24623.11   -638.51   -395.39  -1207.49   -291.65       0     905     904     538
72403  06  00    20  99999.00  99999.00  26177.34  27374.22   -584.48   -351.80  -1190.22   -267.78       0     851     855     506
72403  06  00    15  99999.00  99999.00   7060.30  49257.46   -570.91   -302.35  -1190.29   -239.77       0     120     261     200
72403  06  00    10  99999.00  99999.00  20809.13  41907.05  -2464.39   1664.33  -1100.84   -263.60       0     559     613     403
72403  06  00     7  99999.00  99999.00  32002.51  35595.43   -493.02   -189.78  -1010.94   -305.70       0     164     231     145
72403  06  00     5  99999.00  99999.00  99999.00  99999.00  99999.00  99999.00  99999.00  99999.00       0      25      32      15
72403  06  00     3  99999.00  99999.00  99999.00  99999.00  99999.00  99999.00  99999.00  99999.00       0       7       8       0
72403  06  00     2  99999.00  99999.00  99999.00  99999.00  99999.00  99999.00  99999.00  99999.00       0       5       6       1
72403  06  00     1  99999.00  99999.00  99999.00  99999.00  99999.00  99999.00  99999.00  99999.00       0       0       3       0
72403  07  00  9999    980.14   1028.86  99999.00  99999.00     68.14    481.78   -207.63    392.85     987       0     938     775
72403  07  00  1000  99999.00  99999.00    -42.55    308.21     67.61    473.81    -98.69    449.59       0     915     914     763
72403  07  00   925  99999.00  99999.00  -1679.13   3263.31     41.01    397.77   -107.29    394.91       0     693     692     666
72403  07  00   900  99999.00  99999.00  99999.00  99999.00  99999.00  99999.00  99999.00  99999.00       0      10      17      13
72403  07  00   850  99999.00  99999.00   1336.52   1739.36     -5.88    333.36   -131.67    352.41       0    1055    1054     872
72403  07  00   800  99999.00  99999.00  99999.00  99999.00  99999.00  99999.00  99999.00  99999.00       0      17      36      30
72403  07  00   700  99999.00  99999.00   2936.64   3390.00    -75.54    218.10   -730.32    633.96       0    1051    1051     870
72403  07  00   600  99999.00  99999.00  99999.00  99999.00  99999.00  99999.00  99999.00  99999.00       0      22      46      39
72403  07  00   500  99999.00  99999.00   5552.22   6161.46   -215.53     58.07   -964.94    463.18       0    1051    1050     868
72403  07  00   400  99999.00  99999.00   4263.94  10814.26   -349.59    -28.35  -1018.58    312.46       0    1048    1047     866
72403  07  00   300  99999.00  99999.00   9155.30  10112.90   -501.35   -179.39  -1058.33     89.71       0    1032    1032     848
72403  07  00   250  99999.00  99999.00  10346.62  11423.02   -579.48   -294.36  -1041.64    -97.24       0    1029    1029     628
72403  07  00   200  99999.00  99999.00  11769.69  12927.45   -683.57   -399.29  -1004.50   -321.22       0    1025    1023     619
72403  07  00   150  99999.00  99999.00  13621.43  14685.59   -856.70   -394.58  -1021.63   -465.67       0    1016    1016     617
72403  07  00   100  99999.00  99999.00  11553.36  21660.12   -827.87   -455.03  -1092.25   -472.81       0    1005    1007     613
72403  07  00    80  99999.00  99999.00  17653.84  18289.72   -784.02   -466.26  -1133.14   -443.38       0     104     161     122
72403  07  00    70  99999.00  99999.00  18521.87  19144.31   -734.28   -476.76  -1160.64   -400.68       0     998    1000     618
72403  07  00    60  99999.00  99999.00  99999.00  99999.00   -715.77   -469.41  -1164.57   -380.97       0      46     102      75
72403  07  00    50  99999.00  99999.00  20621.74  21274.54   -670.83   -459.27  -1177.13   -362.21       0     979     980     610
72403  07  00    40  99999.00  99999.00  99999.00  99999.00   -664.82   -423.50  -1230.00   -313.80       0      54     122      94
72403  07  00    30  99999.00  99999.00  23838.94  24617.26   -612.34   -409.54  -1181.92   -324.28       0     943     941     583
72403  07  00    20  99999.00  99999.00  26441.96  27342.32   -571.70   -351.02  -1166.06   -293.78       0     884     888     554
72403  07  00    15  99999.00  99999.00  27776.93  29496.17   -565.92   -307.56  -1185.97   -227.41       0     137     265     194
72403  07  00    10  99999.00  99999.00  30839.50  32275.54   -522.57   -258.21  -1123.32   -244.08       0     547     605     427
72403  07  00     7  99999.00  99999.00  32325.80  35543.12   -497.13   -203.13   -991.80   -336.24       0     153     213     151
72403  07  00     5  99999.00  99999.00  99999.00  99999.00  99999.00  99999.00  99999.00  99999.00       0      26      29      21
72403  07  00     3  99999.00  99999.00  99999.00  99999.00  99999.00  99999.00  99999.00  99999.00       0       3       3       0
72403  07  00     2  99999.00  99999.00  99999.00  99999.00  99999.00  99999.00  99999.00  99999.00       0       2       2       0
72403  07  00     1  99999.00  99999.00  99999.00  99999.00  99999.00  99999.00  99999.00  99999.00       0       0       2       0
72403  08  00  9999    980.70   1030.38  99999.00  99999.00     65.04    463.92   -194.35    370.49     988       0     953     772
72403  08  00  1000  99999.00  99999.00    -48.66    327.06     62.55    459.87    -94.66    436.34       0     950     950     769
72403  08  00   925  99999.00  99999.00    603.70   1025.86     36.16    386.44   -101.52    385.08       0     682     684     652
72403  08  00   900  99999.00  99999.00  99999.00  99999.00  99999.00  99999.00  99999.00  99999.00       0       5      11      11
72403  08  00   850  99999.00  99999.00   1343.55   1740.03    -11.23    324.41   -196.71    401.73       0    1043    1042     844
72403  08  00   800  99999.00  99999.00  99999.00  99999.00  99999.00  99999.00  99999.00  99999.00       0      19      28      23
72403  08  00   700  99999.00  99999.00   2945.96   3382.28    -64.50    200.34   -711.50    607.54       0    1042    1040     841
72403  08  00   600  99999.00  99999.00  99999.00  99999.00  99999.00  99999.00  99999.00  99999.00       0      24      47      40
72403  08  00   500  99999.00  99999.00   5568.30   6142.50   -211.98     51.78   -992.64    469.56       0    1039    1037     839
72403  08  00   400  99999.00  99999.00   7200.48   7905.24   -351.57    -32.73  -1059.90    333.18       0    1037    1034     836
72403  08  00   300  99999.00  99999.00   9181.19  10077.47   -507.10   -181.30  -1080.01    102.59       0    1029    1029     826
72403  08  00   250  99999.00  99999.00  10365.57  11390.25   -582.78   -295.98  -1028.84   -106.88       0    1025    1024     609
72403  08  00   200  99999.00  99999.00  11796.50  12885.74   -686.65   -393.97   -997.91   -326.27       0    1021    1021     603
72403  08  00   150  99999.00  99999.00  13665.12  14632.44   -837.19   -406.27  -1044.90   -445.74       0    1015    1015     600
72403  08  00   100  99999.00  99999.00  16297.77  16961.25   -829.21   -458.29  -1088.96   -474.20       0    1006    1006     598
72403  08  00    80  99999.00  99999.00  17658.59  18291.11   -788.48   -471.08  -1106.41   -439.09       0     103     165     118
72403  08  00    70  99999.00  99999.00  18541.65  19112.49   -745.69   -468.13  -1142.29   -404.65       0     999     998     594
72403  08  00    60  99999.00  99999.00  -3026.90  41617.90   -728.10   -452.70  -1186.93   -338.05       0      64     127      86
72403  08  00    50  99999.00  99999.00  20632.18  21247.18   -674.14   -465.34  -1178.90   -348.74       0     985     986     592
72403  08  00    40  99999.00  99999.00   -829.20  44539.92   -666.22   -438.70  -1193.22   -330.30       0      73     127      89
72403  08  00    30  99999.00  99999.00  23826.56  24595.40   -627.86   -408.62  -1196.78   -300.62       0     951     951     575
72403  08  00    20  99999.00  99999.00  26396.57  27331.97   -580.71   -368.67  -1195.54   -258.82       0     896     896     544
72403  08  00    15  99999.00  99999.00  27617.30  29572.94   -584.62   -313.78  -1171.02   -256.74       0     105     248     177
72403  08  00    10  99999.00  99999.00  30834.94  32147.98   -547.61   -271.49  -1124.05   -257.29       0     556     614     415
72403  08  00     7  99999.00  99999.00  32292.51  35348.07   -515.63   -231.11  -1058.24   -278.00       0     175     231     170
72403  08  00     5  99999.00  99999.00  99999.00  99999.00  99999.00  99999.00  99999.00  99999.00       0      30      36      24
72403  08  00     3  99999.00  99999.00  99999.00  99999.00  99999.00  99999.00  99999.00  99999.00       0       3       3       0
72403  08  00     2  99999.00  99999.00  99999.00  99999.00  99999.00  99999.00  99999.00  99999.00       0       2       2       0
72403  08  00     1  99999.00  99999.00  99999.00  99999.00  99999.00  99999.00  99999.00  99999.00       0       0       2       0
72403  09  00  9999    975.88   1038.16  99999.00  99999.00    -34.44    479.04   -205.22    362.62     951       0     932     756
72403  09  00  1000  99999.00  99999.00    -68.51    375.73    -30.87    478.89   -189.28    459.44       0     898     898     721
72403  09  00   925  99999.00  99999.00    559.84   1071.16    -58.39    412.13   -214.03    429.53       0     643     646     616
72403  09  00   900  99999.00  99999.00  99999.00  99999.00  99999.00  99999.00  99999.00  99999.00       0       7      16      14
72403  09  00   850  99999.00  99999.00   1283.55   1787.55   -108.10    363.98   -450.87    570.57       0     996     996     806
72403  09  00   800  99999.00  99999.00  99999.00  99999.00  99999.00  99999.00  99999.00  99999.00       0      25      37      27
72403  09  00   700  99999.00  99999.00   2845.90   3445.30   -135.40    243.68   -831.27    642.81       0     994     990     800
72403  09  00   600  99999.00  99999.00  99999.00  99999.00  99999.00  99999.00  99999.00  99999.00       0      27      52      39
72403  09  00   500  99999.00  99999.00   5419.65   6226.29   -260.47     69.77  -1008.16    439.28       0     992     991     801
72403  09  00   400  99999.00  99999.00   7024.81   7992.97   -393.94    -27.94  -1068.73    292.07       0     990     990     800
72403  09  00   300  99999.00  99999.00   8964.36  10172.52   -548.92   -175.72  -1106.88     90.24       0     984     984     768
72403  09  00   250  99999.00  99999.00  10148.83  11468.23   -623.87   -285.47  -1026.47   -136.31       0     978     976     576
72403  09  00   200  99999.00  99999.00  11578.23  12951.39   -726.87   -369.87   -987.61   -343.69       0     975     974     572
72403  09  00   150  99999.00  99999.00  13438.69  14701.81   -830.66   -412.46  -1024.79   -453.95       0     971     970     569
72403  09  00   100  99999.00  99999.00  16090.38  17001.78   -865.06   -441.94  -1088.32   -470.08       0     948     949     558
72403  09  00    80  99999.00  99999.00  17500.29  18239.73   -808.18   -458.38  -1153.04   -418.52       0      83     123      85
72403  09  00    70  99999.00  99999.00  18361.56  19103.04   -783.58   -453.70  -1133.38   -402.34       0     917     919     549
72403  09  00    60  99999.00  99999.00  19221.87  20055.63   -748.40   -463.16  -1170.10   -356.98       0      64     119      89
72403  09  00    50  99999.00  99999.00  20460.11  21206.51  -2472.68   1290.52  -1175.62   -331.66       0     901     906     543
72403  09  00    40  99999.00  99999.00  21634.69  22728.13   -684.26   -438.26  -1181.18   -298.82       0      66     138      91
72403  09  00    30  99999.00  99999.00  23640.16  24532.96   -645.93   -418.17  -1188.22   -281.86       0     873     874     530
72403  09  00    20  99999.00  99999.00  26201.23  27241.39   -615.27   -372.63  -1189.32   -254.40       0     830     833     510
72403  09  00    15  99999.00  99999.00  27453.54  29411.70   -621.24   -324.48  -1190.02   -242.74       0     126     265     189
72403  09  00    10  99999.00  99999.00  30441.81  32157.33  -2885.63   1973.89  -1170.51   -220.59       0     510     559     399
72403  09  00     7  99999.00  99999.00  31831.73  35314.49   -555.07   -262.63  -1086.19   -302.47       0     132     178     128
72403  09  00     5  99999.00  99999.00  99999.00  99999.00  99999.00  99999.00  99999.00  99999.00       0      20      31      18
72403  09  00     3  99999.00  99999.00  99999.00  99999.00  99999.00  99999.00  99999.00  99999.00       0       2       2       1
72403  09  00     2  99999.00  99999.00  99999.00  99999.00  99999.00  99999.00  99999.00  99999.00       0       2       2       1
72403  09  00     1  99999.00  99999.00  99999.00  99999.00  99999.00  99999.00  99999.00  99999.00       0       0       1       0
72403  10  00  9999    967.85   1048.13  99999.00  99999.00   -146.72    443.08   -186.39    318.69     982       0     979     810
72403  10  00  1000  99999.00  99999.00    -94.69    427.43   -135.20    453.04   -330.69    467.31       0     886     885     726
72403  10  00   925  99999.00  99999.00    464.68   1147.96   -189.94    425.42   -368.55    455.01       0     664     666     633
72403  10  00   900  99999.00  99999.00  99999.00  99999.00  99999.00  99999.00  99999.00  99999.00       0      12      24      18
72403  10  00   850  99999.00  99999.00   1170.53   1855.37   -236.37    396.75   -652.13    622.75       0    1018    1019     838
72403  10  00   800  99999.00  99999.00  99999.00  99999.00  99999.00  99999.00  99999.00  99999.00       0      24      38      27
72403  10  00   700  99999.00  99999.00   2647.64   3544.76   -270.19    297.05   -843.10    572.30       0    1019    1019     839
72403  10  00   600  99999.00  99999.00  99999.00  99999.00  99999.00  99999.00  99999.00  99999.00       0      19      39      33
72403  10  00   500  99999.00  99999.00   5084.93   6379.25   -392.56    117.44   -997.41    374.07       0    1011    1009     831
72403  10  00   400  99999.00  99999.00   6617.46   8164.98   -494.35     -9.07  -1043.52    220.92       0    1004    1004     827
72403  10  00   300  99999.00  99999.00   8505.39  10330.83   -619.20   -176.28  -1080.19     15.77       0    1002    1002     718
72403  10  00   250  99999.00  99999.00   9679.47  11603.79   -706.42   -254.62  -1007.57   -208.61       0     995     995     618
72403  10  00   200  99999.00  99999.00  11131.52  13042.04   -808.33   -301.33   -989.84   -373.40       0     993     992     613
72403  10  00   150  99999.00  99999.00  13051.64  14742.08   -861.51   -355.59  -1061.24   -419.60       0     986     986     611
72403  10  00   100  99999.00  99999.00  15774.25  17000.65   -910.97   -384.65  -1119.90   -448.14       0     969     969     607
72403  10  00    80  99999.00  99999.00  17199.76  18238.60   -878.59   -393.55  -1154.07   -429.39       0     110     175     123
72403  10  00    70  99999.00  99999.00  18106.95  19037.55   -823.83   -426.51  -1126.88   -423.56       0     945     943     588
72403  10  00    60  99999.00  99999.00  19060.08  19932.96   -808.23   -414.75  -1160.03   -381.83       0      65     143     104
72403  10  00    50  99999.00  99999.00  20224.89  21095.49   -756.07   -439.27  -1168.10   -359.90       0     928     927     588
72403  10  00    40  99999.00  99999.00   -915.42  44040.90   -749.68   -416.08  -1218.26   -302.06       0      73     155     125
72403  10  00    30  99999.00  99999.00  23388.68  24374.36  -2486.00   1350.76  -1197.49   -297.25       0     873     877     565
72403  10  00    20  99999.00  99999.00  25899.99  27063.99  -2526.11   1450.93  -1197.27   -276.15       0     821     822     544
72403  10  00    15  99999.00  99999.00  27170.18  29210.06  -3798.73   2723.99  -1219.11   -230.07       0     136     306     228
72403  10  00    10  99999.00  99999.00  29990.10  31984.98   -682.14   -276.06  -1215.41   -226.01       0     456     520     396
72403  10  00     7  99999.00  99999.00  31241.43  35154.99   -679.90   -238.66  -1158.51   -292.71       0     102     145     124
72403  10  00     5  99999.00  99999.00  99999.00  99999.00  99999.00  99999.00  99999.00  99999.00       0      16      18      15
72403  10  00     3  99999.00  99999.00  99999.00  99999.00  99999.00  99999.00  99999.00  99999.00       0       1       1       1
72403  10  00     2  99999.00  99999.00  99999.00  99999.00  99999.00  99999.00  99999.00  99999.00       0       2       2       2
72403  10  00     1  99999.00  99999.00  99999.00  99999.00  99999.00  99999.00  99999.00  99999.00       0       0       0       0
72403  11  00  9999    963.51   1054.47  99999.00  99999.00   -226.28    405.28   -204.47    345.25     950       0     943     769
72403  11  00  1000  99999.00  99999.00   -111.02    459.94   -231.31    430.37   -440.63    443.41       0     851     851     692
72403  11  00   925  99999.00  99999.00    445.77   1164.33   -303.34    433.34   -521.94    481.14       0     638     642     614
72403  11  00   900  99999.00  99999.00  99999.00  99999.00  99999.00  99999.00  99999.00  99999.00       0      14      28      24
72403  11  00   850  99999.00  99999.00   1113.28   1872.40   -348.73    423.23   -760.43    622.81       0     977     974     785
72403  11  00   800  99999.00  99999.00  99999.00  99999.00  99999.00  99999.00  99999.00  99999.00       0      11      35      32
72403  11  00   700  99999.00  99999.00   2564.02   3544.78   -350.20    308.36   -990.87    639.93       0     978     978     788
72403  11  00   600  99999.00  99999.00  99999.00  99999.00  99999.00  99999.00  99999.00  99999.00       0      18      37      32
72403  11  00   500  99999.00  99999.00   4939.41   6376.41   -449.23    112.49  -1047.78    388.62       0     972     970     782
72403  11  00   400  99999.00  99999.00   6436.70   8157.62   -544.76    -18.44  -1100.39    254.53       0     971     970     778
72403  11  00   300  99999.00  99999.00   8294.06  10306.82   -650.81   -196.73  -1096.56     -5.40       0     960     958     650
72403  11  00   250  99999.00  99999.00   9471.57  11550.45   -740.50   -263.26  -1042.29   -211.65       0     954     954     597
72403  11  00   200  99999.00  99999.00  10943.16  12946.32   -865.43   -266.87  -1004.59   -383.59       0     947     947     590
72403  11  00   150  99999.00  99999.00  12879.44  14626.64   -873.45   -326.85  -1072.41   -409.65       0     935     936     587
72403  11  00   100  99999.00  99999.00  15586.93  16927.45   -890.18   -386.06  -1117.78   -448.30       0     909     909     580
72403  11  00    80  99999.00  99999.00  16947.44  18205.04   -875.60   -406.76  -1140.04   -450.52       0      82     128      95
72403  11  00    70  99999.00  99999.00  17906.66  18979.82   -835.69   -430.21  -1150.37   -423.53       0     889     887     568
72403  11  00    60  99999.00  99999.00  99999.00  99999.00   -854.08   -397.72  -1187.48   -399.68       0      59     126      96
72403  11  00    50  99999.00  99999.00  20018.94  21017.46   -790.60   -442.36  -1186.02   -382.98       0     867     867     564
72403  11  00    40  99999.00  99999.00  21138.08  22466.72   -792.99   -418.95  -1204.29   -366.33       0      91     175     141
72403  11  00    30  99999.00  99999.00  23147.76  24263.04   -776.00   -397.16  -1229.58   -320.70       0     795     795     529
72403  11  00    20  99999.00  99999.00  25572.97  26955.37   -793.70   -337.58  -1229.48   -310.28       0     730     734     505
72403  11  00    15  99999.00  99999.00  26732.40  29056.56   -785.27   -318.23  -1243.56   -280.32       0     118     275     217
72403  11  00    10  99999.00  99999.00  29523.49  31848.73   -781.79   -259.19  -1225.30   -287.14       0     365     425     338
72403  11  00     7  99999.00  99999.00  30707.38  34968.10   -734.89   -251.65  -1162.59   -354.15       0      78     119     101
72403  11  00     5  99999.00  99999.00  99999.00  99999.00  99999.00  99999.00  99999.00  99999.00       0       6       7       5
72403  11  00     3  99999.00  99999.00  99999.00  99999.00  99999.00  99999.00  99999.00  99999.00       0       1       2       2
72403  11  00     2  99999.00  99999.00  99999.00  99999.00  99999.00  99999.00  99999.00  99999.00       0       1       1       1
72403  11  00     1  99999.00  99999.00  99999.00  99999.00  99999.00  99999.00  99999.00  99999.00       0       1       1       1
72403  12  00  9999    959.63   1058.87  99999.00  99999.00   -301.24    373.40   -183.89    314.23     947       0     935     745
72403  12  00  1000  99999.00  99999.00   -128.81    482.47   -314.89    403.07   -504.62    421.78       0     830     826     648
72403  12  00   925  99999.00  99999.00    393.80   1186.52   -376.72    410.84   -575.55    455.73       0     610     611     580
72403  12  00   900  99999.00  99999.00  99999.00  99999.00  99999.00  99999.00  99999.00  99999.00       0      14      24      17
72403  12  00   850  99999.00  99999.00   1064.26   1874.02   -437.59    426.53   -855.28    638.12       0     976     973     766
72403  12  00   800  99999.00  99999.00  99999.00  99999.00  99999.00  99999.00  99999.00  99999.00       0      19      37      25
72403  12  00   700  99999.00  99999.00   2464.67   3552.11   -431.78    320.62   -985.57    583.79       0     971     968     764
72403  12  00   600  99999.00  99999.00  99999.00  99999.00  99999.00  99999.00  99999.00  99999.00       0      21      37      29
72403  12  00   500  99999.00  99999.00   4757.73   6404.25   -522.25    125.87  -1045.08    367.20       0     971     971     765
72403  12  00   400  99999.00  99999.00   6203.23   8199.91   -604.55    -11.39  -1097.22    226.50       0     969     969     757
72403  12  00   300  99999.00  99999.00   8019.25  10352.17   -671.52   -215.28  -1067.83    -56.23       0     967     966     603
72403  12  00   250  99999.00  99999.00   9191.19  11584.11   -749.03   -278.15  -1011.79   -260.71       0     966     965     571
72403  12  00   200  99999.00  99999.00  10688.75  12947.99   -896.82   -228.54  -1011.27   -381.63       0     959     959     569
72403  12  00   150  99999.00  99999.00  12678.94  14590.54   -877.02   -288.66  -1091.99   -380.15       0     943     944     561
72403  12  00   100  99999.00  99999.00  15407.86  16912.30   -878.55   -369.75  -1162.15   -406.51       0     913     914     554
72403  12  00    80  99999.00  99999.00  16820.47  18208.15   -876.27   -392.07  -1219.09   -373.09       0     101     144      99
72403  12  00    70  99999.00  99999.00  17753.70  18958.50   -862.22   -399.14  -1185.54   -405.78       0     890     895     548
72403  12  00    60  99999.00  99999.00  18685.63  19836.31   -859.59   -395.07  -1199.00   -389.60       0      63     116      89
72403  12  00    50  99999.00  99999.00  19882.15  20978.47   -808.83   -432.51  -1204.83   -383.07       0     857     862     535
72403  12  00    40  99999.00  99999.00  -9174.49  51034.67   -816.56   -401.72  -1238.68   -358.24       0      79     159     120
72403  12  00    30  99999.00  99999.00  23006.07  24203.19   -830.01   -359.37  -1204.36   -365.92       0     792     797     510
72403  12  00    20  99999.00  99999.00  25419.20  26896.76   -869.27   -276.11  -1204.00   -355.48       0     703     708     469
72403  12  00    15  99999.00  99999.00   8522.29  46494.73  -6556.56   5237.16  -1199.99   -333.35       0     143     276     209
72403  12  00    10  99999.00  99999.00  29118.96  32023.44   -922.80   -136.80  -1228.63   -299.95       0     280     342     270
72403  12  00     7  99999.00  99999.00  30455.35  35035.15   -927.37    -49.33  -1212.76   -280.72       0      71      98      82
72403  12  00     5  99999.00  99999.00  99999.00  99999.00  99999.00  99999.00  99999.00  99999.00       0       9      11       8
72403  12  00     3  99999.00  99999.00  99999.00  99999.00  99999.00  99999.00  99999.00  99999.00       0       2       2       1
72403  12  00     2  99999.00  99999.00  99999.00  99999.00  99999.00  99999.00  99999.00  99999.00       0       2       2       1
72403  12  00     1  99999.00  99999.00  99999.00  99999.00  99999.00  99999.00  99999.00  99999.00       0       1       3       2
