94170  01  00  9999    993.84   1019.04  99999.00  99999.00    185.01    378.33    -64.99    141.65     412       0     412     412
94170  01  00  1000  99999.00  99999.00    -34.70    188.50    188.27    353.63    150.33    308.73       0     411     410     410
94170  01  00   925  99999.00  99999.00    652.46    874.22    179.21    273.17     63.59    316.67       0     412     410     410
94170  01  00   900  99999.00  99999.00  99999.00  99999.00  99999.00  99999.00  99999.00  99999.00       0       0       7       7
94170  01  00   850  99999.00  99999.00   1383.97   1610.53    130.73    244.85    -58.95    339.93       0     412     411     411
94170  01  00   800  99999.00  99999.00  99999.00  99999.00  99999.00  99999.00  99999.00  99999.00       0       0      12      12
94170  01  00   700  99999.00  99999.00   3037.79   3245.75     41.65    162.25   -305.34    379.26       0     410     412     411
94170  01  00   600  99999.00  99999.00  99999.00  99999.00  99999.00  99999.00  99999.00  99999.00       0       0      12      12
94170  01  00   500  99999.00  99999.00   5764.55   5974.07   -100.55     12.37   -668.47    392.21       0     405     406     405
94170  01  00   400  99999.00  99999.00   7495.35   7695.39   -201.00    -85.32   -795.68    282.64       0     404     404     402
94170  01  00   300  99999.00  99999.00   9604.35   9828.51   -355.00   -225.28   -878.32     55.40       0     403     403     401
94170  01  00   250  99999.00  99999.00  10865.13  11121.09   -458.00   -328.16   -866.36   -161.36       0     402     402     399
94170  01  00   200  99999.00  99999.00  12327.67  12631.99   -575.94   -462.78   -914.01   -354.81       0     402     403     400
94170  01  00   150  99999.00  99999.00  14096.30  14458.70   -725.86   -620.02  99999.00  99999.00       0     400     400      22
94170  01  00   100  99999.00  99999.00  16422.81  16809.21   -934.27   -736.39  99999.00  99999.00       0     391     390      21
94170  01  00    80  99999.00  99999.00  99999.00  99999.00  99999.00  99999.00  99999.00  99999.00       0       0      49       4
94170  01  00    70  99999.00  99999.00  18404.20  18797.68   -964.34   -605.18  99999.00  99999.00       0     371     375      21
94170  01  00    60  99999.00  99999.00  99999.00  99999.00 -21373.12  17347.76  99999.00  99999.00       0       0      65       1
94170  01  00    50  99999.00  99999.00  20341.09  20805.01   -843.17   -523.97  99999.00  99999.00       0     354     356      21
94170  01  00    40  99999.00  99999.00  99999.00  99999.00 -20667.79  16998.05  99999.00  99999.00       0       0      63       7
94170  01  00    30  99999.00  99999.00  23424.11  23986.07   -736.65   -448.77  -1131.27   -630.87       0     289     299     192
94170  01  00    20  99999.00  99999.00  26000.73  26565.93   -681.07   -371.47  -1029.72   -669.24       0     198     211     209
94170  01  00    15  99999.00  99999.00  99999.00  99999.00  99999.00  99999.00  99999.00  99999.00       0       0      49      48
94170  01  00    10  99999.00  99999.00  99999.00  99999.00  99999.00  99999.00  99999.00  99999.00       0       1       2       2
94170  01  00     7  99999.00  99999.00  99999.00  99999.00  99999.00  99999.00  99999.00  99999.00       0       0       0       0
94170  01  00     5  99999.00  99999.00  99999.00  99999.00  99999.00  99999.00  99999.00  99999.00       0       0       0       0
94170  01  00     3  99999.00  99999.00  99999.00  99999.00  99999.00  99999.00  99999.00  99999.00       0       0       0       0
94170  01  00     2  99999.00  99999.00  99999.00  99999.00  99999.00  99999.00  99999.00  99999.00       0       0       0       0
94170  01  00     1  99999.00  99999.00  99999.00  99999.00  99999.00  99999.00  99999.00  99999.00       0       0       0       0
94170  02  00  9999    993.25   1020.01  99999.00  99999.00    180.27    373.59    -58.83    122.25     397       0     397     397
94170  02  00  1000  99999.00  99999.00    -42.91    199.37    189.68    344.00    170.63    293.15       0     398     398     396
94170  02  00   925  99999.00  99999.00    641.69    886.25    176.20    273.28     73.43    308.63       0     400     400     398
94170  02  00   900  99999.00  99999.00  99999.00  99999.00  99999.00  99999.00  99999.00  99999.00       0       0       6       6
94170  02  00   850  99999.00  99999.00   1374.98   1620.14    139.02    234.06     10.99    280.87       0     400     399     397
94170  02  00   800  99999.00  99999.00  99999.00  99999.00  99999.00  99999.00  99999.00  99999.00       0       0      13      13
94170  02  00   700  99999.00  99999.00   3024.42   3259.98     45.48    157.92   -199.08    293.04       0     399     399     396
94170  02  00   600  99999.00  99999.00  99999.00  99999.00  99999.00  99999.00  99999.00  99999.00       0       0      11      11
94170  02  00   500  99999.00  99999.00   5759.88   5981.04    -96.04      9.32   -592.25    348.79       0     391     391     388
94170  02  00   400  99999.00  99999.00   7493.76   7702.08   -198.44    -84.92   -752.97    262.95       0     390     390     387
94170  02  00   300  99999.00  99999.00   9611.64   9828.36   -355.44   -224.28   -831.52     26.24       0     388     388     383
94170  02  00   250  99999.00  99999.00  10871.50  11121.34   -457.76   -327.80   -871.26   -145.02       0     385     385     381
94170  02  00   200  99999.00  99999.00  12337.39  12628.99   -578.63   -461.27   -891.82   -374.38       0     385     385     381
94170  02  00   150  99999.00  99999.00  14104.27  14457.55   -728.32   -618.16  99999.00  99999.00       0     383     383      15
94170  02  00   100  99999.00  99999.00  16430.17  16806.73   -961.18   -709.30  99999.00  99999.00       0     374     374      12
94170  02  00    80  99999.00  99999.00  99999.00  99999.00  99999.00  99999.00  99999.00  99999.00       0       0      46       1
94170  02  00    70  99999.00  99999.00  18428.52  18784.44   -955.84   -603.16  99999.00  99999.00       0     358     359      10
94170  02  00    60  99999.00  99999.00  99999.00  99999.00  99999.00  99999.00  99999.00  99999.00       0       0      51       1
94170  02  00    50  99999.00  99999.00  20365.06  20788.18   -851.24   -531.32  99999.00  99999.00       0     346     348      10
94170  02  00    40  99999.00  99999.00  99999.00  99999.00  99999.00  99999.00  99999.00  99999.00       0       0      51       6
94170  02  00    30  99999.00  99999.00  23444.18  23960.42   -751.68   -443.52  -1215.95   -534.95       0     282     290     150
94170  02  00    20  99999.00  99999.00  25930.78  26622.94   -696.63   -357.03  -1028.76   -670.56       0     191     201     194
94170  02  00    15  99999.00  99999.00  99999.00  99999.00  99999.00  99999.00  99999.00  99999.00       0       0      35      33
94170  02  00    10  99999.00  99999.00  99999.00  99999.00  99999.00  99999.00  99999.00  99999.00       0       1       2       2
94170  02  00     7  99999.00  99999.00  99999.00  99999.00  99999.00  99999.00  99999.00  99999.00       0       0       0       0
94170  02  00     5  99999.00  99999.00  99999.00  99999.00  99999.00  99999.00  99999.00  99999.00       0       0       0       0
94170  02  00     3  99999.00  99999.00  99999.00  99999.00  99999.00  99999.00  99999.00  99999.00       0       0       0       0
94170  02  00     2  99999.00  99999.00  99999.00  99999.00  99999.00  99999.00  99999.00  99999.00       0       0       0       0
94170  02  00     1  99999.00  99999.00  99999.00  99999.00  99999.00  99999.00  99999.00  99999.00       0       0       0       0
94170  03  00  9999    996.19   1019.59  99999.00  99999.00    204.48    350.88    -53.21    128.95     454       0     452     452
94170  03  00  1000  99999.00  99999.00    -13.40    192.28    200.95    328.75    144.72    304.32       0     450     448     446
94170  03  00   925  99999.00  99999.00    672.67    876.31    176.14    272.62     38.71    324.55       0     450     447     445
94170  03  00   900  99999.00  99999.00  99999.00  99999.00  99999.00  99999.00  99999.00  99999.00       0       0      10      10
94170  03  00   850  99999.00  99999.00   1406.90   1608.50    128.60    242.24    -44.61    315.99       0     450     447     445
94170  03  00   800  99999.00  99999.00  99999.00  99999.00  99999.00  99999.00  99999.00  99999.00       0       0      12      12
94170  03  00   700  99999.00  99999.00   3057.30   3244.14     37.76    163.04   -391.26    448.98       0     448     448     446
94170  03  00   600  99999.00  99999.00  99999.00  99999.00  99999.00  99999.00  99999.00  99999.00       0       0      15      15
94170  03  00   500  99999.00  99999.00   5786.70   5968.86   -105.06     16.14   -780.61    477.11       0     446     446     444
94170  03  00   400  99999.00  99999.00   7514.17   7692.73   -201.74    -86.06   -912.50    346.30       0     444     445     443
94170  03  00   300  99999.00  99999.00   9623.88   9821.28   -357.74   -229.82   -909.41     46.15       0     441     442     439
94170  03  00   250  99999.00  99999.00  10879.50  11113.98   -459.25   -335.05   -889.88   -157.52       0     439     440     438
94170  03  00   200  99999.00  99999.00  12338.31  12623.43   -581.36   -466.64   -913.87   -367.15       0     439     440     438
94170  03  00   150  99999.00  99999.00  14097.00  14451.72   -732.81   -622.05  99999.00  99999.00       0     431     432      25
94170  03  00   100  99999.00  99999.00  16414.73  16806.65   -948.00   -716.28  99999.00  99999.00       0     418     420      22
94170  03  00    80  99999.00  99999.00  99999.00  99999.00 -20044.37  16176.55  99999.00  99999.00       0       0      66       1
94170  03  00    70  99999.00  99999.00  18417.81  18795.69   -930.64   -614.08  99999.00  99999.00       0     400     401      22
94170  03  00    60  99999.00  99999.00  99999.00  99999.00  99999.00  99999.00  99999.00  99999.00       0       0      60       3
94170  03  00    50  99999.00  99999.00  20380.02  20794.02   -820.89   -534.09  99999.00  99999.00       0     393     394      22
94170  03  00    40  99999.00  99999.00  99999.00  99999.00 -25311.76  20229.20  99999.00  99999.00       0       0      64       6
94170  03  00    30  99999.00  99999.00  23492.17  23963.29   -722.85   -445.53  -1075.09   -687.97       0     343     351     272
94170  03  00    20  99999.00  99999.00  26047.88  26588.24   -655.91   -365.63   -998.45   -678.05       0     268     283     282
94170  03  00    15  99999.00  99999.00  99999.00  99999.00 -14170.68  12176.28   -967.67   -639.95       0       0      90      89
94170  03  00    10  99999.00  99999.00  99999.00  99999.00  99999.00  99999.00  99999.00  99999.00       0       1       3       3
94170  03  00     7  99999.00  99999.00  99999.00  99999.00  99999.00  99999.00  99999.00  99999.00       0       0       0       0
94170  03  00     5  99999.00  99999.00  99999.00  99999.00  99999.00  99999.00  99999.00  99999.00       0       0       0       0
94170  03  00     3  99999.00  99999.00  99999.00  99999.00  99999.00  99999.00  99999.00  99999.00       0       0       0       0
94170  03  00     2  99999.00  99999.00  99999.00  99999.00  99999.00  99999.00  99999.00  99999.00       0       0       0       0
94170  03  00     1  99999.00  99999.00  99999.00  99999.00  99999.00  99999.00  99999.00  99999.00       0       0       0       0
94170  04  00  9999    999.28   1019.80  99999.00  99999.00    212.99    332.39    -44.50    140.54     432       0     432     432
94170  04  00  1000  99999.00  99999.00     13.49    193.85    200.51    312.47    115.21    305.89       0     431     431     430
94170  04  00   925  99999.00  99999.00    703.91    868.91    155.97    280.77    -37.82    365.62       0     430     432     431
94170  04  00   900  99999.00  99999.00  99999.00  99999.00  99999.00  99999.00  99999.00  99999.00       0       0       6       6
94170  04  00   850  99999.00  99999.00   1438.03   1597.87    107.02    259.66   -125.44    358.76       0     431     432     431
94170  04  00   800  99999.00  99999.00  99999.00  99999.00  99999.00  99999.00  99999.00  99999.00       0       0       7       7
94170  04  00   700  99999.00  99999.00   3080.78   3236.90     24.72    177.00   -651.16    626.84       0     431     432     431
94170  04  00   600  99999.00  99999.00  99999.00  99999.00  99999.00  99999.00  99999.00  99999.00       0       0      12      12
94170  04  00   500  99999.00  99999.00   5794.68   5976.60   -108.25     21.47  -1004.03    572.17       0     431     431     429
94170  04  00   400  99999.00  99999.00   7515.74   7705.10   -206.73    -87.45  -1059.78    367.38       0     429     429     427
94170  04  00   300  99999.00  99999.00   9620.07   9832.35   -352.14   -242.70  -1059.78    119.70       0     428     428     425
94170  04  00   250  99999.00  99999.00  10883.57  11114.09   -453.54   -347.34   -983.01   -119.97       0     428     428     425
94170  04  00   200  99999.00  99999.00  12346.67  12614.27   -573.89   -480.41   -944.68   -363.40       0     427     426     421
94170  04  00   150  99999.00  99999.00  14120.65  14425.09   -727.56   -628.20  99999.00  99999.00       0     422     420      21
94170  04  00   100  99999.00  99999.00  16437.51  16786.47   -937.25   -717.53  99999.00  99999.00       0     412     413      21
94170  04  00    80  99999.00  99999.00  99999.00  99999.00 -16092.38  13093.90  99999.00  99999.00       0       0      67       3
94170  04  00    70  99999.00  99999.00  18441.48  18787.44   -913.21   -618.37  99999.00  99999.00       0     401     401      19
94170  04  00    60  99999.00  99999.00  99999.00  99999.00 -16881.65  13923.91  99999.00  99999.00       0       0      61       3
94170  04  00    50  99999.00  99999.00  20437.05  20773.41   -784.41   -539.37  99999.00  99999.00       0     390     390      20
94170  04  00    40  99999.00  99999.00  99999.00  99999.00 -22725.00  18540.60  99999.00  99999.00       0       0      70      22
94170  04  00    30  99999.00  99999.00  23584.39  23960.59   -697.72   -443.56  -1027.73   -726.29       0     342     349     321
94170  04  00    20  99999.00  99999.00  26134.38  26629.14   -619.27   -378.31   -990.69   -665.37       0     273     283     280
94170  04  00    15  99999.00  99999.00  99999.00  99999.00 -17535.54  14957.94   -937.19   -662.03       0       0      69      69
94170  04  00    10  99999.00  99999.00  99999.00  99999.00  99999.00  99999.00  99999.00  99999.00       0       2       3       3
94170  04  00     7  99999.00  99999.00  99999.00  99999.00  99999.00  99999.00  99999.00  99999.00       0       0       0       0
94170  04  00     5  99999.00  99999.00  99999.00  99999.00  99999.00  99999.00  99999.00  99999.00       0       0       0       0
94170  04  00     3  99999.00  99999.00  99999.00  99999.00  99999.00  99999.00  99999.00  99999.00       0       0       0       0
94170  04  00     2  99999.00  99999.00  99999.00  99999.00  99999.00  99999.00  99999.00  99999.00       0       0       0       0
94170  04  00     1  99999.00  99999.00  99999.00  99999.00  99999.00  99999.00  99999.00  99999.00       0       0       0       0
94170  05  00  9999   1001.17   1021.21  99999.00  99999.00    193.69    328.09    -41.05    156.35     454       0     454     454
94170  05  00  1000  99999.00  99999.00     31.85    203.21    168.73    313.21     67.84    316.96       0     453     453     450
94170  05  00   925  99999.00  99999.00    716.65    876.01    128.27    284.39    -53.02    346.58       0     453     453     448
94170  05  00   900  99999.00  99999.00  99999.00  99999.00  99999.00  99999.00  99999.00  99999.00       0       0      13      13
94170  05  00   850  99999.00  99999.00   1449.41   1599.17     70.40    271.28   -200.14    394.58       0     452     452     448
94170  05  00   800  99999.00  99999.00  99999.00  99999.00  99999.00  99999.00  99999.00  99999.00       0       0      11      11
94170  05  00   700  99999.00  99999.00   3085.54   3238.18     20.94    187.62   -825.56    672.16       0     451     450     446
94170  05  00   600  99999.00  99999.00  99999.00  99999.00  99999.00  99999.00  99999.00  99999.00       0       0      12      12
94170  05  00   500  99999.00  99999.00   5797.75   5975.71   -124.19     28.69  -1012.34    476.74       0     450     450     446
94170  05  00   400  99999.00  99999.00   7507.18   7706.86   -233.11    -70.39  -1096.03    311.21       0     449     449     444
94170  05  00   300  99999.00  99999.00   9593.36   9845.84   -376.54   -226.18  -1092.13     57.35       0     449     449     444
94170  05  00   250  99999.00  99999.00  10841.14  11138.02   -476.53   -333.49  -1057.25   -126.89       0     448     448     443
94170  05  00   200  99999.00  99999.00  12292.25  12646.37   -590.81   -466.13  -1047.06   -326.46       0     448     448     441
94170  05  00   150  99999.00  99999.00  14051.93  14470.73   -737.13   -615.33  99999.00  99999.00       0     445     445       8
94170  05  00   100  99999.00  99999.00  16391.16  16822.80   -927.56   -701.24  99999.00  99999.00       0     434     434       8
94170  05  00    80  99999.00  99999.00  99999.00  99999.00 -19029.20  15438.64  99999.00  99999.00       0       0      65       2
94170  05  00    70  99999.00  99999.00  18431.72  18818.00   -903.92   -607.04  99999.00  99999.00       0     424     424       7
94170  05  00    60  99999.00  99999.00  99999.00  99999.00 -24574.16  19611.52  99999.00  99999.00       0       0      68       2
94170  05  00    50  99999.00  99999.00  20443.92  20814.24   -775.27   -522.31  99999.00  99999.00       0     414     414      14
94170  05  00    40  99999.00  99999.00  99999.00  99999.00 -25716.19  20552.45  99999.00  99999.00       0       0      76      44
94170  05  00    30  99999.00  99999.00  23614.72  24008.92   -670.53   -456.33  -1021.66   -725.86       0     390     393     383
94170  05  00    20  99999.00  99999.00  26212.26  26636.22   -612.43   -383.59   -991.01   -661.85       0     351     363     356
94170  05  00    15  99999.00  99999.00  99999.00  99999.00 -20984.25  17605.95   -972.01   -617.29       0       0      93      91
94170  05  00    10  99999.00  99999.00  99999.00  99999.00  99999.00  99999.00  99999.00  99999.00       0       1       2       2
94170  05  00     7  99999.00  99999.00  99999.00  99999.00  99999.00  99999.00  99999.00  99999.00       0       0       0       0
94170  05  00     5  99999.00  99999.00  99999.00  99999.00  99999.00  99999.00  99999.00  99999.00       0       0       0       0
94170  05  00     3  99999.00  99999.00  99999.00  99999.00  99999.00  99999.00  99999.00  99999.00       0       0       0       0
94170  05  00     2  99999.00  99999.00  99999.00  99999.00  99999.00  99999.00  99999.00  99999.00       0       0       0       0
94170  05  00     1  99999.00  99999.00  99999.00  99999.00  99999.00  99999.00  99999.00  99999.00       0       0       0       0
94170  06  00  9999   1002.58   1021.78  99999.00  99999.00    150.47    343.79    -51.90    174.90     436       0     436     436
94170  06  00  1000  99999.00  99999.00     44.30    206.54    132.64    319.96     23.38    331.78       0     434     436     436
94170  06  00   925  99999.00  99999.00    724.21    877.33    100.15    288.07    -59.74    339.26       0     435     436     436
94170  06  00   900  99999.00  99999.00  99999.00  99999.00  99999.00  99999.00  99999.00  99999.00       0       0      10      10
94170  06  00   850  99999.00  99999.00   1453.19   1598.51     53.01    271.77   -298.28    473.20       0     435     436     435
94170  06  00   800  99999.00  99999.00  99999.00  99999.00  99999.00  99999.00  99999.00  99999.00       0       0      18      18
94170  06  00   700  99999.00  99999.00   3087.96   3236.28     18.42    189.30   -810.71    641.17       0     436     436     435
94170  06  00   600  99999.00  99999.00  99999.00  99999.00  99999.00  99999.00  99999.00  99999.00       0       0      13      13
94170  06  00   500  99999.00  99999.00   5793.65   5974.01   -136.24     34.52  -1063.18    494.06       0     436     435     434
94170  06  00   400  99999.00  99999.00   7497.85   7707.01   -231.74    -75.74  -1117.92    242.52       0     436     436     434
94170  06  00   300  99999.00  99999.00   9589.36   9835.36   -375.28   -234.40  -1086.91    -15.07       0     436     436     434
94170  06  00   250  99999.00  99999.00  10841.38  11119.18   -470.25   -347.73  -1058.54   -165.86       0     436     436     433
94170  06  00   200  99999.00  99999.00  12298.15  12615.07   -591.14   -476.90  -1014.55   -380.11       0     434     434     431
94170  06  00   150  99999.00  99999.00  14062.16  14428.40   -741.64   -616.48  99999.00  99999.00       0     430     429       0
94170  06  00   100  99999.00  99999.00  16414.77  16771.89   -935.89   -671.53  99999.00  99999.00       0     412     411       0
94170  06  00    80  99999.00  99999.00  99999.00  99999.00  99999.00  99999.00  99999.00  99999.00       0       0      42       0
94170  06  00    70  99999.00  99999.00  18472.06  18788.98   -881.40   -586.80  99999.00  99999.00       0     408     408       0
94170  06  00    60  99999.00  99999.00  99999.00  99999.00 -24613.14  19690.62  99999.00  99999.00       0       0      68       1
94170  06  00    50  99999.00  99999.00  20471.45  20828.45   -764.10   -510.42  99999.00  99999.00       0     395     395      18
94170  06  00    40  99999.00  99999.00  99999.00  99999.00 -26553.10  21075.26  99999.00  99999.00       0       0      79      43
94170  06  00    30  99999.00  99999.00  23643.37  24044.05   -675.20   -449.48  -1032.29   -710.33       0     380     383     372
94170  06  00    20  99999.00  99999.00  26217.32  26689.04   -633.45   -375.93  -1003.64   -654.92       0     352     358     354
94170  06  00    15  99999.00  99999.00  99999.00  99999.00 -20402.55  17134.77   -977.46   -633.06       0       0     115     115
94170  06  00    10  99999.00  99999.00  99999.00  99999.00  99999.00  99999.00  99999.00  99999.00       0       0       1       1
94170  06  00     7  99999.00  99999.00  99999.00  99999.00  99999.00  99999.00  99999.00  99999.00       0       0       0       0
94170  06  00     5  99999.00  99999.00  99999.00  99999.00  99999.00  99999.00  99999.00  99999.00       0       0       0       0
94170  06  00     3  99999.00  99999.00  99999.00  99999.00  99999.00  99999.00  99999.00  99999.00       0       0       0       0
94170  06  00     2  99999.00  99999.00  99999.00  99999.00  99999.00  99999.00  99999.00  99999.00       0       0       0       0
94170  06  00     1  99999.00  99999.00  99999.00  99999.00  99999.00  99999.00  99999.00  99999.00       0       0       0       0
94170  07  00  9999   1004.10   1022.22  99999.00  99999.00    157.71    325.59    -32.49    160.71     445       0     445     445
94170  07  00  1000  99999.00  99999.00     57.29    210.17    135.66    303.06     49.38    291.90       0     443     443     443
94170  07  00   925  99999.00  99999.00    739.33    874.81    103.42    266.62    -81.20    336.04       0     443     443     443
94170  07  00   900  99999.00  99999.00  99999.00  99999.00  99999.00  99999.00  99999.00  99999.00       0       0       9       9
94170  07  00   850  99999.00  99999.00   1467.85   1590.97     25.79    278.87   -310.47    448.65       0     443     443     443
94170  07  00   800  99999.00  99999.00  99999.00  99999.00  99999.00  99999.00  99999.00  99999.00       0       0      16      16
94170  07  00   700  99999.00  99999.00   3090.32   3233.60      8.94    193.02   -839.85    630.39       0     442     439     439
94170  07  00   600  99999.00  99999.00  99999.00  99999.00  99999.00  99999.00  99999.00  99999.00       0       0      14      14
94170  07  00   500  99999.00  99999.00   5803.50   5959.14   -141.77     36.31  -1157.13    539.19       0     441     441     440
94170  07  00   400  99999.00  99999.00   7506.58   7691.74   -234.36    -76.08  -1130.10    233.58       0     441     440     438
94170  07  00   300  99999.00  99999.00   9587.37   9827.37   -373.29   -240.93  -1087.87    -40.87       0     441     441     438
94170  07  00   250  99999.00  99999.00  10837.50  11109.54   -473.37   -349.89  -1078.11   -171.75       0     438     438     436
94170  07  00   200  99999.00  99999.00  12289.79  12608.15   -601.71   -468.15  -1038.33   -378.33       0     435     435     433
94170  07  00   150  99999.00  99999.00  14052.37  14420.29   -751.01   -610.61  99999.00  99999.00       0     431     431       0
94170  07  00   100  99999.00  99999.00  16405.00  16765.00   -938.68   -654.64  99999.00  99999.00       0     424     424       0
94170  07  00    80  99999.00  99999.00  99999.00  99999.00  99999.00  99999.00  99999.00  99999.00       0       0      56       0
94170  07  00    70  99999.00  99999.00  18482.60  18791.72   -861.86   -572.18  99999.00  99999.00       0     409     411       0
94170  07  00    60  99999.00  99999.00  99999.00  99999.00  99999.00  99999.00  99999.00  99999.00       0       0      49       0
94170  07  00    50  99999.00  99999.00  20507.32  20834.32   -744.09   -513.69  99999.00  99999.00       0     403     403      33
94170  07  00    40  99999.00  99999.00  99999.00  99999.00  99999.00  99999.00  99999.00  99999.00       0       0      50      29
94170  07  00    30  99999.00  99999.00  23668.61  24070.97   -693.77   -432.65  -1010.31   -736.35       0     385     387     373
94170  07  00    20  99999.00  99999.00  26224.95  26720.19   -645.45   -389.37  -1002.03   -677.67       0     350     359     357
94170  07  00    15  99999.00  99999.00  99999.00  99999.00 -20196.74  16940.98  -1046.93   -579.77       0       0     109     108
94170  07  00    10  99999.00  99999.00  99999.00  99999.00  99999.00  99999.00  99999.00  99999.00       0       0       1       1
94170  07  00     7  99999.00  99999.00  99999.00  99999.00  99999.00  99999.00  99999.00  99999.00       0       0       0       0
94170  07  00     5  99999.00  99999.00  99999.00  99999.00  99999.00  99999.00  99999.00  99999.00       0       0       0       0
94170  07  00     3  99999.00  99999.00  99999.00  99999.00  99999.00  99999.00  99999.00  99999.00       0       0       0       0
94170  07  00     2  99999.00  99999.00  99999.00  99999.00  99999.00  99999.00  99999.00  99999.00       0       0       0       0
94170  07  00     1  99999.00  99999.00  99999.00  99999.00  99999.00  99999.00  99999.00  99999.00       0       0       0       0
94170  08  00  9999   1004.97   1021.89  99999.00  99999.00    165.99    330.87    -36.67    183.17     416       0     416     416
94170  08  00  1000  99999.00  99999.00     63.76    208.72    143.32    304.48     45.05    291.65       0     415     415     413
94170  08  00   925  99999.00  99999.00    747.45    872.61     95.75    279.47   -159.87    390.45       0     413     413     411
94170  08  00   900  99999.00  99999.00  99999.00  99999.00  99999.00  99999.00  99999.00  99999.00       0       0      11      11
94170  08  00   850  99999.00  99999.00   1477.57   1587.61     27.91    274.75   -314.16    440.16       0     412     412     409
94170  08  00   800  99999.00  99999.00  99999.00  99999.00  99999.00  99999.00  99999.00  99999.00       0       0      13      13
94170  08  00   700  99999.00  99999.00   3091.85   3231.05      2.57    194.21   -982.71    707.49       0     410     409     407
94170  08  00   600  99999.00  99999.00  99999.00  99999.00  99999.00  99999.00  99999.00  99999.00       0       0       9       9
94170  08  00   500  99999.00  99999.00   5805.79   5955.43   -139.52     35.20  -1166.64    503.04       0     407     407     404
94170  08  00   400  99999.00  99999.00   7518.37   7679.77   -237.54    -70.50  -1097.06    154.18       0     408     408     402
94170  08  00   300  99999.00  99999.00   9610.16   9806.12   -372.95   -240.23  -1058.07    -87.63       0     408     408     401
94170  08  00   250  99999.00  99999.00  10860.07  11089.39   -475.07   -347.99  -1045.52   -209.48       0     406     406     400
94170  08  00   200  99999.00  99999.00  12312.66  12587.94   -594.48   -476.28  -1003.71   -406.35       0     404     404     399
94170  08  00   150  99999.00  99999.00  14072.08  14403.04   -746.80   -614.20  99999.00  99999.00       0     402     401       0
94170  08  00   100  99999.00  99999.00  16426.66  16746.94   -941.58   -645.30  99999.00  99999.00       0     388     389       0
94170  08  00    80  99999.00  99999.00  99999.00  99999.00  99999.00  99999.00  99999.00  99999.00       0       0      53       0
94170  08  00    70  99999.00  99999.00  18495.10  18802.30   -838.00   -577.12  99999.00  99999.00       0     384     384       0
94170  08  00    60  99999.00  99999.00  99999.00  99999.00  99999.00  99999.00  99999.00  99999.00       0       0      53       0
94170  08  00    50  99999.00  99999.00  20504.04  20868.00   -744.70   -512.02  99999.00  99999.00       0     377     377      28
94170  08  00    40  99999.00  99999.00  99999.00  99999.00 -18185.73  15201.63  99999.00  99999.00       0       0      63      35
94170  08  00    30  99999.00  99999.00  23644.10  24113.06   -696.94   -440.74  -1001.30   -758.90       0     358     361     336
94170  08  00    20  99999.00  99999.00  26167.71  26771.91   -663.21   -393.33  -1012.42   -689.14       0     323     335     332
94170  08  00    15  99999.00  99999.00  99999.00  99999.00 -21268.84  17721.80  -1017.60   -626.64       0       0     112     111
94170  08  00    10  99999.00  99999.00  99999.00  99999.00  99999.00  99999.00  99999.00  99999.00       0       0       1       1
94170  08  00     7  99999.00  99999.00  99999.00  99999.00  99999.00  99999.00  99999.00  99999.00       0       0       0       0
94170  08  00     5  99999.00  99999.00  99999.00  99999.00  99999.00  99999.00  99999.00  99999.00       0       0       0       0
94170  08  00     3  99999.00  99999.00  99999.00  99999.00  99999.00  99999.00  99999.00  99999.00       0       0       0       0
94170  08  00     2  99999.00  99999.00  99999.00  99999.00  99999.00  99999.00  99999.00  99999.00       0       0       0       0
94170  08  00     1  99999.00  99999.00  99999.00  99999.00  99999.00  99999.00  99999.00  99999.00       0       0       0       0
94170  09  00  9999   1003.74   1021.62  99999.00  99999.00    193.93    343.09    -19.38    193.62     409       0     409     409
94170  09  00  1000  99999.00  99999.00     51.51    209.19    166.87    317.47     68.93    280.73       0     406     406     404
94170  09  00   925  99999.00  99999.00    737.29    876.97     83.39    308.03   -184.17    432.03       0     406     406     404
94170  09  00   900  99999.00  99999.00  99999.00  99999.00  99999.00  99999.00  99999.00  99999.00       0       0      28      27
94170  09  00   850  99999.00  99999.00   1469.39   1598.51     53.51    294.11   -365.35    462.17       0     406     406     404
94170  09  00   800  99999.00  99999.00  99999.00  99999.00  99999.00  99999.00  99999.00  99999.00       0       0      12      12
94170  09  00   700  99999.00  99999.00   3096.12   3237.96     -4.83    195.45   -857.88    635.04       0     405     405     403
94170  09  00   600  99999.00  99999.00  99999.00  99999.00  99999.00  99999.00  99999.00  99999.00       0       0       8       8
94170  09  00   500  99999.00  99999.00   5804.27   5963.51   -137.45     31.63  -1159.79    505.21       0     404     405     401
94170  09  00   400  99999.00  99999.00   7515.31   7686.43   -233.22    -79.02  -1124.22    172.26       0     404     406     401
94170  09  00   300  99999.00  99999.00   9603.12   9813.24   -375.32   -242.24  -1111.53    -28.65       0     402     402     398
94170  09  00   250  99999.00  99999.00  10852.55  11094.71   -472.65   -353.73  -1063.54   -185.26       0     402     402     398
94170  09  00   200  99999.00  99999.00  12308.26  12587.62   -591.51   -483.39  -1012.22   -389.18       0     398     398     394
94170  09  00   150  99999.00  99999.00  14074.03  14392.51   -739.82   -627.26  99999.00  99999.00       0     394     392       0
94170  09  00   100  99999.00  99999.00  16435.79  16724.27   -932.77   -655.09  99999.00  99999.00       0     384     385       0
94170  09  00    80  99999.00  99999.00  99999.00  99999.00  99999.00  99999.00  99999.00  99999.00       0       0      51       0
94170  09  00    70  99999.00  99999.00  18487.93  18787.33   -851.31   -575.19  99999.00  99999.00       0     371     371       0
94170  09  00    60  99999.00  99999.00  99999.00  99999.00  99999.00  99999.00  99999.00  99999.00       0       0      54       0
94170  09  00    50  99999.00  99999.00  20474.69  20863.01   -758.51   -515.99  99999.00  99999.00       0     366     367      12
94170  09  00    40  99999.00  99999.00  99999.00  99999.00  99999.00  99999.00  99999.00  99999.00       0       0      42      17
94170  09  00    30  99999.00  99999.00  23570.61  24128.49   -703.68   -447.72  -1028.67   -731.31       0     354     358     317
94170  09  00    20  99999.00  99999.00  26075.81  26793.65   -664.75   -395.47  -1019.44   -679.60       0     313     326     323
94170  09  00    15  99999.00  99999.00  99999.00  99999.00 -16860.72  14340.60   -977.63   -668.51       0       0      87      86
94170  09  00    10  99999.00  99999.00  99999.00  99999.00  99999.00  99999.00  99999.00  99999.00       0       0       2       2
94170  09  00     7  99999.00  99999.00  99999.00  99999.00  99999.00  99999.00  99999.00  99999.00       0       0       0       0
94170  09  00     5  99999.00  99999.00  99999.00  99999.00  99999.00  99999.00  99999.00  99999.00       0       0       0       0
94170  09  00     3  99999.00  99999.00  99999.00  99999.00  99999.00  99999.00  99999.00  99999.00       0       0       0       0
94170  09  00     2  99999.00  99999.00  99999.00  99999.00  99999.00  99999.00  99999.00  99999.00       0       0       0       0
94170  09  00     1  99999.00  99999.00  99999.00  99999.00  99999.00  99999.00  99999.00  99999.00       0       0       0       0
94170  10  00  9999   1000.99   1021.03  99999.00  99999.00    213.09    360.09    -19.77    201.03     390       0     389     388
94170  10  00  1000  99999.00  99999.00     31.33    201.73    178.22    346.82     72.33    305.13       0     390     390     389
94170  10  00   925  99999.00  99999.00    725.06    870.86     89.51    324.23   -143.93    440.23       0     390     390     389
94170  10  00   900  99999.00  99999.00  99999.00  99999.00  99999.00  99999.00  99999.00  99999.00       0       0      26      26
94170  10  00   850  99999.00  99999.00   1461.74   1594.70     90.98    290.06   -364.10    488.14       0     388     388     387
94170  10  00   800  99999.00  99999.00  99999.00  99999.00  99999.00  99999.00  99999.00  99999.00       0       0      11      11
94170  10  00   700  99999.00  99999.00   3098.04   3236.28      6.94    178.42   -780.74    638.02       0     388     388     384
94170  10  00   600  99999.00  99999.00  99999.00  99999.00  99999.00  99999.00  99999.00  99999.00       0       0      17      17
94170  10  00   500  99999.00  99999.00   5799.25   5966.41   -142.16     38.20  -1134.71    500.53       0     388     388     386
94170  10  00   400  99999.00  99999.00   7503.97   7695.73   -242.18    -74.66  -1138.32    273.12       0     388     386     382
94170  10  00   300  99999.00  99999.00   9578.54   9832.34   -373.16   -243.20  -1101.32     -9.92       0     386     384     379
94170  10  00   250  99999.00  99999.00  10831.39  11112.07   -463.37   -355.85  -1047.72   -201.36       0     382     382     377
94170  10  00   200  99999.00  99999.00  12298.50  12598.50   -585.30   -481.86  -1019.94   -374.70       0     381     381     376
94170  10  00   150  99999.00  99999.00  14077.60  14396.80   -737.79   -623.31  99999.00  99999.00       0     378     377      20
94170  10  00   100  99999.00  99999.00  16444.30  16717.18   -941.59   -677.71  99999.00  99999.00       0     367     368      20
94170  10  00    80  99999.00  99999.00  99999.00  99999.00  99999.00  99999.00  99999.00  99999.00       0       0      44       2
94170  10  00    70  99999.00  99999.00  18466.09  18763.09   -885.16   -590.68  99999.00  99999.00       0     357     361      20
94170  10  00    60  99999.00  99999.00  99999.00  99999.00  99999.00  99999.00  99999.00  99999.00       0       0      55       5
94170  10  00    50  99999.00  99999.00  20403.02  20844.38   -784.10   -525.26  99999.00  99999.00       0     343     344      21
94170  10  00    40  99999.00  99999.00  99999.00  99999.00  99999.00  99999.00  99999.00  99999.00       0       0      44      10
94170  10  00    30  99999.00  99999.00  23457.21  24109.29   -718.60   -455.68  -1025.05   -747.97       0     326     329     245
94170  10  00    20  99999.00  99999.00  25969.32  26751.60   -674.76   -392.28  -1002.83   -708.11       0     285     291     288
94170  10  00    15  99999.00  99999.00  99999.00  99999.00 -19118.29  16138.07  -1018.88   -613.76       0       0      76      76
94170  10  00    10  99999.00  99999.00  99999.00  99999.00  99999.00  99999.00  99999.00  99999.00       0       0       1       1
94170  10  00     7  99999.00  99999.00  99999.00  99999.00  99999.00  99999.00  99999.00  99999.00       0       0       0       0
94170  10  00     5  99999.00  99999.00  99999.00  99999.00  99999.00  99999.00  99999.00  99999.00       0       0       0       0
94170  10  00     3  99999.00  99999.00  99999.00  99999.00  99999.00  99999.00  99999.00  99999.00       0       0       0       0
94170  10  00     2  99999.00  99999.00  99999.00  99999.00  99999.00  99999.00  99999.00  99999.00       0       0       0       0
94170  10  00     1  99999.00  99999.00  99999.00  99999.00  99999.00  99999.00  99999.00  99999.00       0       0       0       0
94170  11  00  9999    998.13   1019.61  99999.00  99999.00    229.06    359.14    -72.48    235.32     422       0     421     421
94170  11  00  1000  99999.00  99999.00      4.83    192.27    207.71    340.43     72.34    332.62       0     417     417     415
94170  11  00   925  99999.00  99999.00    697.17    869.01    133.68    297.60     -0.41    343.51       0     417     418     416
94170  11  00   900  99999.00  99999.00  99999.00  99999.00  99999.00  99999.00  99999.00  99999.00       0       0      17      16
94170  11  00   850  99999.00  99999.00   1434.40   1595.44    106.56    276.12   -337.69    516.23       0     418     419     417
94170  11  00   800  99999.00  99999.00  99999.00  99999.00  99999.00  99999.00  99999.00  99999.00       0       0       9       9
94170  11  00   700  99999.00  99999.00   3075.09   3239.01     19.13    174.29   -601.47    539.49       0     418     418     416
94170  11  00   600  99999.00  99999.00  99999.00  99999.00  99999.00  99999.00  99999.00  99999.00       0       0      13      12
94170  11  00   500  99999.00  99999.00   5779.78   5972.38   -116.72     16.96  -1032.84    507.12       0     418     418     413
94170  11  00   400  99999.00  99999.00   7493.88   7697.64   -224.34    -85.26  -1041.71    295.21       0     415     416     409
94170  11  00   300  99999.00  99999.00   9580.41   9830.25   -363.59   -242.99  -1079.05     58.91       0     415     416     411
94170  11  00   250  99999.00  99999.00  10837.29  11112.81   -462.32   -346.52  -1045.92   -119.40       0     412     413     406
94170  11  00   200  99999.00  99999.00  12299.54  12609.98   -578.52   -478.20  -1010.89   -342.85       0     412     412     405
94170  11  00   150  99999.00  99999.00  14072.41  14421.25   -726.33   -628.17  99999.00  99999.00       0     407     407      18
94170  11  00   100  99999.00  99999.00  16422.15  16752.39   -949.93   -698.05  99999.00  99999.00       0     396     399      18
94170  11  00    80  99999.00  99999.00  99999.00  99999.00  99999.00  99999.00  99999.00  99999.00       0       0      47       1
94170  11  00    70  99999.00  99999.00  18435.84  18761.64   -932.30   -574.70  99999.00  99999.00       0     381     385      18
94170  11  00    60  99999.00  99999.00  99999.00  99999.00  99999.00  99999.00  99999.00  99999.00       0       0      39       0
94170  11  00    50  99999.00  99999.00  20379.05  20813.21   -794.41   -535.45  99999.00  99999.00       0     372     376      18
94170  11  00    40  99999.00  99999.00  99999.00  99999.00 -21645.94  17752.82  99999.00  99999.00       0       0      64       7
94170  11  00    30  99999.00  99999.00  23442.34  24059.14   -717.09   -445.53  -1000.51   -771.91       0     349     355     293
94170  11  00    20  99999.00  99999.00  25971.72  26713.80   -655.13   -379.73   -991.76   -698.36       0     304     314     310
94170  11  00    15  99999.00  99999.00  99999.00  99999.00 -17942.38  15252.74   -940.74   -675.90       0       0      98      97
94170  11  00    10  99999.00  99999.00  99999.00  99999.00  99999.00  99999.00  99999.00  99999.00       0       0       0       0
94170  11  00     7  99999.00  99999.00  99999.00  99999.00  99999.00  99999.00  99999.00  99999.00       0       0       0       0
94170  11  00     5  99999.00  99999.00  99999.00  99999.00  99999.00  99999.00  99999.00  99999.00       0       0       0       0
94170  11  00     3  99999.00  99999.00  99999.00  99999.00  99999.00  99999.00  99999.00  99999.00       0       0       0       0
94170  11  00     2  99999.00  99999.00  99999.00  99999.00  99999.00  99999.00  99999.00  99999.00       0       0       0       0
94170  11  00     1  99999.00  99999.00  99999.00  99999.00  99999.00  99999.00  99999.00  99999.00       0       0       0       0
94170  12  00  9999    996.43   1018.27  99999.00  99999.00    219.86    364.70    -68.72    183.52     430       0     429     429
94170  12  00  1000  99999.00  99999.00    -13.63    183.29    213.60    339.84    127.32    315.12       0     431     430     428
94170  12  00   925  99999.00  99999.00    675.83    866.75    161.57    290.21     24.10    339.70       0     431     430     428
94170  12  00   900  99999.00  99999.00  99999.00  99999.00  99999.00  99999.00  99999.00  99999.00       0       0       7       7
94170  12  00   850  99999.00  99999.00   1410.18   1600.26    125.72    259.76   -203.83    443.21       0     431     430     428
94170  12  00   800  99999.00  99999.00  99999.00  99999.00  99999.00  99999.00  99999.00  99999.00       0       0      15      15
94170  12  00   700  99999.00  99999.00   3053.65   3247.21     38.84    166.04   -512.35    518.21       0     431     430     428
94170  12  00   600  99999.00  99999.00  99999.00  99999.00  99999.00  99999.00  99999.00  99999.00       0       0      11      11
94170  12  00   500  99999.00  99999.00   5783.82   5966.22   -101.75     10.21   -893.54    508.90       0     428     429     425
94170  12  00   400  99999.00  99999.00   7509.94   7687.90   -206.48    -88.28  -1012.56    394.32       0     427     429     425
94170  12  00   300  99999.00  99999.00   9616.62   9813.90   -359.85   -231.45  -1011.24    109.32       0     426     428     424
94170  12  00   250  99999.00  99999.00  10875.51  11103.51   -453.44   -341.00  -1011.09    -79.41       0     425     427     420
94170  12  00   200  99999.00  99999.00  12334.20  12612.60   -566.50   -477.10  -1003.35   -305.79       0     426     427     421
94170  12  00   150  99999.00  99999.00  14115.87  14424.75   -718.14   -626.70  99999.00  99999.00       0     424     424      28
94170  12  00   100  99999.00  99999.00  16455.94  16763.86   -936.12   -736.56  99999.00  99999.00       0     407     408      28
94170  12  00    80  99999.00  99999.00  99999.00  99999.00 -20446.02  16436.94  99999.00  99999.00       0       0      63       4
94170  12  00    70  99999.00  99999.00  18449.59  18741.19   -955.12   -604.12  99999.00  99999.00       0     386     396      28
94170  12  00    60  99999.00  99999.00  99999.00  99999.00  99999.00  99999.00  99999.00  99999.00       0       0      54       5
94170  12  00    50  99999.00  99999.00  20389.17  20764.05   -815.86   -530.74  99999.00  99999.00       0     366     373      27
94170  12  00    40  99999.00  99999.00  99999.00  99999.00  99999.00  99999.00  99999.00  99999.00       0       0      58      13
94170  12  00    30  99999.00  99999.00  23460.89  23984.93   -728.22   -445.26  -1062.08   -710.96       0     323     334     249
94170  12  00    20  99999.00  99999.00  26021.43  26586.15   -671.39   -377.87   -989.09   -710.09       0     235     249     247
94170  12  00    15  99999.00  99999.00  99999.00  99999.00 -22681.30  18787.46   -954.78   -674.70       0       0      78      78
94170  12  00    10  99999.00  99999.00  99999.00  99999.00  99999.00  99999.00  99999.00  99999.00       0       3       7       7
94170  12  00     7  99999.00  99999.00  99999.00  99999.00  99999.00  99999.00  99999.00  99999.00       0       0       0       0
94170  12  00     5  99999.00  99999.00  99999.00  99999.00  99999.00  99999.00  99999.00  99999.00       0       0       0       0
94170  12  00     3  99999.00  99999.00  99999.00  99999.00  99999.00  99999.00  99999.00  99999.00       0       0       0       0
94170  12  00     2  99999.00  99999.00  99999.00  99999.00  99999.00  99999.00  99999.00  99999.00       0       0       0       0
94170  12  00     1  99999.00  99999.00  99999.00  99999.00  99999.00  99999.00  99999.00  99999.00       0       0       0       0
