72469  01  00  9999    799.05    871.17  99999.00  99999.00   -397.84    486.80   -335.66    625.42     890       0     843     632
72469  01  00  1000  99999.00  99999.00  99999.00  99999.00  99999.00  99999.00  99999.00  99999.00       0       0       0       0
72469  01  00   925  99999.00  99999.00  99999.00  99999.00  99999.00  99999.00  99999.00  99999.00       0       0       0       0
72469  01  00   900  99999.00  99999.00  99999.00  99999.00  99999.00  99999.00  99999.00  99999.00       0       0       0       0
72469  01  00   850  99999.00  99999.00  99999.00  99999.00  99999.00  99999.00  99999.00  99999.00       0       3       3       2
72469  01  00   800  99999.00  99999.00  99999.00  99999.00  99999.00  99999.00  99999.00  99999.00       0      28      40      25
72469  01  00   700  99999.00  99999.00   2649.82   3406.90   -400.04    318.52   -558.48    213.48       0    1074    1074     678
72469  01  00   600  99999.00  99999.00  99999.00  99999.00  99999.00  99999.00  99999.00  99999.00       0      25      31      20
72469  01  00   500  99999.00  99999.00   5009.70   6176.70   -514.88     84.64   -881.02    201.74       0    1073    1073     676
72469  01  00   400  99999.00  99999.00   6459.59   7941.23   -608.07    -54.51   -953.09     47.47       0    1070    1070     670
72469  01  00   300  99999.00  99999.00   8257.63  10062.07   -668.74   -281.50   -962.21   -209.33       0    1066    1066     639
72469  01  00   250  99999.00  99999.00   9415.55  11275.55   -758.46   -323.58   -940.87   -368.35       0    1064    1064     622
72469  01  00   200  99999.00  99999.00  10913.02  12616.78   -937.51   -198.19  -1002.11   -411.11       0    1059    1059     618
72469  01  00   150  99999.00  99999.00  12858.77  14325.53   -842.40   -283.56  -1087.59   -396.39       0    1051    1051     611
72469  01  00   100  99999.00  99999.00  15519.57  16770.93   -844.26   -356.82  -1156.91   -419.39       0    1035    1035     608
72469  01  00    80  99999.00  99999.00  16902.63  18079.83   -854.13   -377.25  -1187.52   -416.04       0     115     154      92
72469  01  00    70  99999.00  99999.00  17798.78  18918.98   -838.15   -394.15  -1165.07   -441.47       0    1015    1015     578
72469  01  00    60  99999.00  99999.00  18700.39  19828.99   -872.73   -372.33  -1202.23   -402.79       0      87     143      91
72469  01  00    50  99999.00  99999.00  19828.07  21061.19   -837.64   -385.12  -1160.48   -449.00       0     988     989     568
72469  01  00    40  99999.00  99999.00  21026.10  22542.66   -813.42   -395.58  -1170.31   -411.79       0     124     187     109
72469  01  00    30  99999.00  99999.00  22793.24  24467.12   -836.79   -347.79  -1152.75   -440.07       0     923     923     543
72469  01  00    20  99999.00  99999.00  25127.62  27234.94   -855.30   -293.34  -1167.42   -407.94       0     850     853     516
72469  01  00    15  99999.00  99999.00  26545.14  29151.06   -897.47   -214.79  -1198.61   -360.89       0     174     325     210
72469  01  00    10  99999.00  99999.00  29067.82  32119.42   -912.67   -139.87  -1166.93   -372.89       0     491     531     374
72469  01  00     7  99999.00  99999.00  30668.13  34970.97   -857.70   -123.06  -1096.55   -396.83       0     113     164     130
72469  01  00     5  99999.00  99999.00  99999.00  99999.00  99999.00  99999.00  99999.00  99999.00       0      11      18      15
72469  01  00     3  99999.00  99999.00  99999.00  99999.00  99999.00  99999.00  99999.00  99999.00       0       0       0       0
72469  01  00     2  99999.00  99999.00  99999.00  99999.00  99999.00  99999.00  99999.00  99999.00       0       0       0       0
72469  01  00     1  99999.00  99999.00  99999.00  99999.00  99999.00  99999.00  99999.00  99999.00       0       0       0       0
72469  02  00  9999    797.39    871.67  99999.00  99999.00   -400.04    512.68   -377.17    678.71     811       0     762     567
72469  02  00  1000  99999.00  99999.00  99999.00  99999.00  99999.00  99999.00  99999.00  99999.00       0       0       0       0
72469  02  00   925  99999.00  99999.00  99999.00  99999.00  99999.00  99999.00  99999.00  99999.00       0       0       0       0
72469  02  00   900  99999.00  99999.00  99999.00  99999.00  99999.00  99999.00  99999.00  99999.00       0       0       0       0
72469  02  00   850  99999.00  99999.00  99999.00  99999.00  99999.00  99999.00  99999.00  99999.00       0       3       2       0
72469  02  00   800  99999.00  99999.00  99999.00  99999.00  99999.00  99999.00  99999.00  99999.00       0      26      32      17
72469  02  00   700  99999.00  99999.00   2637.62   3400.82   -408.18    318.90   -536.21    199.39       0     979     980     615
72469  02  00   600  99999.00  99999.00  99999.00  99999.00  99999.00  99999.00  99999.00  99999.00       0      12      19       9
72469  02  00   500  99999.00  99999.00   5010.73   6144.25   -504.21     54.27   -873.87    188.37       0     980     980     614
72469  02  00   400  99999.00  99999.00   6466.05   7889.25   -601.68    -81.60   -962.37     46.83       0     978     978     609
72469  02  00   300  99999.00  99999.00   8263.24   9996.52   -680.93   -284.45   -981.89   -209.57       0     976     976     579
72469  02  00   250  99999.00  99999.00   9417.35  11208.47   -763.85   -323.09   -944.41   -376.45       0     970     968     561
72469  02  00   200  99999.00  99999.00  10913.79  12554.79   -916.86   -201.18  -1008.78   -408.30       0     968     968     559
72469  02  00   150  99999.00  99999.00  12850.14  14290.38   -793.01   -309.41  -1100.72   -387.80       0     962     962     555
72469  02  00   100  99999.00  99999.00  15519.90  16753.86   -826.80   -354.84  -1137.20   -436.64       0     958     961     555
72469  02  00    80  99999.00  99999.00  17004.48  18047.76   -843.51   -364.59  -1182.18   -429.54       0     113     144      84
72469  02  00    70  99999.00  99999.00  17813.38  18909.34   -820.18   -389.50  -1136.28   -465.00       0     952     952     544
72469  02  00    60  99999.00  99999.00  18654.44  19939.40   -786.91   -413.59  -1199.21   -389.09       0     102     155      94
72469  02  00    50  99999.00  99999.00  19876.52  21037.40   -813.14   -390.02  -1139.47   -463.63       0     935     936     535
72469  02  00    40  99999.00  99999.00  21109.58  22521.50   -822.21   -366.33  -1179.36   -409.56       0     116     179     112
72469  02  00    30  99999.00  99999.00  22879.43  24432.47   -806.59   -358.27  -1146.33   -440.25       0     913     912     523
72469  02  00    20  99999.00  99999.00  25247.41  27193.21   -799.81   -319.33  -1146.80   -421.52       0     864     867     492
72469  02  00    15  99999.00  99999.00  26552.25  29330.73   -788.80   -287.32  -1163.63   -386.51       0     175     312     193
72469  02  00    10  99999.00  99999.00  29384.63  31979.87   -764.20   -232.48  -1162.05   -351.21       0     625     647     396
72469  02  00     7  99999.00  99999.00  31048.83  34813.11   -778.33   -134.65  -1119.08   -333.32       0     257     321     217
72469  02  00     5  99999.00  99999.00  99999.00  99999.00  99999.00  99999.00  99999.00  99999.00       0      35      45      27
72469  02  00     3  99999.00  99999.00  99999.00  99999.00  99999.00  99999.00  99999.00  99999.00       0       3       5       1
72469  02  00     2  99999.00  99999.00  99999.00  99999.00  99999.00  99999.00  99999.00  99999.00       0       0       0       0
72469  02  00     1  99999.00  99999.00  99999.00  99999.00  99999.00  99999.00  99999.00  99999.00       0       0       0       0
72469  03  00  9999    796.20    870.36  99999.00  99999.00   -350.73    570.99   -407.62    799.58     903       0     807     563
72469  03  00  1000  99999.00  99999.00  99999.00  99999.00  99999.00  99999.00  99999.00  99999.00       0       0       0       0
72469  03  00   925  99999.00  99999.00  99999.00  99999.00  99999.00  99999.00  99999.00  99999.00       0       0       0       0
72469  03  00   900  99999.00  99999.00  99999.00  99999.00  99999.00  99999.00  99999.00  99999.00       0       0       0       0
72469  03  00   850  99999.00  99999.00  99999.00  99999.00  99999.00  99999.00  99999.00  99999.00       0       2       2       2
72469  03  00   800  99999.00  99999.00  99999.00  99999.00  99999.00  99999.00  99999.00  99999.00       0      13      19      12
72469  03  00   700  99999.00  99999.00   2646.37   3404.29   -376.99    340.49   -481.09    192.95       0    1055    1055     658
72469  03  00   600  99999.00  99999.00  99999.00  99999.00  99999.00  99999.00  99999.00  99999.00       0      21      29      19
72469  03  00   500  99999.00  99999.00   5057.31   6149.43   -468.69     48.27   -776.07    140.61       0    1054    1054     655
72469  03  00   400  99999.00  99999.00   6534.72   7890.48   -577.54    -81.10   -883.28     -8.12       0    1051    1050     655
72469  03  00   300  99999.00  99999.00   8344.18  10001.62   -679.49   -274.25   -925.60   -241.60       0    1047    1047     618
72469  03  00   250  99999.00  99999.00   9496.90  11218.42   -754.01   -334.73   -918.45   -391.05       0    1044    1044     593
72469  03  00   200  99999.00  99999.00  10992.45  12555.33   -923.60   -217.52   -990.39   -423.27       0    1039    1039     589
72469  03  00   150  99999.00  99999.00   9127.96  18032.80   -804.00   -309.00  -1068.85   -406.45       0    1034    1034     587
72469  03  00   100  99999.00  99999.00  15634.72  16702.48   -812.86   -363.70  -1153.56   -408.12       0    1025    1026     585
72469  03  00    80  99999.00  99999.00   1891.88  32737.04   -827.29   -380.05  -1161.79   -438.79       0     115     162      94
72469  03  00    70  99999.00  99999.00  17944.07  18849.95   -800.56   -406.84  -1145.93   -452.09       0    1011    1011     565
72469  03  00    60  99999.00  99999.00    666.40  37400.68   -805.82   -404.78  -1164.70   -411.46       0      92     156      96
72469  03  00    50  99999.00  99999.00  20034.09  20958.09   -765.54   -425.58  -1139.73   -450.81       0     996     996     557
72469  03  00    40  99999.00  99999.00  21211.79  22518.71   -777.73   -396.25  -1161.06   -431.82       0     106     175      87
72469  03  00    30  99999.00  99999.00  23134.80  24278.40   -732.69   -410.37  -1130.26   -438.94       0     955     955     532
72469  03  00    20  99999.00  99999.00  25606.34  26961.74   -720.97   -369.85  -1122.37   -423.01       0     922     923     501
72469  03  00    15  99999.00  99999.00  10041.51  45493.47   -735.76   -309.28  -1171.79   -348.47       0     166     317     179
72469  03  00    10  99999.00  99999.00  29844.70  31677.22   -726.03   -222.39  -1110.94   -363.10       0     629     675     402
72469  03  00     7  99999.00  99999.00  31250.29  34713.13   -732.27   -123.75  -1067.89   -342.97       0     212     281     197
72469  03  00     5  99999.00  99999.00  99999.00  99999.00  99999.00  99999.00  99999.00  99999.00       0      26      43      26
72469  03  00     3  99999.00  99999.00  99999.00  99999.00  99999.00  99999.00  99999.00  99999.00       0       3       3       1
72469  03  00     2  99999.00  99999.00  99999.00  99999.00  99999.00  99999.00  99999.00  99999.00       0       1       1       0
72469  03  00     1  99999.00  99999.00  99999.00  99999.00  99999.00  99999.00  99999.00  99999.00       0       1       1       0
72469  04  00  9999    796.98    869.46  99999.00  99999.00   -298.71    589.89   -436.68    812.16     885       0     797     559
72469  04  00  1000  99999.00  99999.00  99999.00  99999.00  99999.00  99999.00  99999.00  99999.00       0       0       0       0
72469  04  00   925  99999.00  99999.00  99999.00  99999.00  99999.00  99999.00  99999.00  99999.00       0       0       0       0
72469  04  00   900  99999.00  99999.00  99999.00  99999.00  99999.00  99999.00  99999.00  99999.00       0       0       0       0
72469  04  00   850  99999.00  99999.00  99999.00  99999.00  99999.00  99999.00  99999.00  99999.00       0       0       0       0
72469  04  00   800  99999.00  99999.00  99999.00  99999.00  99999.00  99999.00  99999.00  99999.00       0      16      18      12
72469  04  00   700  99999.00  99999.00    570.20   5491.28   -359.91    381.93   -428.77    216.71       0    1034    1034     647
72469  04  00   600  99999.00  99999.00  99999.00  99999.00  99999.00  99999.00  99999.00  99999.00       0      28      36      22
72469  04  00   500  99999.00  99999.00   1452.38   9783.62   -424.22     49.90   -741.01    182.03       0    1031    1031     643
72469  04  00   400  99999.00  99999.00   3949.31  10560.35   -536.34    -79.26   -886.87     39.05       0    1021    1021     641
72469  04  00   300  99999.00  99999.00   8465.56  10032.04   -647.13   -269.37   -891.17   -242.33       0    1010    1010     600
72469  04  00   250  99999.00  99999.00   9619.52  11264.00   -707.35   -356.71   -900.62   -384.26       0    1010    1008     586
72469  04  00   200  99999.00  99999.00   5916.60  17719.32   -909.66   -241.50   -979.38   -425.58       0    1003    1003     584
72469  04  00   150  99999.00  99999.00   7236.65  20031.17   -832.05   -297.45  -1086.14   -382.70       0     994     994     582
72469  04  00   100  99999.00  99999.00   9092.54  23283.98   -793.92   -386.64  -1165.64   -393.80       0     988     988     576
72469  04  00    80  99999.00  99999.00  17154.13  18036.13   -823.26   -379.74  -1229.84   -348.08       0     112     155     102
72469  04  00    70  99999.00  99999.00  18059.57  18877.49   -784.81   -420.61  -1159.27   -430.75       0     979     979     554
72469  04  00    60  99999.00  99999.00  18924.27  19886.31   -782.13   -415.29  -1156.60   -433.12       0     104     163      95
72469  04  00    50  99999.00  99999.00  20163.18  20974.38   -749.01   -437.61  -1152.44   -431.12       0     966     966     548
72469  04  00    40  99999.00  99999.00   1602.34  41577.10   -750.54   -412.26  -1149.62   -433.10       0      92     174     102
72469  04  00    30  99999.00  99999.00  23309.32  24274.36   -705.63   -411.15  -1132.90   -407.50       0     939     939     511
72469  04  00    20  99999.00  99999.00  25799.46  26978.82   -696.37   -350.29  -1126.57   -376.33       0     898     901     479
72469  04  00    15  99999.00  99999.00  27035.11  29196.31   -691.40   -301.04  -1158.85   -319.09       0     181     309     157
72469  04  00    10  99999.00  99999.00  29917.94  31927.82   -664.36   -207.64  -1103.70   -301.98       0     557     617     378
72469  04  00     7  99999.00  99999.00  31220.41  35178.37   -657.91   -119.47  -1081.81   -246.85       0     147     194     123
72469  04  00     5  99999.00  99999.00  99999.00  99999.00  99999.00  99999.00  99999.00  99999.00       0      21      27      13
72469  04  00     3  99999.00  99999.00  99999.00  99999.00  99999.00  99999.00  99999.00  99999.00       0       3       4       2
72469  04  00     2  99999.00  99999.00  99999.00  99999.00  99999.00  99999.00  99999.00  99999.00       0       0       0       0
72469  04  00     1  99999.00  99999.00  99999.00  99999.00  99999.00  99999.00  99999.00  99999.00       0       0       0       0
72469  05  00  9999    800.44    868.00  99999.00  99999.00   -207.80    591.40   -414.33    775.95     906       0     830     592
72469  05  00  1000  99999.00  99999.00  99999.00  99999.00  99999.00  99999.00  99999.00  99999.00       0       0       0       0
72469  05  00   925  99999.00  99999.00  99999.00  99999.00  99999.00  99999.00  99999.00  99999.00       0       0       0       0
72469  05  00   900  99999.00  99999.00  99999.00  99999.00  99999.00  99999.00  99999.00  99999.00       0       0       0       0
72469  05  00   850  99999.00  99999.00  99999.00  99999.00  99999.00  99999.00  99999.00  99999.00       0       2       2       2
72469  05  00   800  99999.00  99999.00  99999.00  99999.00  99999.00  99999.00  99999.00  99999.00       0      16      20      12
72469  05  00   700  99999.00  99999.00   2749.26   3409.74   -267.11    380.65   -396.09    284.55       0    1059    1060     667
72469  05  00   600  99999.00  99999.00  99999.00  99999.00  99999.00  99999.00  99999.00  99999.00       0      22      31      21
72469  05  00   500  99999.00  99999.00   5274.07   6183.19   -350.15     57.49   -649.59    204.21       0    1054    1053     664
72469  05  00   400  99999.00  99999.00   6820.59   7939.59   -470.29    -59.77   -865.45    110.75       0    1052    1052     665
72469  05  00   300  99999.00  99999.00   5710.67  13035.71   -602.31   -240.75   -934.55   -132.35       0    1047    1047     643
72469  05  00   250  99999.00  99999.00   9850.60  11351.56   -667.67   -349.67   -929.06   -307.58       0    1042    1042     622
72469  05  00   200  99999.00  99999.00   7842.88  16172.32   -839.31   -309.87   -943.36   -442.72       0    1039    1039     617
72469  05  00   150  99999.00  99999.00  13230.01  14451.61   -846.46   -309.58  -1072.10   -392.42       0    1034    1034     612
72469  05  00   100  99999.00  99999.00  11392.03  21325.99   -806.13   -401.49  -1158.37   -406.81       0    1026    1028     608
72469  05  00    80  99999.00  99999.00  17246.36  18243.32   -796.19   -432.83  -1196.73   -375.93       0     127     169     107
72469  05  00    70  99999.00  99999.00  18169.52  19033.04   -772.33   -445.69  -1157.46   -430.98       0    1016    1016     590
72469  05  00    60  99999.00  99999.00  19060.64  19998.32   -777.12   -430.08  -1166.41   -417.49       0     107     162     102
72469  05  00    50  99999.00  99999.00  20270.10  21134.82   -725.16   -446.04  -1153.85   -413.21       0    1002    1002     576
72469  05  00    40  99999.00  99999.00  21431.61  22703.01   -734.11   -399.91  -1146.52   -400.48       0      93     151      98
72469  05  00    30  99999.00  99999.00  23427.40  24471.40   -675.14   -395.54  -1142.88   -376.92       0     962     961     521
72469  05  00    20  99999.00  99999.00  25950.66  27207.18   -646.22   -337.58  -1126.66   -346.18       0     910     911     477
72469  05  00    15  99999.00  99999.00  10582.26  45617.10   -634.29   -287.73  -1167.24   -286.44       0     173     309     171
72469  05  00    10  99999.00  99999.00  20934.11  41297.75   -565.66   -239.86  -1048.53   -325.17       0     594     637     387
72469  05  00     7  99999.00  99999.00  31735.16  35289.20   -514.96   -198.64  -1016.23   -295.87       0     159     223     152
72469  05  00     5  99999.00  99999.00  99999.00  99999.00  99999.00  99999.00  99999.00  99999.00       0      20      28      10
72469  05  00     3  99999.00  99999.00  99999.00  99999.00  99999.00  99999.00  99999.00  99999.00       0       1       1       0
72469  05  00     2  99999.00  99999.00  99999.00  99999.00  99999.00  99999.00  99999.00  99999.00       0       1       1       0
72469  05  00     1  99999.00  99999.00  99999.00  99999.00  99999.00  99999.00  99999.00  99999.00       0       0       0       0
72469  06  00  9999    809.12    862.16  99999.00  99999.00    -95.02    605.90   -386.92    811.64     883       0     802     568
72469  06  00  1000  99999.00  99999.00  99999.00  99999.00  99999.00  99999.00  99999.00  99999.00       0       0       0       0
72469  06  00   925  99999.00  99999.00  99999.00  99999.00  99999.00  99999.00  99999.00  99999.00       0       0       0       0
72469  06  00   900  99999.00  99999.00  99999.00  99999.00  99999.00  99999.00  99999.00  99999.00       0       0       0       0
72469  06  00   850  99999.00  99999.00  99999.00  99999.00  99999.00  99999.00  99999.00  99999.00       0       0       0       0
72469  06  00   800  99999.00  99999.00  99999.00  99999.00  99999.00  99999.00  99999.00  99999.00       0      11      17      12
72469  06  00   700  99999.00  99999.00   2848.44   3404.40   -156.88    383.72   -359.82    305.94       0    1031    1031     647
72469  06  00   600  99999.00  99999.00  99999.00  99999.00  99999.00  99999.00  99999.00  99999.00       0      16      19      11
72469  06  00   500  99999.00  99999.00   5439.50   6212.78   -256.81     52.67   -577.32    215.04       0    1022    1023     642
72469  06  00   400  99999.00  99999.00   7043.41   7969.21   -382.73    -57.17   -869.06    167.86       0    1014    1014     635
72469  06  00   300  99999.00  99999.00   8990.18  10123.70   -534.15   -217.83   -978.26    -41.78       0    1004    1005     627
72469  06  00   250  99999.00  99999.00  10162.17  11416.05   -628.17   -312.09   -969.71   -223.91       0     998     998     595
72469  06  00   200  99999.00  99999.00  11568.58  12902.26   -760.72   -357.88   -937.92   -424.08       0     995     995     588
72469  06  00   150  99999.00  99999.00  13421.13  14668.41   -836.72   -359.24  -1073.65   -413.41       0     988     989     586
72469  06  00   100  99999.00  99999.00  16080.64  17029.36   -845.93   -422.33  -1148.18   -445.22       0     981     982     584
72469  06  00    80  99999.00  99999.00  17368.78  18425.14   -811.05   -451.77  -1195.92   -413.40       0     128     177     118
72469  06  00    70  99999.00  99999.00  18336.82  19165.18   -753.12   -472.08  -1153.59   -432.99       0     974     973     560
72469  06  00    60  99999.00  99999.00  19147.94  20228.90   -736.51   -456.55  -1192.06   -383.38       0      86     148      89
72469  06  00    50  99999.00  99999.00  20416.28  21296.84   -696.67   -454.51  -1164.66   -387.30       0     963     963     552
72469  06  00    40  99999.00  99999.00  21559.16  22912.64   -685.74   -418.74  -1161.68   -345.80       0      87     139      84
72469  06  00    30  99999.00  99999.00  23593.38  24652.62   -639.63   -397.59  -1151.67   -345.39       0     931     930     504
72469  06  00    20  99999.00  99999.00  26152.01  27404.45   -593.96   -345.44  -1122.08   -326.72       0     883     884     447
72469  06  00    15  99999.00  99999.00  27407.18  29667.86   -581.36   -290.84  -1130.49   -271.77       0     199     335     184
72469  06  00    10  99999.00  99999.00  30424.96  32436.04   -525.74   -237.50  -1085.62   -258.82       0     576     626     380
72469  06  00     7  99999.00  99999.00  32022.31  35512.75   -481.32   -198.36   -985.64   -295.04       0     177     226     145
72469  06  00     5  99999.00  99999.00  99999.00  99999.00  99999.00  99999.00  99999.00  99999.00       0      24      28      15
72469  06  00     3  99999.00  99999.00  99999.00  99999.00  99999.00  99999.00  99999.00  99999.00       0       3       3       1
72469  06  00     2  99999.00  99999.00  99999.00  99999.00  99999.00  99999.00  99999.00  99999.00       0       1       1       0
72469  06  00     1  99999.00  99999.00  99999.00  99999.00  99999.00  99999.00  99999.00  99999.00       0       1       1       0
72469  07  00  9999    817.59    859.59  99999.00  99999.00    -10.66    586.22   -360.46    801.02     906       0     832     589
72469  07  00  1000  99999.00  99999.00  99999.00  99999.00  99999.00  99999.00  99999.00  99999.00       0       0       0       0
72469  07  00   925  99999.00  99999.00  99999.00  99999.00  99999.00  99999.00  99999.00  99999.00       0       0       0       0
72469  07  00   900  99999.00  99999.00  99999.00  99999.00  99999.00  99999.00  99999.00  99999.00       0       0       0       0
72469  07  00   850  99999.00  99999.00  99999.00  99999.00  99999.00  99999.00  99999.00  99999.00       0       0       0       0
72469  07  00   800  99999.00  99999.00  99999.00  99999.00  99999.00  99999.00  99999.00  99999.00       0      12      15       7
72469  07  00   700  99999.00  99999.00   2980.66   3368.02    -55.77    338.43   -281.09    286.63       0    1060    1058     658
72469  07  00   600  99999.00  99999.00  99999.00  99999.00  99999.00  99999.00  99999.00  99999.00       0      18      27      16
72469  07  00   500  99999.00  99999.00   5666.08   6136.72   -176.07     28.29   -639.30    337.74       0    1056    1057     658
72469  07  00   400  99999.00  99999.00   7330.67   7876.31   -314.48    -52.40   -938.41    304.07       0    1047    1047     650
72469  07  00   300  99999.00  99999.00   9342.69  10031.97   -476.11   -195.31  -1020.50     73.30       0    1038    1036     645
72469  07  00   250  99999.00  99999.00  10543.72  11336.92   -564.22   -301.30  -1026.32   -108.80       0    1033    1032     613
72469  07  00   200  99999.00  99999.00  11961.40  12852.88   -666.72   -407.64   -987.09   -343.89       0    1030    1028     607
72469  07  00   150  99999.00  99999.00  13787.20  14639.44   -808.55   -450.23  -1027.32   -488.16       0    1026    1027     604
72469  07  00   100  99999.00  99999.00  16361.89  16988.77   -840.92   -486.68  -1075.36   -527.32       0    1015    1018     601
72469  07  00    80  99999.00  99999.00  17623.01  18385.25   -794.49   -486.81  -1105.39   -478.75       0     143     196     122
72469  07  00    70  99999.00  99999.00  18553.99  19160.23   -758.31   -472.59  -1121.20   -452.56       0    1010    1012     594
72469  07  00    60  99999.00  99999.00  19360.00  20231.92   -733.93   -458.41  -1147.55   -399.95       0      81     142      91
72469  07  00    50  99999.00  99999.00  20617.67  21309.59   -687.77   -454.85  -1143.48   -402.72       0     985     985     576
72469  07  00    40  99999.00  99999.00  21682.26  23000.82   -681.98   -408.98  -1151.76   -358.92       0      95     155      96
72469  07  00    30  99999.00  99999.00  23792.99  24684.95   -621.51   -403.71  -1122.76   -370.60       0     943     943     525
72469  07  00    20  99999.00  99999.00  26379.06  27421.74   -584.67   -344.67  -1108.22   -335.90       0     897     897     479
72469  07  00    15  99999.00  99999.00  27516.04  29784.16   -583.63   -284.11  -1114.67   -305.27       0     172     297     172
72469  07  00    10  99999.00  99999.00  30768.12  32344.20   -517.96   -252.40  -1041.41   -314.45       0     554     602     382
72469  07  00     7  99999.00  99999.00  31844.19  35821.11   -509.97   -186.93   -979.82   -334.82       0     157     199     124
72469  07  00     5  99999.00  99999.00  99999.00  99999.00  99999.00  99999.00  99999.00  99999.00       0      21      26      13
72469  07  00     3  99999.00  99999.00  99999.00  99999.00  99999.00  99999.00  99999.00  99999.00       0       0       0       0
72469  07  00     2  99999.00  99999.00  99999.00  99999.00  99999.00  99999.00  99999.00  99999.00       0       0       0       0
72469  07  00     1  99999.00  99999.00  99999.00  99999.00  99999.00  99999.00  99999.00  99999.00       0       0       0       0
72469  08  00  9999    818.81    859.61  99999.00  99999.00    -10.38    555.66   -327.15    733.29     880       0     802     561
72469  08  00  1000  99999.00  99999.00  99999.00  99999.00  99999.00  99999.00  99999.00  99999.00       0       0       0       0
72469  08  00   925  99999.00  99999.00  99999.00  99999.00  99999.00  99999.00  99999.00  99999.00       0       0       0       0
72469  08  00   900  99999.00  99999.00  99999.00  99999.00  99999.00  99999.00  99999.00  99999.00       0       0       0       0
72469  08  00   850  99999.00  99999.00  99999.00  99999.00  99999.00  99999.00  99999.00  99999.00       0       0       0       0
72469  08  00   800  99999.00  99999.00  99999.00  99999.00  99999.00  99999.00  99999.00  99999.00       0      12      13       7
72469  08  00   700  99999.00  99999.00   2994.32   3356.12    -50.56    312.44   -244.12    256.40       0    1029    1029     635
72469  08  00   600  99999.00  99999.00  99999.00  99999.00  99999.00  99999.00  99999.00  99999.00       0      19      27      12
72469  08  00   500  99999.00  99999.00   5675.30   6114.62   -186.60     30.96   -592.23    305.49       0    1023    1023     632
72469  08  00   400  99999.00  99999.00   7331.31   7860.03   -315.94    -54.82   -910.89    298.59       0    1017    1019     625
72469  08  00   300  99999.00  99999.00   9329.10  10025.82   -482.18   -194.42   -952.98     28.26       0    1011    1011     618
72469  08  00   250  99999.00  99999.00  10524.70  11333.98   -569.98   -298.90   -965.10   -151.62       0    1005    1005     580
72469  08  00   200  99999.00  99999.00  11949.21  12842.25   -665.98   -404.02   -960.66   -360.42       0    1002    1002     571
72469  08  00   150  99999.00  99999.00  13777.54  14633.02   -791.64   -461.76  -1001.22   -509.70       0     995     994     565
72469  08  00   100  99999.00  99999.00  11542.20  21738.36   -838.71   -490.11  -1043.38   -557.02       0     989     994     566
72469  08  00    80  99999.00  99999.00  17653.00  18350.44   -795.35   -482.15  -1087.51   -480.79       0     143     193     125
72469  08  00    70  99999.00  99999.00  18551.48  19151.00   -743.84   -482.24  -1116.76   -447.52       0     980     982     547
72469  08  00    60  99999.00  99999.00  19368.49  20237.65   -738.54   -450.30  -1120.07   -411.83       0      90     132      74
72469  08  00    50  99999.00  99999.00  20630.39  21289.55   -681.96   -459.00  -1139.18   -393.50       0     964     964     534
72469  08  00    40  99999.00  99999.00  21750.06  22918.50   -683.95   -415.63  -1150.12   -345.76       0      85     138      80
72469  08  00    30  99999.00  99999.00  23815.48  24650.08   -624.46   -404.98  -1146.01   -333.25       0     936     936     500
72469  08  00    20  99999.00  99999.00  26398.01  27379.25   -585.49   -355.93  -1122.02   -301.58       0     896     897     466
72469  08  00    15  99999.00  99999.00  10497.77  46336.13   -569.88   -315.84  -1117.72   -266.32       0     168     281     167
72469  08  00    10  99999.00  99999.00  30646.04  32392.64   -533.12   -267.56  -1031.20   -320.20       0     599     645     380
72469  08  00     7  99999.00  99999.00  32134.56  35467.44   -510.57   -223.41   -979.73   -334.13       0     178     223     137
72469  08  00     5  99999.00  99999.00  99999.00  99999.00  99999.00  99999.00  99999.00  99999.00       0      28      34      17
72469  08  00     3  99999.00  99999.00  99999.00  99999.00  99999.00  99999.00  99999.00  99999.00       0       2       2       0
72469  08  00     2  99999.00  99999.00  99999.00  99999.00  99999.00  99999.00  99999.00  99999.00       0       1       1       0
72469  08  00     1  99999.00  99999.00  99999.00  99999.00  99999.00  99999.00  99999.00  99999.00       0       0       0       0
72469  09  00  9999    811.61    864.41  99999.00  99999.00   -129.60    598.32   -364.85    772.63     832       0     751     516
72469  09  00  1000  99999.00  99999.00  99999.00  99999.00  99999.00  99999.00  99999.00  99999.00       0       0       0       0
72469  09  00   925  99999.00  99999.00  99999.00  99999.00  99999.00  99999.00  99999.00  99999.00       0       0       0       0
72469  09  00   900  99999.00  99999.00  99999.00  99999.00  99999.00  99999.00  99999.00  99999.00       0       0       0       0
72469  09  00   850  99999.00  99999.00  99999.00  99999.00  99999.00  99999.00  99999.00  99999.00       0       4       3       2
72469  09  00   800  99999.00  99999.00  99999.00  99999.00  99999.00  99999.00  99999.00  99999.00       0       4       8       4
72469  09  00   700  99999.00  99999.00   2864.75   3415.55   -188.66    380.74   -358.41    288.87       0     983     983     597
72469  09  00   600  99999.00  99999.00  99999.00  99999.00  99999.00  99999.00  99999.00  99999.00       0      21      25      15
72469  09  00   500  99999.00  99999.00   2756.07   8868.87   -275.54     63.58   -781.71    363.45       0     981     981     598
72469  09  00   400  99999.00  99999.00   7042.31   7975.31   -403.14    -36.06   -908.84    177.76       0     974     973     589
72469  09  00   300  99999.00  99999.00   5725.70  13353.74   -548.43   -199.59   -943.39    -65.23       0     969     969     574
72469  09  00   250  99999.00  99999.00  10163.93  11424.29   -640.70   -283.70   -940.24   -247.00       0     966     966     546
72469  09  00   200  99999.00  99999.00  11592.48  12905.88   -734.57   -347.93   -936.06   -418.98       0     965     965     540
72469  09  00   150  99999.00  99999.00   9348.39  18733.95   -793.43   -418.43  -1014.98   -488.90       0     963     963     539
72469  09  00   100  99999.00  99999.00  11358.95  21697.55   -859.33   -437.89  -1080.47   -511.19       0     958     958     538
72469  09  00    80  99999.00  99999.00  17378.28  18402.96   -823.31   -448.43  -1147.94   -431.78       0     143     181     111
72469  09  00    70  99999.00  99999.00  18333.72  19154.76   -778.15   -455.35  -1090.86   -482.22       0     949     949     520
72469  09  00    60  99999.00  99999.00  19136.12  20193.80   -759.32   -443.00  -1109.85   -428.73       0     101     141      72
72469  09  00    50  99999.00  99999.00  20424.81  21268.41   -711.65   -446.09  -1101.96   -439.32       0     939     939     514
72469  09  00    40  99999.00  99999.00  21601.65  22825.65   -702.71   -413.99  -1091.22   -433.26       0     120     183     104
72469  09  00    30  99999.00  99999.00  23603.53  24608.53   -646.60   -403.60  -1104.29   -383.21       0     907     907     484
72469  09  00    20  99999.00  99999.00  26146.15  27349.39   -610.95   -359.91  -1092.01   -353.05       0     866     868     445
72469  09  00    15  99999.00  99999.00  27446.11  29574.79   -608.02   -316.30  -1111.03   -311.59       0     186     264     137
72469  09  00    10  99999.00  99999.00  30423.66  32255.10   -568.10   -280.82  -1055.59   -323.95       0     613     657     374
72469  09  00     7  99999.00  99999.00  31687.72  35509.48   -548.56   -240.52  -1031.94   -293.22       0     219     261     167
72469  09  00     5  99999.00  99999.00  99999.00  99999.00  99999.00  99999.00  99999.00  99999.00       0      34      42      19
72469  09  00     3  99999.00  99999.00  99999.00  99999.00  99999.00  99999.00  99999.00  99999.00       0       4       4       2
72469  09  00     2  99999.00  99999.00  99999.00  99999.00  99999.00  99999.00  99999.00  99999.00       0       1       1       0
72469  09  00     1  99999.00  99999.00  99999.00  99999.00  99999.00  99999.00  99999.00  99999.00       0       0       0       0
72469  10  00  9999    803.28    870.60  99999.00  99999.00   -263.55    600.69   -381.59    753.97     876       0     821     576
72469  10  00  1000  99999.00  99999.00  99999.00  99999.00  99999.00  99999.00  99999.00  99999.00       0       0       0       0
72469  10  00   925  99999.00  99999.00  99999.00  99999.00  99999.00  99999.00  99999.00  99999.00       0       0       0       0
72469  10  00   900  99999.00  99999.00  99999.00  99999.00  99999.00  99999.00  99999.00  99999.00       0       0       0       0
72469  10  00   850  99999.00  99999.00  99999.00  99999.00  99999.00  99999.00  99999.00  99999.00       0       3       3       2
72469  10  00   800  99999.00  99999.00  99999.00  99999.00  99999.00  99999.00  99999.00  99999.00       0       6      10       6
72469  10  00   700  99999.00  99999.00   2739.50   3451.82   -292.77    380.31   -427.02    245.34       0    1032    1031     630
72469  10  00   600  99999.00  99999.00  99999.00  99999.00  99999.00  99999.00  99999.00  99999.00       0      19      27      17
72469  10  00   500  99999.00  99999.00   5220.20   6254.60   -373.29     84.39   -780.55    239.93       0    1032    1032     631
72469  10  00   400  99999.00  99999.00   6759.00   8021.88   -478.89    -43.17   -876.86     80.14       0    1029    1029     630
72469  10  00   300  99999.00  99999.00   8643.09  10169.97   -594.86   -234.50   -899.42   -171.14       0    1025    1025     624
72469  10  00   250  99999.00  99999.00   9815.19  11426.79   -686.18   -306.50   -884.95   -340.39       0    1019    1019     613
72469  10  00   200  99999.00  99999.00  11265.37  12851.77   -810.55   -305.11   -918.45   -448.41       0    1018    1018     611
72469  10  00   150  99999.00  99999.00  13155.62  14588.54   -824.16   -370.68  -1026.50   -456.26       0    1006    1006     602
72469  10  00   100  99999.00  99999.00  15816.54  16937.94   -870.86   -405.62  -1108.12   -472.36       0     992     992     597
72469  10  00    80  99999.00  99999.00  17177.13  18277.65   -850.32   -427.32  -1157.00   -425.48       0     128     168     115
72469  10  00    70  99999.00  99999.00  18088.36  19045.36   -798.12   -454.80  -1109.16   -472.44       0     977     977     583
72469  10  00    60  99999.00  99999.00  18920.47  20049.79   -783.51   -450.15  -1124.93   -453.89       0      96     144      96
72469  10  00    50  99999.00  99999.00  20166.75  21138.75   -750.03   -453.75  -1126.33   -434.17       0     972     972     581
72469  10  00    40  99999.00  99999.00  21433.69  22597.69   -742.38   -422.58  -1136.89   -399.01       0     118     184     116
72469  10  00    30  99999.00  99999.00  23288.29  24451.33   -715.62   -399.30  -1121.84   -392.60       0     935     935     565
72469  10  00    20  99999.00  99999.00  19065.28  33796.24   -711.69   -342.21  -1096.55   -389.15       0     891     891     529
72469  10  00    15  99999.00  99999.00  27179.18  29200.10  -3779.16   2702.40  -1100.49   -367.65       0     187     310     202
72469  10  00    10  99999.00  99999.00  29922.92  32035.88   -690.63   -277.95  -1091.15   -367.31       0     624     650     424
72469  10  00     7  99999.00  99999.00  16373.70  49723.50   -679.29   -240.09  -1041.74   -396.62       0     245     309     229
72469  10  00     5  99999.00  99999.00  99999.00  99999.00  99999.00  99999.00  99999.00  99999.00       0      26      35      21
72469  10  00     3  99999.00  99999.00  99999.00  99999.00  99999.00  99999.00  99999.00  99999.00       0       1       1       0
72469  10  00     2  99999.00  99999.00  99999.00  99999.00  99999.00  99999.00  99999.00  99999.00       0       1       1       0
72469  10  00     1  99999.00  99999.00  99999.00  99999.00  99999.00  99999.00  99999.00  99999.00       0       0       0       0
72469  11  00  9999    798.90    873.66  99999.00  99999.00   -353.63    540.49   -368.15    690.01     857       0     842     606
72469  11  00  1000  99999.00  99999.00  99999.00  99999.00  99999.00  99999.00  99999.00  99999.00       0       0       0       0
72469  11  00   925  99999.00  99999.00  99999.00  99999.00  99999.00  99999.00  99999.00  99999.00       0       0       0       0
72469  11  00   900  99999.00  99999.00  99999.00  99999.00  99999.00  99999.00  99999.00  99999.00       0       0       0       0
72469  11  00   850  99999.00  99999.00  99999.00  99999.00  99999.00  99999.00  99999.00  99999.00       0       5       5       5
72469  11  00   800  99999.00  99999.00  99999.00  99999.00  99999.00  99999.00  99999.00  99999.00       0      19      23      16
72469  11  00   700  99999.00  99999.00   2646.69   3463.53   -386.32    374.12   -526.23    229.65       0    1005    1006     619
72469  11  00   600  99999.00  99999.00  99999.00  99999.00  99999.00  99999.00  99999.00  99999.00       0      20      30      21
72469  11  00   500  99999.00  99999.00   5031.70   6273.10   -482.56    115.88   -838.77    204.27       0    1003    1004     620
72469  11  00   400  99999.00  99999.00   6500.29   8060.89   -581.68    -16.12   -893.71     33.53       0    1001    1002     618
72469  11  00   300  99999.00  99999.00   8317.72  10218.64   -660.15   -226.83   -929.26   -191.98       0     993     993     611
72469  11  00   250  99999.00  99999.00   9475.93  11463.61   -730.04   -301.76   -908.28   -353.64       0     990     989     600
72469  11  00   200  99999.00  99999.00  10949.65  12849.49   -873.78   -260.22   -946.17   -444.09       0     987     987     597
72469  11  00   150  99999.00  99999.00  12888.62  14533.22   -884.57   -303.89  -1028.03   -455.15       0     977     977     591
72469  11  00   100  99999.00  99999.00  11081.44  21321.28   -888.82   -367.18  -1091.08   -473.20       0     959     961     587
72469  11  00    80  99999.00  99999.00  17032.85  18127.25   -876.09   -393.93  -1147.52   -432.56       0     112     157     110
72469  11  00    70  99999.00  99999.00  17919.67  18923.71   -821.20   -437.92  -1102.79   -484.43       0     941     942     559
72469  11  00    60  99999.00  99999.00  18768.83  19888.67   -822.95   -427.19  -1159.54   -410.50       0      97     159      99
72469  11  00    50  99999.00  99999.00  20028.47  20971.55   -768.44   -461.96  -1110.29   -471.17       0     922     922     551
72469  11  00    40  99999.00  99999.00   4690.84  38467.72   -757.84   -447.88  -1162.21   -394.09       0     128     193     121
72469  11  00    30  99999.00  99999.00  23161.81  24215.17   -749.56   -418.72  -1125.92   -428.96       0     874     874     531
72469  11  00    20  99999.00  99999.00  25625.10  26880.78   -753.01   -368.41  -1125.68   -407.84       0     818     819     507
72469  11  00    15  99999.00  99999.00   9828.95  45529.91   -755.52   -342.96  -1136.08   -372.52       0     163     284     181
72469  11  00    10  99999.00  99999.00  20033.72  41182.28   -738.51   -304.11  -1101.94   -397.78       0     537     561     411
72469  11  00     7  99999.00  99999.00  30922.45  34827.13   -727.36   -267.16  -1039.84   -452.32       0     156     206     168
72469  11  00     5  99999.00  99999.00  99999.00  99999.00  99999.00  99999.00  99999.00  99999.00       0      12      28      21
72469  11  00     3  99999.00  99999.00  99999.00  99999.00  99999.00  99999.00  99999.00  99999.00       0       1       2       1
72469  11  00     2  99999.00  99999.00  99999.00  99999.00  99999.00  99999.00  99999.00  99999.00       0       1       1       0
72469  11  00     1  99999.00  99999.00  99999.00  99999.00  99999.00  99999.00  99999.00  99999.00       0       0       0       0
72469  12  00  9999    801.03    870.39  99999.00  99999.00   -408.44    486.64   -289.29    555.87     827       0     808     563
72469  12  00  1000  99999.00  99999.00  99999.00  99999.00  99999.00  99999.00  99999.00  99999.00       0       0       0       0
72469  12  00   925  99999.00  99999.00  99999.00  99999.00  99999.00  99999.00  99999.00  99999.00       0       0       0       0
72469  12  00   900  99999.00  99999.00  99999.00  99999.00  99999.00  99999.00  99999.00  99999.00       0       0       0       0
72469  12  00   850  99999.00  99999.00  99999.00  99999.00  99999.00  99999.00  99999.00  99999.00       0       7       7       4
72469  12  00   800  99999.00  99999.00  99999.00  99999.00  99999.00  99999.00  99999.00  99999.00       0      15      23      15
72469  12  00   700  99999.00  99999.00   2644.25   3415.73   -420.34    340.58   -529.26    188.22       0     981     982     583
72469  12  00   600  99999.00  99999.00  99999.00  99999.00  99999.00  99999.00  99999.00  99999.00       0      22      31      17
72469  12  00   500  99999.00  99999.00   4986.04   6210.88   -530.99    111.73   -834.56    167.08       0     981     981     581
72469  12  00   400  99999.00  99999.00   6427.07   7990.91   -612.37    -36.49   -897.34      9.38       0     978     978     581
72469  12  00   300  99999.00  99999.00   8226.75  10124.55   -678.09   -253.41   -924.94   -222.46       0     969     970     577
72469  12  00   250  99999.00  99999.00   9384.03  11350.47   -755.32   -308.44   -925.90   -360.22       0     964     964     557
72469  12  00   200  99999.00  99999.00  10865.49  12714.57   -913.44   -227.52   -962.74   -438.70       0     952     952     554
72469  12  00   150  99999.00  99999.00  12817.82  14396.90   -879.67   -276.55  -1047.97   -427.81       0     940     940     547
72469  12  00   100  99999.00  99999.00  15511.37  16785.29   -858.86   -358.82  -1109.47   -450.43       0     926     928     548
72469  12  00    80  99999.00  99999.00  16949.41  18078.25   -882.74   -357.38  -1152.71   -432.71       0     121     161     100
72469  12  00    70  99999.00  99999.00  17800.90  18916.42   -842.15   -392.51  -1118.67   -466.83       0     907     907     528
72469  12  00    60  99999.00  99999.00  18721.81  19856.53   -837.11   -396.11  -1143.35   -432.35       0     103     148      86
72469  12  00    50  99999.00  99999.00  19859.66  21034.10   -820.79   -394.31  -1128.93   -453.69       0     874     874     519
72469  12  00    40  99999.00  99999.00  21110.18  22465.10   -821.67   -379.47  -1183.00   -379.00       0     109     164      96
72469  12  00    30  99999.00  99999.00  22880.53  24398.53   -810.86   -361.82  -1142.34   -425.94       0     826     825     496
72469  12  00    20  99999.00  99999.00  25249.11  27140.55   -831.07   -312.67  -1155.03   -409.59       0     745     745     470
72469  12  00    15  99999.00  99999.00  26538.69  29131.77   -873.09   -255.33  -1205.78   -341.54       0     162     258     169
72469  12  00    10  99999.00  99999.00  29284.11  31897.35   -868.58   -206.42  -1172.32   -373.72       0     407     442     341
72469  12  00     7  99999.00  99999.00  30740.67  34837.71   -836.67   -175.83  -1061.40   -459.72       0     116     148     130
72469  12  00     5  99999.00  99999.00  99999.00  99999.00  99999.00  99999.00  99999.00  99999.00       0      12      22      21
72469  12  00     3  99999.00  99999.00  99999.00  99999.00  99999.00  99999.00  99999.00  99999.00       0       0       1       1
72469  12  00     2  99999.00  99999.00  99999.00  99999.00  99999.00  99999.00  99999.00  99999.00       0       0       0       0
72469  12  00     1  99999.00  99999.00  99999.00  99999.00  99999.00  99999.00  99999.00  99999.00       0       0       0       0
