56985  01  00  9999   8522.45   8911.37  99999.00  99999.00    -81.32    270.76    -89.57    216.43    1023       0    1023    1023
56985  01  00  1000  99999.00  99999.00  99999.00  99999.00  99999.00  99999.00  99999.00  99999.00       0       0       0       0
56985  01  00   925  99999.00  99999.00  99999.00  99999.00  99999.00  99999.00  99999.00  99999.00       0       0       0       0
56985  01  00   900  99999.00  99999.00  99999.00  99999.00  99999.00  99999.00  99999.00  99999.00       0       0       0       0
56985  01  00   850  99999.00  99999.00   1333.76   1688.48   -103.56    305.40   -110.87    237.85       0    1022    1022    1022
56985  01  00   800  99999.00  99999.00  99999.00  99999.00  99999.00  99999.00  99999.00  99999.00       0       0       0       0
56985  01  00   700  99999.00  99999.00   2961.44   3257.96   -151.44    224.64   -382.29    274.95       0    1022    1022    1022
56985  01  00   600  99999.00  99999.00   4171.47   4530.15   -239.72    218.20   -641.58    273.78       0    1023    1023    1023
56985  01  00   500  99999.00  99999.00   5548.34   6021.50   -308.00    134.68   -703.91    145.69       0    1023    1023    1023
56985  01  00   400  99999.00  99999.00   7170.61   7792.33   -423.92     46.36   -763.79     17.41       0    1022    1022    1022
56985  01  00   300  99999.00  99999.00   9160.15   9970.15   -526.45   -132.37   -836.37   -145.29       0    1020    1020    1020
56985  01  00   250  99999.00  99999.00  10380.25  11267.41   -568.89   -267.81   -881.64   -248.52       0    1017    1017    1017
56985  01  00   200  99999.00  99999.00  11837.53  12763.93   -654.39   -392.79   -963.72   -348.00       0    1015    1015    1014
56985  01  00   150  99999.00  99999.00  13659.20  14560.64   -805.19   -479.15  99999.00  99999.00       0    1009    1011      59
56985  01  00   100  99999.00  99999.00  16131.16  16896.64   -973.55   -543.83  99999.00  99999.00       0     989     991       0
56985  01  00    80  99999.00  99999.00  99999.00  99999.00  99999.00  99999.00  99999.00  99999.00       0       0       0       0
56985  01  00    70  99999.00  99999.00  18201.41  18916.73   -999.28   -533.44  99999.00  99999.00       0     973     973       0
56985  01  00    60  99999.00  99999.00  99999.00  99999.00  99999.00  99999.00  99999.00  99999.00       0       0       0       0
56985  01  00    50  99999.00  99999.00  20159.61  20918.97   -867.58   -474.82  99999.00  99999.00       0     948     947       0
56985  01  00    40  99999.00  99999.00  21491.03  22315.31   -791.16   -448.68  99999.00  99999.00       0     929     930       0
56985  01  00    30  99999.00  99999.00  23236.45  24163.09   -740.71   -417.79  99999.00  99999.00       0     890     895       0
56985  01  00    20  99999.00  99999.00  25716.67  26841.55   -719.43   -349.35  99999.00  99999.00       0     768     776       0
56985  01  00    15  99999.00  99999.00  27468.00  28786.92   -710.69   -314.69  99999.00  99999.00       0     599     607       0
56985  01  00    10  99999.00  99999.00  29846.09  31635.53   -686.19   -299.79  99999.00  99999.00       0     268     270       0
56985  01  00     7  99999.00  99999.00  32230.28  33784.88   -700.26   -252.18  99999.00  99999.00       0      67      67       0
56985  01  00     5  99999.00  99999.00  99999.00  99999.00  99999.00  99999.00  99999.00  99999.00       0      18      18       0
56985  01  00     3  99999.00  99999.00  99999.00  99999.00  99999.00  99999.00  99999.00  99999.00       0       0       0       0
56985  01  00     2  99999.00  99999.00  99999.00  99999.00  99999.00  99999.00  99999.00  99999.00       0       0       0       0
56985  01  00     1  99999.00  99999.00  99999.00  99999.00  99999.00  99999.00  99999.00  99999.00       0       0       0       0
56985  02  00  9999   8515.58   8889.14  99999.00  99999.00    -80.60    309.52   -107.86    252.74     933       0     933     933
56985  02  00  1000  99999.00  99999.00  99999.00  99999.00  99999.00  99999.00  99999.00  99999.00       0       0       0       0
56985  02  00   925  99999.00  99999.00  99999.00  99999.00  99999.00  99999.00  99999.00  99999.00       0       0       0       0
56985  02  00   900  99999.00  99999.00  99999.00  99999.00  99999.00  99999.00  99999.00  99999.00       0       0       0       0
56985  02  00   850  99999.00  99999.00   1327.17   1669.89   -107.96    351.16   -112.15    254.09       0     933     932     932
56985  02  00   800  99999.00  99999.00  99999.00  99999.00  99999.00  99999.00  99999.00  99999.00       0       0       0       0
56985  02  00   700  99999.00  99999.00   2960.54   3253.46    -98.44    185.12   -362.21    281.11       0     933     933     933
56985  02  00   600  99999.00  99999.00   4176.49   4519.81   -221.11    187.73   -690.61    339.59       0     933     933     933
56985  02  00   500  99999.00  99999.00   5552.15   6006.95   -307.54    127.82   -749.87    198.25       0     933     933     933
56985  02  00   400  99999.00  99999.00   7164.62   7783.70   -430.96     48.68   -783.11     36.13       0     930     930     929
56985  02  00   300  99999.00  99999.00   9144.61   9968.89   -538.28   -119.24   -847.16   -134.84       0     928     928     928
56985  02  00   250  99999.00  99999.00  10361.74  11271.34   -578.66   -253.34   -901.00   -230.80       0     927     927     927
56985  02  00   200  99999.00  99999.00  11819.58  12770.82   -654.87   -385.23   -980.83   -329.59       0     928     928     927
56985  02  00   150  99999.00  99999.00  13660.75  14555.71   -802.92   -471.72   -875.64   -477.72       0     921     921      75
56985  02  00   100  99999.00  99999.00  16135.68  16897.68   -979.72   -538.48  99999.00  99999.00       0     909     909       0
56985  02  00    80  99999.00  99999.00  99999.00  99999.00  99999.00  99999.00  99999.00  99999.00       0       0       0       0
56985  02  00    70  99999.00  99999.00  18193.91  18920.51  -1004.37   -541.53  99999.00  99999.00       0     882     881       0
56985  02  00    60  99999.00  99999.00  99999.00  99999.00  99999.00  99999.00  99999.00  99999.00       0       0       0       0
56985  02  00    50  99999.00  99999.00  20131.38  20934.42   -891.31   -464.23  99999.00  99999.00       0     866     866       0
56985  02  00    40  99999.00  99999.00  21457.47  22326.99   -808.29   -442.53  99999.00  99999.00       0     849     849       0
56985  02  00    30  99999.00  99999.00  23193.72  24177.00   -757.11   -408.75  99999.00  99999.00       0     808     813       0
56985  02  00    20  99999.00  99999.00  25668.50  26855.42   -720.46   -350.74  99999.00  99999.00       0     697     704       0
56985  02  00    15  99999.00  99999.00  27422.77  28809.37   -706.38   -316.02  99999.00  99999.00       0     554     556       0
56985  02  00    10  99999.00  99999.00  29946.29  31507.85   -698.59   -281.47  99999.00  99999.00       0     265     266       0
56985  02  00     7  99999.00  99999.00  32210.71  33810.67   -728.43   -229.11  99999.00  99999.00       0      61      61       0
56985  02  00     5  99999.00  99999.00  99999.00  99999.00  99999.00  99999.00  99999.00  99999.00       0       6       6       0
56985  02  00     3  99999.00  99999.00  99999.00  99999.00  99999.00  99999.00  99999.00  99999.00       0       0       0       0
56985  02  00     2  99999.00  99999.00  99999.00  99999.00  99999.00  99999.00  99999.00  99999.00       0       0       0       0
56985  02  00     1  99999.00  99999.00  99999.00  99999.00  99999.00  99999.00  99999.00  99999.00       0       0       0       0
56985  03  00  9999   8493.61   8893.45  99999.00  99999.00    -53.02    339.74   -117.47    299.05    1023       0    1023    1023
56985  03  00  1000  99999.00  99999.00  99999.00  99999.00  99999.00  99999.00  99999.00  99999.00       0       0       0       0
56985  03  00   925  99999.00  99999.00  99999.00  99999.00  99999.00  99999.00  99999.00  99999.00       0       0       0       0
56985  03  00   900  99999.00  99999.00  99999.00  99999.00  99999.00  99999.00  99999.00  99999.00       0       0       0       0
56985  03  00   850  99999.00  99999.00   1307.90   1676.18    -88.83    389.97   -123.72    300.48       0    1023    1023    1023
56985  03  00   800  99999.00  99999.00  99999.00  99999.00  99999.00  99999.00  99999.00  99999.00       0       0       0       0
56985  03  00   700  99999.00  99999.00   2974.91   3257.39    -68.67    199.29   -273.24    241.08       0    1023    1023    1023
56985  03  00   600  99999.00  99999.00   4211.03   4516.31   -175.89    156.27   -593.15    320.17       0    1023    1023    1023
56985  03  00   500  99999.00  99999.00   5619.35   5979.47   -268.75    105.29   -713.00    214.24       0    1023    1023    1023
56985  03  00   400  99999.00  99999.00   7253.71   7742.35   -386.34     10.86   -757.11     53.37       0    1023    1023    1023
56985  03  00   300  99999.00  99999.00   9243.66   9916.86   -529.12   -138.40   -830.49   -128.73       0    1021    1021    1021
56985  03  00   250  99999.00  99999.00  10450.44  11224.44   -588.42   -250.86   -886.24   -223.48       0    1019    1019    1019
56985  03  00   200  99999.00  99999.00  11890.83  12738.03   -665.62   -377.50   -966.27   -323.91       0    1018    1018    1016
56985  03  00   150  99999.00  99999.00  13702.05  14552.49   -808.38   -462.42   -856.95   -504.63       0    1014    1014     114
56985  03  00   100  99999.00  99999.00  16140.17  16940.45   -967.56   -541.08  99999.00  99999.00       0     995     995       0
56985  03  00    80  99999.00  99999.00  99999.00  99999.00  99999.00  99999.00  99999.00  99999.00       0       0       0       0
56985  03  00    70  99999.00  99999.00  18184.26  18987.42  -1000.42   -540.22  99999.00  99999.00       0     970     970       0
56985  03  00    60  99999.00  99999.00  99999.00  99999.00  99999.00  99999.00  99999.00  99999.00       0       0       0       0
56985  03  00    50  99999.00  99999.00  20118.60  21007.68   -881.31   -462.51  99999.00  99999.00       0     955     953       0
56985  03  00    40  99999.00  99999.00  21453.56  22403.60   -792.27   -438.03  99999.00  99999.00       0     934     934       0
56985  03  00    30  99999.00  99999.00  23218.71  24241.71   -745.77   -393.33  99999.00  99999.00       0     887     891       0
56985  03  00    20  99999.00  99999.00  25736.12  26916.92   -698.28   -337.44  99999.00  99999.00       0     776     790       0
56985  03  00    15  99999.00  99999.00  27551.64  28825.44   -687.76   -300.88  99999.00  99999.00       0     591     602       0
56985  03  00    10  99999.00  99999.00  30082.32  31533.72   -710.53   -235.09  99999.00  99999.00       0     235     235       0
56985  03  00     7  99999.00  99999.00  99999.00  99999.00  99999.00  99999.00  99999.00  99999.00       0      50      50       0
56985  03  00     5  99999.00  99999.00  99999.00  99999.00  99999.00  99999.00  99999.00  99999.00       0      14      14       0
56985  03  00     3  99999.00  99999.00  99999.00  99999.00  99999.00  99999.00  99999.00  99999.00       0       0       0       0
56985  03  00     2  99999.00  99999.00  99999.00  99999.00  99999.00  99999.00  99999.00  99999.00       0       0       0       0
56985  03  00     1  99999.00  99999.00  99999.00  99999.00  99999.00  99999.00  99999.00  99999.00       0       0       0       0
56985  04  00  9999   8520.42   8848.14  99999.00  99999.00     22.80    328.92    -39.80    293.44     990       0     990     990
56985  04  00  1000  99999.00  99999.00  99999.00  99999.00  99999.00  99999.00  99999.00  99999.00       0       0       0       0
56985  04  00   925  99999.00  99999.00  99999.00  99999.00  99999.00  99999.00  99999.00  99999.00       0       0       0       0
56985  04  00   900  99999.00  99999.00  99999.00  99999.00  99999.00  99999.00  99999.00  99999.00       0       0       0       0
56985  04  00   850  99999.00  99999.00   1331.10   1639.50     -2.35    357.41    -49.34    292.18       0     990     990     990
56985  04  00   800  99999.00  99999.00  99999.00  99999.00  99999.00  99999.00  99999.00  99999.00       0       0       0       0
56985  04  00   700  99999.00  99999.00   3000.22   3247.90    -24.03    197.85   -188.46    219.18       0     990     990     990
56985  04  00   600  99999.00  99999.00   4246.08   4515.48   -120.41    129.55   -452.93    284.83       0     989     989     989
56985  04  00   500  99999.00  99999.00   5660.68   5989.36   -208.93     77.15   -653.68    252.44       0     989     989     989
56985  04  00   400  99999.00  99999.00   7315.96   7753.84   -316.14    -28.62   -716.36    108.16       0     989     989     989
56985  04  00   300  99999.00  99999.00   9328.35   9927.39   -471.42   -174.30   -786.89    -91.01       0     988     988     988
56985  04  00   250  99999.00  99999.00  10545.31  11234.47   -553.10   -273.74   -828.70   -214.18       0     985     985     985
56985  04  00   200  99999.00  99999.00  11981.83  12758.59   -642.57   -393.93   -914.51   -324.35       0     983     983     983
56985  04  00   150  99999.00  99999.00  13774.28  14594.72   -776.34   -493.62   -882.87   -451.83       0     981     981      65
56985  04  00   100  99999.00  99999.00  16200.31  16996.27   -935.72   -571.52  99999.00  99999.00       0     965     965       0
56985  04  00    80  99999.00  99999.00  99999.00  99999.00  99999.00  99999.00  99999.00  99999.00       0       0       0       0
56985  04  00    70  99999.00  99999.00  18245.72  19046.48   -960.79   -567.43  99999.00  99999.00       0     943     942       0
56985  04  00    60  99999.00  99999.00  99999.00  99999.00  99999.00  99999.00  99999.00  99999.00       0       0       0       0
56985  04  00    50  99999.00  99999.00  20215.66  21045.10   -876.54   -457.02  99999.00  99999.00       0     926     925       0
56985  04  00    40  99999.00  99999.00  21564.67  22432.63   -790.09   -428.29  99999.00  99999.00       0     897     895       0
56985  04  00    30  99999.00  99999.00  23342.01  24276.93   -720.85   -387.01  99999.00  99999.00       0     854     858       0
56985  04  00    20  99999.00  99999.00  25878.41  26967.29   -667.77   -332.73  99999.00  99999.00       0     738     745       0
56985  04  00    15  99999.00  99999.00  27701.46  28903.62   -661.63   -283.39  99999.00  99999.00       0     569     577       0
56985  04  00    10  99999.00  99999.00  30256.17  31644.57   -651.81   -247.05  99999.00  99999.00       0     213     213       0
56985  04  00     7  99999.00  99999.00  99999.00  99999.00  99999.00  99999.00  99999.00  99999.00       0      56      56       0
56985  04  00     5  99999.00  99999.00  99999.00  99999.00  99999.00  99999.00  99999.00  99999.00       0      19      19       0
56985  04  00     3  99999.00  99999.00  99999.00  99999.00  99999.00  99999.00  99999.00  99999.00       0       0       0       0
56985  04  00     2  99999.00  99999.00  99999.00  99999.00  99999.00  99999.00  99999.00  99999.00       0       0       0       0
56985  04  00     1  99999.00  99999.00  99999.00  99999.00  99999.00  99999.00  99999.00  99999.00       0       0       0       0
56985  05  00  9999   8522.67   8820.63  99999.00  99999.00     55.57    336.37     19.60    294.52    1023       0    1023    1023
56985  05  00  1000  99999.00  99999.00  99999.00  99999.00  99999.00  99999.00  99999.00  99999.00       0       0       0       0
56985  05  00   925  99999.00  99999.00  99999.00  99999.00  99999.00  99999.00  99999.00  99999.00       0       0       0       0
56985  05  00   900  99999.00  99999.00  99999.00  99999.00  99999.00  99999.00  99999.00  99999.00       0       0       0       0
56985  05  00   850  99999.00  99999.00   1332.98   1615.34     41.16    341.52      5.23    291.43       0    1023    1023    1023
56985  05  00   800  99999.00  99999.00  99999.00  99999.00  99999.00  99999.00  99999.00  99999.00       0       0       0       0
56985  05  00   700  99999.00  99999.00   3005.91   3234.03      7.07    191.75   -154.26    262.74       0    1023    1023    1023
56985  05  00   600  99999.00  99999.00   4271.59   4503.07    -70.81    130.79   -316.40    267.16       0    1023    1023    1023
56985  05  00   500  99999.00  99999.00   5715.13   5977.57   -147.46     64.34   -513.49    271.67       0    1023    1023    1023
56985  05  00   400  99999.00  99999.00   7404.48   7745.16   -250.41    -34.29   -620.27    158.77       0    1022    1022    1022
56985  05  00   300  99999.00  99999.00   9460.69   9928.69   -401.83   -178.51   -726.23    -35.87       0    1020    1020    1020
56985  05  00   250  99999.00  99999.00  10699.74  11247.06   -488.80   -281.56   -773.45   -170.69       0    1015    1015    1015
56985  05  00   200  99999.00  99999.00  12152.03  12786.47   -592.26   -406.50   -875.15   -288.23       0    1015    1015    1015
56985  05  00   150  99999.00  99999.00  13940.23  14646.31   -741.52   -521.20  99999.00  99999.00       0    1007    1007      33
56985  05  00   100  99999.00  99999.00  16320.11  17082.11   -911.46   -617.22  99999.00  99999.00       0     991     994       0
56985  05  00    80  99999.00  99999.00  99999.00  99999.00  99999.00  99999.00  99999.00  99999.00       0       0       0       0
56985  05  00    70  99999.00  99999.00  18354.94  19125.46   -928.51   -608.11  99999.00  99999.00       0     969     969       0
56985  05  00    60  99999.00  99999.00  99999.00  99999.00  99999.00  99999.00  99999.00  99999.00       0       0       0       0
56985  05  00    50  99999.00  99999.00  20333.54  21108.50   -854.38   -480.58  99999.00  99999.00       0     943     945       0
56985  05  00    40  99999.00  99999.00  21684.68  22495.52   -772.95   -436.11  99999.00  99999.00       0     907     909       0
56985  05  00    30  99999.00  99999.00  23457.21  24355.77   -702.09   -394.17  99999.00  99999.00       0     858     861       0
56985  05  00    20  99999.00  99999.00  26021.78  27027.62   -660.63   -322.83  99999.00  99999.00       0     721     733       0
56985  05  00    15  99999.00  99999.00  27831.44  28982.72   -646.04   -281.24  99999.00  99999.00       0     523     529       0
56985  05  00    10  99999.00  99999.00  30454.17  31668.93   -643.10   -247.94  99999.00  99999.00       0     157     157       0
56985  05  00     7  99999.00  99999.00  99999.00  99999.00  99999.00  99999.00  99999.00  99999.00       0      39      39       0
56985  05  00     5  99999.00  99999.00  99999.00  99999.00  99999.00  99999.00  99999.00  99999.00       0       5       5       0
56985  05  00     3  99999.00  99999.00  99999.00  99999.00  99999.00  99999.00  99999.00  99999.00       0       0       0       0
56985  05  00     2  99999.00  99999.00  99999.00  99999.00  99999.00  99999.00  99999.00  99999.00       0       0       0       0
56985  05  00     1  99999.00  99999.00  99999.00  99999.00  99999.00  99999.00  99999.00  99999.00       0       0       0       0
56985  06  00  9999   8516.48   8781.44  99999.00  99999.00    115.19    306.59    102.44    258.68     990       0     990     990
56985  06  00  1000  99999.00  99999.00  99999.00  99999.00  99999.00  99999.00  99999.00  99999.00       0       0       0       0
56985  06  00   925  99999.00  99999.00  99999.00  99999.00  99999.00  99999.00  99999.00  99999.00       0       0       0       0
56985  06  00   900  99999.00  99999.00  99999.00  99999.00  99999.00  99999.00  99999.00  99999.00       0       0       0       0
56985  06  00   850  99999.00  99999.00   1323.09   1582.05    102.46    310.30     87.15    257.07       0     990     990     990
56985  06  00   800  99999.00  99999.00  99999.00  99999.00  99999.00  99999.00  99999.00  99999.00       0       0       0       0
56985  06  00   700  99999.00  99999.00   2996.16   3219.12     50.50    175.06    -37.49    206.59       0     989     990     990
56985  06  00   600  99999.00  99999.00   4276.42   4492.06    -17.92    120.20   -137.54    168.58       0     990     990     990
56985  06  00   500  99999.00  99999.00   5745.56   5963.96    -89.40     38.40   -285.09    143.31       0     989     989     989
56985  06  00   400  99999.00  99999.00   7476.49   7714.69   -187.74    -56.94   -438.50     71.98       0     985     985     985
56985  06  00   300  99999.00  99999.00   9585.82   9882.82   -344.52   -190.32   -597.64    -82.00       0     983     983     983
56985  06  00   250  99999.00  99999.00  10848.47  11200.67   -446.35   -282.79   -692.92   -181.48       0     980     980     980
56985  06  00   200  99999.00  99999.00  12317.26  12746.86   -577.49   -390.53   -793.96   -310.00       0     975     976     976
56985  06  00   150  99999.00  99999.00  14091.26  14638.82   -732.30   -521.58  99999.00  99999.00       0     970     970      48
56985  06  00   100  99999.00  99999.00  16421.49  17119.17   -899.83   -637.63  99999.00  99999.00       0     951     952       0
56985  06  00    80  99999.00  99999.00  99999.00  99999.00  99999.00  99999.00  99999.00  99999.00       0       0       0       0
56985  06  00    70  99999.00  99999.00  18433.90  19187.74   -912.25   -613.09  99999.00  99999.00       0     929     928       0
56985  06  00    60  99999.00  99999.00  99999.00  99999.00  99999.00  99999.00  99999.00  99999.00       0       0       0       0
56985  06  00    50  99999.00  99999.00  20416.74  21187.38   -824.80   -482.92  99999.00  99999.00       0     908     908       0
56985  06  00    40  99999.00  99999.00  21775.69  22582.45   -740.82   -452.82  99999.00  99999.00       0     873     873       0
56985  06  00    30  99999.00  99999.00  23560.39  24434.23   -699.77   -395.93  99999.00  99999.00       0     829     832       0
56985  06  00    20  99999.00  99999.00  26112.06  27129.78   -661.65   -319.77  99999.00  99999.00       0     715     725       0
56985  06  00    15  99999.00  99999.00  27945.44  29074.64   -630.78   -294.06  99999.00  99999.00       0     525     531       0
56985  06  00    10  99999.00  99999.00  30474.99  31836.63   -638.77   -252.61  99999.00  99999.00       0     170     170       0
56985  06  00     7  99999.00  99999.00  99999.00  99999.00  99999.00  99999.00  99999.00  99999.00       0      31      31       0
56985  06  00     5  99999.00  99999.00  99999.00  99999.00  99999.00  99999.00  99999.00  99999.00       0       2       2       0
56985  06  00     3  99999.00  99999.00  99999.00  99999.00  99999.00  99999.00  99999.00  99999.00       0       0       0       0
56985  06  00     2  99999.00  99999.00  99999.00  99999.00  99999.00  99999.00  99999.00  99999.00       0       0       0       0
56985  06  00     1  99999.00  99999.00  99999.00  99999.00  99999.00  99999.00  99999.00  99999.00       0       0       0       0
56985  07  00  9999   8526.37   8767.33  99999.00  99999.00    132.90    282.90    131.43    238.59    1023       0    1023    1023
56985  07  00  1000  99999.00  99999.00  99999.00  99999.00  99999.00  99999.00  99999.00  99999.00       0       0       0       0
56985  07  00   925  99999.00  99999.00  99999.00  99999.00  99999.00  99999.00  99999.00  99999.00       0       0       0       0
56985  07  00   900  99999.00  99999.00  99999.00  99999.00  99999.00  99999.00  99999.00  99999.00       0       0       0       0
56985  07  00   850  99999.00  99999.00   1331.69   1568.81    132.65    277.25    119.42    236.30       0    1023    1023    1023
56985  07  00   800  99999.00  99999.00  99999.00  99999.00  99999.00  99999.00  99999.00  99999.00       0       0       0       0
56985  07  00   700  99999.00  99999.00   2998.01   3213.17     57.84    168.84      8.34    170.82       0    1023    1023    1023
56985  07  00   600  99999.00  99999.00   4277.29   4487.29    -10.91    112.81   -128.52    162.72       0    1023    1023    1023
56985  07  00   500  99999.00  99999.00   5746.19   5959.07    -85.74     34.50   -317.24    174.64       0    1022    1022    1022
56985  07  00   400  99999.00  99999.00   7481.28   7705.92   -190.74    -52.50   -546.85    168.23       0    1017    1017    1017
56985  07  00   300  99999.00  99999.00   9594.77   9871.61   -344.82   -187.14   -708.93     18.27       0    1015    1015    1014
56985  07  00   250  99999.00  99999.00  10859.53  11188.93   -446.28   -279.36   -785.63    -99.35       0    1014    1014    1014
56985  07  00   200  99999.00  99999.00  12327.12  12739.68   -576.91   -386.83   -899.00   -215.36       0    1009    1009    1009
56985  07  00   150  99999.00  99999.00  14097.84  14639.04   -735.13   -515.29   -802.47   -511.47       0    1004    1004      67
56985  07  00   100  99999.00  99999.00  16433.36  17116.04   -897.88   -632.92  99999.00  99999.00       0     983     982       0
56985  07  00    80  99999.00  99999.00  99999.00  99999.00  99999.00  99999.00  99999.00  99999.00       0       0       0       0
56985  07  00    70  99999.00  99999.00  18487.00  19169.56   -913.44   -559.56  99999.00  99999.00       0     954     955       0
56985  07  00    60  99999.00  99999.00  99999.00  99999.00  99999.00  99999.00  99999.00  99999.00       0       0       0       0
56985  07  00    50  99999.00  99999.00  20495.91  21191.55   -786.52   -491.80  99999.00  99999.00       0     926     930       0
56985  07  00    40  99999.00  99999.00  21849.21  22602.93   -741.95   -446.87  99999.00  99999.00       0     890     893       0
56985  07  00    30  99999.00  99999.00  23621.63  24468.47   -695.32   -401.08  99999.00  99999.00       0     842     846       0
56985  07  00    20  99999.00  99999.00  26154.59  27175.31   -672.98   -318.50  99999.00  99999.00       0     707     715       0
56985  07  00    15  99999.00  99999.00  27970.81  29116.57   -652.53   -289.89  99999.00  99999.00       0     515     519       0
56985  07  00    10  99999.00  99999.00  30552.04  31817.80   -626.61   -294.09  99999.00  99999.00       0     173     173       0
56985  07  00     7  99999.00  99999.00  99999.00  99999.00  99999.00  99999.00  99999.00  99999.00       0      39      39       0
56985  07  00     5  99999.00  99999.00  99999.00  99999.00  99999.00  99999.00  99999.00  99999.00       0       2       2       0
56985  07  00     3  99999.00  99999.00  99999.00  99999.00  99999.00  99999.00  99999.00  99999.00       0       0       0       0
56985  07  00     2  99999.00  99999.00  99999.00  99999.00  99999.00  99999.00  99999.00  99999.00       0       0       0       0
56985  07  00     1  99999.00  99999.00  99999.00  99999.00  99999.00  99999.00  99999.00  99999.00       0       0       0       0
56985  08  00  9999   8532.28   8788.60  99999.00  99999.00    121.49    280.01    108.28    253.36    1023       0    1023    1023
56985  08  00  1000  99999.00  99999.00  99999.00  99999.00  99999.00  99999.00  99999.00  99999.00       0       0       0       0
56985  08  00   925  99999.00  99999.00  99999.00  99999.00  99999.00  99999.00  99999.00  99999.00       0       0       0       0
56985  08  00   900  99999.00  99999.00  99999.00  99999.00  99999.00  99999.00  99999.00  99999.00       0       0       0       0
56985  08  00   850  99999.00  99999.00   1338.88   1588.36    127.27    271.39    100.59    249.39       0    1023    1023    1023
56985  08  00   800  99999.00  99999.00  99999.00  99999.00  99999.00  99999.00  99999.00  99999.00       0       0       0       0
56985  08  00   700  99999.00  99999.00   3005.16   3227.40     46.95    172.59    -47.99    214.57       0    1023    1023    1023
56985  08  00   600  99999.00  99999.00   4283.34   4498.86    -14.72    109.12   -150.74    169.78       0    1023    1023    1023
56985  08  00   500  99999.00  99999.00   5751.18   5967.06    -92.12     33.76   -374.54    211.42       0    1023    1023    1023
56985  08  00   400  99999.00  99999.00   7481.96   7713.44   -197.49    -51.33   -511.41    123.39       0    1022    1022    1022
56985  08  00   300  99999.00  99999.00   9590.15   9879.11   -350.34   -190.62   -716.46      8.34       0    1021    1021    1021
56985  08  00   250  99999.00  99999.00  10852.35  11193.87   -451.05   -284.25   -802.67    -98.63       0    1019    1019    1019
56985  08  00   200  99999.00  99999.00  12319.71  12738.51   -578.48   -394.64   -924.05   -205.37       0    1016    1016    1016
56985  08  00   150  99999.00  99999.00  14097.48  14624.40   -736.18   -518.62  99999.00  99999.00       0    1014    1014      46
56985  08  00   100  99999.00  99999.00  16436.11  17100.19   -891.90   -634.26  99999.00  99999.00       0    1001    1002       0
56985  08  00    80  99999.00  99999.00  99999.00  99999.00  99999.00  99999.00  99999.00  99999.00       0       0       0       0
56985  08  00    70  99999.00  99999.00  18504.60  19154.04   -900.45   -551.61  99999.00  99999.00       0     978     979       0
56985  08  00    60  99999.00  99999.00  99999.00  99999.00  99999.00  99999.00  99999.00  99999.00       0       0       0       0
56985  08  00    50  99999.00  99999.00  20510.17  21194.17   -781.99   -493.63  99999.00  99999.00       0     964     967       0
56985  08  00    40  99999.00  99999.00  21863.17  22606.33   -736.72   -454.48  99999.00  99999.00       0     942     944       0
56985  08  00    30  99999.00  99999.00  23636.46  24464.46   -698.04   -411.60  99999.00  99999.00       0     891     894       0
56985  08  00    20  99999.00  99999.00  26159.35  27163.87   -675.86   -331.58  99999.00  99999.00       0     756     761       0
56985  08  00    15  99999.00  99999.00  27974.91  29102.07   -658.48   -303.76  99999.00  99999.00       0     595     602       0
56985  08  00    10  99999.00  99999.00  30512.41  31834.45   -654.73   -279.97  99999.00  99999.00       0     221     221       0
56985  08  00     7  99999.00  99999.00  99999.00  99999.00  99999.00  99999.00  99999.00  99999.00       0      38      38       0
56985  08  00     5  99999.00  99999.00  99999.00  99999.00  99999.00  99999.00  99999.00  99999.00       0       6       6       0
56985  08  00     3  99999.00  99999.00  99999.00  99999.00  99999.00  99999.00  99999.00  99999.00       0       0       0       0
56985  08  00     2  99999.00  99999.00  99999.00  99999.00  99999.00  99999.00  99999.00  99999.00       0       0       0       0
56985  08  00     1  99999.00  99999.00  99999.00  99999.00  99999.00  99999.00  99999.00  99999.00       0       0       0       0
56985  09  00  9999   8555.53   8836.69  99999.00  99999.00     66.16    306.52     44.11    283.39     990       0     990     990
56985  09  00  1000  99999.00  99999.00  99999.00  99999.00  99999.00  99999.00  99999.00  99999.00       0       0       0       0
56985  09  00   925  99999.00  99999.00  99999.00  99999.00  99999.00  99999.00  99999.00  99999.00       0       0       0       0
56985  09  00   900  99999.00  99999.00  99999.00  99999.00  99999.00  99999.00  99999.00  99999.00       0       0       0       0
56985  09  00   850  99999.00  99999.00   1364.29   1631.65     76.32    292.56     37.63    275.95       0     990     990     990
56985  09  00   800  99999.00  99999.00  99999.00  99999.00  99999.00  99999.00  99999.00  99999.00       0       0       0       0
56985  09  00   700  99999.00  99999.00   3036.34   3245.02     15.45    178.41   -112.79    246.85       0     989     989     989
56985  09  00   600  99999.00  99999.00   4311.63   4508.07    -34.86    107.70   -257.82    240.78       0     990     990     990
56985  09  00   500  99999.00  99999.00   5773.26   5970.30   -111.28     34.04   -397.12    198.92       0     989     990     990
56985  09  00   400  99999.00  99999.00   7492.94   7712.78   -213.34    -59.74   -571.63    131.33       0     989     989     988
56985  09  00   300  99999.00  99999.00   9585.50   9870.62   -377.27   -194.99   -756.73     -8.41       0     988     988     987
56985  09  00   250  99999.00  99999.00  10835.36  11179.40   -476.60   -292.16   -835.09   -119.41       0     984     984     983
56985  09  00   200  99999.00  99999.00  12288.37  12717.37   -598.30   -403.54   -942.62   -233.54       0     984     984     983
56985  09  00   150  99999.00  99999.00  14057.89  14591.53   -738.96   -531.48  99999.00  99999.00       0     982     982      18
56985  09  00   100  99999.00  99999.00  16395.90  17053.86   -894.39   -643.71  99999.00  99999.00       0     962     962       0
56985  09  00    80  99999.00  99999.00  99999.00  99999.00  99999.00  99999.00  99999.00  99999.00       0       0       0       0
56985  09  00    70  99999.00  99999.00  18443.62  19114.18   -892.87   -565.51  99999.00  99999.00       0     953     953       0
56985  09  00    60  99999.00  99999.00  99999.00  99999.00  99999.00  99999.00  99999.00  99999.00       0       0       0       0
56985  09  00    50  99999.00  99999.00  20441.46  21159.30   -774.37   -501.85  99999.00  99999.00       0     932     932       0
56985  09  00    40  99999.00  99999.00  21793.55  22570.07   -734.05   -459.97  99999.00  99999.00       0     906     907       0
56985  09  00    30  99999.00  99999.00  23556.58  24438.70   -691.21   -414.85  99999.00  99999.00       0     865     865       0
56985  09  00    20  99999.00  99999.00  26081.62  27134.62   -662.43   -347.91  99999.00  99999.00       0     750     753       0
56985  09  00    15  99999.00  99999.00  27902.63  29054.75   -651.89   -310.97  99999.00  99999.00       0     566     567       0
56985  09  00    10  99999.00  99999.00  30479.29  31740.25   -662.30   -269.06  99999.00  99999.00       0     193     194       0
56985  09  00     7  99999.00  99999.00  99999.00  99999.00  99999.00  99999.00  99999.00  99999.00       0      46      46       0
56985  09  00     5  99999.00  99999.00  99999.00  99999.00  99999.00  99999.00  99999.00  99999.00       0       7       7       0
56985  09  00     3  99999.00  99999.00  99999.00  99999.00  99999.00  99999.00  99999.00  99999.00       0       0       0       0
56985  09  00     2  99999.00  99999.00  99999.00  99999.00  99999.00  99999.00  99999.00  99999.00       0       0       0       0
56985  09  00     1  99999.00  99999.00  99999.00  99999.00  99999.00  99999.00  99999.00  99999.00       0       0       0       0
56985  10  00  9999   8578.16   8874.92  99999.00  99999.00      8.54    324.02    -16.11    298.53    1023       0    1023    1023
56985  10  00  1000  99999.00  99999.00  99999.00  99999.00  99999.00  99999.00  99999.00  99999.00       0       0       0       0
56985  10  00   925  99999.00  99999.00  99999.00  99999.00  99999.00  99999.00  99999.00  99999.00       0       0       0       0
56985  10  00   900  99999.00  99999.00  99999.00  99999.00  99999.00  99999.00  99999.00  99999.00       0       0       0       0
56985  10  00   850  99999.00  99999.00   1389.67   1662.79     16.18    309.94    -24.51    292.05       0    1023    1023    1023
56985  10  00   800  99999.00  99999.00  99999.00  99999.00  99999.00  99999.00  99999.00  99999.00       0       0       0       0
56985  10  00   700  99999.00  99999.00   3054.73   3258.73    -23.69    187.63   -160.70    255.58       0    1023    1023    1023
56985  10  00   600  99999.00  99999.00   4314.65   4522.97    -81.74    129.70   -415.49    336.91       0    1022    1022    1022
56985  10  00   500  99999.00  99999.00   5756.22   5992.14   -144.39     45.09   -593.12    307.72       0    1023    1023    1023
56985  10  00   400  99999.00  99999.00   7449.19   7742.83   -250.27    -53.23   -698.97    175.35       0    1021    1021    1021
56985  10  00   300  99999.00  99999.00   9511.25   9904.01   -397.67   -206.63   -819.05    -12.41       0    1018    1018    1018
56985  10  00   250  99999.00  99999.00  10750.31  11207.87   -486.67   -310.63   -896.96   -117.80       0    1017    1017    1017
56985  10  00   200  99999.00  99999.00  12200.80  12731.68   -603.40   -421.60   -987.34   -240.10       0    1015    1014    1014
56985  10  00   150  99999.00  99999.00  13972.15  14586.07   -743.51   -548.39  99999.00  99999.00       0    1013    1013       2
56985  10  00   100  99999.00  99999.00  16317.27  17016.15   -924.03   -636.15  99999.00  99999.00       0     993     993       0
56985  10  00    80  99999.00  99999.00  99999.00  99999.00  99999.00  99999.00  99999.00  99999.00       0       0       0       0
56985  10  00    70  99999.00  99999.00  18361.85  19057.61   -909.25   -565.81  99999.00  99999.00       0     972     971       0
56985  10  00    60  99999.00  99999.00  99999.00  99999.00  99999.00  99999.00  99999.00  99999.00       0       0       0       0
56985  10  00    50  99999.00  99999.00  20357.96  21092.36   -783.75   -504.75  99999.00  99999.00       0     955     955       0
56985  10  00    40  99999.00  99999.00  21703.62  22502.94   -740.60   -462.56  99999.00  99999.00       0     939     940       0
56985  10  00    30  99999.00  99999.00  23461.69  24368.77   -703.03   -410.47  99999.00  99999.00       0     881     883       0
56985  10  00    20  99999.00  99999.00  25960.40  27082.04   -674.14   -348.34  99999.00  99999.00       0     786     788       0
56985  10  00    15  99999.00  99999.00  27753.07  29019.31   -666.36   -307.80  99999.00  99999.00       0     586     589       0
56985  10  00    10  99999.00  99999.00  30268.96  31772.32   -651.87   -283.83  99999.00  99999.00       0     228     228       0
56985  10  00     7  99999.00  99999.00  99999.00  99999.00  99999.00  99999.00  99999.00  99999.00       0      48      48       0
56985  10  00     5  99999.00  99999.00  99999.00  99999.00  99999.00  99999.00  99999.00  99999.00       0      14      14       0
56985  10  00     3  99999.00  99999.00  99999.00  99999.00  99999.00  99999.00  99999.00  99999.00       0       0       0       0
56985  10  00     2  99999.00  99999.00  99999.00  99999.00  99999.00  99999.00  99999.00  99999.00       0       0       0       0
56985  10  00     1  99999.00  99999.00  99999.00  99999.00  99999.00  99999.00  99999.00  99999.00       0       0       0       0
56985  11  00  9999   8559.18   8915.10  99999.00  99999.00    -51.33    307.23    -78.26    282.94     990       0     990     990
56985  11  00  1000  99999.00  99999.00  99999.00  99999.00  99999.00  99999.00  99999.00  99999.00       0       0       0       0
56985  11  00   925  99999.00  99999.00  99999.00  99999.00  99999.00  99999.00  99999.00  99999.00       0       0       0       0
56985  11  00   900  99999.00  99999.00  99999.00  99999.00  99999.00  99999.00  99999.00  99999.00       0       0       0       0
56985  11  00   850  99999.00  99999.00   1371.14   1695.02    -39.71    299.41    -84.50    282.82       0     990     990     990
56985  11  00   800  99999.00  99999.00  99999.00  99999.00  99999.00  99999.00  99999.00  99999.00       0       0       0       0
56985  11  00   700  99999.00  99999.00   3021.78   3269.82   -109.97    225.31   -350.54    338.26       0     989     989     989
56985  11  00   600  99999.00  99999.00   4258.75   4535.47   -158.15    175.09   -688.43    436.21       0     989     989     989
56985  11  00   500  99999.00  99999.00   5661.75   6023.07   -222.68     87.40   -810.70    349.58       0     988     988     988
56985  11  00   400  99999.00  99999.00   7301.84   7798.04   -327.02    -20.90   -868.28    208.72       0     983     983     983
56985  11  00   300  99999.00  99999.00   9319.17   9969.33   -444.10   -193.42   -902.27    -15.83       0     983     983     983
56985  11  00   250  99999.00  99999.00  10549.96  11265.52   -514.02   -308.34   -938.80   -142.72       0     979     979     979
56985  11  00   200  99999.00  99999.00  12008.15  12767.99   -614.64   -426.96   -999.64   -276.28       0     978     979     979
56985  11  00   150  99999.00  99999.00  13809.54  14582.70   -764.54   -532.70  99999.00  99999.00       0     975     975      18
56985  11  00   100  99999.00  99999.00  16223.50  16952.98   -944.01   -595.53  99999.00  99999.00       0     958     958       0
56985  11  00    80  99999.00  99999.00  99999.00  99999.00  99999.00  99999.00  99999.00  99999.00       0       0       0       0
56985  11  00    70  99999.00  99999.00  18294.33  18970.29   -947.83   -556.63  99999.00  99999.00       0     932     933       0
56985  11  00    60  99999.00  99999.00  99999.00  99999.00  99999.00  99999.00  99999.00  99999.00       0       0       0       0
56985  11  00    50  99999.00  99999.00  20273.30  20996.30   -810.91   -487.51  99999.00  99999.00       0     912     909       0
56985  11  00    40  99999.00  99999.00  21628.68  22393.92   -744.81   -458.85  99999.00  99999.00       0     894     895       0
56985  11  00    30  99999.00  99999.00  23403.04  24246.28   -697.68   -412.68  99999.00  99999.00       0     865     867       0
56985  11  00    20  99999.00  99999.00  25934.57  26933.45   -675.72   -343.68  99999.00  99999.00       0     763     766       0
56985  11  00    15  99999.00  99999.00  27730.17  28886.01   -680.98   -290.38  99999.00  99999.00       0     593     596       0
56985  11  00    10  99999.00  99999.00  30248.97  31647.69   -673.55   -258.47  99999.00  99999.00       0     236     237       0
56985  11  00     7  99999.00  99999.00  99999.00  99999.00  99999.00  99999.00  99999.00  99999.00       0      60      60       0
56985  11  00     5  99999.00  99999.00  99999.00  99999.00  99999.00  99999.00  99999.00  99999.00       0      18      18       0
56985  11  00     3  99999.00  99999.00  99999.00  99999.00  99999.00  99999.00  99999.00  99999.00       0       0       0       0
56985  11  00     2  99999.00  99999.00  99999.00  99999.00  99999.00  99999.00  99999.00  99999.00       0       0       0       0
56985  11  00     1  99999.00  99999.00  99999.00  99999.00  99999.00  99999.00  99999.00  99999.00       0       0       0       0
56985  12  00  9999   8542.95   8929.71  99999.00  99999.00   -100.29    291.51   -118.79    255.61    1023       0    1023    1023
56985  12  00  1000  99999.00  99999.00  99999.00  99999.00  99999.00  99999.00  99999.00  99999.00       0       0       0       0
56985  12  00   925  99999.00  99999.00  99999.00  99999.00  99999.00  99999.00  99999.00  99999.00       0       0       0       0
56985  12  00   900  99999.00  99999.00  99999.00  99999.00  99999.00  99999.00  99999.00  99999.00       0       0       0       0
56985  12  00   850  99999.00  99999.00   1355.25   1704.45    -90.28    290.72   -125.08    260.84       0    1022    1022    1022
56985  12  00   800  99999.00  99999.00  99999.00  99999.00  99999.00  99999.00  99999.00  99999.00       0       0       0       0
56985  12  00   700  99999.00  99999.00   2991.27   3262.83   -167.05    247.31   -442.34    341.14       0    1023    1023    1023
56985  12  00   600  99999.00  99999.00   4218.04   4526.80   -198.07    199.73   -706.74    337.86       0    1020    1021    1021
56985  12  00   500  99999.00  99999.00   5614.48   6010.60   -256.84    102.32   -753.14    193.90       0    1022    1022    1022
56985  12  00   400  99999.00  99999.00   7246.00   7779.76   -360.80     -8.48   -803.18     65.26       0    1023    1023    1023
56985  12  00   300  99999.00  99999.00   9252.51   9944.91   -479.67   -176.79   -856.82   -115.82       0    1019    1018    1018
56985  12  00   250  99999.00  99999.00  10477.63  11237.71   -533.62   -302.98   -906.79   -217.15       0    1014    1014    1014
56985  12  00   200  99999.00  99999.00  11936.14  12732.34   -628.01   -421.85   -980.15   -329.15       0    1014    1014    1014
56985  12  00   150  99999.00  99999.00  13740.09  14541.33   -778.92   -513.72  99999.00  99999.00       0    1007    1007      25
56985  12  00   100  99999.00  99999.00  16180.24  16903.12   -959.37   -557.49  99999.00  99999.00       0     982     981       0
56985  12  00    80  99999.00  99999.00  99999.00  99999.00  99999.00  99999.00  99999.00  99999.00       0       0       0       0
56985  12  00    70  99999.00  99999.00  18248.62  18930.46   -970.22   -552.38  99999.00  99999.00       0     956     957       0
56985  12  00    60  99999.00  99999.00  99999.00  99999.00  99999.00  99999.00  99999.00  99999.00       0       0       0       0
56985  12  00    50  99999.00  99999.00  20209.03  20940.79   -856.54   -476.62  99999.00  99999.00       0     949     950       0
56985  12  00    40  99999.00  99999.00  21549.12  22334.88   -782.13   -446.01  99999.00  99999.00       0     938     939       0
56985  12  00    30  99999.00  99999.00  23304.33  24184.41   -744.38   -395.42  99999.00  99999.00       0     905     906       0
56985  12  00    20  99999.00  99999.00  25789.16  26886.68   -713.61   -329.61  99999.00  99999.00       0     810     814       0
56985  12  00    15  99999.00  99999.00  27567.26  28834.70   -700.32   -288.00  99999.00  99999.00       0     640     647       0
56985  12  00    10  99999.00  99999.00  30062.56  31593.40   -716.92   -220.72  99999.00  99999.00       0     269     273       0
56985  12  00     7  99999.00  99999.00  32336.78  33932.42   -710.59   -175.51  99999.00  99999.00       0      77      77       0
56985  12  00     5  99999.00  99999.00  99999.00  99999.00  99999.00  99999.00  99999.00  99999.00       0      12      12       0
56985  12  00     3  99999.00  99999.00  99999.00  99999.00  99999.00  99999.00  99999.00  99999.00       0       0       0       0
56985  12  00     2  99999.00  99999.00  99999.00  99999.00  99999.00  99999.00  99999.00  99999.00       0       0       0       0
56985  12  00     1  99999.00  99999.00  99999.00  99999.00  99999.00  99999.00  99999.00  99999.00       0       0       0       0
