93997  01  00  9999    982.90   1037.14  99999.00  99999.00    148.05    326.73    -99.17    199.27     553       0     552     550
93997  01  00  1000  99999.00  99999.00    -73.44    345.72    128.97    301.05    -64.58    386.50       0     550     550     541
93997  01  00   925  99999.00  99999.00    597.34    997.42     45.88    282.76    -76.32    334.20       0     303     305     296
93997  01  00   900  99999.00  99999.00  99999.00  99999.00  99999.00  99999.00  99999.00  99999.00       0       0       8       8
93997  01  00   850  99999.00  99999.00   1300.61   1738.85    -53.55    306.09   -328.24    449.24       0     557     561     552
93997  01  00   800  99999.00  99999.00  99999.00  99999.00  99999.00  99999.00  99999.00  99999.00       0       0      16      16
93997  01  00   700  99999.00  99999.00   2897.71   3373.27    -51.59    193.69   -923.16    661.20       0     560     563     529
93997  01  00   600  99999.00  99999.00  99999.00  99999.00  99999.00  99999.00  99999.00  99999.00       0       0      13      12
93997  01  00   500  99999.00  99999.00   5531.06   6122.18   -227.22     63.06  -1161.35    549.25       0     554     557     544
93997  01  00   400  99999.00  99999.00   7171.82   7869.86   -361.39    -29.23  -1196.86    415.10       0     560     561     550
93997  01  00   300  99999.00  99999.00   9143.30  10047.38   -528.89   -161.09  -1146.46    131.90       0     556     555     538
93997  01  00   250  99999.00  99999.00  10341.65  11348.81   -603.83   -269.51  -1165.28    -53.36       0     554     553     247
93997  01  00   200  99999.00  99999.00  11759.85  12863.85   -702.33   -368.25  -1144.67   -289.67       0     551     552     211
93997  01  00   150  99999.00  99999.00  13580.70  14653.74   -807.56   -468.68  -1160.08   -514.60       0     544     542     164
93997  01  00   100  99999.00  99999.00  16142.22  16940.70   -949.89   -508.89  -1202.57   -660.17       0     527     538     158
93997  01  00    80  99999.00  99999.00  99999.00  99999.00  99999.00  99999.00  99999.00  99999.00       0       0      31      11
93997  01  00    70  99999.00  99999.00  18364.59  18911.91   -885.24   -523.44  -1183.07   -655.43       0     498     499     146
93997  01  00    60  99999.00  99999.00  99999.00  99999.00  99999.00  99999.00  99999.00  99999.00       0       0      38      12
93997  01  00    50  99999.00  99999.00  20395.24  20941.96   -768.82   -508.54  -1168.19   -653.99       0     449     455     138
93997  01  00    40  99999.00  99999.00  99999.00  99999.00  99999.00  99999.00  99999.00  99999.00       0       0      38      14
93997  01  00    30  99999.00  99999.00  23544.71  24181.55   -674.62   -437.86  -1044.10   -695.86       0     323     339     147
93997  01  00    20  99999.00  99999.00  25979.38  26987.50  -5154.11   4037.77   -970.02   -691.62       0     131     154      67
93997  01  00    15  99999.00  99999.00  99999.00  99999.00  99999.00  99999.00  99999.00  99999.00       0       0      14       6
93997  01  00    10  99999.00  99999.00  99999.00  99999.00  99999.00  99999.00  99999.00  99999.00       0       6       6       6
93997  01  00     7  99999.00  99999.00  99999.00  99999.00  99999.00  99999.00  99999.00  99999.00       0       0       3       3
93997  01  00     5  99999.00  99999.00  99999.00  99999.00  99999.00  99999.00  99999.00  99999.00       0       0       0       0
93997  01  00     3  99999.00  99999.00  99999.00  99999.00  99999.00  99999.00  99999.00  99999.00       0       0       0       0
93997  01  00     2  99999.00  99999.00  99999.00  99999.00  99999.00  99999.00  99999.00  99999.00       0       0       0       0
93997  01  00     1  99999.00  99999.00  99999.00  99999.00  99999.00  99999.00  99999.00  99999.00       0       0       0       0
93997  02  00  9999    980.95   1038.79  99999.00  99999.00    162.68    321.20   -136.72    230.48     533       0     529     529
93997  02  00  1000  99999.00  99999.00   -100.16    369.40    144.05    298.13    -22.59    365.13       0     528     528     525
93997  02  00   925  99999.00  99999.00    585.01   1023.49     50.55    291.15    -65.86    337.46       0     297     304     301
93997  02  00   900  99999.00  99999.00  99999.00  99999.00  99999.00  99999.00  99999.00  99999.00       0       0      12      12
93997  02  00   850  99999.00  99999.00   1278.98   1765.22    -21.07    291.77   -363.25    498.11       0     535     535     529
93997  02  00   800  99999.00  99999.00  99999.00  99999.00  99999.00  99999.00  99999.00  99999.00       0       0      10      10
93997  02  00   700  99999.00  99999.00   2896.95   3387.27    -54.36    207.96   -917.57    682.87       0     529     528     502
93997  02  00   600  99999.00  99999.00  99999.00  99999.00  99999.00  99999.00  99999.00  99999.00       0       0      11      11
93997  02  00   500  99999.00  99999.00   5550.54   6129.54   -215.10     63.30  -1146.94    571.46       0     526     528     516
93997  02  00   400  99999.00  99999.00   7204.30   7876.42   -343.34    -31.94  -1162.46    405.70       0     525     526     516
93997  02  00   300  99999.00  99999.00   9204.16  10035.64   -509.20   -167.08  -1120.20    115.20       0     524     525     511
93997  02  00   250  99999.00  99999.00  10404.79  11341.63   -603.35   -257.99  -1187.03    -41.75       0     518     520     242
93997  02  00   200  99999.00  99999.00  11826.20  12857.72   -702.42   -366.78  -1164.53   -287.57       0     515     518     208
93997  02  00   150  99999.00  99999.00  13636.38  14654.58   -807.65   -474.53  -1178.54   -520.58       0     509     512     153
93997  02  00   100  99999.00  99999.00  16160.34  16973.34   -935.37   -528.09  -1229.06   -662.54       0     503     510     151
93997  02  00    80  99999.00  99999.00  99999.00  99999.00  99999.00  99999.00  99999.00  99999.00       0       0      32      10
93997  02  00    70  99999.00  99999.00  18356.61  18962.01   -880.76   -533.84  -1163.10   -698.58       0     493     493     149
93997  02  00    60  99999.00  99999.00  99999.00  99999.00  99999.00  99999.00  99999.00  99999.00       0       0      36      10
93997  02  00    50  99999.00  99999.00  20406.87  20962.23  -3270.56   1949.56  -1180.48   -636.76       0     453     464     147
93997  02  00    40  99999.00  99999.00  99999.00  99999.00  99999.00  99999.00  99999.00  99999.00       0       0      34      10
93997  02  00    30  99999.00  99999.00  23539.16  24219.92  -3656.21   2495.47  -1078.02   -649.38       0     330     340     157
93997  02  00    20  99999.00  99999.00  26029.43  26986.07   -598.30   -392.62  -1041.07   -609.31       0     142     168      83
93997  02  00    15  99999.00  99999.00  99999.00  99999.00  99999.00  99999.00  99999.00  99999.00       0       0      13      11
93997  02  00    10  99999.00  99999.00  99999.00  99999.00  99999.00  99999.00  99999.00  99999.00       0       3       4       3
93997  02  00     7  99999.00  99999.00  99999.00  99999.00  99999.00  99999.00  99999.00  99999.00       0       0       0       0
93997  02  00     5  99999.00  99999.00  99999.00  99999.00  99999.00  99999.00  99999.00  99999.00       0       0       0       0
93997  02  00     3  99999.00  99999.00  99999.00  99999.00  99999.00  99999.00  99999.00  99999.00       0       0       0       0
93997  02  00     2  99999.00  99999.00  99999.00  99999.00  99999.00  99999.00  99999.00  99999.00       0       0       0       0
93997  02  00     1  99999.00  99999.00  99999.00  99999.00  99999.00  99999.00  99999.00  99999.00       0       0       0       0
93997  03  00  9999    983.30   1038.50  99999.00  99999.00    142.53    332.37   -135.71    240.49     634       0     632     631
93997  03  00  1000  99999.00  99999.00    -78.68    364.24    132.69    300.09    -42.98    365.26       0     618     617     613
93997  03  00   925  99999.00  99999.00    584.54   1043.06     43.82    278.42    -72.69    325.59       0     380     378     375
93997  03  00   900  99999.00  99999.00  99999.00  99999.00  99999.00  99999.00  99999.00  99999.00       0       0      13      13
93997  03  00   850  99999.00  99999.00   1300.33   1751.05    -48.75    300.57   -291.98    421.90       0     637     641     636
93997  03  00   800  99999.00  99999.00  99999.00  99999.00  99999.00  99999.00  99999.00  99999.00       0       0      22      21
93997  03  00   700  99999.00  99999.00   2910.17   3372.77    -71.39    210.49   -996.78    719.10       0     630     635     600
93997  03  00   600  99999.00  99999.00  99999.00  99999.00  99999.00  99999.00  99999.00  99999.00       0       0      24      23
93997  03  00   500  99999.00  99999.00   5544.31   6116.35   -251.68     82.04  -1210.92    589.08       0     628     632     624
93997  03  00   400  99999.00  99999.00   7172.63   7877.87   -391.66     -2.14  -1187.06    409.18       0     628     633     623
93997  03  00   300  99999.00  99999.00   9135.98  10063.10   -548.24   -136.88  -1183.60    140.24       0     629     634     609
93997  03  00   250  99999.00  99999.00  10321.22  11380.70   -626.64   -235.44  -1212.06    -22.14       0     626     632     337
93997  03  00   200  99999.00  99999.00  11746.58  12896.66   -711.86   -349.82  -1159.41   -287.13       0     629     634     270
93997  03  00   150  99999.00  99999.00  13558.14  14698.14   -806.31   -473.31  -1159.52   -535.04       0     623     629     177
93997  03  00   100  99999.00  99999.00  16111.79  16981.43   -950.47   -513.07  -1209.25   -677.65       0     617     627     172
93997  03  00    80  99999.00  99999.00  99999.00  99999.00  99999.00  99999.00  99999.00  99999.00       0       0      48      14
93997  03  00    70  99999.00  99999.00  18335.90  18951.74  -3007.24   1577.48  -1156.15   -684.55       0     597     596     158
93997  03  00    60  99999.00  99999.00  99999.00  99999.00  99999.00  99999.00  99999.00  99999.00       0       0      40      11
93997  03  00    50  99999.00  99999.00  20389.07  20966.63  -5272.99   3879.29  -1177.84   -632.08       0     559     567     161
93997  03  00    40  99999.00  99999.00  99999.00  99999.00  99999.00  99999.00  99999.00  99999.00       0       0      36      12
93997  03  00    30  99999.00  99999.00  23529.90  24241.14   -645.84   -445.08  -1033.47   -685.59       0     420     438     207
93997  03  00    20  99999.00  99999.00  26121.88  26938.12  -4500.79   3437.21   -947.02   -694.42       0     168     207     112
93997  03  00    15  99999.00  99999.00  99999.00  99999.00  99999.00  99999.00  99999.00  99999.00       0       0      28      23
93997  03  00    10  99999.00  99999.00  99999.00  99999.00  99999.00  99999.00  99999.00  99999.00       0      10      14      12
93997  03  00     7  99999.00  99999.00  99999.00  99999.00  99999.00  99999.00  99999.00  99999.00       0       0       4       4
93997  03  00     5  99999.00  99999.00  99999.00  99999.00  99999.00  99999.00  99999.00  99999.00       0       0       0       0
93997  03  00     3  99999.00  99999.00  99999.00  99999.00  99999.00  99999.00  99999.00  99999.00       0       0       0       0
93997  03  00     2  99999.00  99999.00  99999.00  99999.00  99999.00  99999.00  99999.00  99999.00       0       0       0       0
93997  03  00     1  99999.00  99999.00  99999.00  99999.00  99999.00  99999.00  99999.00  99999.00       0       0       0       0
93997  04  00  9999    984.67   1041.43  99999.00  99999.00    126.73    325.09   -125.34    240.18     749       0     746     746
93997  04  00  1000  99999.00  99999.00    -61.51    383.69    109.67    295.55    -99.10    383.06       0     744     744     741
93997  04  00   925  99999.00  99999.00    585.84   1064.16     15.25    277.21   -105.15    325.17       0     508     511     508
93997  04  00   900  99999.00  99999.00  99999.00  99999.00  99999.00  99999.00  99999.00  99999.00       0       0      11      11
93997  04  00   850  99999.00  99999.00   1313.57   1761.53    -81.00    298.80   -307.27    407.45       0     758     755     751
93997  04  00   800  99999.00  99999.00  99999.00  99999.00  99999.00  99999.00  99999.00  99999.00       0       0      21      21
93997  04  00   700  99999.00  99999.00   2912.49   3370.53   -103.57    202.67  -1032.74    693.22       0     735     734     689
93997  04  00   600  99999.00  99999.00  99999.00  99999.00  99999.00  99999.00  99999.00  99999.00       0       0      17      16
93997  04  00   500  99999.00  99999.00   5486.55   6132.39   -297.47     81.97  -1227.62    550.30       0     732     735     729
93997  04  00   400  99999.00  99999.00   7074.55   7901.35   -431.36    -11.36  -1216.87    370.61       0     728     732     723
93997  04  00   300  99999.00  99999.00   8992.95  10087.95   -578.23   -154.87  -1190.80    112.28       0     727     737     659
93997  04  00   250  99999.00  99999.00  10165.71  11396.19   -656.52   -247.08  -1166.34    -98.46       0     726     734     372
93997  04  00   200  99999.00  99999.00  11579.04  12898.08   -728.24   -361.40  -1114.35   -348.03       0     723     732     331
93997  04  00   150  99999.00  99999.00  13411.37  14670.89   -818.39   -448.67  -1155.90   -563.10       0     718     727     150
93997  04  00   100  99999.00  99999.00  16023.10  16937.86   -937.01   -472.49  -1157.87   -713.27       0     703     721     122
93997  04  00    80  99999.00  99999.00  99999.00  99999.00  99999.00  99999.00  99999.00  99999.00       0       0      43       6
93997  04  00    70  99999.00  99999.00  18272.15  18928.91   -861.56   -496.40  -1157.56   -692.68       0     700     703     131
93997  04  00    60  99999.00  99999.00  99999.00  99999.00   -829.96   -485.08  99999.00  99999.00       0       0      61      15
93997  04  00    50  99999.00  99999.00  20365.00  20935.60  -2553.50   1280.50  -1119.95   -685.19       0     662     672     157
93997  04  00    40  99999.00  99999.00  99999.00  99999.00  99999.00  99999.00  99999.00  99999.00       0       0      53      17
93997  04  00    30  99999.00  99999.00  23529.74  24190.58   -657.85   -436.33  -1043.83   -679.51       0     556     569     283
93997  04  00    20  99999.00  99999.00  26060.13  26926.77   -625.81   -367.33   -955.23   -703.11       0     252     303     162
93997  04  00    15  99999.00  99999.00  99999.00  99999.00  99999.00  99999.00  99999.00  99999.00       0       0      26      18
93997  04  00    10  99999.00  99999.00  99999.00  99999.00  99999.00  99999.00  99999.00  99999.00       0      11      14      14
93997  04  00     7  99999.00  99999.00  99999.00  99999.00  99999.00  99999.00  99999.00  99999.00       0       0       4       4
93997  04  00     5  99999.00  99999.00  99999.00  99999.00  99999.00  99999.00  99999.00  99999.00       0       0       1       1
93997  04  00     3  99999.00  99999.00  99999.00  99999.00  99999.00  99999.00  99999.00  99999.00       0       0       0       0
93997  04  00     2  99999.00  99999.00  99999.00  99999.00  99999.00  99999.00  99999.00  99999.00       0       0       0       0
93997  04  00     1  99999.00  99999.00  99999.00  99999.00  99999.00  99999.00  99999.00  99999.00       0       0       0       0
93997  05  00  9999    978.87   1047.03  99999.00  99999.00    112.50    302.58   -105.23    223.81     757       0     757     757
93997  05  00  1000  99999.00  99999.00   -112.97    433.27     95.11    277.27    -81.47    325.21       0     751     751     750
93997  05  00   925  99999.00  99999.00    526.37   1112.81     11.41    248.53    -96.67    282.53       0     521     522     521
93997  05  00   900  99999.00  99999.00  99999.00  99999.00  99999.00  99999.00  99999.00  99999.00       0       0      12      12
93997  05  00   850  99999.00  99999.00   1247.64   1804.56    -87.40    261.56   -345.62    399.58       0     768     763     762
93997  05  00   800  99999.00  99999.00  99999.00  99999.00  99999.00  99999.00  99999.00  99999.00       0       0      19      19
93997  05  00   700  99999.00  99999.00   2818.69   3413.89   -144.24    194.64  -1042.50    639.18       0     758     757     717
93997  05  00   600  99999.00  99999.00  99999.00  99999.00  99999.00  99999.00  99999.00  99999.00       0       0      16      16
93997  05  00   500  99999.00  99999.00   5342.40   6171.96   -326.30     55.78  -1251.14    527.98       0     755     753     747
93997  05  00   400  99999.00  99999.00   6917.87   7917.71   -454.66    -38.50  -1255.56    372.48       0     757     760     754
93997  05  00   300  99999.00  99999.00   8834.51  10067.39   -604.29   -170.97  -1239.37    118.19       0     748     753     623
93997  05  00   250  99999.00  99999.00  10015.40  11346.44   -681.42   -253.86  -1177.01   -134.33       0     748     753     363
93997  05  00   200  99999.00  99999.00  11451.01  12816.25   -746.21   -344.69  -1126.66   -375.58       0     746     750     343
93997  05  00   150  99999.00  99999.00  13343.81  14544.53   -841.16   -385.64  -1111.16   -609.68       0     737     741     229
93997  05  00   100  99999.00  99999.00  15970.34  16867.70   -891.49   -455.77  -1199.57   -641.09       0     723     734     139
93997  05  00    80  99999.00  99999.00  99999.00  99999.00  99999.00  99999.00  99999.00  99999.00       0       0      37      10
93997  05  00    70  99999.00  99999.00  18233.01  18904.41   -842.70   -477.18  -1218.35   -602.87       0     699     701     137
93997  05  00    60  99999.00  99999.00  99999.00  99999.00  99999.00  99999.00  99999.00  99999.00       0       0      43      13
93997  05  00    50  99999.00  99999.00  20332.56  20928.12   -755.76   -481.08  -1121.12   -668.72       0     641     647     167
93997  05  00    40  99999.00  99999.00  99999.00  99999.00   -752.73   -433.53  99999.00  99999.00       0       0      63      20
93997  05  00    30  99999.00  99999.00  23489.84  24188.84  -2773.75   1631.09  -1066.79   -661.07       0     500     517     251
93997  05  00    20  99999.00  99999.00  26012.69  26901.89   -636.20   -386.96  -1023.62   -643.34       0     232     272     126
93997  05  00    15  99999.00  99999.00  99999.00  99999.00  99999.00  99999.00  99999.00  99999.00       0       0      29      19
93997  05  00    10  99999.00  99999.00  99999.00  99999.00  99999.00  99999.00  99999.00  99999.00       0       9      13      11
93997  05  00     7  99999.00  99999.00  99999.00  99999.00  99999.00  99999.00  99999.00  99999.00       0       0       3       3
93997  05  00     5  99999.00  99999.00  99999.00  99999.00  99999.00  99999.00  99999.00  99999.00       0       0       0       0
93997  05  00     3  99999.00  99999.00  99999.00  99999.00  99999.00  99999.00  99999.00  99999.00       0       0       0       0
93997  05  00     2  99999.00  99999.00  99999.00  99999.00  99999.00  99999.00  99999.00  99999.00       0       0       0       0
93997  05  00     1  99999.00  99999.00  99999.00  99999.00  99999.00  99999.00  99999.00  99999.00       0       0       0       0
93997  06  00  9999    978.61   1048.57  99999.00  99999.00     89.84    289.76   -129.71    243.37     714       0     713     713
93997  06  00  1000  99999.00  99999.00   -110.84    441.28     69.42    271.38   -130.80    344.04       0     709     710     705
93997  06  00   925  99999.00  99999.00    546.10   1102.78    -11.68    239.24   -146.14    296.66       0     473     471     467
93997  06  00   900  99999.00  99999.00  99999.00  99999.00  99999.00  99999.00  99999.00  99999.00       0       0       8       8
93997  06  00   850  99999.00  99999.00   1245.14   1800.74   -119.66    267.34   -427.75    448.85       0     727     724     718
93997  06  00   800  99999.00  99999.00  99999.00  99999.00  99999.00  99999.00  99999.00  99999.00       0       0      14      14
93997  06  00   700  99999.00  99999.00   2801.30   3409.10   -194.65    214.43  -1070.58    662.10       0     716     716     658
93997  06  00   600  99999.00  99999.00  99999.00  99999.00  99999.00  99999.00  99999.00  99999.00       0       0      12      12
93997  06  00   500  99999.00  99999.00   5300.97   6165.57   -367.71     74.25  -1296.14    558.70       0     715     717     712
93997  06  00   400  99999.00  99999.00   6847.50   7926.30   -484.97    -25.97  -1297.91    405.37       0     715     713     706
93997  06  00   300  99999.00  99999.00   8746.28  10084.28   -625.64   -156.20  -1229.53    130.79       0     709     712     550
93997  06  00   250  99999.00  99999.00   9911.69  11374.25   -678.17   -255.41  -1201.12    -89.68       0     703     704     322
93997  06  00   200  99999.00  99999.00  11368.52  12825.68   -763.75   -324.79  -1143.77   -347.09       0     694     698     299
93997  06  00   150  99999.00  99999.00  13283.43  14538.39   -866.71   -354.55  -1135.34   -562.70       0     692     697     205
93997  06  00   100  99999.00  99999.00  15928.70  16851.74   -901.18   -430.90  -1195.93   -618.97       0     671     687     137
93997  06  00    80  99999.00  99999.00  99999.00  99999.00  99999.00  99999.00  99999.00  99999.00       0       0      36       6
93997  06  00    70  99999.00  99999.00  18213.95  18888.35  -2877.53   1551.55  -1207.55   -596.15       0     637     646     139
93997  06  00    60  99999.00  99999.00  99999.00  99999.00  99999.00  99999.00  99999.00  99999.00       0       0      37       8
93997  06  00    50  99999.00  99999.00  20315.18  20931.98   -746.37   -473.97  -1178.84   -590.48       0     565     578     180
93997  06  00    40  99999.00  99999.00  99999.00  99999.00  99999.00  99999.00  99999.00  99999.00       0       0      45      15
93997  06  00    30  99999.00  99999.00  23482.49  24192.05  -3382.16   2229.40  -1149.93   -564.33       0     388     409     186
93997  06  00    20  99999.00  99999.00  25838.84  27067.40  -4601.25   3473.67  -1010.53   -674.53       0     173     199      90
93997  06  00    15  99999.00  99999.00  99999.00  99999.00  99999.00  99999.00  99999.00  99999.00       0       0      26       7
93997  06  00    10  99999.00  99999.00  99999.00  99999.00  99999.00  99999.00  99999.00  99999.00       0       0       3       1
93997  06  00     7  99999.00  99999.00  99999.00  99999.00  99999.00  99999.00  99999.00  99999.00       0       0       0       0
93997  06  00     5  99999.00  99999.00  99999.00  99999.00  99999.00  99999.00  99999.00  99999.00       0       0       0       0
93997  06  00     3  99999.00  99999.00  99999.00  99999.00  99999.00  99999.00  99999.00  99999.00       0       0       0       0
93997  06  00     2  99999.00  99999.00  99999.00  99999.00  99999.00  99999.00  99999.00  99999.00       0       0       0       0
93997  06  00     1  99999.00  99999.00  99999.00  99999.00  99999.00  99999.00  99999.00  99999.00       0       0       0       0
93997  07  00  9999    973.56   1053.00  99999.00  99999.00     85.49    276.29   -104.61    218.79     738       0     737     737
93997  07  00  1000  99999.00  99999.00   -135.82    463.70     58.94    261.62   -134.18    325.66       0     723     723     714
93997  07  00   925  99999.00  99999.00    496.86   1140.90    -22.86    231.54   -138.66    270.06       0     486     481     471
93997  07  00   900  99999.00  99999.00  99999.00  99999.00  99999.00  99999.00  99999.00  99999.00       0       0       9       9
93997  07  00   850  99999.00  99999.00   1207.31   1818.83   -105.39    228.69   -452.44    445.64       0     747     747     735
93997  07  00   800  99999.00  99999.00  99999.00  99999.00  99999.00  99999.00  99999.00  99999.00       0       0      20      20
93997  07  00   700  99999.00  99999.00   2768.91   3404.55   -183.30    176.70  -1062.46    639.62       0     739     740     659
93997  07  00   600  99999.00  99999.00  99999.00  99999.00  99999.00  99999.00  99999.00  99999.00       0       0      11      11
93997  07  00   500  99999.00  99999.00   5275.24   6129.16   -387.52     71.00  -1280.18    524.86       0     741     741     729
93997  07  00   400  99999.00  99999.00   6817.55   7881.35   -508.34    -20.90  -1306.64    375.88       0     742     742     729
93997  07  00   300  99999.00  99999.00   8747.83  10003.27   -642.14   -133.82  -1275.95    101.77       0     733     735     570
93997  07  00   250  99999.00  99999.00   9942.81  11272.05   -694.45   -216.25  -1178.30   -179.78       0     731     733     351
93997  07  00   200  99999.00  99999.00  11420.75  12721.31   -759.41   -292.61  -1109.99   -437.39       0     726     729     329
93997  07  00   150  99999.00  99999.00  13337.59  14456.83   -839.20   -358.00  -1096.73   -619.25       0     718     719     231
93997  07  00   100  99999.00  99999.00  15990.90  16786.26   -877.51   -434.71  -1166.49   -659.73       0     696     712     159
93997  07  00    80  99999.00  99999.00  99999.00  99999.00  99999.00  99999.00  99999.00  99999.00       0       0      47      12
93997  07  00    70  99999.00  99999.00  18242.46  18879.06  -2860.05   1559.31  -1170.41   -645.77       0     645     650     140
93997  07  00    60  99999.00  99999.00  99999.00  99999.00  99999.00  99999.00  99999.00  99999.00       0       0      58      15
93997  07  00    50  99999.00  99999.00  20321.59  20969.23  -2955.86   1728.70  -1088.60   -688.28       0     573     582     178
93997  07  00    40  99999.00  99999.00  99999.00  99999.00  99999.00  99999.00  99999.00  99999.00       0       0      43      16
93997  07  00    30  99999.00  99999.00  23489.57  24270.17   -680.26   -407.50  -1048.99   -671.23       0     388     406     189
93997  07  00    20  99999.00  99999.00  26062.29  26932.17   -694.84   -329.20  -1092.70   -581.26       0     202     222      85
93997  07  00    15  99999.00  99999.00  99999.00  99999.00  99999.00  99999.00  99999.00  99999.00       0       0      29      13
93997  07  00    10  99999.00  99999.00  99999.00  99999.00  99999.00  99999.00  99999.00  99999.00       0       0       0       0
93997  07  00     7  99999.00  99999.00  99999.00  99999.00  99999.00  99999.00  99999.00  99999.00       0       0       0       0
93997  07  00     5  99999.00  99999.00  99999.00  99999.00  99999.00  99999.00  99999.00  99999.00       0       0       0       0
93997  07  00     3  99999.00  99999.00  99999.00  99999.00  99999.00  99999.00  99999.00  99999.00       0       0       0       0
93997  07  00     2  99999.00  99999.00  99999.00  99999.00  99999.00  99999.00  99999.00  99999.00       0       0       0       0
93997  07  00     1  99999.00  99999.00  99999.00  99999.00  99999.00  99999.00  99999.00  99999.00       0       0       0       0
93997  08  00  9999    976.32   1051.44  99999.00  99999.00     90.38    268.82   -120.48    238.68     767       0     767     766
93997  08  00  1000  99999.00  99999.00   -135.30    469.62     62.04    250.08   -132.39    315.81       0     763     763     756
93997  08  00   925  99999.00  99999.00    511.41   1125.33    -17.96    216.76   -178.38    293.70       0     496     494     487
93997  08  00   900  99999.00  99999.00  99999.00  99999.00  99999.00  99999.00  99999.00  99999.00       0       0      16      16
93997  08  00   850  99999.00  99999.00  -4217.41   7096.67  -4945.84   4926.44   -480.17    453.67       0     744     744     734
93997  08  00   800  99999.00  99999.00  99999.00  99999.00  99999.00  99999.00  99999.00  99999.00       0       0      18      17
93997  08  00   700  99999.00  99999.00  -3512.28   9509.40  -5044.25   4891.99  -1092.20    650.92       0     725     725     664
93997  08  00   600  99999.00  99999.00  99999.00  99999.00  99999.00  99999.00  99999.00  99999.00       0       0      14      14
93997  08  00   500  99999.00  99999.00  -2209.57  13395.23  -5112.07   4652.57  -1290.67    494.45       0     727     728     719
93997  08  00   400  99999.00  99999.00  -1336.35  15793.17  -5131.02   4468.14  -1302.82    343.22       0     737     738     728
93997  08  00   300  99999.00  99999.00   -380.36  18860.20  -5204.60   4305.28  -1264.77     61.71       0     729     734     589
93997  08  00   250  99999.00  99999.00    247.84  20685.28  -5232.04   4204.64  -1170.27   -207.75       0     731     735     371
93997  08  00   200  99999.00  99999.00    936.30  22910.94  -5293.69   4121.63  -1091.39   -463.67       0     725     727     324
93997  08  00   150  99999.00  99999.00   1782.05  25692.77  -5352.23   4028.89  -1071.15   -650.55       0     717     721     236
93997  08  00   100  99999.00  99999.00   4259.63  28236.35  -4849.64   3449.68  -1155.88   -650.44       0     696     730     177
93997  08  00    80  99999.00  99999.00  99999.00  99999.00  99999.00  99999.00  99999.00  99999.00       0       0      50      14
93997  08  00    70  99999.00  99999.00   5265.64  31557.64  -5966.40   4550.40  -1118.85   -685.65       0     678     682     168
93997  08  00    60  99999.00  99999.00  99999.00  99999.00  99999.00  99999.00  99999.00  99999.00       0       0      56      19
93997  08  00    50  99999.00  99999.00   5241.24  35684.28  -5850.31   4512.53  -1067.34   -703.38       0     582     590     236
93997  08  00    40  99999.00  99999.00  99999.00  99999.00  99999.00  99999.00  99999.00  99999.00       0       0      60      35
93997  08  00    30  99999.00  99999.00   6210.64  41116.96  -8873.15   7395.73   -998.18   -723.26       0     406     430     221
93997  08  00    20  99999.00  99999.00  26028.26  27035.30  -4376.76   3272.64   -962.44   -716.68       0     180     222     117
93997  08  00    15  99999.00  99999.00  99999.00  99999.00  99999.00  99999.00  99999.00  99999.00       0       0      20      11
93997  08  00    10  99999.00  99999.00  99999.00  99999.00  99999.00  99999.00  99999.00  99999.00       0       0       0       0
93997  08  00     7  99999.00  99999.00  99999.00  99999.00  99999.00  99999.00  99999.00  99999.00       0       0       0       0
93997  08  00     5  99999.00  99999.00  99999.00  99999.00  99999.00  99999.00  99999.00  99999.00       0       0       0       0
93997  08  00     3  99999.00  99999.00  99999.00  99999.00  99999.00  99999.00  99999.00  99999.00       0       0       0       0
93997  08  00     2  99999.00  99999.00  99999.00  99999.00  99999.00  99999.00  99999.00  99999.00       0       0       0       0
93997  08  00     1  99999.00  99999.00  99999.00  99999.00  99999.00  99999.00  99999.00  99999.00       0       0       1       1
93997  09  00  9999    979.38   1049.58  99999.00  99999.00     97.23    276.87   -105.23    221.41     739       0     738     738
93997  09  00  1000  99999.00  99999.00   -115.55    458.05     72.38    249.50   -113.48    315.04       0     744     743     742
93997  09  00   925  99999.00  99999.00    544.36   1110.28    -18.85    228.71   -151.60    282.44       0     473     474     473
93997  09  00   900  99999.00  99999.00  99999.00  99999.00  99999.00  99999.00  99999.00  99999.00       0       0      12      12
93997  09  00   850  99999.00  99999.00  -6289.20   9056.28  -6776.13   6657.27   -453.98    441.10       0     724     720     717
93997  09  00   800  99999.00  99999.00  99999.00  99999.00  99999.00  99999.00  99999.00  99999.00       0       0      23      23
93997  09  00   700  99999.00  99999.00  -5887.39  11763.89  -6849.83   6598.09  -1032.34    593.66       0     707     709     656
93997  09  00   600  99999.00  99999.00  99999.00  99999.00  99999.00  99999.00  99999.00  99999.00       0       0      10      10
93997  09  00   500  99999.00  99999.00  -4455.23  15542.65  -6522.27   5981.73  -1211.71    422.33       0     706     707     706
93997  09  00   400  99999.00  99999.00  -3837.55  18179.57  -6539.94   5781.42  -1256.15    297.61       0     711     712     711
93997  09  00   300  99999.00  99999.00  -3166.55  21499.21  -6607.84   5598.68  -1239.51     46.89       0     706     707     516
93997  09  00   250  99999.00  99999.00  -2771.19  23530.41  -6630.37   5492.39  -1185.96   -185.88       0     702     707     328
93997  09  00   200  99999.00  99999.00  -2276.11  25924.01  -6675.36   5405.40  -1134.13   -429.25       0     700     702     302
93997  09  00   150  99999.00  99999.00  -1744.32  28998.96  -6778.66   5372.78  -1103.54   -617.06       0     690     684     226
93997  09  00   100  99999.00  99999.00  -1081.70  33266.14  -6667.81   5172.35  -1148.63   -656.99       0     674     713     178
93997  09  00    80  99999.00  99999.00  99999.00  99999.00  99999.00  99999.00  99999.00  99999.00       0       0      49      13
93997  09  00    70  99999.00  99999.00   -412.04  36918.04  -6831.75   5369.97  -1113.75   -688.95       0     669     674     170
93997  09  00    60  99999.00  99999.00  99999.00  99999.00  99999.00  99999.00  99999.00  99999.00       0       0      43      12
93997  09  00    50  99999.00  99999.00  -1325.71  41854.61  -8081.31   6588.21  -1082.95   -687.91       0     575     584     230
93997  09  00    40  99999.00  99999.00  99999.00  99999.00  99999.00  99999.00  99999.00  99999.00       0       0      45      16
93997  09  00    30  99999.00  99999.00    500.55  46498.59  -7512.14   6153.94  -1064.34   -654.66       0     388     409     189
93997  09  00    20  99999.00  99999.00  25967.39  27169.55  -7978.77   6644.43  -1012.25   -674.21       0     144     180      97
93997  09  00    15  99999.00  99999.00  99999.00  99999.00  99999.00  99999.00  99999.00  99999.00       0       0      19       9
93997  09  00    10  99999.00  99999.00  99999.00  99999.00  99999.00  99999.00  99999.00  99999.00       0       1       1       0
93997  09  00     7  99999.00  99999.00  99999.00  99999.00  99999.00  99999.00  99999.00  99999.00       0       0       0       0
93997  09  00     5  99999.00  99999.00  99999.00  99999.00  99999.00  99999.00  99999.00  99999.00       0       0       0       0
93997  09  00     3  99999.00  99999.00  99999.00  99999.00  99999.00  99999.00  99999.00  99999.00       0       0       0       0
93997  09  00     2  99999.00  99999.00  99999.00  99999.00  99999.00  99999.00  99999.00  99999.00       0       0       0       0
93997  09  00     1  99999.00  99999.00  99999.00  99999.00  99999.00  99999.00  99999.00  99999.00       0       0       0       0
93997  10  00  9999    981.23   1045.79  99999.00  99999.00    106.82    280.94    -97.00    210.56     542       0     541     541
93997  10  00  1000  99999.00  99999.00    -90.47    418.93     82.68    253.92   -101.49    318.51       0     541     540     539
93997  10  00   925  99999.00  99999.00    552.18   1090.02     -3.80    227.08   -118.62    266.82       0     310     309     308
93997  10  00   900  99999.00  99999.00  99999.00  99999.00  99999.00  99999.00  99999.00  99999.00       0       0       9       8
93997  10  00   850  99999.00  99999.00   1259.56   1786.36   -105.70    264.62   -554.20    537.68       0     542     540     536
93997  10  00   800  99999.00  99999.00  99999.00  99999.00  99999.00  99999.00  99999.00  99999.00       0       0      10       8
93997  10  00   700  99999.00  99999.00   2821.71   3399.99   -141.20    184.60  -1000.75    593.21       0     523     524     491
93997  10  00   600  99999.00  99999.00  99999.00  99999.00  99999.00  99999.00  99999.00  99999.00       0       0       9       9
93997  10  00   500  99999.00  99999.00   5359.20   6140.64   -316.95     39.21  -1133.93    397.75       0     518     517     515
93997  10  00   400  99999.00  99999.00   6921.23   7888.67   -441.23    -72.11  -1157.89    243.83       0     519     519     515
93997  10  00   300  99999.00  99999.00   8850.40  10009.48   -604.97   -188.09  -1192.79     41.89       0     516     519     360
93997  10  00   250  99999.00  99999.00  10046.14  11268.94   -683.48   -254.84  -1150.24   -196.12       0     513     512     216
93997  10  00   200  99999.00  99999.00  11511.90  12716.22   -737.67   -330.27  -1114.15   -423.91       0     507     509     205
93997  10  00   150  99999.00  99999.00  13401.54  14467.98   -804.79   -398.71  -1079.26   -646.42       0     502     487     150
93997  10  00   100  99999.00  99999.00  16067.59  16776.91   -872.62   -440.14  -1156.65   -671.37       0     475     504     137
93997  10  00    80  99999.00  99999.00  99999.00  99999.00  99999.00  99999.00  99999.00  99999.00       0       0      30      11
93997  10  00    70  99999.00  99999.00  18326.21  18871.73   -800.09   -463.25  -1153.67   -657.47       0     478     480     134
93997  10  00    60  99999.00  99999.00  99999.00  99999.00  99999.00  99999.00  99999.00  99999.00       0       0      24       7
93997  10  00    50  99999.00  99999.00  20396.82  20970.78   -729.29   -467.09  -1070.36   -712.04       0     413     421     147
93997  10  00    40  99999.00  99999.00  99999.00  99999.00  99999.00  99999.00  99999.00  99999.00       0       0      21      11
93997  10  00    30  99999.00  99999.00  23526.72  24271.68  -3940.87   2764.49  -1065.26   -664.82       0     274     286     139
93997  10  00    20  99999.00  99999.00  26089.62  26920.86   -644.95   -393.79  99999.00  99999.00       0      84     104      48
93997  10  00    15  99999.00  99999.00  99999.00  99999.00  99999.00  99999.00  99999.00  99999.00       0       0       8       7
93997  10  00    10  99999.00  99999.00  99999.00  99999.00  99999.00  99999.00  99999.00  99999.00       0       8       8       8
93997  10  00     7  99999.00  99999.00  99999.00  99999.00  99999.00  99999.00  99999.00  99999.00       0       0       0       0
93997  10  00     5  99999.00  99999.00  99999.00  99999.00  99999.00  99999.00  99999.00  99999.00       0       0       0       0
93997  10  00     3  99999.00  99999.00  99999.00  99999.00  99999.00  99999.00  99999.00  99999.00       0       0       0       0
93997  10  00     2  99999.00  99999.00  99999.00  99999.00  99999.00  99999.00  99999.00  99999.00       0       0       0       0
93997  10  00     1  99999.00  99999.00  99999.00  99999.00  99999.00  99999.00  99999.00  99999.00       0       0       0       0
93997  11  00  9999    983.18   1040.06  99999.00  99999.00    113.82    303.90   -114.38    216.22     503       0     503     503
93997  11  00  1000  99999.00  99999.00    -70.86    370.74     91.08    277.92    -98.46    357.66       0     495     496     493
93997  11  00   925  99999.00  99999.00    591.58   1031.02     -9.59    274.57   -127.47    320.37       0     295     302     298
93997  11  00   900  99999.00  99999.00  99999.00  99999.00  99999.00  99999.00  99999.00  99999.00       0       0       9       9
93997  11  00   850  99999.00  99999.00   1293.50   1740.98    -93.24    291.36   -514.10    547.30       0     505     505     499
93997  11  00   800  99999.00  99999.00  99999.00  99999.00  99999.00  99999.00  99999.00  99999.00       0       0      14      14
93997  11  00   700  99999.00  99999.00   2857.45   3374.89   -124.53    205.11   -962.29    650.87       0     505     505     470
93997  11  00   600  99999.00  99999.00  99999.00  99999.00  99999.00  99999.00  99999.00  99999.00       0       0      11      11
93997  11  00   500  99999.00  99999.00   5416.41   6131.61   -292.71     54.81  -1190.73    491.07       0     501     503     499
93997  11  00   400  99999.00  99999.00   6995.24   7890.68   -425.64    -47.76  -1165.61    307.27       0     503     505     501
93997  11  00   300  99999.00  99999.00   8921.12  10041.68   -574.44   -198.36  -1145.68     56.12       0     493     495     414
93997  11  00   250  99999.00  99999.00  10105.35  11316.51   -663.03   -278.67  -1091.00   -185.00       0     496     496     233
93997  11  00   200  99999.00  99999.00  11549.95  12772.27   -750.38   -346.70  -1116.95   -374.75       0     497     497     226
93997  11  00   150  99999.00  99999.00  13443.06  14498.82   -821.61   -405.69  -1104.05   -609.41       0     491     481     177
93997  11  00   100  99999.00  99999.00  16082.15  16800.23   -881.24   -470.96  -1136.72   -703.64       0     471     479     155
93997  11  00    80  99999.00  99999.00  99999.00  99999.00  99999.00  99999.00  99999.00  99999.00       0       0      28       9
93997  11  00    70  99999.00  99999.00  18339.29  18847.73  -3345.85   1990.19  -1119.06   -718.86       0     439     443     136
93997  11  00    60  99999.00  99999.00  99999.00  99999.00  99999.00  99999.00  99999.00  99999.00       0       0      16       5
93997  11  00    50  99999.00  99999.00  20412.63  20900.55  -3634.35   2344.29  -1080.97   -730.21       0     349     355     115
93997  11  00    40  99999.00  99999.00  99999.00  99999.00  99999.00  99999.00  99999.00  99999.00       0       0      28      13
93997  11  00    30  99999.00  99999.00  23557.88  24148.76  -4086.86   2882.14  -1046.80   -701.08       0     256     264     128
93997  11  00    20  99999.00  99999.00  26142.84  26766.24  -5727.71   4527.73  -1023.55   -656.35       0     110     123      65
93997  11  00    15  99999.00  99999.00  99999.00  99999.00  99999.00  99999.00  99999.00  99999.00       0       0       8       5
93997  11  00    10  99999.00  99999.00  99999.00  99999.00  99999.00  99999.00  99999.00  99999.00       0       7       7       7
93997  11  00     7  99999.00  99999.00  99999.00  99999.00  99999.00  99999.00  99999.00  99999.00       0       0       4       4
93997  11  00     5  99999.00  99999.00  99999.00  99999.00  99999.00  99999.00  99999.00  99999.00       0       0       0       0
93997  11  00     3  99999.00  99999.00  99999.00  99999.00  99999.00  99999.00  99999.00  99999.00       0       0       0       0
93997  11  00     2  99999.00  99999.00  99999.00  99999.00  99999.00  99999.00  99999.00  99999.00       0       0       0       0
93997  11  00     1  99999.00  99999.00  99999.00  99999.00  99999.00  99999.00  99999.00  99999.00       0       0       0       0
93997  12  00  9999    982.88   1038.92  99999.00  99999.00    128.77    321.01   -128.78    229.06     498       0     494     492
93997  12  00  1000  99999.00  99999.00    -74.20    361.16    113.59    288.67    -68.46    362.46       0     492     491     490
93997  12  00   925  99999.00  99999.00    581.44   1032.28     31.01    266.33    -96.38    324.94       0     280     282     281
93997  12  00   900  99999.00  99999.00  99999.00  99999.00  99999.00  99999.00  99999.00  99999.00       0       0       7       7
93997  12  00   850  99999.00  99999.00   1287.36   1752.48    -65.74    295.82   -404.91    488.01       0     504     500     498
93997  12  00   800  99999.00  99999.00  99999.00  99999.00  99999.00  99999.00  99999.00  99999.00       0       0      12      12
93997  12  00   700  99999.00  99999.00   2878.76   3379.28    -77.26    194.90   -930.38    645.58       0     499     500     470
93997  12  00   600  99999.00  99999.00  99999.00  99999.00  99999.00  99999.00  99999.00  99999.00       0       0      10       9
93997  12  00   500  99999.00  99999.00   5480.38   6131.86   -251.43     58.41  -1204.57    556.79       0     497     497     495
93997  12  00   400  99999.00  99999.00   7095.22   7887.94   -385.78    -36.22  -1146.97    353.15       0     495     495     494
93997  12  00   300  99999.00  99999.00   9038.91  10065.63   -541.80   -184.20  -1135.52     95.08       0     494     495     479
93997  12  00   250  99999.00  99999.00  10230.58  11353.42   -634.22   -272.42  -1116.72   -125.16       0     495     497     238
93997  12  00   200  99999.00  99999.00  11660.92  12834.16   -734.48   -358.76  -1105.54   -353.98       0     492     492     220
93997  12  00   150  99999.00  99999.00  13512.55  14589.91   -816.45   -445.53  -1137.83   -564.59       0     487     486     161
93997  12  00   100  99999.00  99999.00  16119.56  16865.60   -918.78   -496.14  -1171.36   -693.40       0     473     480     155
93997  12  00    80  99999.00  99999.00  99999.00  99999.00  99999.00  99999.00  99999.00  99999.00       0       0      27       8
93997  12  00    70  99999.00  99999.00  18373.57  18849.61   -870.59   -510.11  -1173.01   -665.53       0     441     441     141
93997  12  00    60  99999.00  99999.00  99999.00  99999.00  99999.00  99999.00  99999.00  99999.00       0       0      34       6
93997  12  00    50  99999.00  99999.00  20442.24  20858.16  -3471.26   2152.78  -1133.56   -674.80       0     396     400     129
93997  12  00    40  99999.00  99999.00  99999.00  99999.00  99999.00  99999.00  99999.00  99999.00       0       0      27      11
93997  12  00    30  99999.00  99999.00  23583.04  24100.00   -691.32   -435.00  -1011.91   -727.75       0     283     292     144
93997  12  00    20  99999.00  99999.00  26146.21  26738.53   -622.64   -395.60   -953.88   -724.56       0     114     140      68
93997  12  00    15  99999.00  99999.00  99999.00  99999.00  99999.00  99999.00  99999.00  99999.00       0       0      16       9
93997  12  00    10  99999.00  99999.00  99999.00  99999.00  99999.00  99999.00  99999.00  99999.00       0       1       2       2
93997  12  00     7  99999.00  99999.00  99999.00  99999.00  99999.00  99999.00  99999.00  99999.00       0       0       0       0
93997  12  00     5  99999.00  99999.00  99999.00  99999.00  99999.00  99999.00  99999.00  99999.00       0       0       0       0
93997  12  00     3  99999.00  99999.00  99999.00  99999.00  99999.00  99999.00  99999.00  99999.00       0       0       0       0
93997  12  00     2  99999.00  99999.00  99999.00  99999.00  99999.00  99999.00  99999.00  99999.00       0       0       0       0
93997  12  00     1  99999.00  99999.00  99999.00  99999.00  99999.00  99999.00  99999.00  99999.00       0       0       0       0
