08508  01  00  9999    951.33   1067.73  99999.00  99999.00     21.55    256.87   -111.34    203.30     571       0     571     571
08508  01  00  1000  99999.00  99999.00   -140.53    566.87     20.90    246.74   -142.15    318.29       0     498     498     495
08508  01  00   925  99999.00  99999.00    359.81   1288.73    -70.35    247.17   -170.66    270.94       0     348     356     354
08508  01  00   900  99999.00  99999.00  99999.00  99999.00  99999.00  99999.00  99999.00  99999.00       0       0      11      11
08508  01  00   850  99999.00  99999.00   1033.39   2028.55   -157.78    265.94   -506.49    468.63       0     606     608     605
08508  01  00   800  99999.00  99999.00  99999.00  99999.00  99999.00  99999.00  99999.00  99999.00       0       0      13      13
08508  01  00   700  99999.00  99999.00   2553.96   3648.00   -220.95    195.93   -815.87    435.85       0     605     607     599
08508  01  00   600  99999.00  99999.00  99999.00  99999.00  99999.00  99999.00  99999.00  99999.00       0       0       8       8
08508  01  00   500  99999.00  99999.00   5024.97   6376.05   -394.33     30.47  -1039.51    326.33       0     606     606     601
08508  01  00   400  99999.00  99999.00   6562.29   8093.25   -507.29    -97.25  -1088.94    188.10       0     600     601     594
08508  01  00   300  99999.00  99999.00   8432.24  10183.76   -635.61   -277.53  99999.00  99999.00       0     595     596      46
08508  01  00   250  99999.00  99999.00   9586.83  11410.95   -717.86   -371.54  99999.00  99999.00       0     587     587       1
08508  01  00   200  99999.00  99999.00  11033.04  12775.32   -918.14   -290.06  99999.00  99999.00       0     570     572       2
08508  01  00   150  99999.00  99999.00  12991.75  14396.71   -897.48   -301.68  99999.00  99999.00       0     520     524       0
08508  01  00   100  99999.00  99999.00  15662.50  16754.98   -846.12   -409.44  99999.00  99999.00       0     468     475       1
08508  01  00    80  99999.00  99999.00  99999.00  99999.00  99999.00  99999.00  99999.00  99999.00       0       0      19       0
08508  01  00    70  99999.00  99999.00  10004.02  26656.90  -3402.00   2087.76  99999.00  99999.00       0     420     422       0
08508  01  00    60  99999.00  99999.00  99999.00  99999.00  99999.00  99999.00  99999.00  99999.00       0       0      27       0
08508  01  00    50  99999.00  99999.00  11036.05  29748.49  -3500.29   2213.03  99999.00  99999.00       0     383     391       0
08508  01  00    40  99999.00  99999.00  99999.00  99999.00  99999.00  99999.00  99999.00  99999.00       0       0      40       0
08508  01  00    30  99999.00  99999.00  11713.94  35351.66   -890.11   -292.99  99999.00  99999.00       0     293     301       0
08508  01  00    20  99999.00  99999.00  11721.00  40380.48  -6977.99   5619.13  99999.00  99999.00       0     231     241       5
08508  01  00    15  99999.00  99999.00  99999.00  99999.00  99999.00  99999.00  99999.00  99999.00       0       0      51       0
08508  01  00    10  99999.00  99999.00  29241.02  32105.06   -859.51   -118.27  99999.00  99999.00       0     148     160      20
08508  01  00     7  99999.00  99999.00  31629.78  34410.90  -6258.72   5204.88  99999.00  99999.00       0      87     101      33
08508  01  00     5  99999.00  99999.00  99999.00  99999.00  99999.00  99999.00  99999.00  99999.00       0      27      46      24
08508  01  00     3  99999.00  99999.00  99999.00  99999.00  99999.00  99999.00  99999.00  99999.00       0       0       0       0
08508  01  00     2  99999.00  99999.00  99999.00  99999.00  99999.00  99999.00  99999.00  99999.00       0       0       0       0
08508  01  00     1  99999.00  99999.00  99999.00  99999.00  99999.00  99999.00  99999.00  99999.00       0       0       0       0
08508  02  00  9999    953.32   1066.36  99999.00  99999.00     22.93    248.77   -100.01    187.27     468       0     467     466
08508  02  00  1000  99999.00  99999.00   -120.55    548.57     25.38    235.38   -125.12    299.20       0     420     420     418
08508  02  00   925  99999.00  99999.00    454.42   1245.94    -78.00    248.04   -185.24    283.60       0     284     289     288
08508  02  00   900  99999.00  99999.00  99999.00  99999.00  99999.00  99999.00  99999.00  99999.00       0       0       7       7
08508  02  00   850  99999.00  99999.00   1069.82   2000.66   -166.25    268.39   -490.17    452.79       0     497     499     497
08508  02  00   800  99999.00  99999.00  99999.00  99999.00  99999.00  99999.00  99999.00  99999.00       0       0      17      17
08508  02  00   700  99999.00  99999.00   2589.20   3618.80   -206.42    176.74   -828.38    468.10       0     496     497     486
08508  02  00   600  99999.00  99999.00  99999.00  99999.00  99999.00  99999.00  99999.00  99999.00       0       0      11      11
08508  02  00   500  99999.00  99999.00   5065.39   6338.35   -387.28     19.88   -994.76    333.04       0     492     494     493
08508  02  00   400  99999.00  99999.00   6600.86   8056.70   -513.39    -93.51  -1041.06    175.74       0     493     493     486
08508  02  00   300  99999.00  99999.00   8472.74  10141.46   -632.64   -287.28  99999.00  99999.00       0     487     487      25
08508  02  00   250  99999.00  99999.00   9622.28  11367.56   -719.35   -379.75  99999.00  99999.00       0     482     478       2
08508  02  00   200  99999.00  99999.00  11070.58  12724.30   -939.12   -278.04  99999.00  99999.00       0     468     469       3
08508  02  00   150  99999.00  99999.00  12973.33  14411.65   -860.31   -324.87  99999.00  99999.00       0     442     443       0
08508  02  00   100  99999.00  99999.00  15651.69  16788.21   -830.66   -418.34  99999.00  99999.00       0     398     404       2
08508  02  00    80  99999.00  99999.00  99999.00  99999.00  99999.00  99999.00  99999.00  99999.00       0       0      16       0
08508  02  00    70  99999.00  99999.00  17919.32  18919.28   -830.99   -426.23  99999.00  99999.00       0     360     363       0
08508  02  00    60  99999.00  99999.00  99999.00  99999.00  99999.00  99999.00  99999.00  99999.00       0       0      18       0
08508  02  00    50  99999.00  99999.00  19951.28  21043.76   -827.63   -398.51  99999.00  99999.00       0     327     328       0
08508  02  00    40  99999.00  99999.00  99999.00  99999.00  99999.00  99999.00  99999.00  99999.00       0       0      17       0
08508  02  00    30  99999.00  99999.00  22929.36  24425.76   -818.19   -366.15  99999.00  99999.00       0     266     267       0
08508  02  00    20  99999.00  99999.00  25272.17  27173.21   -831.92   -307.76  99999.00  99999.00       0     212     216       0
08508  02  00    15  99999.00  99999.00  99999.00  99999.00  99999.00  99999.00  99999.00  99999.00       0       0      41       1
08508  02  00    10  99999.00  99999.00  29376.69  31930.17   -857.80   -121.72  99999.00  99999.00       0     140     145      24
08508  02  00     7  99999.00  99999.00  31501.67  34516.19   -799.82    -58.70  99999.00  99999.00       0      93     108      31
08508  02  00     5  99999.00  99999.00  99999.00  99999.00  99999.00  99999.00  99999.00  99999.00       0      38      60      33
08508  02  00     3  99999.00  99999.00  99999.00  99999.00  99999.00  99999.00  99999.00  99999.00       0       0       0       0
08508  02  00     2  99999.00  99999.00  99999.00  99999.00  99999.00  99999.00  99999.00  99999.00       0       0       0       0
08508  02  00     1  99999.00  99999.00  99999.00  99999.00  99999.00  99999.00  99999.00  99999.00       0       0       0       0
08508  03  00  9999    945.78   1070.34  99999.00  99999.00     28.73    247.01   -104.40    185.76     521       0     520     520
08508  03  00  1000  99999.00  99999.00   -104.27    517.69     28.57    233.65   -110.69    295.39       0     454     453     451
08508  03  00   925  99999.00  99999.00    308.94   1343.70    -72.38    257.62   -160.33    267.95       0     274     279     279
08508  03  00   900  99999.00  99999.00  99999.00  99999.00  99999.00  99999.00  99999.00  99999.00       0       0       5       5
08508  03  00   850  99999.00  99999.00   1028.88   2014.44   -164.55    277.65   -455.56    421.16       0     565     570     566
08508  03  00   800  99999.00  99999.00  99999.00  99999.00  99999.00  99999.00  99999.00  99999.00       0       0      18      18
08508  03  00   700  99999.00  99999.00   2544.37   3639.13   -216.27    191.49   -796.14    452.94       0     562     566     562
08508  03  00   600  99999.00  99999.00  99999.00  99999.00  99999.00  99999.00  99999.00  99999.00       0       0       9       9
08508  03  00   500  99999.00  99999.00   5010.27   6373.11   -383.97     21.99   -971.95    300.65       0     563     564     564
08508  03  00   400  99999.00  99999.00   6543.79   8096.11   -509.48    -94.16  -1063.44    178.32       0     553     554     546
08508  03  00   300  99999.00  99999.00   8404.03  10205.95   -649.13   -264.29  99999.00  99999.00       0     545     546      50
08508  03  00   250  99999.00  99999.00   9551.03  11441.39   -721.79   -364.31  99999.00  99999.00       0     536     538       1
08508  03  00   200  99999.00  99999.00  10982.07  12824.67   -923.54   -275.18  99999.00  99999.00       0     525     529       2
08508  03  00   150  99999.00  99999.00  12954.35  14456.63   -848.01   -323.37  99999.00  99999.00       0     499     504       1
08508  03  00   100  99999.00  99999.00  15641.29  16838.05   -829.15   -406.27  99999.00  99999.00       0     452     462       0
08508  03  00    80  99999.00  99999.00  99999.00  99999.00  99999.00  99999.00  99999.00  99999.00       0       0      18       0
08508  03  00    70  99999.00  99999.00  17966.18  18915.02   -804.70   -440.02  99999.00  99999.00       0     401     403       0
08508  03  00    60  99999.00  99999.00  99999.00  99999.00  99999.00  99999.00  99999.00  99999.00       0       0      24       0
08508  03  00    50  99999.00  99999.00  20071.68  20978.88   -758.48   -456.20  99999.00  99999.00       0     356     358       1
08508  03  00    40  99999.00  99999.00  99999.00  99999.00  99999.00  99999.00  99999.00  99999.00       0       0      25       0
08508  03  00    30  99999.00  99999.00  23194.21  24252.97   -736.87   -428.11  99999.00  99999.00       0     276     281       0
08508  03  00    20  99999.00  99999.00  25694.24  26897.96  -4238.90   3056.02  99999.00  99999.00       0     236     242       0
08508  03  00    15  99999.00  99999.00  99999.00  99999.00  99999.00  99999.00  99999.00  99999.00       0       0      43       1
08508  03  00    10  99999.00  99999.00  30072.85  31510.33   -699.95   -256.19  99999.00  99999.00       0     145     157      23
08508  03  00     7  99999.00  99999.00  32428.98  33877.62   -662.94   -183.90  99999.00  99999.00       0      94     106      34
08508  03  00     5  99999.00  99999.00  99999.00  99999.00  99999.00  99999.00  99999.00  99999.00       0      39      55      31
08508  03  00     3  99999.00  99999.00  99999.00  99999.00  99999.00  99999.00  99999.00  99999.00       0       0       0       0
08508  03  00     2  99999.00  99999.00  99999.00  99999.00  99999.00  99999.00  99999.00  99999.00       0       0       0       0
08508  03  00     1  99999.00  99999.00  99999.00  99999.00  99999.00  99999.00  99999.00  99999.00       0       0       0       0
08508  04  00  9999    963.18   1051.98  99999.00  99999.00     32.27    249.95    -98.52    191.88     492       0     489     489
08508  04  00  1000  99999.00  99999.00    -85.30    470.42     41.26    229.66    -94.52    279.64       0     440     441     439
08508  04  00   925  99999.00  99999.00    451.10   1200.62    -38.87    228.49   -129.77    242.47       0     247     252     252
08508  04  00   900  99999.00  99999.00  99999.00  99999.00  99999.00  99999.00  99999.00  99999.00       0       0       4       4
08508  04  00   850  99999.00  99999.00   1126.04   1912.76   -145.15    254.09   -412.03    392.09       0     527     528     523
08508  04  00   800  99999.00  99999.00  99999.00  99999.00  99999.00  99999.00  99999.00  99999.00       0       0      16      16
08508  04  00   700  99999.00  99999.00   2641.77   3539.73   -203.08    182.24   -778.40    433.60       0     528     529     522
08508  04  00   600  99999.00  99999.00  99999.00  99999.00  99999.00  99999.00  99999.00  99999.00       0       0       4       4
08508  04  00   500  99999.00  99999.00   5104.35   6285.99   -373.06     21.74   -953.65    291.71       0     524     531     526
08508  04  00   400  99999.00  99999.00   6631.89   8022.57   -495.89    -96.53  -1031.72    162.28       0     524     526     521
08508  04  00   300  99999.00  99999.00   4065.87  14490.63   -630.24   -270.84  99999.00  99999.00       0     507     511      26
08508  04  00   250  99999.00  99999.00   4915.75  16021.51   -700.27   -371.71  99999.00  99999.00       0     503     506       1
08508  04  00   200  99999.00  99999.00   5884.10  17869.58   -905.38   -288.82  99999.00  99999.00       0     491     496       2
08508  04  00   150  99999.00  99999.00   6985.94  20348.78   -884.67   -298.11  99999.00  99999.00       0     458     466       2
08508  04  00   100  99999.00  99999.00   8503.91  23876.99   -797.00   -424.52  99999.00  99999.00       0     422     434       1
08508  04  00    80  99999.00  99999.00  99999.00  99999.00  99999.00  99999.00  99999.00  99999.00       0       0      14       0
08508  04  00    70  99999.00  99999.00  18022.17  18914.61   -779.00   -440.24  99999.00  99999.00       0     373     379       0
08508  04  00    60  99999.00  99999.00  99999.00  99999.00  99999.00  99999.00  99999.00  99999.00       0       0      15       0
08508  04  00    50  99999.00  99999.00  20139.17  20993.21   -732.79   -450.91  99999.00  99999.00       0     328     334       0
08508  04  00    40  99999.00  99999.00  99999.00  99999.00  99999.00  99999.00  99999.00  99999.00       0       0      17       0
08508  04  00    30  99999.00  99999.00  23328.58  24253.54   -705.21   -415.77  99999.00  99999.00       0     255     263       0
08508  04  00    20  99999.00  99999.00  25859.26  26931.70   -703.36   -343.72  99999.00  99999.00       0     188     195       0
08508  04  00    15  99999.00  99999.00  99999.00  99999.00  99999.00  99999.00  99999.00  99999.00       0       0      27       1
08508  04  00    10  99999.00  99999.00  30258.59  31666.55   -700.32   -173.04  99999.00  99999.00       0     109     120      16
08508  04  00     7  99999.00  99999.00  32545.75  34189.87  -6958.44   5954.64  99999.00  99999.00       0      64      80      45
08508  04  00     5  99999.00  99999.00  99999.00  99999.00  99999.00  99999.00  99999.00  99999.00       0      25      42      35
08508  04  00     3  99999.00  99999.00  99999.00  99999.00  99999.00  99999.00  99999.00  99999.00       0       0       1       1
08508  04  00     2  99999.00  99999.00  99999.00  99999.00  99999.00  99999.00  99999.00  99999.00       0       0       0       0
08508  04  00     1  99999.00  99999.00  99999.00  99999.00  99999.00  99999.00  99999.00  99999.00       0       0       0       0
08508  05  00  9999    966.25   1050.49  99999.00  99999.00     55.12    252.64    -83.97    174.99     483       0     481     481
08508  05  00  1000  99999.00  99999.00    -83.33    476.23     42.48    252.24    -79.35    290.49       0     454     451     450
08508  05  00   925  99999.00  99999.00    437.61   1201.29    -56.91    259.29   -131.59    260.09       0     251     256     256
08508  05  00   900  99999.00  99999.00  99999.00  99999.00  99999.00  99999.00  99999.00  99999.00       0       0       7       7
08508  05  00   850  99999.00  99999.00   1166.55   1898.07   -136.42    280.22   -432.71    435.01       0     536     538     536
08508  05  00   800  99999.00  99999.00  99999.00  99999.00  99999.00  99999.00  99999.00  99999.00       0       0      16      16
08508  05  00   700  99999.00  99999.00   2685.42   3544.02   -167.66    185.74   -755.87    459.01       0     536     539     534
08508  05  00   600  99999.00  99999.00  99999.00  99999.00  99999.00  99999.00  99999.00  99999.00       0       0       7       7
08508  05  00   500  99999.00  99999.00   5190.11   6290.15   -339.61     37.19   -927.78    300.78       0     533     532     531
08508  05  00   400  99999.00  99999.00   6741.49   8036.53   -470.78    -70.46  -1040.71    192.17       0     525     528     527
08508  05  00   300  99999.00  99999.00   8622.06  10170.66   -612.96   -245.40  -1001.57    -12.77       0     525     526      92
08508  05  00   250  99999.00  99999.00   9766.60  11433.40   -681.53   -359.21  99999.00  99999.00       0     516     517       0
08508  05  00   200  99999.00  99999.00  11192.43  12838.83   -826.58   -368.42  99999.00  99999.00       0     503     503       1
08508  05  00   150  99999.00  99999.00  13142.03  14459.63   -886.43   -317.03  99999.00  99999.00       0     447     448       0
08508  05  00   100  99999.00  99999.00  15832.54  16830.10   -775.09   -429.37  99999.00  99999.00       0     418     427       0
08508  05  00    80  99999.00  99999.00  99999.00  99999.00  99999.00  99999.00  99999.00  99999.00       0       0      17       0
08508  05  00    70  99999.00  99999.00  18130.76  18986.96   -739.72   -441.16  99999.00  99999.00       0     378     379       0
08508  05  00    60  99999.00  99999.00  99999.00  99999.00  99999.00  99999.00  99999.00  99999.00       0       0      14       0
08508  05  00    50  99999.00  99999.00  20248.32  21106.44   -706.80   -435.48  99999.00  99999.00       0     351     352       1
08508  05  00    40  99999.00  99999.00  99999.00  99999.00  99999.00  99999.00  99999.00  99999.00       0       0      13       0
08508  05  00    30  99999.00  99999.00  23441.44  24429.64   -677.53   -396.49  99999.00  99999.00       0     276     280       0
08508  05  00    20  99999.00  99999.00  25987.06  27154.66   -644.61   -344.49  99999.00  99999.00       0     220     221       0
08508  05  00    15  99999.00  99999.00  99999.00  99999.00  99999.00  99999.00  99999.00  99999.00       0       0      30       0
08508  05  00    10  99999.00  99999.00  29894.06  32527.34   -561.50   -237.74  99999.00  99999.00       0     114     123      56
08508  05  00     7  99999.00  99999.00  99999.00  99999.00   -486.32   -192.08  99999.00  99999.00       0      58      70      60
08508  05  00     5  99999.00  99999.00  99999.00  99999.00  99999.00  99999.00  99999.00  99999.00       0      23      41      35
08508  05  00     3  99999.00  99999.00  99999.00  99999.00  99999.00  99999.00  99999.00  99999.00       0       0       0       0
08508  05  00     2  99999.00  99999.00  99999.00  99999.00  99999.00  99999.00  99999.00  99999.00       0       0       0       0
08508  05  00     1  99999.00  99999.00  99999.00  99999.00  99999.00  99999.00  99999.00  99999.00       0       0       1       1
08508  06  00  9999    977.22   1043.58  99999.00  99999.00     67.15    284.35    -82.31    166.45     505       0     503     503
08508  06  00  1000  99999.00  99999.00    -37.62    448.14     65.18    272.06    -45.00    307.56       0     509     507     506
08508  06  00   925  99999.00  99999.00    521.34   1181.70    -26.43    278.73   -195.88    358.16       0     252     257     257
08508  06  00   900  99999.00  99999.00  99999.00  99999.00  99999.00  99999.00  99999.00  99999.00       0       0       9       9
08508  06  00   850  99999.00  99999.00   1268.92   1864.24    -98.23    300.53   -509.43    527.97       0     533     533     529
08508  06  00   800  99999.00  99999.00  99999.00  99999.00  99999.00  99999.00  99999.00  99999.00       0       0       7       7
08508  06  00   700  99999.00  99999.00   2809.98   3521.70   -125.13    200.07   -704.43    462.69       0     530     533     529
08508  06  00   600  99999.00  99999.00  99999.00  99999.00  99999.00  99999.00  99999.00  99999.00       0       0      13      13
08508  06  00   500  99999.00  99999.00   5347.62   6292.26   -291.10     47.78   -914.97    310.35       0     529     529     528
08508  06  00   400  99999.00  99999.00   6935.22   8038.98   -411.93    -68.13  -1000.27    188.09       0     513     511     509
08508  06  00   300  99999.00  99999.00   8860.88  10176.32   -553.99   -245.71  -1039.82    -22.70       0     493     492     275
08508  06  00   250  99999.00  99999.00  10026.73  11449.09   -626.20   -364.60  99999.00  99999.00       0     484     481       0
08508  06  00   200  99999.00  99999.00  11468.77  12867.73   -784.58   -379.34  99999.00  99999.00       0     473     472       0
08508  06  00   150  99999.00  99999.00  13376.42  14551.46   -876.43   -326.59  99999.00  99999.00       0     449     451       0
08508  06  00   100  99999.00  99999.00  16022.54  16958.90   -775.36   -431.08  99999.00  99999.00       0     417     426       0
08508  06  00    80  99999.00  99999.00  99999.00  99999.00  99999.00  99999.00  99999.00  99999.00       0       0      13       0
08508  06  00    70  99999.00  99999.00  18324.06  19112.22   -718.59   -468.87  99999.00  99999.00       0     392     392       0
08508  06  00    60  99999.00  99999.00  99999.00  99999.00  99999.00  99999.00  99999.00  99999.00       0       0      18       0
08508  06  00    50  99999.00  99999.00  20467.89  21201.09   -681.18   -461.58  99999.00  99999.00       0     370     372       0
08508  06  00    40  99999.00  99999.00  99999.00  99999.00  99999.00  99999.00  99999.00  99999.00       0       0      18       0
08508  06  00    30  99999.00  99999.00  23675.33  24533.45   -613.27   -428.23  99999.00  99999.00       0     287     292       1
08508  06  00    20  99999.00  99999.00  26283.91  27231.31  -4119.12   3099.84  99999.00  99999.00       0     247     251       1
08508  06  00    15  99999.00  99999.00  99999.00  99999.00  99999.00  99999.00  99999.00  99999.00       0       0      44       1
08508  06  00    10  99999.00  99999.00  30938.56  31896.52   -497.88   -265.68   -939.26   -407.66       0     134     143     100
08508  06  00     7  99999.00  99999.00  33430.01  34366.61   -522.43   -147.19   -847.63   -410.59       0      71      83      75
08508  06  00     5  99999.00  99999.00  99999.00  99999.00  99999.00  99999.00  99999.00  99999.00       0      34      47      47
08508  06  00     3  99999.00  99999.00  99999.00  99999.00  99999.00  99999.00  99999.00  99999.00       0       0       1       1
08508  06  00     2  99999.00  99999.00  99999.00  99999.00  99999.00  99999.00  99999.00  99999.00       0       0       0       0
08508  06  00     1  99999.00  99999.00  99999.00  99999.00  99999.00  99999.00  99999.00  99999.00       0       0       0       0
08508  07  00  9999    986.45   1038.17  99999.00  99999.00     97.71    298.23    -84.77    171.19     509       0     506     505
08508  07  00  1000  99999.00  99999.00      9.44    426.20     88.43    292.19      0.19    306.91       0     528     526     525
08508  07  00   925  99999.00  99999.00    680.20   1084.00      6.86    287.18   -109.19    326.17       0     244     245     243
08508  07  00   900  99999.00  99999.00  99999.00  99999.00  99999.00  99999.00  99999.00  99999.00       0       0      14      14
08508  07  00   850  99999.00  99999.00   1379.16   1810.80    -47.53    296.63   -467.95    534.89       0     536     533     531
08508  07  00   800  99999.00  99999.00  99999.00  99999.00  99999.00  99999.00  99999.00  99999.00       0       0       7       7
08508  07  00   700  99999.00  99999.00   2959.41   3458.85    -61.45    183.95   -631.91    433.81       0     532     530     524
08508  07  00   600  99999.00  99999.00  99999.00  99999.00  99999.00  99999.00  99999.00  99999.00       0       0      16      16
08508  07  00   500  99999.00  99999.00   5580.09   6195.21   -236.76     43.56   -846.00    272.64       0     524     526     526
08508  07  00   400  99999.00  99999.00   7192.26   7952.70   -366.24    -62.76   -946.69    163.79       0     508     507     504
08508  07  00   300  99999.00  99999.00   9153.60  10098.72   -515.54   -233.30  -1032.17    -33.65       0     492     490     420
08508  07  00   250  99999.00  99999.00  10363.68  11357.76   -598.21   -342.01  99999.00  99999.00       0     484     486       0
08508  07  00   200  99999.00  99999.00  11791.48  12828.52   -749.62   -365.26  99999.00  99999.00       0     477     474       0
08508  07  00   150  99999.00  99999.00  13654.96  14579.80   -843.23   -370.91  99999.00  99999.00       0     455     461       1
08508  07  00   100  99999.00  99999.00  16268.29  16982.89   -776.92   -474.52  99999.00  99999.00       0     426     433       0
08508  07  00    80  99999.00  99999.00  99999.00  99999.00  99999.00  99999.00  99999.00  99999.00       0       0       6       0
08508  07  00    70  99999.00  99999.00  18542.16  19127.76   -728.30   -482.30  99999.00  99999.00       0     393     396       1
08508  07  00    60  99999.00  99999.00  99999.00  99999.00  99999.00  99999.00  99999.00  99999.00       0       0      19       0
08508  07  00    50  99999.00  99999.00  20631.63  21265.11   -664.05   -468.93  99999.00  99999.00       0     367     370       0
08508  07  00    40  99999.00  99999.00  99999.00  99999.00  99999.00  99999.00  99999.00  99999.00       0       0      16       0
08508  07  00    30  99999.00  99999.00  23835.66  24620.22   -591.18   -432.18  99999.00  99999.00       0     291     297       1
08508  07  00    20  99999.00  99999.00  26447.02  27327.82   -559.25   -372.53  99999.00  99999.00       0     256     260       0
08508  07  00    15  99999.00  99999.00  99999.00  99999.00  99999.00  99999.00  99999.00  99999.00       0       0      37       0
08508  07  00    10  99999.00  99999.00  31125.27  31973.43   -480.74   -291.74   -765.46   -597.46       0     153     160      89
08508  07  00     7  99999.00  99999.00  33661.59  34356.27   -442.42   -233.62   -795.82   -485.98       0      93     106      80
08508  07  00     5  99999.00  99999.00  99999.00  99999.00  99999.00  99999.00  99999.00  99999.00       0      39      50      44
08508  07  00     3  99999.00  99999.00  99999.00  99999.00  99999.00  99999.00  99999.00  99999.00       0       0       4       3
08508  07  00     2  99999.00  99999.00  99999.00  99999.00  99999.00  99999.00  99999.00  99999.00       0       0       0       0
08508  07  00     1  99999.00  99999.00  99999.00  99999.00  99999.00  99999.00  99999.00  99999.00       0       0       0       0
08508  08  00  9999    983.53   1037.05  99999.00  99999.00    128.32    295.60    -80.37    168.15     513       0     511     511
08508  08  00  1000  99999.00  99999.00    -17.35    420.77    117.77    292.85     16.48    316.72       0     538     537     537
08508  08  00   925  99999.00  99999.00    661.58   1075.94     39.84    279.00   -102.24    346.20       0     250     255     254
08508  08  00   900  99999.00  99999.00  99999.00  99999.00  99999.00  99999.00  99999.00  99999.00       0       0       9       9
08508  08  00   850  99999.00  99999.00   1355.79   1812.99    -17.82    279.90   -368.97    482.91       0     549     552     548
08508  08  00   800  99999.00  99999.00  99999.00  99999.00  99999.00  99999.00  99999.00  99999.00       0       0      16      16
08508  08  00   700  99999.00  99999.00   2946.98   3455.06    -43.65    175.35   -625.38    446.22       0     548     551     545
08508  08  00   600  99999.00  99999.00  99999.00  99999.00  99999.00  99999.00  99999.00  99999.00       0       0      12      12
08508  08  00   500  99999.00  99999.00   5590.62   6181.50   -216.60     36.60   -841.46    280.66       0     543     548     545
08508  08  00   400  99999.00  99999.00   7237.41   7915.77   -340.67    -73.55   -949.96    179.72       0     536     537     531
08508  08  00   300  99999.00  99999.00   9207.79  10059.67   -497.79   -239.07  -1037.29    -18.61       0     531     532     493
08508  08  00   250  99999.00  99999.00  10413.68  11327.84   -586.01   -347.69  99999.00  99999.00       0     525     526       3
08508  08  00   200  99999.00  99999.00  11840.34  12796.50   -711.00   -411.36  99999.00  99999.00       0     511     511       5
08508  08  00   150  99999.00  99999.00  13705.51  14533.63   -827.62   -401.86  99999.00  99999.00       0     485     484       2
08508  08  00   100  99999.00  99999.00  16309.65  16921.77   -782.87   -476.27  99999.00  99999.00       0     450     459       2
08508  08  00    80  99999.00  99999.00  99999.00  99999.00  99999.00  99999.00  99999.00  99999.00       0       0      13       0
08508  08  00    70  99999.00  99999.00  18538.36  19113.88   -712.50   -484.38  99999.00  99999.00       0     412     414       0
08508  08  00    60  99999.00  99999.00  99999.00  99999.00  99999.00  99999.00  99999.00  99999.00       0       0      12       0
08508  08  00    50  99999.00  99999.00  20634.44  21255.20  -3426.89   2251.27  99999.00  99999.00       0     394     398       1
08508  08  00    40  99999.00  99999.00  99999.00  99999.00  99999.00  99999.00  99999.00  99999.00       0       0      14       0
08508  08  00    30  99999.00  99999.00  23844.97  24603.85   -614.58   -413.22  99999.00  99999.00       0     329     334       0
08508  08  00    20  99999.00  99999.00  26425.31  27327.71   -579.89   -373.01  99999.00  99999.00       0     275     284       0
08508  08  00    15  99999.00  99999.00  99999.00  99999.00  99999.00  99999.00  99999.00  99999.00       0       0      45       0
08508  08  00    10  99999.00  99999.00  31049.02  31965.94   -501.21   -306.57   -943.39   -422.83       0     167     179      66
08508  08  00     7  99999.00  99999.00  33512.50  34376.74   -493.04   -226.28   -850.74   -466.86       0      91     115     102
08508  08  00     5  99999.00  99999.00  99999.00  99999.00  99999.00  99999.00  99999.00  99999.00       0      34      42      37
08508  08  00     3  99999.00  99999.00  99999.00  99999.00  99999.00  99999.00  99999.00  99999.00       0       0       1       1
08508  08  00     2  99999.00  99999.00  99999.00  99999.00  99999.00  99999.00  99999.00  99999.00       0       0       0       0
08508  08  00     1  99999.00  99999.00  99999.00  99999.00  99999.00  99999.00  99999.00  99999.00       0       0       0       0
08508  09  00  9999    973.85   1042.73  99999.00  99999.00    101.28    305.40    -87.00    177.36     537       0     535     535
08508  09  00  1000  99999.00  99999.00    -41.92    424.28    111.93    287.97    -22.19    337.09       0     523     524     523
08508  09  00   925  99999.00  99999.00    554.81   1137.53     27.74    278.78    -67.13    301.99       0     293     298     298
08508  09  00   900  99999.00  99999.00  99999.00  99999.00  99999.00  99999.00  99999.00  99999.00       0       0      13      13
08508  09  00   850  99999.00  99999.00   1258.44   1866.84    -46.40    288.88   -368.36    471.64       0     576     574     573
08508  09  00   800  99999.00  99999.00  99999.00  99999.00  99999.00  99999.00  99999.00  99999.00       0       0      16      16
08508  09  00   700  99999.00  99999.00   2823.32   3523.04    -90.87    199.17   -639.62    449.50       0     574     573     570
08508  09  00   600  99999.00  99999.00  99999.00  99999.00  99999.00  99999.00  99999.00  99999.00       0       0      14      14
08508  09  00   500  99999.00  99999.00   5413.35   6276.99   -253.46     48.58   -845.67    294.81       0     574     570     569
08508  09  00   400  99999.00  99999.00   7022.55   8030.19   -382.76    -59.24   -955.74    186.78       0     567     563     562
08508  09  00   300  99999.00  99999.00   8969.15  10178.75   -534.76   -225.76  -1006.07    -26.03       0     560     558     446
08508  09  00   250  99999.00  99999.00  10155.22  11452.78   -609.15   -345.15  99999.00  99999.00       0     552     551       3
08508  09  00   200  99999.00  99999.00  11580.48  12908.52   -743.01   -404.97  99999.00  99999.00       0     545     544       0
08508  09  00   150  99999.00  99999.00  13449.80  14614.76   -864.23   -391.07  99999.00  99999.00       0     509     512       0
08508  09  00   100  99999.00  99999.00  16091.28  16945.56   -845.71   -425.95  99999.00  99999.00       0     469     471       0
08508  09  00    80  99999.00  99999.00  99999.00  99999.00  99999.00  99999.00  99999.00  99999.00       0       0      13       0
08508  09  00    70  99999.00  99999.00  18327.03  19117.35   -754.93   -458.89  99999.00  99999.00       0     420     422       2
08508  09  00    60  99999.00  99999.00  99999.00  99999.00  99999.00  99999.00  99999.00  99999.00       0       0      21       0
08508  09  00    50  99999.00  99999.00  20407.49  21248.69   -689.45   -466.13  99999.00  99999.00       0     392     398       2
08508  09  00    40  99999.00  99999.00  99999.00  99999.00  99999.00  99999.00  99999.00  99999.00       0       0      26       0
08508  09  00    30  99999.00  99999.00  23610.62  24563.54   -633.78   -420.78  99999.00  99999.00       0     332     342       2
08508  09  00    20  99999.00  99999.00  26188.96  27270.16   -609.09   -368.49  99999.00  99999.00       0     276     287       3
08508  09  00    15  99999.00  99999.00  99999.00  99999.00  99999.00  99999.00  99999.00  99999.00       0       0      51       2
08508  09  00    10  99999.00  99999.00  30698.48  31953.32   -563.13   -286.65  99999.00  99999.00       0     156     168      29
08508  09  00     7  99999.00  99999.00  33116.71  34355.83   -559.30   -229.42   -903.78   -449.82       0      91     106      64
08508  09  00     5  99999.00  99999.00  99999.00  99999.00  99999.00  99999.00  99999.00  99999.00       0      20      37      34
08508  09  00     3  99999.00  99999.00  99999.00  99999.00  99999.00  99999.00  99999.00  99999.00       0       0       1       1
08508  09  00     2  99999.00  99999.00  99999.00  99999.00  99999.00  99999.00  99999.00  99999.00       0       0       0       0
08508  09  00     1  99999.00  99999.00  99999.00  99999.00  99999.00  99999.00  99999.00  99999.00       0       0       0       0
08508  10  00  9999    962.78   1052.06  99999.00  99999.00     64.52    300.80   -118.09    209.27     598       0     598     595
08508  10  00  1000  99999.00  99999.00    -77.65    452.63     64.21    295.57    -85.09    356.51       0     565     565     564
08508  10  00   925  99999.00  99999.00    417.33   1220.85    -25.70    294.82   -125.36    322.72       0     360     365     365
08508  10  00   900  99999.00  99999.00  99999.00  99999.00  99999.00  99999.00  99999.00  99999.00       0       0      11      11
08508  10  00   850  99999.00  99999.00   1168.60   1909.60   -116.43    316.17   -359.80    439.88       0     668     670     666
08508  10  00   800  99999.00  99999.00  99999.00  99999.00  99999.00  99999.00  99999.00  99999.00       0       0      19      19
08508  10  00   700  99999.00  99999.00   2715.29   3556.73   -150.83    220.93   -749.89    503.99       0     664     668     663
08508  10  00   600  99999.00  99999.00  99999.00  99999.00  99999.00  99999.00  99999.00  99999.00       0       0      11      11
08508  10  00   500  99999.00  99999.00   5250.57   6329.13   -316.13     71.47   -936.65    345.19       0     664     667     664
08508  10  00   400  99999.00  99999.00   6820.63   8095.63   -449.60    -30.56  -1054.10    245.26       0     652     651     650
08508  10  00   300  99999.00  99999.00   8730.75  10253.19   -586.26   -207.54  -1074.55     18.05       0     640     640     379
08508  10  00   250  99999.00  99999.00   9905.85  11527.41   -657.33   -326.61  99999.00  99999.00       0     629     627      19
08508  10  00   200  99999.00  99999.00  11318.63  12976.19   -778.87   -390.07  99999.00  99999.00       0     618     620       1
08508  10  00   150  99999.00  99999.00  13185.41  14670.77   -898.36   -379.36  99999.00  99999.00       0     582     585       0
08508  10  00   100  99999.00  99999.00  15853.98  16940.46   -881.79   -427.71  99999.00  99999.00       0     518     525       0
08508  10  00    80  99999.00  99999.00  99999.00  99999.00  99999.00  99999.00  99999.00  99999.00       0       0      27       0
08508  10  00    70  99999.00  99999.00  18125.77  19029.01   -786.30   -468.78  99999.00  99999.00       0     491     492       0
08508  10  00    60  99999.00  99999.00  99999.00  99999.00  99999.00  99999.00  99999.00  99999.00       0       0      20       0
08508  10  00    50  99999.00  99999.00  20227.74  21102.90   -734.06   -467.66  99999.00  99999.00       0     455     456       0
08508  10  00    40  99999.00  99999.00  99999.00  99999.00  99999.00  99999.00  99999.00  99999.00       0       0      30       0
08508  10  00    30  99999.00  99999.00  23398.07  24377.51   -687.76   -421.36  99999.00  99999.00       0     358     363       0
08508  10  00    20  99999.00  99999.00  25905.41  27078.29   -666.87   -369.51  99999.00  99999.00       0     303     307       2
08508  10  00    15  99999.00  99999.00  99999.00  99999.00 -22083.07  18323.09  99999.00  99999.00       0       0      69       6
08508  10  00    10  99999.00  99999.00  30276.38  31779.62   -645.77   -277.73  99999.00  99999.00       0     195     207      22
08508  10  00     7  99999.00  99999.00  32519.15  34279.07  -5373.35   4373.89  99999.00  99999.00       0     101     139      28
08508  10  00     5  99999.00  99999.00  99999.00  99999.00  99999.00  99999.00  99999.00  99999.00       0      26      52      29
08508  10  00     3  99999.00  99999.00  99999.00  99999.00  99999.00  99999.00  99999.00  99999.00       0       3       4       1
08508  10  00     2  99999.00  99999.00  99999.00  99999.00  99999.00  99999.00  99999.00  99999.00       0       2       3       0
08508  10  00     1  99999.00  99999.00  99999.00  99999.00  99999.00  99999.00  99999.00  99999.00       0       0       2       0
08508  11  00  9999    954.32   1060.40  99999.00  99999.00     35.46    286.26   -109.16    201.52     600       0     600     600
08508  11  00  1000  99999.00  99999.00    -91.24    481.76     36.91    277.75   -123.67    344.33       0     515     513     512
08508  11  00   925  99999.00  99999.00    443.16   1224.36    -57.81    287.55   -177.22    324.50       0     356     357     356
08508  11  00   900  99999.00  99999.00  99999.00  99999.00  99999.00  99999.00  99999.00  99999.00       0       0      13      13
08508  11  00   850  99999.00  99999.00   1090.89   1960.29   -143.60    299.32   -414.31    441.29       0     650     653     649
08508  11  00   800  99999.00  99999.00  99999.00  99999.00  99999.00  99999.00  99999.00  99999.00       0       0      19      19
08508  11  00   700  99999.00  99999.00   2620.01   3601.85   -183.92    214.12   -794.58    496.26       0     649     653     639
08508  11  00   600  99999.00  99999.00  99999.00  99999.00  99999.00  99999.00  99999.00  99999.00       0       0      13      13
08508  11  00   500  99999.00  99999.00   5136.60   6349.68   -344.93     55.27   -997.71    356.25       0     646     649     646
08508  11  00   400  99999.00  99999.00   6699.65   8091.77   -465.09    -60.81  -1080.98    236.14       0     644     643     638
08508  11  00   300  99999.00  99999.00   8602.21  10216.21   -602.55   -234.99   -995.01    -35.25       0     639     639     200
08508  11  00   250  99999.00  99999.00   9770.45  11470.37   -679.85   -341.93  99999.00  99999.00       0     632     632      17
08508  11  00   200  99999.00  99999.00  11185.65  12897.21   -828.36   -364.80  99999.00  99999.00       0     617     623       1
08508  11  00   150  99999.00  99999.00  13077.29  14562.89   -910.33   -353.53  99999.00  99999.00       0     579     582       2
08508  11  00   100  99999.00  99999.00   6472.24  25927.84   -877.57   -429.49  99999.00  99999.00       0     527     543       1
08508  11  00    80  99999.00  99999.00  99999.00  99999.00  99999.00  99999.00  99999.00  99999.00       0       0      19       0
08508  11  00    70  99999.00  99999.00  18005.45  18944.93   -842.72   -437.72  99999.00  99999.00       0     482     484       1
08508  11  00    60  99999.00  99999.00  99999.00  99999.00  99999.00  99999.00  99999.00  99999.00       0       0      21       0
08508  11  00    50  99999.00  99999.00  20067.23  21022.67   -820.16   -425.00  99999.00  99999.00       0     430     435       0
08508  11  00    40  99999.00  99999.00  99999.00  99999.00  99999.00  99999.00  99999.00  99999.00       0       0      33       0
08508  11  00    30  99999.00  99999.00  23082.99  24369.51   -827.93   -344.57  99999.00  99999.00       0     333     342       0
08508  11  00    20  99999.00  99999.00  25393.31  27181.07   -813.25   -303.97  99999.00  99999.00       0     270     273       1
08508  11  00    15  99999.00  99999.00  99999.00  99999.00  99999.00  99999.00  99999.00  99999.00       0       0      56       1
08508  11  00    10  99999.00  99999.00  29517.96  31909.80   -753.00   -275.76  99999.00  99999.00       0     175     187       9
08508  11  00     7  99999.00  99999.00  31721.10  34216.26   -771.56   -183.56  99999.00  99999.00       0      91     107      12
08508  11  00     5  99999.00  99999.00  99999.00  99999.00  99999.00  99999.00  99999.00  99999.00       0      31      47      17
08508  11  00     3  99999.00  99999.00  99999.00  99999.00  99999.00  99999.00  99999.00  99999.00       0       0       0       0
08508  11  00     2  99999.00  99999.00  99999.00  99999.00  99999.00  99999.00  99999.00  99999.00       0       0       0       0
08508  11  00     1  99999.00  99999.00  99999.00  99999.00  99999.00  99999.00  99999.00  99999.00       0       0       0       0
08508  12  00  9999    944.94   1069.86  99999.00  99999.00     31.72    264.16   -146.97    235.95     587       0     586     585
08508  12  00  1000  99999.00  99999.00   -120.93    532.35     32.47    257.71   -127.57    330.83       0     497     497     495
08508  12  00   925  99999.00  99999.00    261.88   1350.16    -59.08    262.52   -156.36    283.92       0     370     373     372
08508  12  00   900  99999.00  99999.00  99999.00  99999.00  99999.00  99999.00  99999.00  99999.00       0       0      10      10
08508  12  00   850  99999.00  99999.00    970.12   2062.72   -146.25    275.55   -455.21    448.99       0     657     658     652
08508  12  00   800  99999.00  99999.00  99999.00  99999.00  99999.00  99999.00  99999.00  99999.00       0       0      14      14
08508  12  00   700  99999.00  99999.00   2495.97   3690.45   -212.68    208.28   -770.24    460.36       0     656     656     649
08508  12  00   600  99999.00  99999.00  99999.00  99999.00  99999.00  99999.00  99999.00  99999.00       0       0      13      13
08508  12  00   500  99999.00  99999.00   4968.17   6443.21   -379.84     44.36   -999.75    337.05       0     654     650     647
08508  12  00   400  99999.00  99999.00   6498.71   8187.47   -501.90    -72.78  -1052.78    199.30       0     648     649     641
08508  12  00   300  99999.00  99999.00   8380.68  10295.52   -621.69   -261.69  -1077.52     -0.04       0     638     638      92
08508  12  00   250  99999.00  99999.00   9539.84  11532.56   -696.63   -363.15  99999.00  99999.00       0     634     637       9
08508  12  00   200  99999.00  99999.00  10989.58  12908.62   -885.66   -318.66  99999.00  99999.00       0     619     623       5
08508  12  00   150  99999.00  99999.00  12928.27  14533.39   -925.00   -309.52  99999.00  99999.00       0     576     582       2
08508  12  00   100  99999.00  99999.00  15615.67  16842.67   -856.39   -426.31  99999.00  99999.00       0     519     527       0
08508  12  00    80  99999.00  99999.00  99999.00  99999.00  99999.00  99999.00  99999.00  99999.00       0       0      22       0
08508  12  00    70  99999.00  99999.00  17898.45  18917.73   -839.60   -447.44  99999.00  99999.00       0     466     474       0
08508  12  00    60  99999.00  99999.00  99999.00  99999.00  99999.00  99999.00  99999.00  99999.00       0       0      26       1
08508  12  00    50  99999.00  99999.00  19990.60  20956.00   -817.18   -437.50  99999.00  99999.00       0     421     423       0
08508  12  00    40  99999.00  99999.00  99999.00  99999.00  99999.00  99999.00  99999.00  99999.00       0       0      29       0
08508  12  00    30  99999.00  99999.00  23014.62  24247.26  -3747.16   2493.56  99999.00  99999.00       0     318     329       1
08508  12  00    20  99999.00  99999.00  25346.01  26987.97   -856.73   -288.89  99999.00  99999.00       0     259     262       4
08508  12  00    15  99999.00  99999.00  99999.00  99999.00  99999.00  99999.00  99999.00  99999.00       0       0      59       7
08508  12  00    10  99999.00  99999.00  29387.78  31766.42   -871.06   -140.26  99999.00  99999.00       0     155     166      24
08508  12  00     7  99999.00  99999.00  31579.53  34222.65   -806.70   -106.86  99999.00  99999.00       0      92     108      27
08508  12  00     5  99999.00  99999.00  99999.00  99999.00  99999.00  99999.00  99999.00  99999.00       0      25      46      21
08508  12  00     3  99999.00  99999.00  99999.00  99999.00  99999.00  99999.00  99999.00  99999.00       0       0       0       0
08508  12  00     2  99999.00  99999.00  99999.00  99999.00  99999.00  99999.00  99999.00  99999.00       0       0       0       0
08508  12  00     1  99999.00  99999.00  99999.00  99999.00  99999.00  99999.00  99999.00  99999.00       0       0       0       0
