32150  01  00  9999    958.00   1062.88  99999.00  99999.00   -541.35    249.45    -43.95     90.45     899       0     899     898
32150  01  00  1000  99999.00  99999.00   -181.04    408.04  -3283.05   2957.55   -490.04    175.00       0     855     857     846
32150  01  00   925  99999.00  99999.00    297.36   1089.96  -2263.44   1964.76   -470.72    144.04       0     617     627     611
32150  01  00   900  99999.00  99999.00  99999.00  99999.00  99999.00  99999.00  99999.00  99999.00       0       0      13      13
32150  01  00   850  99999.00  99999.00    929.98   1727.50   -440.96    100.48   -520.94    110.62       0     950     952     938
32150  01  00   800  99999.00  99999.00  99999.00  99999.00  99999.00  99999.00  99999.00  99999.00       0       0      29      28
32150  01  00   700  99999.00  99999.00    227.50   5277.94   -513.13     40.31   -625.37     31.39       0     951     951     945
32150  01  00   600  99999.00  99999.00  99999.00  99999.00  99999.00  99999.00  99999.00  99999.00       0       0       8       8
32150  01  00   500  99999.00  99999.00   2107.72   8167.48   -646.54   -113.62   -752.98   -125.62       0     942     942     892
32150  01  00   400  99999.00  99999.00   5900.59   7417.87   -689.66   -250.46   -778.88   -280.88       0     931     931     803
32150  01  00   300  99999.00  99999.00   7731.00   9331.92   -755.19   -316.47   -823.51   -376.63       0     900     902     766
32150  01  00   250  99999.00  99999.00   8953.43  10457.27   -818.36   -237.08   -864.64   -332.56       0     878     880     747
32150  01  00   200  99999.00  99999.00  10447.55  11858.51  -2260.43   1239.49   -819.63   -347.91       0     843     844     714
32150  01  00   150  99999.00  99999.00  12327.62  13748.66  -3588.54   2549.22   -802.83   -368.43       0     808     811     681
32150  01  00   100  99999.00  99999.00  14951.91  16461.99  -3695.51   2658.85   -841.38   -351.54       0     755     757     628
32150  01  00    80  99999.00  99999.00  99999.00  99999.00  99999.00  99999.00  99999.00  99999.00       0       0      27      20
32150  01  00    70  99999.00  99999.00  17225.72  18885.20   -713.86   -251.02   -869.09   -336.41       0     649     654     532
32150  01  00    60  99999.00  99999.00  99999.00  99999.00  99999.00  99999.00  99999.00  99999.00       0       0      45      33
32150  01  00    50  99999.00  99999.00  19385.53  21169.69   -714.86   -246.26   -891.20   -325.40       0     585     586     471
32150  01  00    40  99999.00  99999.00  99999.00  99999.00  99999.00  99999.00  99999.00  99999.00       0       0      44      38
32150  01  00    30  99999.00  99999.00  22623.39  24657.87   -730.98   -218.82   -902.32   -319.48       0     479     483     369
32150  01  00    20  99999.00  99999.00  25149.94  27485.98   -742.15   -176.83   -898.50   -319.62       0     407     423     309
32150  01  00    15  99999.00  99999.00  99999.00  99999.00  -6822.39   5704.53  99999.00  99999.00       0       0      84      59
32150  01  00    10  99999.00  99999.00  29491.58  32493.50   -785.68    -43.12  -1004.53   -162.61       0     193     225     124
32150  01  00     7  99999.00  99999.00  99999.00  99999.00  99999.00  99999.00  99999.00  99999.00       0       0      58      25
32150  01  00     5  99999.00  99999.00  99999.00  99999.00  99999.00  99999.00  99999.00  99999.00       0       0      36      16
32150  01  00     3  99999.00  99999.00  99999.00  99999.00  99999.00  99999.00  99999.00  99999.00       0       0       4       0
32150  01  00     2  99999.00  99999.00  99999.00  99999.00  99999.00  99999.00  99999.00  99999.00       0       0       1       0
32150  01  00     1  99999.00  99999.00  99999.00  99999.00  99999.00  99999.00  99999.00  99999.00       0       0       0       0
32150  02  00  9999    961.23   1060.59  99999.00  99999.00   -484.58    212.86  -2009.18   2033.38     887       0     887     886
32150  02  00  1000  99999.00  99999.00   -168.23    402.85  -2742.16   2454.44   -465.88    163.76       0     829     829     824
32150  02  00   925  99999.00  99999.00    336.03   1058.67  -3221.10   2898.06   -458.03    127.81       0     586     593     581
32150  02  00   900  99999.00  99999.00  99999.00  99999.00  99999.00  99999.00  99999.00  99999.00       0       0      15      15
32150  02  00   850  99999.00  99999.00    946.90   1725.82   -438.04    105.80   -509.13     95.91       0     919     920     910
32150  02  00   800  99999.00  99999.00  99999.00  99999.00  99999.00  99999.00  99999.00  99999.00       0       0      14      14
32150  02  00   700  99999.00  99999.00   2322.14   3227.42   -525.77     55.27   -613.10     21.94       0     917     918     909
32150  02  00   600  99999.00  99999.00  99999.00  99999.00  99999.00  99999.00  99999.00  99999.00       0       0       9       9
32150  02  00   500  99999.00  99999.00   4516.07   5815.43   -660.85    -91.57   -739.53   -138.93       0     911     913     866
32150  02  00   400  99999.00  99999.00   5890.85   7456.85   -712.72   -219.76   -795.63   -258.51       0     903     904     753
32150  02  00   300  99999.00  99999.00   7691.96   9396.56   -758.95   -311.11   -820.09   -380.77       0     883     883     724
32150  02  00   250  99999.00  99999.00   8888.42  10544.90  -2273.38   1196.90   -862.52   -335.48       0     860     860     698
32150  02  00   200  99999.00  99999.00  10374.66  11951.82  -4670.75   3555.97   -834.19   -340.63       0     834     832     670
32150  02  00   150  99999.00  99999.00  12225.05  13864.25  -4658.57   3564.91   -827.13   -353.73       0     793     792     633
32150  02  00   100  99999.00  99999.00  14788.91  16625.27  -4662.48   3573.84   -867.56   -337.28       0     750     748     594
32150  02  00    80  99999.00  99999.00  99999.00  99999.00  99999.00  99999.00  99999.00  99999.00       0       0      36      32
32150  02  00    70  99999.00  99999.00  17114.10  19008.06  -2747.91   1752.21   -884.01   -329.37       0     651     652     497
32150  02  00    60  99999.00  99999.00  99999.00  99999.00  99999.00  99999.00  99999.00  99999.00       0       0      34      23
32150  02  00    50  99999.00  99999.00  19295.75  21262.55   -712.55   -256.67   -897.84   -334.20       0     578     583     438
32150  02  00    40  99999.00  99999.00  99999.00  99999.00  99999.00  99999.00  99999.00  99999.00       0       0      47      31
32150  02  00    30  99999.00  99999.00  22623.77  24644.57   -722.05   -243.49   -895.15   -351.55       0     501     503     364
32150  02  00    20  99999.00  99999.00  25220.54  27379.70   -754.73   -193.73   -919.61   -330.53       0     419     425     295
32150  02  00    15  99999.00  99999.00  99999.00  99999.00 -11054.28   9500.64  99999.00  99999.00       0       0      61      35
32150  02  00    10  99999.00  99999.00  29449.96  32451.52  -4170.23   3230.29   -938.58   -250.86       0     215     243     139
32150  02  00     7  99999.00  99999.00  99999.00  99999.00  99999.00  99999.00  99999.00  99999.00       0       0      59      21
32150  02  00     5  99999.00  99999.00  99999.00  99999.00  99999.00  99999.00  99999.00  99999.00       0       0      46      15
32150  02  00     3  99999.00  99999.00  99999.00  99999.00  99999.00  99999.00  99999.00  99999.00       0       0       5       2
32150  02  00     2  99999.00  99999.00  99999.00  99999.00  99999.00  99999.00  99999.00  99999.00       0       0       1       0
32150  02  00     1  99999.00  99999.00  99999.00  99999.00  99999.00  99999.00  99999.00  99999.00       0       0       0       0
32150  03  00  9999    956.22   1063.38  99999.00  99999.00   -343.84    229.76  -1932.14   1977.94     952       0     952     951
32150  03  00  1000  99999.00  99999.00   -185.02    416.78  -1892.79   1756.05   -365.64    174.84       0     860     860     854
32150  03  00   925  99999.00  99999.00    287.02   1107.94  -2206.11   2012.13   -420.10    171.02       0     624     637     623
32150  03  00   900  99999.00  99999.00  99999.00  99999.00  99999.00  99999.00  99999.00  99999.00       0       0      17      17
32150  03  00   850  99999.00  99999.00   -862.88   3546.64   -396.21    149.79   -477.63    138.45       0     989     990     976
32150  03  00   800  99999.00  99999.00  99999.00  99999.00  99999.00  99999.00  99999.00  99999.00       0       0      13      13
32150  03  00   700  99999.00  99999.00   2348.77   3280.09   -499.86    101.58   -634.61    105.07       0     985     987     981
32150  03  00   600  99999.00  99999.00  99999.00  99999.00  99999.00  99999.00  99999.00  99999.00       0       0      15      15
32150  03  00   500  99999.00  99999.00   4589.51   5890.67   -652.88    -32.72   -776.69    -43.61       0     972     975     949
32150  03  00   400  99999.00  99999.00   5969.62   7566.10   -718.69   -160.69   -831.26   -179.66       0     961     963     815
32150  03  00   300  99999.00  99999.00   7755.85   9558.01   -741.63   -308.91   -823.23   -364.71       0     934     935     753
32150  03  00   250  99999.00  99999.00   8953.06  10709.14   -822.06   -244.38   -871.60   -340.12       0     902     901     721
32150  03  00   200  99999.00  99999.00  10478.94  12064.74  -2245.72   1199.84   -855.91   -338.83       0     876     875     694
32150  03  00   150  99999.00  99999.00  12385.44  13903.68  -3299.95   2248.73   -830.58   -371.58       0     851     849     666
32150  03  00   100  99999.00  99999.00  15002.89  16573.33  -2296.17   1264.59   -859.72   -373.96       0     814     813     637
32150  03  00    80  99999.00  99999.00  99999.00  99999.00  99999.00  99999.00  99999.00  99999.00       0       0      44      30
32150  03  00    70  99999.00  99999.00  17284.43  18941.51   -741.33   -268.65   -892.42   -360.58       0     694     697     530
32150  03  00    60  99999.00  99999.00  99999.00  99999.00  99999.00  99999.00  99999.00  99999.00       0       0      50      33
32150  03  00    50  99999.00  99999.00  19449.83  21173.27   -729.78   -272.58   -902.23   -357.67       0     639     641     469
32150  03  00    40  99999.00  99999.00  99999.00  99999.00  99999.00  99999.00  99999.00  99999.00       0       0      48      28
32150  03  00    30  99999.00  99999.00  22787.15  24528.47   -710.96   -275.00   -907.99   -357.55       0     539     546     381
32150  03  00    20  99999.00  99999.00  25424.73  27209.73   -739.60   -224.80   -946.52   -315.56       0     452     461     306
32150  03  00    15  99999.00  99999.00  99999.00  99999.00   -802.39   -109.99  99999.00  99999.00       0       0      74      48
32150  03  00    10  99999.00  99999.00  29736.23  32118.59   -764.86   -115.30   -986.10   -245.22       0     239     275     128
32150  03  00     7  99999.00  99999.00  99999.00  99999.00  99999.00  99999.00  99999.00  99999.00       0       0      51      18
32150  03  00     5  99999.00  99999.00  99999.00  99999.00  99999.00  99999.00  99999.00  99999.00       0       1      52      18
32150  03  00     3  99999.00  99999.00  99999.00  99999.00  99999.00  99999.00  99999.00  99999.00       0       0       2       1
32150  03  00     2  99999.00  99999.00  99999.00  99999.00  99999.00  99999.00  99999.00  99999.00       0       0       0       0
32150  03  00     1  99999.00  99999.00  99999.00  99999.00  99999.00  99999.00  99999.00  99999.00       0       0       0       0
32150  04  00  9999    958.37   1059.77  99999.00  99999.00   -185.27    237.01  -1948.53   2015.19     932       0     932     932
32150  04  00  1000  99999.00  99999.00   -181.23    406.89  -2630.29   2621.75   -249.80    191.56       0     833     833     827
32150  04  00   925  99999.00  99999.00    314.46   1111.62  -4337.40   4191.96   -331.95    200.73       0     607     623     610
32150  04  00   900  99999.00  99999.00  99999.00  99999.00  99999.00  99999.00  99999.00  99999.00       0       0      24      24
32150  04  00   850  99999.00  99999.00   -857.71   3603.77   -369.09    279.39   -441.09    226.95       0     973     974     964
32150  04  00   800  99999.00  99999.00  99999.00  99999.00  99999.00  99999.00  99999.00  99999.00       0       0      16      15
32150  04  00   700  99999.00  99999.00  -1483.39   7184.21  -1851.06   1589.82   -626.90    226.66       0     967     970     961
32150  04  00   600  99999.00  99999.00  99999.00  99999.00  99999.00  99999.00  99999.00  99999.00       0       0      19      19
32150  04  00   500  99999.00  99999.00   2314.21   8424.49   -607.71     53.97   -774.95     57.25       0     968     968     958
32150  04  00   400  99999.00  99999.00   6057.66   7848.66   -700.36    -70.00   -833.30    -78.50       0     963     963     881
32150  04  00   300  99999.00  99999.00   7826.32   9928.96  -2854.53   1818.39   -853.30   -284.86       0     938     938     756
32150  04  00   250  99999.00  99999.00   9008.75  11104.79   -833.84   -231.56   -884.88   -325.08       0     920     922     742
32150  04  00   200  99999.00  99999.00  10549.43  12436.31  -3607.76   2487.88   -913.31   -310.55       0     902     899     718
32150  04  00   150  99999.00  99999.00  12525.53  14173.49  -3944.64   2823.48   -849.73   -382.69       0     884     882     698
32150  04  00   100  99999.00  99999.00  15214.25  16723.61  -3565.29   2443.95   -872.12   -398.60       0     841     838     656
32150  04  00    80  99999.00  99999.00  99999.00  99999.00  99999.00  99999.00  99999.00  99999.00       0       0      33      25
32150  04  00    70  99999.00  99999.00  17539.16  18975.92   -742.66   -319.42   -893.03   -394.43       0     720     717     548
32150  04  00    60  99999.00  99999.00  99999.00  99999.00  99999.00  99999.00  99999.00  99999.00       0       0      38      32
32150  04  00    50  99999.00  99999.00  19743.13  21113.29   -722.19   -322.59   -886.95   -393.99       0     669     670     498
32150  04  00    40  99999.00  99999.00  99999.00  99999.00  99999.00  99999.00  99999.00  99999.00       0       0      43      33
32150  04  00    30  99999.00  99999.00  23066.02  24426.46  -2866.99   1826.33   -877.72   -396.16       0     582     593     435
32150  04  00    20  99999.00  99999.00  25667.99  27120.71   -694.37   -286.01   -897.65   -366.89       0     490     503     348
32150  04  00    15  99999.00  99999.00  99999.00  99999.00  -7548.92   6323.68  99999.00  99999.00       0       0      68      43
32150  04  00    10  99999.00  99999.00  30139.50  31801.50   -668.17   -234.13   -950.28   -294.36       0     280     304     171
32150  04  00     7  99999.00  99999.00  99999.00  99999.00 -11696.00  10121.68  99999.00  99999.00       0       0      81      36
32150  04  00     5  99999.00  99999.00  99999.00  99999.00  99999.00  99999.00  99999.00  99999.00       0       0      47      18
32150  04  00     3  99999.00  99999.00  99999.00  99999.00  99999.00  99999.00  99999.00  99999.00       0       0      10       6
32150  04  00     2  99999.00  99999.00  99999.00  99999.00  99999.00  99999.00  99999.00  99999.00       0       0       0       0
32150  04  00     1  99999.00  99999.00  99999.00  99999.00  99999.00  99999.00  99999.00  99999.00       0       0       0       0
32150  05  00  9999    963.90   1052.94  99999.00  99999.00   -184.54    347.78  -2011.60   2089.04     877       0     877     875
32150  05  00  1000  99999.00  99999.00  -2046.78   2229.54  -4189.19   4225.33   -203.37    244.71       0     817     816     810
32150  05  00   925  99999.00  99999.00    362.49   1093.41  -3691.94   3699.34   -291.00    281.52       0     620     633     618
32150  05  00   900  99999.00  99999.00  99999.00  99999.00  99999.00  99999.00  99999.00  99999.00       0       0      20      20
32150  05  00   850  99999.00  99999.00  -2549.36   5293.12  -1775.43   1801.65   -377.71    288.17       0     921     923     911
32150  05  00   800  99999.00  99999.00  99999.00  99999.00  99999.00  99999.00  99999.00  99999.00       0       0       6       6
32150  05  00   700  99999.00  99999.00   -734.24   6584.80   -329.41    219.47   -561.42    284.22       0     916     916     906
32150  05  00   600  99999.00  99999.00  99999.00  99999.00  99999.00  99999.00  99999.00  99999.00       0       0      22      22
32150  05  00   500  99999.00  99999.00   4883.06   6148.10   -473.80     52.64   -741.39    131.25       0     907     910     898
32150  05  00   400  99999.00  99999.00   6375.58   7875.82  -2779.55   2095.09   -808.69     -5.17       0     901     900     882
32150  05  00   300  99999.00  99999.00   3867.50  14239.34  -2885.40   1931.76   -858.77   -205.13       0     891     891     767
32150  05  00   250  99999.00  99999.00   9377.71  11201.83   -793.40   -239.48   -882.78   -301.62       0     875     872     745
32150  05  00   200  99999.00  99999.00  10900.26  12556.50  -3011.33   1908.19   -916.95   -313.47       0     845     846     717
32150  05  00   150  99999.00  99999.00  12897.85  14264.17  -3026.20   1941.68   -848.93   -389.69       0     821     823     691
32150  05  00   100  99999.00  99999.00  15591.31  16797.43  -3797.35   2655.53   -875.85   -420.93       0     791     792     657
32150  05  00    80  99999.00  99999.00  99999.00  99999.00  99999.00  99999.00  99999.00  99999.00       0       0      23      20
32150  05  00    70  99999.00  99999.00  17926.72  19018.00   -693.15   -390.75   -910.94   -411.38       0     660     662     537
32150  05  00    60  99999.00  99999.00  99999.00  99999.00  99999.00  99999.00  99999.00  99999.00       0       0      31      25
32150  05  00    50  99999.00  99999.00  20091.30  21174.18   -667.86   -399.18   -914.26   -407.14       0     606     608     491
32150  05  00    40  99999.00  99999.00  99999.00  99999.00  99999.00  99999.00  99999.00  99999.00       0       0      22      15
32150  05  00    30  99999.00  99999.00  23312.17  24554.53   -652.78   -368.14   -918.71   -382.79       0     535     539     419
32150  05  00    20  99999.00  99999.00  25860.90  27306.18   -631.75   -338.83   -935.86   -344.50       0     458     467     354
32150  05  00    15  99999.00  99999.00  99999.00  99999.00  99999.00  99999.00  99999.00  99999.00       0       0      58      38
32150  05  00    10  99999.00  99999.00  30206.35  32187.31   -601.04   -235.16   -968.11   -256.27       0     265     287     190
32150  05  00     7  99999.00  99999.00  99999.00  99999.00 -12073.41  10546.47  99999.00  99999.00       0       0      76      43
32150  05  00     5  99999.00  99999.00  99999.00  99999.00  99999.00  99999.00  99999.00  99999.00       0       0      35      13
32150  05  00     3  99999.00  99999.00  99999.00  99999.00  99999.00  99999.00  99999.00  99999.00       0       0      12       7
32150  05  00     2  99999.00  99999.00  99999.00  99999.00  99999.00  99999.00  99999.00  99999.00       0       0       0       0
32150  05  00     1  99999.00  99999.00  99999.00  99999.00  99999.00  99999.00  99999.00  99999.00       0       0       0       0
32150  06  00  9999    975.68   1040.72  99999.00  99999.00  -1733.66   1969.90  -2022.13   2076.11     869       0     869     869
32150  06  00  1000  99999.00  99999.00   -135.71    327.37  -3086.76   3263.04   -139.30    295.82       0     874     873     868
32150  06  00   925  99999.00  99999.00    460.94   1010.66  -3730.27   3838.49   -207.72    316.80       0     597     610     602
32150  06  00   900  99999.00  99999.00  99999.00  99999.00  99999.00  99999.00  99999.00  99999.00       0       0      20      20
32150  06  00   850  99999.00  99999.00   1155.29   1717.37   -178.12    342.68   -310.06    338.42       0     926     929     924
32150  06  00   800  99999.00  99999.00  99999.00  99999.00  99999.00  99999.00  99999.00  99999.00       0       0      10      10
32150  06  00   700  99999.00  99999.00   -665.23   6640.85  -2504.71   2472.65   -497.75    340.33       0     921     925     921
32150  06  00   600  99999.00  99999.00  99999.00  99999.00  99999.00  99999.00  99999.00  99999.00       0       0      12      12
32150  06  00   500  99999.00  99999.00   5162.24   6111.56   -369.83     69.85   -671.89    158.63       0     916     917     911
32150  06  00   400  99999.00  99999.00   6703.32   7869.24   -509.06    -20.78   -747.46     31.46       0     913     912     909
32150  06  00   300  99999.00  99999.00   8553.09  10044.21  -2129.17   1281.71   -811.97   -163.73       0     908     908     800
32150  06  00   250  99999.00  99999.00   9685.11  11340.51  -2904.42   1879.98   -834.39   -298.35       0     893     894     749
32150  06  00   200  99999.00  99999.00  11130.58  12782.50  -3123.03   2013.57   -892.53   -331.53       0     880     881     730
32150  06  00   150  99999.00  99999.00  13099.65  14513.61  -3684.94   2561.54   -848.21   -396.17       0     847     849     699
32150  06  00   100  99999.00  99999.00  15808.91  17008.55  -3067.36   1929.32   -857.64   -445.32       0     805     805     662
32150  06  00    80  99999.00  99999.00  99999.00  99999.00  99999.00  99999.00  99999.00  99999.00       0       0      15      13
32150  06  00    70  99999.00  99999.00  18155.95  19208.47   -684.66   -409.02   -869.90   -452.06       0     630     628     496
32150  06  00    60  99999.00  99999.00  99999.00  99999.00  99999.00  99999.00  99999.00  99999.00       0       0      22      17
32150  06  00    50  99999.00  99999.00  20328.18  21354.54   -639.49   -417.73   -881.97   -424.53       0     597     598     462
32150  06  00    40  99999.00  99999.00  99999.00  99999.00  99999.00  99999.00  99999.00  99999.00       0       0      15      11
32150  06  00    30  99999.00  99999.00  23611.39  24704.11   -601.97   -385.97   -887.03   -384.47       0     561     565     432
32150  06  00    20  99999.00  99999.00  16756.91  36763.79  -2744.74   1794.50   -902.15   -336.35       0     490     498     373
32150  06  00    15  99999.00  99999.00  99999.00  99999.00  99999.00  99999.00  99999.00  99999.00       0       0      59      43
32150  06  00    10  99999.00  99999.00  30783.32  32255.48   -521.30   -242.90   -977.70   -204.42       0     249     275     170
32150  06  00     7  99999.00  99999.00  99999.00  99999.00 -16063.70  14002.78  99999.00  99999.00       0       0      70      45
32150  06  00     5  99999.00  99999.00  99999.00  99999.00  99999.00  99999.00  99999.00  99999.00       0       0      40      23
32150  06  00     3  99999.00  99999.00  99999.00  99999.00  99999.00  99999.00  99999.00  99999.00       0       0       6       2
32150  06  00     2  99999.00  99999.00  99999.00  99999.00  99999.00  99999.00  99999.00  99999.00       0       0       0       0
32150  06  00     1  99999.00  99999.00  99999.00  99999.00  99999.00  99999.00  99999.00  99999.00       0       0       0       0
32150  07  00  9999    976.37   1038.41  99999.00  99999.00    -26.56    358.16    -84.51    147.81     911       0     910     910
32150  07  00  1000  99999.00  99999.00   -127.79    308.17    -43.98    358.26    -74.76    322.20       0     918     916     911
32150  07  00   925  99999.00  99999.00    492.10    982.78    -78.40    343.28   -128.99    323.05       0     625     646     636
32150  07  00   900  99999.00  99999.00  99999.00  99999.00  99999.00  99999.00  99999.00  99999.00       0       0      21      20
32150  07  00   850  99999.00  99999.00   1187.12   1708.28    -79.54    314.54   -257.76    372.72       0     987     987     982
32150  07  00   800  99999.00  99999.00  99999.00  99999.00  99999.00  99999.00  99999.00  99999.00       0       0      16      16
32150  07  00   700  99999.00  99999.00   2761.90   3340.06   -123.39    211.89   -417.81    344.43       0     981     980     968
32150  07  00   600  99999.00  99999.00  99999.00  99999.00  99999.00  99999.00  99999.00  99999.00       0       0      11      11
32150  07  00   500  99999.00  99999.00   5335.87   6096.31   -275.78     72.34   -644.66    213.22       0     964     964     956
32150  07  00   400  99999.00  99999.00   6940.79   7856.39   -417.29     -3.89   -729.89    101.83       0     956     959     954
32150  07  00   300  99999.00  99999.00   8861.40  10055.64   -596.35   -124.03   -800.32    -90.16       0     937     937     899
32150  07  00   250  99999.00  99999.00  10015.08  11385.60   -686.64   -213.96   -831.76   -221.44       0     922     924     794
32150  07  00   200  99999.00  99999.00  11416.21  12911.17   -784.65   -254.49   -856.56   -336.24       0     913     913     768
32150  07  00   150  99999.00  99999.00  13324.88  14705.96   -768.22   -312.22   -858.05   -404.33       0     889     888     747
32150  07  00   100  99999.00  99999.00  16051.54  17143.30   -757.48   -381.52   -894.50   -448.10       0     841     840     704
32150  07  00    80  99999.00  99999.00  99999.00  99999.00  99999.00  99999.00  99999.00  99999.00       0       0      37      31
32150  07  00    70  99999.00  99999.00  18416.60  19279.16   -708.63   -409.59   -900.74   -435.86       0     680     682     552
32150  07  00    60  99999.00  99999.00  99999.00  99999.00  99999.00  99999.00  99999.00  99999.00       0       0      10      10
32150  07  00    50  99999.00  99999.00  20613.38  21385.10   -647.07   -421.47   -884.28   -424.44       0     635     635     510
32150  07  00    40  99999.00  99999.00  99999.00  99999.00  99999.00  99999.00  99999.00  99999.00       0       0      17      13
32150  07  00    30  99999.00  99999.00  23895.79  24730.51   -597.27   -386.91   -890.72   -370.64       0     580     585     463
32150  07  00    20  99999.00  99999.00  26522.27  27462.83  -3024.99   2082.57   -901.91   -318.59       0     487     504     397
32150  07  00    15  99999.00  99999.00  99999.00  99999.00  99999.00  99999.00  99999.00  99999.00       0       0      58      46
32150  07  00    10  99999.00  99999.00  31070.20  32308.84   -529.54   -232.90   -970.74   -202.86       0     268     291     190
32150  07  00     7  99999.00  99999.00  99999.00  99999.00 -10643.61   9351.39  99999.00  99999.00       0       0      66      40
32150  07  00     5  99999.00  99999.00  99999.00  99999.00  99999.00  99999.00  99999.00  99999.00       0       0      42      28
32150  07  00     3  99999.00  99999.00  99999.00  99999.00  99999.00  99999.00  99999.00  99999.00       0       0      10      10
32150  07  00     2  99999.00  99999.00  99999.00  99999.00  99999.00  99999.00  99999.00  99999.00       0       0       0       0
32150  07  00     1  99999.00  99999.00  99999.00  99999.00  99999.00  99999.00  99999.00  99999.00       0       0       0       0
32150  08  00  9999    974.91   1041.87  99999.00  99999.00      4.10    357.50    -85.25    146.71     949       0     948     948
32150  08  00  1000  99999.00  99999.00   -137.26    335.66    -17.01    361.71    -61.67    341.89       0     939     939     931
32150  08  00   925  99999.00  99999.00    473.62   1029.22    -71.71    353.93   -151.46    358.30       0     647     662     651
32150  08  00   900  99999.00  99999.00  99999.00  99999.00  99999.00  99999.00  99999.00  99999.00       0       0      27      27
32150  08  00   850  99999.00  99999.00   1190.39   1731.83    -82.14    320.82   -263.46    388.38       0    1005    1005     994
32150  08  00   800  99999.00  99999.00  99999.00  99999.00  99999.00  99999.00  99999.00  99999.00       0       0      18      18
32150  08  00   700  99999.00  99999.00   2761.81   3366.01   -142.75    234.17   -490.87    406.25       0     998     998     989
32150  08  00   600  99999.00  99999.00  99999.00  99999.00  99999.00  99999.00  99999.00  99999.00       0       0      19      19
32150  08  00   500  99999.00  99999.00   5325.72   6138.48   -293.58     93.66   -705.04    278.96       0     986     987     967
32150  08  00   400  99999.00  99999.00   6916.28   7916.60   -439.08     24.48   -789.45    172.11       0     977     978     963
32150  08  00   300  99999.00  99999.00   8820.86  10141.58   -613.25    -87.05   -854.08    -12.88       0     965     965     929
32150  08  00   250  99999.00  99999.00   9971.45  11485.61   -686.09   -186.05   -863.68   -166.24       0     936     939     819
32150  08  00   200  99999.00  99999.00  11399.72  13001.36   -728.40   -280.08   -830.29   -343.45       0     900     900     746
32150  08  00   150  99999.00  99999.00  13330.74  14779.50   -779.81   -322.73   -869.87   -414.11       0     853     853     702
32150  08  00   100  99999.00  99999.00  16069.28  17162.00   -793.16   -379.64   -913.02   -452.82       0     805     804     658
32150  08  00    80  99999.00  99999.00  99999.00  99999.00  99999.00  99999.00  99999.00  99999.00       0       0      34      30
32150  08  00    70  99999.00  99999.00  18387.32  19313.00  -2825.11   1648.85   -902.50   -451.90       0     639     642     510
32150  08  00    60  99999.00  99999.00  99999.00  99999.00  99999.00  99999.00  99999.00  99999.00       0       0      15       7
32150  08  00    50  99999.00  99999.00  20557.01  21420.17   -662.05   -433.81   -896.48   -424.28       0     604     609     474
32150  08  00    40  99999.00  99999.00  99999.00  99999.00  99999.00  99999.00  99999.00  99999.00       0       0      16      15
32150  08  00    30  99999.00  99999.00  23802.56  24770.96   -611.44   -391.60   -884.99   -375.83       0     531     533     405
32150  08  00    20  99999.00  99999.00  26402.89  27495.49   -583.64   -347.12   -900.04   -328.60       0     454     466     346
32150  08  00    15  99999.00  99999.00  99999.00  99999.00  99999.00  99999.00  99999.00  99999.00       0       0      57      39
32150  08  00    10  99999.00  99999.00  30877.88  32366.12   -547.67   -258.23   -929.82   -238.98       0     240     274     170
32150  08  00     7  99999.00  99999.00  99999.00  99999.00  99999.00  99999.00  99999.00  99999.00       0       0      52      24
32150  08  00     5  99999.00  99999.00  99999.00  99999.00  99999.00  99999.00  99999.00  99999.00       0       0      41      23
32150  08  00     3  99999.00  99999.00  99999.00  99999.00  99999.00  99999.00  99999.00  99999.00       0       0       2       2
32150  08  00     2  99999.00  99999.00  99999.00  99999.00  99999.00  99999.00  99999.00  99999.00       0       0       0       0
32150  08  00     1  99999.00  99999.00  99999.00  99999.00  99999.00  99999.00  99999.00  99999.00       0       0       0       0
32150  09  00  9999    969.81   1051.29  99999.00  99999.00    -36.97    329.63    -91.86    159.30     872       0     872     872
32150  09  00  1000  99999.00  99999.00   -145.68    385.20    -44.79    321.33   -119.18    319.06       0     845     845     835
32150  09  00   925  99999.00  99999.00    419.02   1103.86   -119.72    329.44   -220.32    333.36       0     581     594     579
32150  09  00   900  99999.00  99999.00  99999.00  99999.00  99999.00  99999.00  99999.00  99999.00       0       0      13      13
32150  09  00   850  99999.00  99999.00   1113.57   1802.25   -185.67    317.13   -327.08    339.28       0     909     909     897
32150  09  00   800  99999.00  99999.00  99999.00  99999.00  99999.00  99999.00  99999.00  99999.00       0       0       6       6
32150  09  00   700  99999.00  99999.00   2627.00   3427.88   -276.47    255.01   -589.02    366.66       0     908     907     894
32150  09  00   600  99999.00  99999.00  99999.00  99999.00  99999.00  99999.00  99999.00  99999.00       0       0      15      15
32150  09  00   500  99999.00  99999.00   5065.64   6202.28   -450.28    122.12   -770.22    214.86       0     903     903     877
32150  09  00   400  99999.00  99999.00   6564.24   7987.44   -586.20     36.48   -855.27    108.09       0     888     888     863
32150  09  00   300  99999.00  99999.00   8390.57  10185.29   -732.49    -82.57   -928.41    -54.33       0     860     859     772
32150  09  00   250  99999.00  99999.00   9522.03  11494.23   -789.93   -156.09   -916.40   -196.16       0     828     829     699
32150  09  00   200  99999.00  99999.00  10935.45  13000.05   -786.77   -231.89   -851.09   -341.93       0     803     801     666
32150  09  00   150  99999.00  99999.00  12895.40  14756.36   -756.44   -320.60   -868.68   -398.52       0     769     771     637
32150  09  00   100  99999.00  99999.00  15653.63  17165.15   -786.65   -343.01   -921.89   -409.73       0     726     727     591
32150  09  00    80  99999.00  99999.00  99999.00  99999.00  99999.00  99999.00  99999.00  99999.00       0       0      44      36
32150  09  00    70  99999.00  99999.00  18053.70  19279.26   -730.58   -386.66   -919.18   -412.06       0     608     612     493
32150  09  00    60  99999.00  99999.00  99999.00  99999.00  99999.00  99999.00  99999.00  99999.00       0       0      34      24
32150  09  00    50  99999.00  99999.00  20251.49  21375.77   -688.69   -396.73   -910.47   -402.51       0     579     580     467
32150  09  00    40  99999.00  99999.00  99999.00  99999.00  99999.00  99999.00  99999.00  99999.00       0       0      26      23
32150  09  00    30  99999.00  99999.00  23554.21  24651.37   -641.28   -389.04   -899.40   -384.60       0     513     514     405
32150  09  00    20  99999.00  99999.00  26138.68  27352.48   -627.48   -351.48   -902.19   -358.47       0     462     466     354
32150  09  00    15  99999.00  99999.00  99999.00  99999.00   -655.04   -300.68  99999.00  99999.00       0       0      65      46
32150  09  00    10  99999.00  99999.00  30509.98  32179.42  -3566.83   2621.93   -919.88   -290.72       0     236     269     176
32150  09  00     7  99999.00  99999.00  99999.00  99999.00 -13116.56  11390.56  99999.00  99999.00       0       0      64      34
32150  09  00     5  99999.00  99999.00  99999.00  99999.00  99999.00  99999.00  99999.00  99999.00       0       0      52      26
32150  09  00     3  99999.00  99999.00  99999.00  99999.00  99999.00  99999.00  99999.00  99999.00       0       0       6       5
32150  09  00     2  99999.00  99999.00  99999.00  99999.00  99999.00  99999.00  99999.00  99999.00       0       0       0       0
32150  09  00     1  99999.00  99999.00  99999.00  99999.00  99999.00  99999.00  99999.00  99999.00       0       0       0       0
32150  10  00  9999    961.36   1061.08  99999.00  99999.00   -170.88    312.36   -105.72    171.84     877       0     877     876
32150  10  00  1000  99999.00  99999.00   -190.71    443.73   -154.28    292.72   -247.95    307.89       0     819     819     817
32150  10  00   925  99999.00  99999.00    358.63   1149.79   -211.76    282.76   -316.44    297.48       0     546     557     550
32150  10  00   900  99999.00  99999.00  99999.00  99999.00  99999.00  99999.00  99999.00  99999.00       0       0      16      16
32150  10  00   850  99999.00  99999.00    994.95   1856.67   -308.47    292.97   -412.63    283.25       0     905     907     897
32150  10  00   800  99999.00  99999.00  99999.00  99999.00  99999.00  99999.00  99999.00  99999.00       0       0       7       7
32150  10  00   700  99999.00  99999.00   2431.86   3475.74   -382.64    219.40   -624.22    269.78       0     902     904     896
32150  10  00   600  99999.00  99999.00  99999.00  99999.00  99999.00  99999.00  99999.00  99999.00       0       0      20      20
32150  10  00   500  99999.00  99999.00   4757.26   6222.70   -522.63     50.73   -750.45     81.15       0     891     891     885
32150  10  00   400  99999.00  99999.00   6210.60   7958.76   -628.27    -65.47   -806.79    -57.27       0     879     879     840
32150  10  00   300  99999.00  99999.00   8022.12  10054.92   -723.96   -211.68   -846.59   -241.79       0     842     842     708
32150  10  00   250  99999.00  99999.00   9209.59  11255.47   -816.91   -205.03   -875.51   -305.87       0     821     821     688
32150  10  00   200  99999.00  99999.00  10716.20  12640.04   -820.04   -218.96   -881.78   -332.06       0     784     784     649
32150  10  00   150  99999.00  99999.00  12676.28  14386.40   -735.51   -321.15   -867.07   -382.75       0     739     740     607
32150  10  00   100  99999.00  99999.00  15392.85  16878.21   -731.20   -355.48   -901.11   -394.71       0     703     704     574
32150  10  00    80  99999.00  99999.00  99999.00  99999.00  99999.00  99999.00  99999.00  99999.00       0       0      21      18
32150  10  00    70  99999.00  99999.00  17745.20  19086.80   -725.32   -363.04   -918.10   -391.54       0     624     623     492
32150  10  00    60  99999.00  99999.00  99999.00  99999.00  99999.00  99999.00  99999.00  99999.00       0       0      31      26
32150  10  00    50  99999.00  99999.00  19927.36  21220.00  -2613.46   1509.98   -913.22   -393.62       0     594     595     464
32150  10  00    40  99999.00  99999.00  99999.00  99999.00 -10710.76   9069.20  99999.00  99999.00       0       0      65      53
32150  10  00    30  99999.00  99999.00  23191.59  24547.47   -677.53   -361.81   -901.34   -391.10       0     516     521     395
32150  10  00    20  99999.00  99999.00  25778.43  27234.99   -656.95   -348.31   -901.12   -379.72       0     435     436     325
32150  10  00    15  99999.00  99999.00  99999.00  99999.00  -7550.72   6289.24  99999.00  99999.00       0       0      68      48
32150  10  00    10  99999.00  99999.00  30209.34  31922.58   -638.93   -289.37   -909.16   -329.44       0     251     276     173
32150  10  00     7  99999.00  99999.00  99999.00  99999.00 -14107.20  12176.88  99999.00  99999.00       0       0      73      30
32150  10  00     5  99999.00  99999.00  99999.00  99999.00  99999.00  99999.00  99999.00  99999.00       0       0      29      19
32150  10  00     3  99999.00  99999.00  99999.00  99999.00  99999.00  99999.00  99999.00  99999.00       0       0       6       5
32150  10  00     2  99999.00  99999.00  99999.00  99999.00  99999.00  99999.00  99999.00  99999.00       0       0       0       0
32150  10  00     1  99999.00  99999.00  99999.00  99999.00  99999.00  99999.00  99999.00  99999.00       0       0       0       0
32150  11  00  9999    958.17   1063.41  99999.00  99999.00   -333.57    298.11    -95.74    153.74     843       0     843     842
32150  11  00  1000  99999.00  99999.00   -184.03    432.53   -312.12    280.80   -363.12    264.84       0     769     769     767
32150  11  00   925  99999.00  99999.00    303.38   1142.66   -353.29    263.99   -404.95    250.85       0     537     543     533
32150  11  00   900  99999.00  99999.00  99999.00  99999.00  99999.00  99999.00  99999.00  99999.00       0       0      11      11
32150  11  00   850  99999.00  99999.00    936.50   1822.10   -422.17    249.95   -490.03    234.89       0     889     892     877
32150  11  00   800  99999.00  99999.00  99999.00  99999.00  99999.00  99999.00  99999.00  99999.00       0       0      16      16
32150  11  00   700  99999.00  99999.00   2308.69   3419.77   -507.47    205.21   -666.95    204.97       0     885     887     873
32150  11  00   600  99999.00  99999.00  99999.00  99999.00  99999.00  99999.00  99999.00  99999.00       0       0      12      12
32150  11  00   500  99999.00  99999.00   4512.13   6159.25   -641.99     44.89   -799.50     40.38       0     881     880     868
32150  11  00   400  99999.00  99999.00   5880.55   7898.83   -700.55   -108.23   -842.10   -110.34       0     867     867     768
32150  11  00   300  99999.00  99999.00   7668.60   9937.56   -716.56   -291.04   -813.37   -337.45       0     839     839     687
32150  11  00   250  99999.00  99999.00   8874.73  11089.93   -821.74   -234.58   -883.33   -323.05       0     812     811     657
32150  11  00   200  99999.00  99999.00  10439.80  12403.60   -827.97   -217.17   -892.60   -320.32       0     775     775     627
32150  11  00   150  99999.00  99999.00  12425.04  14135.40   -749.54   -291.38   -845.40   -386.64       0     731     731     587
32150  11  00   100  99999.00  99999.00   9884.25  21842.13   -740.22   -317.94   -875.34   -394.86       0     686     686     539
32150  11  00    80  99999.00  99999.00  99999.00  99999.00  99999.00  99999.00  99999.00  99999.00       0       0      20      14
32150  11  00    70  99999.00  99999.00  17480.72  18929.60   -735.64   -316.72   -891.72   -385.44       0     583     586     447
32150  11  00    60  99999.00  99999.00  99999.00  99999.00  99999.00  99999.00  99999.00  99999.00       0       0      38      32
32150  11  00    50  99999.00  99999.00  19637.65  21120.01   -739.71   -307.59   -910.38   -374.46       0     545     544     408
32150  11  00    40  99999.00  99999.00  99999.00  99999.00  99999.00  99999.00  99999.00  99999.00       0       0      55      46
32150  11  00    30  99999.00  99999.00  22891.43  24506.87   -725.00   -278.48   -897.85   -363.01       0     445     450     324
32150  11  00    20  99999.00  99999.00  14974.28  37545.68   -741.02   -222.62   -920.40   -327.60       0     376     383     263
32150  11  00    15  99999.00  99999.00  99999.00  99999.00 -12481.39  10733.57   -949.72   -290.56       0       0      94      65
32150  11  00    10  99999.00  99999.00  29731.00  32179.72   -750.26   -143.06   -933.94   -299.86       0     207     234     118
32150  11  00     7  99999.00  99999.00  99999.00  99999.00  99999.00  99999.00  99999.00  99999.00       0       0      55      18
32150  11  00     5  99999.00  99999.00  99999.00  99999.00  99999.00  99999.00  99999.00  99999.00       0       0      39      16
32150  11  00     3  99999.00  99999.00  99999.00  99999.00  99999.00  99999.00  99999.00  99999.00       0       0       1       0
32150  11  00     2  99999.00  99999.00  99999.00  99999.00  99999.00  99999.00  99999.00  99999.00       0       0       1       1
32150  11  00     1  99999.00  99999.00  99999.00  99999.00  99999.00  99999.00  99999.00  99999.00       0       0       0       0
32150  12  00  9999    955.68   1063.32  99999.00  99999.00   -468.98    270.82    -57.81    103.47     796       0     796     796
32150  12  00  1000  99999.00  99999.00   -172.05    400.11  -3694.98   3440.22   -431.51    202.93       0     720     719     714
32150  12  00   925  99999.00  99999.00    269.79   1126.11   -376.39    160.61   -443.20    174.56       0     529     536     530
32150  12  00   900  99999.00  99999.00  99999.00  99999.00  99999.00  99999.00  99999.00  99999.00       0       0      13      13
32150  12  00   850  99999.00  99999.00  -2028.80   4652.92  -1986.72   1678.68   -499.81    148.55       0     841     840     832
32150  12  00   800  99999.00  99999.00  99999.00  99999.00  99999.00  99999.00  99999.00  99999.00       0       0      20      20
32150  12  00   700  99999.00  99999.00  -2577.22   8038.82  -3362.99   2882.65   -643.90     95.54       0     840     840     833
32150  12  00   600  99999.00  99999.00  99999.00  99999.00  99999.00  99999.00  99999.00  99999.00       0       0       7       7
32150  12  00   500  99999.00  99999.00   1951.82   8422.58  -2160.24   1431.96   -758.86    -78.22       0     833     834     807
32150  12  00   400  99999.00  99999.00   3126.01  10286.77  -2231.67   1313.73   -803.77   -221.53       0     830     831     701
32150  12  00   300  99999.00  99999.00   7711.71   9506.43   -755.31   -297.27   -815.50   -374.50       0     798     800     646
32150  12  00   250  99999.00  99999.00   8929.82  10642.94  -3112.75   2010.17   -853.49   -349.73       0     777     776     621
32150  12  00   200  99999.00  99999.00  10465.32  11991.36   -780.86   -242.06   -819.80   -366.92       0     751     751     601
32150  12  00   150  99999.00  99999.00  12377.23  13820.83  -3390.63   2329.89   -803.52   -392.76       0     709     709     559
32150  12  00   100  99999.00  99999.00  15021.12  16464.00  -4133.50   3040.58   -844.24   -374.32       0     645     646     501
32150  12  00    80  99999.00  99999.00  99999.00  99999.00  99999.00  99999.00  99999.00  99999.00       0       0      22      20
32150  12  00    70  99999.00  99999.00  17309.77  18842.17   -747.39   -255.51   -877.26   -342.90       0     559     561     415
32150  12  00    60  99999.00  99999.00  99999.00  99999.00  99999.00  99999.00  99999.00  99999.00       0       0      46      32
32150  12  00    50  99999.00  99999.00  19446.59  21105.23   -742.59   -251.55   -886.35   -341.91       0     508     511     367
32150  12  00    40  99999.00  99999.00  99999.00  99999.00  99999.00  99999.00  99999.00  99999.00       0       0      57      39
32150  12  00    30  99999.00  99999.00  22666.39  24596.71   -743.30   -206.66   -884.09   -321.29       0     425     430     295
32150  12  00    20  99999.00  99999.00  25216.89  27436.29   -759.79   -142.99   -899.14   -287.86       0     358     362     236
32150  12  00    15  99999.00  99999.00  99999.00  99999.00 -15206.33  13135.15  99999.00  99999.00       0       0      78      52
32150  12  00    10  99999.00  99999.00  29384.77  32529.61   -839.04      2.52   -899.31   -251.07       0     185     203      95
32150  12  00     7  99999.00  99999.00  99999.00  99999.00 -15055.32  13047.00  99999.00  99999.00       0       0      64      25
32150  12  00     5  99999.00  99999.00  99999.00  99999.00  99999.00  99999.00  99999.00  99999.00       0       0      36      14
32150  12  00     3  99999.00  99999.00  99999.00  99999.00  99999.00  99999.00  99999.00  99999.00       0       0       4       2
32150  12  00     2  99999.00  99999.00  99999.00  99999.00  99999.00  99999.00  99999.00  99999.00       0       0       0       0
32150  12  00     1  99999.00  99999.00  99999.00  99999.00  99999.00  99999.00  99999.00  99999.00       0       0       0       0
