26477  01  00  9999    911.93   1094.93  99999.00  99999.00   -512.33    391.03    -51.42     94.98     423       0     423     423
26477  01  00  1000  99999.00  99999.00   -219.01    623.63   -510.53    339.91   -557.13    339.63       0     406     406     404
26477  01  00   925  99999.00  99999.00     74.90   1399.58   -375.21    250.35   -455.36    275.92       0     390     390     388
26477  01  00   900  99999.00  99999.00  99999.00  99999.00  99999.00  99999.00  99999.00  99999.00       0       0      13      13
26477  01  00   850  99999.00  99999.00    740.61   2036.25   -397.32    239.40   -545.25    297.27       0     735     735     730
26477  01  00   800  99999.00  99999.00  99999.00  99999.00  99999.00  99999.00  99999.00  99999.00       0       0       8       8
26477  01  00   700  99999.00  99999.00   2170.16   3592.16   -453.98    159.22   -679.39    236.33       0     734     734     729
26477  01  00   600  99999.00  99999.00  99999.00  99999.00  99999.00  99999.00  99999.00  99999.00       0       0       9       9
26477  01  00   500  99999.00  99999.00   4460.43   6245.67   -615.77      7.39   -772.27     30.53       0     724     727     709
26477  01  00   400  99999.00  99999.00   5864.17   7941.49   -698.80   -133.96   -829.39   -112.51       0     728     728     544
26477  01  00   300  99999.00  99999.00   7620.41   9974.09   -754.07   -333.11   -871.03   -340.63       0     724     727     386
26477  01  00   250  99999.00  99999.00   8767.08  11138.04   -836.08   -343.48   -931.47   -369.75       0     715     715     377
26477  01  00   200  99999.00  99999.00  10217.64  12470.28   -950.42   -244.94  -1007.85   -304.53       0     690     690     364
26477  01  00   150  99999.00  99999.00  12023.21  14265.05   -898.59   -288.39   -964.83   -353.07       0     661     663     354
26477  01  00   100  99999.00  99999.00  14415.16  16931.80   -939.44   -293.72   -999.63   -381.63       0     586     589     333
26477  01  00    80  99999.00  99999.00  99999.00  99999.00  99999.00  99999.00  99999.00  99999.00       0       0      10       3
26477  01  00    70  99999.00  99999.00  16496.84  19281.80  -1045.36   -238.84  -1076.81   -367.01       0     311     314     203
26477  01  00    60  99999.00  99999.00  99999.00  99999.00  99999.00  99999.00  99999.00  99999.00       0       0      19      12
26477  01  00    50  99999.00  99999.00  18330.46  21600.94  -1114.27   -188.71  -1130.95   -343.51       0     258     260     175
26477  01  00    40  99999.00  99999.00  99999.00  99999.00  99999.00  99999.00  99999.00  99999.00       0       0      17       9
26477  01  00    30  99999.00  99999.00  21141.86  25242.26  -1211.88    -63.36  -1164.00   -309.24       0     155     159     111
26477  01  00    20  99999.00  99999.00  23420.35  28331.23  -1274.99     82.33  -1246.13   -202.37       0      76      81      63
26477  01  00    15  99999.00  99999.00  99999.00  99999.00  99999.00  99999.00  99999.00  99999.00       0       0      10       7
26477  01  00    10  99999.00  99999.00  99999.00  99999.00  99999.00  99999.00  99999.00  99999.00       0      14      20      11
26477  01  00     7  99999.00  99999.00  99999.00  99999.00  99999.00  99999.00  99999.00  99999.00       0       0       1       1
26477  01  00     5  99999.00  99999.00  99999.00  99999.00  99999.00  99999.00  99999.00  99999.00       0       0       1       0
26477  01  00     3  99999.00  99999.00  99999.00  99999.00  99999.00  99999.00  99999.00  99999.00       0       0       0       0
26477  01  00     2  99999.00  99999.00  99999.00  99999.00  99999.00  99999.00  99999.00  99999.00       0       0       0       0
26477  01  00     1  99999.00  99999.00  99999.00  99999.00  99999.00  99999.00  99999.00  99999.00       0       0       0       0
26477  02  00  9999    924.51   1086.63  99999.00  99999.00   -587.15    424.45    -67.68    113.88     414       0     414     414
26477  02  00  1000  99999.00  99999.00   -221.84    633.64   -534.30    344.82   -580.18    341.18       0     421     423     419
26477  02  00   925  99999.00  99999.00    159.88   1315.24   -413.88    267.96   -490.64    289.12       0     374     378     377
26477  02  00   900  99999.00  99999.00  99999.00  99999.00  99999.00  99999.00  99999.00  99999.00       0       0      11      11
26477  02  00   850  99999.00  99999.00    794.57   2022.89   -394.41    225.03   -528.98    269.62       0     655     655     650
26477  02  00   800  99999.00  99999.00  99999.00  99999.00  99999.00  99999.00  99999.00  99999.00       0       0       6       6
26477  02  00   700  99999.00  99999.00   2236.39   3560.23   -454.35    154.77   -660.58    220.82       0     652     652     649
26477  02  00   600  99999.00  99999.00  99999.00  99999.00  99999.00  99999.00  99999.00  99999.00       0       0       4       4
26477  02  00   500  99999.00  99999.00   4536.03   6201.51   -594.32    -15.44   -753.69     10.59       0     652     653     643
26477  02  00   400  99999.00  99999.00   5973.14   7863.02   -665.26   -167.14   -798.55   -143.59       0     652     652     491
26477  02  00   300  99999.00  99999.00   7769.35   9854.83   -742.94   -342.50   -834.03   -378.39       0     650     650     370
26477  02  00   250  99999.00  99999.00   8937.43  10997.47   -882.65   -291.89   -926.10   -373.86       0     644     642     364
26477  02  00   200  99999.00  99999.00  10406.77  12321.85   -985.29   -195.69  -1014.37   -296.89       0     624     624     350
26477  02  00   150  99999.00  99999.00  12210.37  14139.61   -938.32   -224.44   -979.14   -331.50       0     597     596     340
26477  02  00   100  99999.00  99999.00  14574.62  16871.30   -976.01   -222.41  -1012.41   -353.85       0     550     550     331
26477  02  00    80  99999.00  99999.00  99999.00  99999.00  99999.00  99999.00  99999.00  99999.00       0       0       9       7
26477  02  00    70  99999.00  99999.00  16571.25  19272.09  -1019.46   -220.74  -1047.80   -362.72       0     317     319     219
26477  02  00    60  99999.00  99999.00  99999.00  99999.00  99999.00  99999.00  99999.00  99999.00       0       0       9       6
26477  02  00    50  99999.00  99999.00  18508.98  21546.30  -1031.58   -218.10  -1074.52   -353.08       0     280     285     200
26477  02  00    40  99999.00  99999.00  99999.00  99999.00  99999.00  99999.00  99999.00  99999.00       0       0      18      12
26477  02  00    30  99999.00  99999.00  21377.21  25071.29  -1058.02   -186.70  -1097.94   -342.42       0     186     192     142
26477  02  00    20  99999.00  99999.00  23778.36  27814.56  -1074.53   -122.21  -1148.42   -265.70       0     116     121      93
26477  02  00    15  99999.00  99999.00  99999.00  99999.00  99999.00  99999.00  99999.00  99999.00       0       0      23      17
26477  02  00    10  99999.00  99999.00  99999.00  99999.00  99999.00  99999.00  99999.00  99999.00       0       9      15      11
26477  02  00     7  99999.00  99999.00  99999.00  99999.00  99999.00  99999.00  99999.00  99999.00       0       0       2       2
26477  02  00     5  99999.00  99999.00  99999.00  99999.00  99999.00  99999.00  99999.00  99999.00       0       0       0       0
26477  02  00     3  99999.00  99999.00  99999.00  99999.00  99999.00  99999.00  99999.00  99999.00       0       0       0       0
26477  02  00     2  99999.00  99999.00  99999.00  99999.00  99999.00  99999.00  99999.00  99999.00       0       0       0       0
26477  02  00     1  99999.00  99999.00  99999.00  99999.00  99999.00  99999.00  99999.00  99999.00       0       0       0       0
26477  03  00  9999    924.47   1079.27  99999.00  99999.00   -393.58    330.74   -145.99    204.05     452       0     452     452
26477  03  00  1000  99999.00  99999.00   -200.86    585.74   -371.56    301.28   -427.56    291.24       0     442     442     440
26477  03  00   925  99999.00  99999.00    112.72   1337.68   -331.13    263.47   -404.26    263.90       0     405     409     406
26477  03  00   900  99999.00  99999.00  99999.00  99999.00  99999.00  99999.00  99999.00  99999.00       0       0       6       6
26477  03  00   850  99999.00  99999.00    772.19   2037.47   -383.51    257.29   -533.86    305.18       0     752     752     750
26477  03  00   800  99999.00  99999.00  99999.00  99999.00  99999.00  99999.00  99999.00  99999.00       0       0      12      12
26477  03  00   700  99999.00  99999.00   2205.32   3606.44   -460.60    188.12   -683.38    260.42       0     747     751     751
26477  03  00   600  99999.00  99999.00  99999.00  99999.00  99999.00  99999.00  99999.00  99999.00       0       0      11      11
26477  03  00   500  99999.00  99999.00   4461.76   6313.12   -617.10     29.58   -768.23     41.53       0     747     749     743
26477  03  00   400  99999.00  99999.00   5857.32   8029.92   -689.82   -121.98   -803.49   -118.05       0     743     743     594
26477  03  00   300  99999.00  99999.00   7639.22  10060.34   -745.76   -312.44   -824.51   -354.95       0     740     740     400
26477  03  00   250  99999.00  99999.00   8812.67  11211.23   -870.54   -273.78   -934.56   -332.04       0     732     733     396
26477  03  00   200  99999.00  99999.00  10282.41  12561.69   -938.22   -200.22   -951.93   -313.53       0     713     714     382
26477  03  00   150  99999.00  99999.00  12134.68  14369.56   -858.44   -259.40   -894.96   -371.88       0     688     688     374
26477  03  00   100  99999.00  99999.00  14588.83  17056.03   -870.80   -279.08   -928.95   -392.19       0     641     642     358
26477  03  00    80  99999.00  99999.00  99999.00  99999.00  99999.00  99999.00  99999.00  99999.00       0       0      15      10
26477  03  00    70  99999.00  99999.00  16715.62  19366.30   -914.99   -272.51   -963.44   -410.00       0     365     365     243
26477  03  00    60  99999.00  99999.00  99999.00  99999.00  99999.00  99999.00  99999.00  99999.00       0       0      13       9
26477  03  00    50  99999.00  99999.00  18718.19  21582.11   -924.32   -287.60   -981.06   -425.94       0     324     326     227
26477  03  00    40  99999.00  99999.00  99999.00  99999.00  99999.00  99999.00  99999.00  99999.00       0       0      11       8
26477  03  00    30  99999.00  99999.00  21879.86  24835.94   -897.99   -319.35   -980.61   -451.17       0     238     241     177
26477  03  00    20  99999.00  99999.00  24257.80  27557.20   -897.89   -313.73   -975.80   -463.28       0     168     172     128
26477  03  00    15  99999.00  99999.00  99999.00  99999.00  99999.00  99999.00  99999.00  99999.00       0       0      22      16
26477  03  00    10  99999.00  99999.00  99999.00  99999.00  99999.00  99999.00  99999.00  99999.00       0      18      31      19
26477  03  00     7  99999.00  99999.00  99999.00  99999.00  99999.00  99999.00  99999.00  99999.00       0       0       1       0
26477  03  00     5  99999.00  99999.00  99999.00  99999.00  99999.00  99999.00  99999.00  99999.00       0       0       0       0
26477  03  00     3  99999.00  99999.00  99999.00  99999.00  99999.00  99999.00  99999.00  99999.00       0       0       0       0
26477  03  00     2  99999.00  99999.00  99999.00  99999.00  99999.00  99999.00  99999.00  99999.00       0       0       0       0
26477  03  00     1  99999.00  99999.00  99999.00  99999.00  99999.00  99999.00  99999.00  99999.00       0       0       0       0
26477  04  00  9999    950.24   1053.56  99999.00  99999.00   -209.99    272.17   -116.56    181.40     434       0     434     434
26477  04  00  1000  99999.00  99999.00    -72.97    396.83   -219.07    293.81   -253.68    250.92       0     457     456     454
26477  04  00   925  99999.00  99999.00    303.70   1194.10   -277.26    343.74   -322.55    267.49       0     397     398     397
26477  04  00   900  99999.00  99999.00  99999.00  99999.00  99999.00  99999.00  99999.00  99999.00       0       0      10      10
26477  04  00   850  99999.00  99999.00    965.27   1897.79   -318.11    286.33   -407.35    275.93       0     736     735     732
26477  04  00   800  99999.00  99999.00  99999.00  99999.00  99999.00  99999.00  99999.00  99999.00       0       0       9       9
26477  04  00   700  99999.00  99999.00   2395.69   3511.69   -381.93    182.79   -635.56    280.88       0     735     733     730
26477  04  00   600  99999.00  99999.00  99999.00  99999.00  99999.00  99999.00  99999.00  99999.00       0       0       8       8
26477  04  00   500  99999.00  99999.00   4711.37   6234.41   -528.43     13.61   -727.05     57.63       0     734     733     726
26477  04  00   400  99999.00  99999.00   6147.08   7959.32   -617.56   -131.44   -766.71   -106.47       0     729     731     652
26477  04  00   300  99999.00  99999.00   7979.05   9980.29   -679.73   -336.17   -799.93   -339.37       0     728     727     399
26477  04  00   250  99999.00  99999.00   9174.60  11130.00   -828.64   -281.44   -882.01   -354.97       0     717     718     395
26477  04  00   200  99999.00  99999.00  10702.31  12446.27   -898.45   -202.33   -934.40   -305.60       0     708     706     387
26477  04  00   150  99999.00  99999.00  12611.43  14224.83   -773.22   -299.82   -850.55   -388.07       0     690     690     380
26477  04  00   100  99999.00  99999.00  15173.98  16862.14   -766.15   -336.91   -866.57   -425.93       0     664     664     367
26477  04  00    80  99999.00  99999.00  99999.00  99999.00  99999.00  99999.00  99999.00  99999.00       0       0       9       6
26477  04  00    70  99999.00  99999.00  17252.96  19275.92   -812.29   -322.69   -914.45   -436.73       0     367     367     227
26477  04  00    60  99999.00  99999.00  99999.00  99999.00  99999.00  99999.00  99999.00  99999.00       0       0      15       9
26477  04  00    50  99999.00  99999.00  19211.21  21580.25   -819.04   -328.00   -923.18   -450.26       0     337     340     211
26477  04  00    40  99999.00  99999.00  99999.00  99999.00  99999.00  99999.00  99999.00  99999.00       0       0      17      12
26477  04  00    30  99999.00  99999.00  22371.28  24913.96   -807.76   -330.40   -940.74   -444.54       0     271     275     176
26477  04  00    20  99999.00  99999.00  24884.88  27576.36   -831.17   -276.53   -956.66   -407.90       0     225     229     152
26477  04  00    15  99999.00  99999.00  99999.00  99999.00  99999.00  99999.00  99999.00  99999.00       0       0      23      17
26477  04  00    10  99999.00  99999.00  29302.62  32257.38   -851.73   -129.45  99999.00  99999.00       0      66      83      50
26477  04  00     7  99999.00  99999.00  99999.00  99999.00  99999.00  99999.00  99999.00  99999.00       0       0      11       7
26477  04  00     5  99999.00  99999.00  99999.00  99999.00  99999.00  99999.00  99999.00  99999.00       0       0       1       1
26477  04  00     3  99999.00  99999.00  99999.00  99999.00  99999.00  99999.00  99999.00  99999.00       0       0       0       0
26477  04  00     2  99999.00  99999.00  99999.00  99999.00  99999.00  99999.00  99999.00  99999.00       0       0       0       0
26477  04  00     1  99999.00  99999.00  99999.00  99999.00  99999.00  99999.00  99999.00  99999.00       0       0       0       0
26477  05  00  9999    957.10   1048.18  99999.00  99999.00   -166.54    348.14    -93.47    144.25     453       0     453     452
26477  05  00  1000  99999.00  99999.00    -76.39    392.09   -168.74    354.94   -209.93    328.39       0     490     491     488
26477  05  00   925  99999.00  99999.00    374.39   1168.67   -230.60    428.56   -292.90    354.74       0     412     414     410
26477  05  00   900  99999.00  99999.00  99999.00  99999.00  99999.00  99999.00  99999.00  99999.00       0       0       6       6
26477  05  00   850  99999.00  99999.00   1077.38   1863.74   -266.09    358.39   -326.41    316.07       0     745     745     741
26477  05  00   800  99999.00  99999.00  99999.00  99999.00  99999.00  99999.00  99999.00  99999.00       0       0       8       8
26477  05  00   700  99999.00  99999.00   2548.24   3505.24   -316.87    222.89   -586.35    348.69       0     741     743     735
26477  05  00   600  99999.00  99999.00  99999.00  99999.00  99999.00  99999.00  99999.00  99999.00       0       0      16      16
26477  05  00   500  99999.00  99999.00   4933.28   6258.20   -454.67     38.29   -675.07     91.73       0     737     738     734
26477  05  00   400  99999.00  99999.00   6411.44   7999.88   -573.86    -83.06   -730.34    -67.82       0     734     735     721
26477  05  00   300  99999.00  99999.00   8229.07  10100.47   -666.31   -288.91   -777.75   -300.51       0     723     726     409
26477  05  00   250  99999.00  99999.00   9383.76  11314.20   -772.55   -311.27   -853.02   -348.30       0     717     718     392
26477  05  00   200  99999.00  99999.00  10902.62  12647.54   -858.60   -235.44   -903.88   -315.76       0     707     708     387
26477  05  00   150  99999.00  99999.00  12851.36  14402.00   -700.70   -344.30   -802.90   -399.34       0     689     690     383
26477  05  00   100  99999.00  99999.00  15505.50  16986.06   -675.11   -392.51   -835.35   -422.55       0     659     660     376
26477  05  00    80  99999.00  99999.00  99999.00  99999.00  99999.00  99999.00  99999.00  99999.00       0       0      17      11
26477  05  00    70  99999.00  99999.00  17730.44  19307.48   -669.50   -416.06   -850.57   -457.33       0     385     387     260
26477  05  00    60  99999.00  99999.00  99999.00  99999.00  99999.00  99999.00  99999.00  99999.00       0       0      10       7
26477  05  00    50  99999.00  99999.00  19919.87  21439.91   -666.58   -417.70   -856.72   -471.40       0     352     352     237
26477  05  00    40  99999.00  99999.00  99999.00  99999.00  99999.00  99999.00  99999.00  99999.00       0       0      18      15
26477  05  00    30  99999.00  99999.00  23185.69  24737.29   -669.19   -391.87   -863.63   -468.11       0     301     305     203
26477  05  00    20  99999.00  99999.00  25764.67  27424.87   -673.88   -328.88   -861.79   -442.15       0     241     250     172
26477  05  00    15  99999.00  99999.00  99999.00  99999.00  99999.00  99999.00  99999.00  99999.00       0       0      36      26
26477  05  00    10  99999.00  99999.00  30198.21  32276.01  -7140.26   6062.86   -836.62   -356.38       0     128     151     100
26477  05  00     7  99999.00  99999.00  99999.00  99999.00  99999.00  99999.00  99999.00  99999.00       0       0      36      26
26477  05  00     5  99999.00  99999.00  99999.00  99999.00  99999.00  99999.00  99999.00  99999.00       0       0       4       2
26477  05  00     3  99999.00  99999.00  99999.00  99999.00  99999.00  99999.00  99999.00  99999.00       0       0       0       0
26477  05  00     2  99999.00  99999.00  99999.00  99999.00  99999.00  99999.00  99999.00  99999.00       0       0       0       0
26477  05  00     1  99999.00  99999.00  99999.00  99999.00  99999.00  99999.00  99999.00  99999.00       0       0       0       0
26477  06  00  9999    958.33   1041.73  99999.00  99999.00    -82.27    324.17    -60.33     97.83     416       0     415     415
26477  06  00  1000  99999.00  99999.00    -36.80    319.00    -97.57    348.47   -115.64    320.44       0     365     366     354
26477  06  00   925  99999.00  99999.00    408.25   1109.29   -120.72    370.44   -170.18    303.34       0     383     384     382
26477  06  00   900  99999.00  99999.00  99999.00  99999.00  99999.00  99999.00  99999.00  99999.00       0       0       6       5
26477  06  00   850  99999.00  99999.00   1098.01   1824.49   -164.84    313.72   -217.53    282.27       0     707     708     702
26477  06  00   800  99999.00  99999.00  99999.00  99999.00  99999.00  99999.00  99999.00  99999.00       0       0       9       9
26477  06  00   700  99999.00  99999.00   2598.53   3468.53   -233.88    198.36   -473.34    313.14       0     706     708     702
26477  06  00   600  99999.00  99999.00  99999.00  99999.00  99999.00  99999.00  99999.00  99999.00       0       0      15      15
26477  06  00   500  99999.00  99999.00   5043.67   6224.59   -401.33     52.51   -655.39    135.89       0     703     705     699
26477  06  00   400  99999.00  99999.00   6555.05   7979.45   -522.38    -61.22   -694.72    -36.88       0     702     701     687
26477  06  00   300  99999.00  99999.00   8413.70  10103.66   -622.79   -260.39   -738.69   -266.73       0     691     689     411
26477  06  00   250  99999.00  99999.00   9595.36  11327.92   -740.85   -278.61   -804.73   -340.45       0     676     675     366
26477  06  00   200  99999.00  99999.00  11162.34  12654.54   -868.45   -175.93   -927.84   -260.52       0     660     660     358
26477  06  00   150  99999.00  99999.00  13162.87  14399.47   -695.99   -306.35   -797.49   -383.01       0     644     645     349
26477  06  00   100  99999.00  99999.00  15864.17  16980.29   -658.55   -375.23   -845.88   -401.04       0     610     612     340
26477  06  00    80  99999.00  99999.00  99999.00  99999.00  99999.00  99999.00  99999.00  99999.00       0       0      10       8
26477  06  00    70  99999.00  99999.00  18210.61  19222.33   -648.98   -400.58   -876.59   -425.99       0     366     367     231
26477  06  00    60  99999.00  99999.00  99999.00  99999.00  99999.00  99999.00  99999.00  99999.00       0       0      11       7
26477  06  00    50  99999.00  99999.00  20398.48  21387.40   -621.51   -409.59   -887.11   -414.43       0     347     349     218
26477  06  00    40  99999.00  99999.00  99999.00  99999.00  99999.00  99999.00  99999.00  99999.00       0       0      11       7
26477  06  00    30  99999.00  99999.00  23635.38  24809.10   -597.04   -383.92   -865.74   -420.78       0     313     315     199
26477  06  00    20  99999.00  99999.00  26256.74  27551.30   -568.35   -333.99   -860.88   -375.96       0     276     279     185
26477  06  00    15  99999.00  99999.00  99999.00  99999.00  99999.00  99999.00  99999.00  99999.00       0       0      26      15
26477  06  00    10  99999.00  99999.00  30828.30  32465.34   -524.98   -194.14   -841.39   -298.39       0     151     179      99
26477  06  00     7  99999.00  99999.00  99999.00  99999.00  99999.00  99999.00  99999.00  99999.00       0       0      27      17
26477  06  00     5  99999.00  99999.00  99999.00  99999.00  99999.00  99999.00  99999.00  99999.00       0       0       2       0
26477  06  00     3  99999.00  99999.00  99999.00  99999.00  99999.00  99999.00  99999.00  99999.00       0       0       0       0
26477  06  00     2  99999.00  99999.00  99999.00  99999.00  99999.00  99999.00  99999.00  99999.00       0       0       0       0
26477  06  00     1  99999.00  99999.00  99999.00  99999.00  99999.00  99999.00  99999.00  99999.00       0       0       0       0
26477  07  00  9999    962.49   1039.53  99999.00  99999.00    -30.95    316.09    -62.64     95.52     434       0     434     434
26477  07  00  1000  99999.00  99999.00    -36.99    319.89    -27.47    317.77    -43.53    294.03       0     415     414     403
26477  07  00   925  99999.00  99999.00    449.28   1097.88   -100.91    404.29   -122.58    315.66       0     399     401     399
26477  07  00   900  99999.00  99999.00  99999.00  99999.00  99999.00  99999.00  99999.00  99999.00       0       0       3       3
26477  07  00   850  99999.00  99999.00   1137.34   1824.94   -120.81    315.51   -169.86    281.94       0     718     717     714
26477  07  00   800  99999.00  99999.00  99999.00  99999.00  99999.00  99999.00  99999.00  99999.00       0       0       5       5
26477  07  00   700  99999.00  99999.00     92.58   6005.46   -190.45    201.59   -432.06    309.30       0     717     718     713
26477  07  00   600  99999.00  99999.00  99999.00  99999.00  99999.00  99999.00  99999.00  99999.00       0       0      16      16
26477  07  00   500  99999.00  99999.00   2099.56   9244.12   -350.11     50.81   -613.86    132.18       0     711     714     706
26477  07  00   400  99999.00  99999.00   6696.53   7990.37   -484.46    -48.86   -671.60    -28.76       0     713     714     707
26477  07  00   300  99999.00  99999.00   8567.28  10142.76   -611.27   -229.19   -747.35   -216.47       0     705     705     476
26477  07  00   250  99999.00  99999.00   9753.54  11385.66   -695.94   -292.62   -787.66   -332.50       0     697     693     366
26477  07  00   200  99999.00  99999.00  11294.48  12754.40   -840.23   -177.71   -890.59   -280.99       0     684     685     364
26477  07  00   150  99999.00  99999.00  13315.92  14494.44   -685.17   -303.57   -791.45   -383.93       0     672     672     356
26477  07  00   100  99999.00  99999.00  16081.35  17023.11   -652.50   -370.86   -839.51   -410.15       0     658     659     353
26477  07  00    80  99999.00  99999.00  99999.00  99999.00  99999.00  99999.00  99999.00  99999.00       0       0      13       8
26477  07  00    70  99999.00  99999.00  18429.15  19288.71   -631.70   -404.78   -857.76   -440.04       0     392     395     242
26477  07  00    60  99999.00  99999.00  99999.00  99999.00  99999.00  99999.00  99999.00  99999.00       0       0      11       5
26477  07  00    50  99999.00  99999.00  20639.65  21446.53   -607.44   -408.96   -870.47   -431.39       0     379     381     235
26477  07  00    40  99999.00  99999.00  99999.00  99999.00  99999.00  99999.00  99999.00  99999.00       0       0      16      11
26477  07  00    30  99999.00  99999.00  23973.99  24790.71   -590.64   -378.36   -892.85   -390.29       0     340     343     223
26477  07  00    20  99999.00  99999.00  26642.71  27493.15   -563.15   -329.63   -898.28   -343.28       0     304     307     205
26477  07  00    15  99999.00  99999.00  99999.00  99999.00  99999.00  99999.00  99999.00  99999.00       0       0      38      28
26477  07  00    10  99999.00  99999.00  31148.25  32457.09   -531.50   -195.38   -866.85   -287.61       0     146     179     105
26477  07  00     7  99999.00  99999.00  99999.00  99999.00  99999.00  99999.00  99999.00  99999.00       0       0      30      23
26477  07  00     5  99999.00  99999.00  99999.00  99999.00  99999.00  99999.00  99999.00  99999.00       0       0       4       2
26477  07  00     3  99999.00  99999.00  99999.00  99999.00  99999.00  99999.00  99999.00  99999.00       0       0       1       0
26477  07  00     2  99999.00  99999.00  99999.00  99999.00  99999.00  99999.00  99999.00  99999.00       0       0       0       0
26477  07  00     1  99999.00  99999.00  99999.00  99999.00  99999.00  99999.00  99999.00  99999.00       0       0       0       0
26477  08  00  9999    963.43   1039.63  99999.00  99999.00    -74.44    338.84    -59.74     90.98     462       0     462     462
26477  08  00  1000  99999.00  99999.00    -38.70    328.50    -63.03    331.77    -68.89    301.31       0     442     441     432
26477  08  00   925  99999.00  99999.00    451.65   1095.81   -120.55    405.05   -128.60    304.84       0     438     440     431
26477  08  00   900  99999.00  99999.00  99999.00  99999.00  99999.00  99999.00  99999.00  99999.00       0       0       4       4
26477  08  00   850  99999.00  99999.00   1108.05   1844.49   -153.25    330.59   -184.57    277.31       0     732     732     722
26477  08  00   800  99999.00  99999.00  99999.00  99999.00  99999.00  99999.00  99999.00  99999.00       0       0       9       9
26477  08  00   700  99999.00  99999.00   2610.46   3505.78   -209.97    208.35   -475.79    330.25       0     732     733     725
26477  08  00   600  99999.00  99999.00  99999.00  99999.00  99999.00  99999.00  99999.00  99999.00       0       0       8       8
26477  08  00   500  99999.00  99999.00   5071.61   6276.53   -369.58     56.54   -633.72    139.68       0     725     726     713
26477  08  00   400  99999.00  99999.00   6596.06   8041.82   -502.51    -43.75   -685.01    -12.65       0     726     726     713
26477  08  00   300  99999.00  99999.00   8446.24  10198.60   -633.04   -222.28   -759.89   -211.13       0     722     719     490
26477  08  00   250  99999.00  99999.00   9610.77  11450.61   -680.80   -328.24   -782.78   -343.94       0     709     708     397
26477  08  00   200  99999.00  99999.00  11124.22  12828.22   -833.25   -214.77   -882.62   -297.86       0     699     703     394
26477  08  00   150  99999.00  99999.00  13118.28  14574.84   -698.89   -317.65   -816.31   -368.59       0     678     679     380
26477  08  00   100  99999.00  99999.00  15877.32  17088.36   -662.89   -370.81   -841.36   -394.96       0     648     650     370
26477  08  00    80  99999.00  99999.00  99999.00  99999.00  99999.00  99999.00  99999.00  99999.00       0       0      12       8
26477  08  00    70  99999.00  99999.00  18236.36  19334.36   -633.90   -410.82   -859.73   -429.05       0     422     423     255
26477  08  00    60  99999.00  99999.00  99999.00  99999.00  99999.00  99999.00  99999.00  99999.00       0       0      11       4
26477  08  00    50  99999.00  99999.00  20429.35  21498.43   -623.70   -415.86   -873.93   -430.41       0     396     397     243
26477  08  00    40  99999.00  99999.00  99999.00  99999.00  99999.00  99999.00  99999.00  99999.00       0       0      10       5
26477  08  00    30  99999.00  99999.00  23694.30  24868.62  -3493.50   2434.74   -870.46   -425.38       0     370     370     227
26477  08  00    20  99999.00  99999.00  26257.30  27632.98   -601.95   -340.71   -883.87   -370.63       0     311     318     206
26477  08  00    15  99999.00  99999.00  99999.00  99999.00  99999.00  99999.00  99999.00  99999.00       0       0      34      24
26477  08  00    10  99999.00  99999.00  30750.72  32471.52   -538.87   -266.95   -828.58   -345.70       0     152     173     112
26477  08  00     7  99999.00  99999.00  99999.00  99999.00  99999.00  99999.00  99999.00  99999.00       0       0      52      38
26477  08  00     5  99999.00  99999.00  99999.00  99999.00  99999.00  99999.00  99999.00  99999.00       0       0      14       0
26477  08  00     3  99999.00  99999.00  99999.00  99999.00  99999.00  99999.00  99999.00  99999.00       0       0       0       0
26477  08  00     2  99999.00  99999.00  99999.00  99999.00  99999.00  99999.00  99999.00  99999.00       0       0       0       0
26477  08  00     1  99999.00  99999.00  99999.00  99999.00  99999.00  99999.00  99999.00  99999.00       0       0       0       0
26477  09  00  9999    953.19   1052.79  99999.00  99999.00   -137.77    313.43    -52.77     79.71     448       0     447     447
26477  09  00  1000  99999.00  99999.00    -70.06    393.74   -115.32    291.36   -142.65    285.87       0     431     431     424
26477  09  00   925  99999.00  99999.00    356.06   1192.10   -168.27    350.49   -198.62    303.94       0     395     399     397
26477  09  00   900  99999.00  99999.00  99999.00  99999.00  99999.00  99999.00  99999.00  99999.00       0       0       8       8
26477  09  00   850  99999.00  99999.00   1044.05   1877.33   -209.58    297.90   -287.21    299.47       0     726     726     722
26477  09  00   800  99999.00  99999.00  99999.00  99999.00  99999.00  99999.00  99999.00  99999.00       0       0      10      10
26477  09  00   700  99999.00  99999.00   2532.74   3507.86   -287.68    219.20   -527.68    315.80       0     725     723     714
26477  09  00   600  99999.00  99999.00  99999.00  99999.00  99999.00  99999.00  99999.00  99999.00       0       0      10      10
26477  09  00   500  99999.00  99999.00   4927.18   6284.02   -452.17     73.07   -677.08    132.44       0     721     722     717
26477  09  00   400  99999.00  99999.00   6414.43   8045.59   -561.50    -48.02   -730.16    -21.44       0     718     717     701
26477  09  00   300  99999.00  99999.00   8240.56  10181.92   -655.24   -247.12   -813.99   -206.07       0     712     714     396
26477  09  00   250  99999.00  99999.00   9404.06  11416.10   -727.04   -306.44   -836.26   -328.78       0     703     703     360
26477  09  00   200  99999.00  99999.00  10923.83  12769.79   -870.22   -207.34   -919.05   -310.53       0     695     693     351
26477  09  00   150  99999.00  99999.00  12916.44  14478.24   -771.16   -291.04   -879.11   -360.11       0     676     678     342
26477  09  00   100  99999.00  99999.00  15642.67  16968.43   -717.91   -358.15   -886.58   -395.54       0     632     636     327
26477  09  00    80  99999.00  99999.00  99999.00  99999.00  99999.00  99999.00  99999.00  99999.00       0       0       8       5
26477  09  00    70  99999.00  99999.00  17933.58  19235.58   -690.84   -401.64   -896.74   -427.06       0     408     409     236
26477  09  00    60  99999.00  99999.00  99999.00  99999.00  99999.00  99999.00  99999.00  99999.00       0       0      12       6
26477  09  00    50  99999.00  99999.00  20052.57  21413.85   -690.41   -407.45   -914.55   -429.27       0     386     387     233
26477  09  00    40  99999.00  99999.00  99999.00  99999.00  99999.00  99999.00  99999.00  99999.00       0       0      13       7
26477  09  00    30  99999.00  99999.00  23179.73  24812.45   -694.57   -393.85   -909.25   -441.25       0     350     354     219
26477  09  00    20  99999.00  99999.00  25636.90  27560.02   -699.63   -357.15   -908.12   -428.60       0     286     290     199
26477  09  00    15  99999.00  99999.00  99999.00  99999.00  99999.00  99999.00  99999.00  99999.00       0       0      40      30
26477  09  00    10  99999.00  99999.00  30001.88  32324.96   -666.92   -270.08   -791.39   -443.63       0     120     136      86
26477  09  00     7  99999.00  99999.00  99999.00  99999.00  99999.00  99999.00  99999.00  99999.00       0       0      26      19
26477  09  00     5  99999.00  99999.00  99999.00  99999.00  99999.00  99999.00  99999.00  99999.00       0       0       2       0
26477  09  00     3  99999.00  99999.00  99999.00  99999.00  99999.00  99999.00  99999.00  99999.00       0       0       0       0
26477  09  00     2  99999.00  99999.00  99999.00  99999.00  99999.00  99999.00  99999.00  99999.00       0       0       0       0
26477  09  00     1  99999.00  99999.00  99999.00  99999.00  99999.00  99999.00  99999.00  99999.00       0       0       0       0
26477  10  00  9999    943.49   1064.21  99999.00  99999.00   -218.83    316.49    -74.83    112.61     431       0     431     431
26477  10  00  1000  99999.00  99999.00   -155.01    526.71   -190.91    284.77   -239.53    290.03       0     463     463     461
26477  10  00   925  99999.00  99999.00    272.45   1262.33   -224.38    292.34   -298.27    305.45       0     390     391     390
26477  10  00   900  99999.00  99999.00  99999.00  99999.00  99999.00  99999.00  99999.00  99999.00       0       0       6       6
26477  10  00   850  99999.00  99999.00    929.53   1981.93   -290.51    306.73   -434.93    348.19       0     724     724     723
26477  10  00   800  99999.00  99999.00  99999.00  99999.00  99999.00  99999.00  99999.00  99999.00       0       0       7       7
26477  10  00   700  99999.00  99999.00   2380.86   3613.02   -373.56    245.64   -612.24    319.80       0     723     723     722
26477  10  00   600  99999.00  99999.00  99999.00  99999.00  99999.00  99999.00  99999.00  99999.00       0       0       5       5
26477  10  00   500  99999.00  99999.00   4723.29   6385.29   -519.56     87.52   -744.39    139.29       0     720     719     717
26477  10  00   400  99999.00  99999.00   6178.41   8142.81   -617.94    -41.58   -785.25    -15.21       0     719     718     687
26477  10  00   300  99999.00  99999.00   7974.16  10273.72   -676.79   -264.11   -830.98   -237.94       0     711     710     381
26477  10  00   250  99999.00  99999.00   9140.41  11487.61   -752.01   -312.69   -856.39   -339.55       0     696     697     350
26477  10  00   200  99999.00  99999.00  10645.21  12830.65   -886.52   -240.08   -945.48   -313.44       0     681     681     344
26477  10  00   150  99999.00  99999.00  12599.17  14529.37   -810.19   -315.31   -893.88   -380.88       0     651     652     329
26477  10  00   100  99999.00  99999.00  15265.08  16994.52   -768.45   -383.49   -901.54   -421.54       0     601     602     320
26477  10  00    80  99999.00  99999.00  99999.00  99999.00  99999.00  99999.00  99999.00  99999.00       0       0      10       7
26477  10  00    70  99999.00  99999.00  17556.01  19142.77   -780.82   -402.46   -930.55   -449.11       0     359     362     229
26477  10  00    60  99999.00  99999.00  99999.00  99999.00  99999.00  99999.00  99999.00  99999.00       0       0      15       7
26477  10  00    50  99999.00  99999.00  19612.09  21285.73   -797.16   -415.80   -955.78   -464.50       0     322     325     213
26477  10  00    40  99999.00  99999.00  99999.00  99999.00  99999.00  99999.00  99999.00  99999.00       0       0      14      12
26477  10  00    30  99999.00  99999.00  22629.28  24615.88   -825.29   -402.65   -973.61   -468.89       0     256     261     179
26477  10  00    20  99999.00  99999.00  25038.69  27256.65   -838.44   -371.04   -985.93   -445.45       0     189     192     144
26477  10  00    15  99999.00  99999.00  99999.00  99999.00  99999.00  99999.00  99999.00  99999.00       0       0      18      13
26477  10  00    10  99999.00  99999.00  99999.00  99999.00  99999.00  99999.00  99999.00  99999.00       0      48      59      46
26477  10  00     7  99999.00  99999.00  99999.00  99999.00  99999.00  99999.00  99999.00  99999.00       0       0      10       9
26477  10  00     5  99999.00  99999.00  99999.00  99999.00  99999.00  99999.00  99999.00  99999.00       0       0       1       0
26477  10  00     3  99999.00  99999.00  99999.00  99999.00  99999.00  99999.00  99999.00  99999.00       0       0       1       0
26477  10  00     2  99999.00  99999.00  99999.00  99999.00  99999.00  99999.00  99999.00  99999.00       0       0       0       0
26477  10  00     1  99999.00  99999.00  99999.00  99999.00  99999.00  99999.00  99999.00  99999.00       0       0       0       0
26477  11  00  9999    924.98   1079.30  99999.00  99999.00   -315.96    321.24    -66.01    103.43     450       0     450     450
26477  11  00  1000  99999.00  99999.00   -197.39    569.77   -315.91    299.45   -375.45    318.75       0     441     441     438
26477  11  00   925  99999.00  99999.00    150.33   1333.77   -302.42    275.74   -396.71    320.41       0     414     414     413
26477  11  00   900  99999.00  99999.00  99999.00  99999.00  99999.00  99999.00  99999.00  99999.00       0       0       9       9
26477  11  00   850  99999.00  99999.00    819.99   2003.55   -343.71    268.29   -489.79    328.13       0     757     755     754
26477  11  00   800  99999.00  99999.00  99999.00  99999.00  99999.00  99999.00  99999.00  99999.00       0       0       7       7
26477  11  00   700  99999.00  99999.00   2259.46   3596.50   -422.59    213.65   -660.24    302.52       0     756     756     755
26477  11  00   600  99999.00  99999.00  99999.00  99999.00  99999.00  99999.00  99999.00  99999.00       0       0      13      13
26477  11  00   500  99999.00  99999.00   4553.78   6337.58   -582.28     66.80   -751.74     88.02       0     755     755     751
26477  11  00   400  99999.00  99999.00   5977.57   8070.97   -666.83    -77.39   -785.76    -75.48       0     752     752     660
26477  11  00   300  99999.00  99999.00   7756.28  10151.60   -711.41   -300.17   -833.36   -296.60       0     746     747     379
26477  11  00   250  99999.00  99999.00   8915.61  11337.93   -794.54   -325.22   -886.19   -351.35       0     734     731     368
26477  11  00   200  99999.00  99999.00  10402.08  12670.08   -915.18   -245.58   -995.74   -293.38       0     714     712     360
26477  11  00   150  99999.00  99999.00  12317.27  14381.87   -809.55   -343.71   -913.15   -385.51       0     679     679     345
26477  11  00   100  99999.00  99999.00  14921.95  16883.11   -787.31   -406.07   -905.81   -449.93       0     620     620     321
26477  11  00    80  99999.00  99999.00  99999.00  99999.00  99999.00  99999.00  99999.00  99999.00       0       0       6       4
26477  11  00    70  99999.00  99999.00  17171.50  19082.62   -803.37   -434.61   -928.22   -484.82       0     368     368     223
26477  11  00    60  99999.00  99999.00  99999.00  99999.00  99999.00  99999.00  99999.00  99999.00       0       0      13       7
26477  11  00    50  99999.00  99999.00  19216.01  21195.41   -842.98   -434.74   -978.62   -482.54       0     308     310     199
26477  11  00    40  99999.00  99999.00  99999.00  99999.00  99999.00  99999.00  99999.00  99999.00       0       0      13       6
26477  11  00    30  99999.00  99999.00  22178.39  24477.11   -913.02   -401.10  -1071.21   -440.61       0     218     218     150
26477  11  00    20  99999.00  99999.00  24497.72  27128.72   -947.36   -376.40  -1114.75   -410.71       0     121     128      97
26477  11  00    15  99999.00  99999.00  99999.00  99999.00  99999.00  99999.00  99999.00  99999.00       0       0      20      17
26477  11  00    10  99999.00  99999.00  99999.00  99999.00  99999.00  99999.00  99999.00  99999.00       0      14      16      11
26477  11  00     7  99999.00  99999.00  99999.00  99999.00  99999.00  99999.00  99999.00  99999.00       0       0       3       2
26477  11  00     5  99999.00  99999.00  99999.00  99999.00  99999.00  99999.00  99999.00  99999.00       0       0       0       0
26477  11  00     3  99999.00  99999.00  99999.00  99999.00  99999.00  99999.00  99999.00  99999.00       0       0       0       0
26477  11  00     2  99999.00  99999.00  99999.00  99999.00  99999.00  99999.00  99999.00  99999.00       0       0       0       0
26477  11  00     1  99999.00  99999.00  99999.00  99999.00  99999.00  99999.00  99999.00  99999.00       0       0       0       0
26477  12  00  9999    929.10   1077.66  99999.00  99999.00   -420.70    348.50    -52.32     90.36     447       0     447     447
26477  12  00  1000  99999.00  99999.00   -169.31    550.57   -428.90    327.58   -479.07    337.65       0     410     410     408
26477  12  00   925  99999.00  99999.00    188.83   1292.83   -343.38    243.90   -416.72    273.76       0     446     450     449
26477  12  00   900  99999.00  99999.00  99999.00  99999.00  99999.00  99999.00  99999.00  99999.00       0       0      11      11
26477  12  00   850  99999.00  99999.00    795.02   1992.14   -373.91    246.37   -517.01    298.51       0     739     738     737
26477  12  00   800  99999.00  99999.00  99999.00  99999.00  99999.00  99999.00  99999.00  99999.00       0       0       6       6
26477  12  00   700  99999.00  99999.00   2212.17   3577.77   -461.17    202.31   -701.38    282.98       0     740     739     735
26477  12  00   600  99999.00  99999.00  99999.00  99999.00  99999.00  99999.00  99999.00  99999.00       0       0       6       6
26477  12  00   500  99999.00  99999.00   4485.45   6287.01   -608.00     40.96   -783.74     73.42       0     735     733     720
26477  12  00   400  99999.00  99999.00   5886.63   8012.31   -675.67   -115.63   -801.84   -102.24       0     732     731     588
26477  12  00   300  99999.00  99999.00   7662.66  10057.14   -723.55   -328.39   -833.28   -351.24       0     726     726     369
26477  12  00   250  99999.00  99999.00   8818.19  11227.07   -824.10   -332.10   -888.62   -406.58       0     714     714     359
26477  12  00   200  99999.00  99999.00  10303.58  12541.82   -949.87   -238.99   -998.48   -334.52       0     689     689     349
26477  12  00   150  99999.00  99999.00  12210.97  14241.73   -889.10   -287.06   -952.79   -374.99       0     661     660     334
26477  12  00   100  99999.00  99999.00  14716.74  16811.58   -891.11   -326.27   -967.45   -415.93       0     611     612     324
26477  12  00    80  99999.00  99999.00  99999.00  99999.00  99999.00  99999.00  99999.00  99999.00       0       0       7       2
26477  12  00    70  99999.00  99999.00  16747.02  19144.14  -3635.37   2297.79  -1029.33   -429.57       0     360     362     226
26477  12  00    60  99999.00  99999.00  99999.00  99999.00  99999.00  99999.00  99999.00  99999.00       0       0      11       7
26477  12  00    50  99999.00  99999.00  18652.65  21364.65   -991.46   -334.82  -1075.14   -433.14       0     304     307     196
26477  12  00    40  99999.00  99999.00  99999.00  99999.00  99999.00  99999.00  99999.00  99999.00       0       0      18      13
26477  12  00    30  99999.00  99999.00  21603.18  24712.50  -1003.32   -347.76  -1068.55   -471.91       0     167     173     107
26477  12  00    20  99999.00  99999.00  24089.20  27220.24  -1187.11   -158.23  -1341.20   -182.84       0      89     101      66
26477  12  00    15  99999.00  99999.00  99999.00  99999.00  99999.00  99999.00  99999.00  99999.00       0       0      11       7
26477  12  00    10  99999.00  99999.00  99999.00  99999.00  99999.00  99999.00  99999.00  99999.00       0       5       8       4
26477  12  00     7  99999.00  99999.00  99999.00  99999.00  99999.00  99999.00  99999.00  99999.00       0       0       1       1
26477  12  00     5  99999.00  99999.00  99999.00  99999.00  99999.00  99999.00  99999.00  99999.00       0       0       0       0
26477  12  00     3  99999.00  99999.00  99999.00  99999.00  99999.00  99999.00  99999.00  99999.00       0       0       1       0
26477  12  00     2  99999.00  99999.00  99999.00  99999.00  99999.00  99999.00  99999.00  99999.00       0       0       0       0
26477  12  00     1  99999.00  99999.00  99999.00  99999.00  99999.00  99999.00  99999.00  99999.00       0       0       1       0
