47827  01  12  9999    911.50   1098.58  99999.00  99999.00   -157.36    302.84   -117.75    233.37    1053       0    1052    1052
47827  01  12  1000  99999.00  99999.00    -51.70    403.94   -145.69    298.31   -299.28    320.76       0     614     613     613
47827  01  12   925  99999.00  99999.00    605.51   1021.67   -205.54    273.98   -437.72    388.96       0     705     707     707
47827  01  12   900  99999.00  99999.00  99999.00  99999.00  99999.00  99999.00  99999.00  99999.00       0       0      13      13
47827  01  12   850  99999.00  99999.00   1285.10   1704.50   -274.40    271.12   -835.80    610.56       0    1067    1068    1068
47827  01  12   800  99999.00  99999.00  99999.00  99999.00  99999.00  99999.00  99999.00  99999.00       0       0      18      18
47827  01  12   700  99999.00  99999.00   2744.10   3322.74   -296.80    184.76  -1109.29    636.71       0    1067    1067    1066
47827  01  12   600  99999.00  99999.00  99999.00  99999.00  99999.00  99999.00  99999.00  99999.00       0       0      15      15
47827  01  12   500  99999.00  99999.00   5170.34   6043.58   -409.40     25.12  -1094.66    385.30       0    1068    1067    1067
47827  01  12   400  99999.00  99999.00   6709.76   7759.28   -534.54    -43.86  -1105.27    216.65       0    1068    1068    1042
47827  01  12   300  99999.00  99999.00   8624.73   9872.13   -710.33    -60.65  -1146.27     12.81       0    1067    1069     541
47827  01  12   250  99999.00  99999.00   9811.59  11163.15   -710.19   -165.27  -1202.26   -110.86       0    1067    1069     194
47827  01  12   200  99999.00  99999.00  11275.40  12647.84   -689.82   -332.94  99999.00  99999.00       0    1066    1066       0
47827  01  12   150  99999.00  99999.00  13161.71  14423.39   -800.33   -399.41  99999.00  99999.00       0    1066    1068       0
47827  01  12   100  99999.00  99999.00  15785.94  16754.10   -915.45   -437.97  99999.00  99999.00       0    1066    1068       0
47827  01  12    80  99999.00  99999.00  99999.00  99999.00 -12086.68   9975.08  99999.00  99999.00       0       0      75       0
47827  01  12    70  99999.00  99999.00  18038.61  18797.01   -886.43   -436.19  99999.00  99999.00       0    1048    1049       0
47827  01  12    60  99999.00  99999.00  99999.00  99999.00 -10452.74   8616.70  99999.00  99999.00       0       0     102       0
47827  01  12    50  99999.00  99999.00  20118.05  20837.69   -805.39   -423.91  99999.00  99999.00       0    1025    1026       0
47827  01  12    40  99999.00  99999.00  99999.00  99999.00 -12515.03  10542.97  99999.00  99999.00       0       0     116       0
47827  01  12    30  99999.00  99999.00  23255.07  24122.31   -738.43   -379.75  99999.00  99999.00       0     979     984       0
47827  01  12    20  99999.00  99999.00  25720.45  26836.81   -746.23   -321.55  99999.00  99999.00       0     898     904       0
47827  01  12    15  99999.00  99999.00  99999.00  99999.00 -21272.86  17687.90  99999.00  99999.00       0       0     193       0
47827  01  12    10  99999.00  99999.00  29908.22  31627.46   -738.03   -212.43  99999.00  99999.00       0     482     528       0
47827  01  12     7  99999.00  99999.00  99999.00  99999.00 -11166.74   9666.46  99999.00  99999.00       0       0     148       0
47827  01  12     5  99999.00  99999.00  99999.00  99999.00  99999.00  99999.00  99999.00  99999.00       0       0      24       0
47827  01  12     3  99999.00  99999.00  99999.00  99999.00  99999.00  99999.00  99999.00  99999.00       0       0       0       0
47827  01  12     2  99999.00  99999.00  99999.00  99999.00  99999.00  99999.00  99999.00  99999.00       0       0       0       0
47827  01  12     1  99999.00  99999.00  99999.00  99999.00  99999.00  99999.00  99999.00  99999.00       0       0       0       0
47827  02  12  9999    908.70   1098.54  99999.00  99999.00   -173.85    345.15   -134.25    252.75     957       0     957     957
47827  02  12  1000  99999.00  99999.00    -69.32    401.08   -152.84    335.68   -340.73    390.07       0     559     559     558
47827  02  12   925  99999.00  99999.00    588.19   1023.07   -220.18    313.58   -443.19    422.73       0     644     648     648
47827  02  12   900  99999.00  99999.00  99999.00  99999.00  99999.00  99999.00  99999.00  99999.00       0       0      12      12
47827  02  12   850  99999.00  99999.00   1271.62   1706.62   -291.28    312.08   -922.75    711.17       0     978     979     977
47827  02  12   800  99999.00  99999.00  99999.00  99999.00  99999.00  99999.00  99999.00  99999.00       0       0      25      25
47827  02  12   700  99999.00  99999.00   2737.24   3331.96   -301.60    213.56  -1199.90    738.58       0     979     980     980
47827  02  12   600  99999.00  99999.00  99999.00  99999.00  99999.00  99999.00  99999.00  99999.00       0       0      12      12
47827  02  12   500  99999.00  99999.00   5162.65   6080.05   -395.94     34.74  -1104.27    427.17       0     980     980     980
47827  02  12   400  99999.00  99999.00   6707.43   7800.63   -514.74    -53.46  -1073.98    223.46       0     980     980     964
47827  02  12   300  99999.00  99999.00   8624.90   9909.74   -720.72    -64.92  -1146.36     28.44       0     980     980     423
47827  02  12   250  99999.00  99999.00   9811.03  11191.03   -751.14   -143.46  -1225.28   -118.40       0     980     980     141
47827  02  12   200  99999.00  99999.00  11266.89  12675.81   -722.65   -307.09  99999.00  99999.00       0     980     975       1
47827  02  12   150  99999.00  99999.00  13152.38  14450.90   -788.85   -409.89  99999.00  99999.00       0     980     979       0
47827  02  12   100  99999.00  99999.00  15773.28  16779.12   -921.19   -442.99  99999.00  99999.00       0     978     978       0
47827  02  12    80  99999.00  99999.00  99999.00  99999.00  99999.00  99999.00  99999.00  99999.00       0       0      50       0
47827  02  12    70  99999.00  99999.00  18018.53  18813.29   -926.03   -416.03  99999.00  99999.00       0     957     957       0
47827  02  12    60  99999.00  99999.00  99999.00  99999.00  -6742.83   5219.49  99999.00  99999.00       0       0      88       0
47827  02  12    50  99999.00  99999.00  20072.99  20860.07   -849.06   -400.38  99999.00  99999.00       0     936     936       0
47827  02  12    40  99999.00  99999.00  99999.00  99999.00 -15435.81  12980.43  99999.00  99999.00       0       0     104       0
47827  02  12    30  99999.00  99999.00  23182.24  24151.60   -749.12   -377.24  99999.00  99999.00       0     886     888       0
47827  02  12    20  99999.00  99999.00  25688.26  26822.98   -697.57   -372.01  99999.00  99999.00       0     801     804       0
47827  02  12    15  99999.00  99999.00  99999.00  99999.00 -22319.89  18462.35  99999.00  99999.00       0       0     127       0
47827  02  12    10  99999.00  99999.00  30097.24  31401.88   -696.91   -237.55  99999.00  99999.00       0     406     442       0
47827  02  12     7  99999.00  99999.00  99999.00  99999.00 -10378.66   8973.62  99999.00  99999.00       0       0     138       0
47827  02  12     5  99999.00  99999.00  99999.00  99999.00  99999.00  99999.00  99999.00  99999.00       0       0       9       0
47827  02  12     3  99999.00  99999.00  99999.00  99999.00  99999.00  99999.00  99999.00  99999.00       0       0       0       0
47827  02  12     2  99999.00  99999.00  99999.00  99999.00  99999.00  99999.00  99999.00  99999.00       0       0       0       0
47827  02  12     1  99999.00  99999.00  99999.00  99999.00  99999.00  99999.00  99999.00  99999.00       0       0       0       0
47827  03  12  9999    908.80   1095.52  99999.00  99999.00   -109.99    342.65   -158.22    272.82    1011       0    1011    1011
47827  03  12  1000  99999.00  99999.00    -98.28    395.76   -105.60    339.84   -296.74    396.50       0     611     611     611
47827  03  12   925  99999.00  99999.00    566.81   1025.81   -175.12    324.44   -464.57    482.23       0     705     708     707
47827  03  12   900  99999.00  99999.00  99999.00  99999.00  99999.00  99999.00  99999.00  99999.00       0       0      14      14
47827  03  12   850  99999.00  99999.00   1261.93   1713.13   -238.13    323.95   -848.00    701.80       0    1059    1059    1057
47827  03  12   800  99999.00  99999.00  99999.00  99999.00  99999.00  99999.00  99999.00  99999.00       0       0      18      18
47827  03  12   700  99999.00  99999.00   2775.65   3325.73   -281.98    247.10  -1200.69    808.59       0    1059    1060    1060
47827  03  12   600  99999.00  99999.00  99999.00  99999.00  99999.00  99999.00  99999.00  99999.00       0       0      11      11
47827  03  12   500  99999.00  99999.00   5228.88   6091.80   -383.90     65.02  -1190.60    554.56       0    1059    1057    1054
47827  03  12   400  99999.00  99999.00   6773.01   7840.41   -472.10    -63.14  -1145.18    337.78       0    1059    1058    1056
47827  03  12   300  99999.00  99999.00   8685.91   9961.03   -635.91   -169.95  -1098.59     86.77       0    1058    1059     428
47827  03  12   250  99999.00  99999.00   9877.37  11216.93   -748.38   -196.26  99999.00  99999.00       0    1058    1059      59
47827  03  12   200  99999.00  99999.00  11343.26  12659.78   -802.70   -267.14  99999.00  99999.00       0    1058    1058       0
47827  03  12   150  99999.00  99999.00  13212.05  14436.53   -784.86   -415.38  99999.00  99999.00       0    1058    1059       0
47827  03  12   100  99999.00  99999.00  15805.36  16801.48   -888.98   -465.86  99999.00  99999.00       0    1057    1056       0
47827  03  12    80  99999.00  99999.00  99999.00  99999.00  -7357.18   5735.54  99999.00  99999.00       0       0      73       0
47827  03  12    70  99999.00  99999.00  18050.12  18841.16   -885.86   -457.58  99999.00  99999.00       0    1037    1038       0
47827  03  12    60  99999.00  99999.00  99999.00  99999.00  -9877.11   8074.29  99999.00  99999.00       0       0     115       0
47827  03  12    50  99999.00  99999.00  20130.50  20865.86   -808.53   -432.33  99999.00  99999.00       0     998    1001       0
47827  03  12    40  99999.00  99999.00  99999.00  99999.00 -17745.10  14857.94  99999.00  99999.00       0       0     121       0
47827  03  12    30  99999.00  99999.00  23328.70  24095.98   -707.12   -398.36  99999.00  99999.00       0     933     940       0
47827  03  12    20  99999.00  99999.00  25895.48  26741.00   -686.99   -351.23  99999.00  99999.00       0     819     825       0
47827  03  12    15  99999.00  99999.00  99999.00  99999.00 -23161.37  19083.07  99999.00  99999.00       0       0     172       0
47827  03  12    10  99999.00  99999.00  30333.41  31425.53   -660.66   -221.46  99999.00  99999.00       0     454     507       0
47827  03  12     7  99999.00  99999.00  99999.00  99999.00 -15094.92  13088.28  99999.00  99999.00       0       0     142       0
47827  03  12     5  99999.00  99999.00  99999.00  99999.00  99999.00  99999.00  99999.00  99999.00       0       0      14       0
47827  03  12     3  99999.00  99999.00  99999.00  99999.00  99999.00  99999.00  99999.00  99999.00       0       0       0       0
47827  03  12     2  99999.00  99999.00  99999.00  99999.00  99999.00  99999.00  99999.00  99999.00       0       0       0       0
47827  03  12     1  99999.00  99999.00  99999.00  99999.00  99999.00  99999.00  99999.00  99999.00       0       0       0       0
47827  04  12  9999    907.96   1091.80  99999.00  99999.00    -35.02    349.70   -154.40    265.72    1022       0    1022    1022
47827  04  12  1000  99999.00  99999.00   -102.40    362.12    -18.14    336.82   -211.83    402.57       0     621     621     621
47827  04  12   925  99999.00  99999.00    556.33   1016.17    -85.03    320.09   -400.80    502.44       0     684     689     689
47827  04  12   900  99999.00  99999.00  99999.00  99999.00  99999.00  99999.00  99999.00  99999.00       0       0      15      15
47827  04  12   850  99999.00  99999.00   1264.09   1714.69   -141.17    312.67   -783.48    719.76       0    1039    1042    1042
47827  04  12   800  99999.00  99999.00  99999.00  99999.00  99999.00  99999.00  99999.00  99999.00       0       0      17      17
47827  04  12   700  99999.00  99999.00   2819.80   3331.12   -195.89    230.95  -1126.03    796.97       0    1040    1040    1037
47827  04  12   600  99999.00  99999.00  99999.00  99999.00  99999.00  99999.00  99999.00  99999.00       0       0      11      11
47827  04  12   500  99999.00  99999.00   5347.75   6087.31   -323.69     67.03  -1159.76    567.52       0    1040    1040    1040
47827  04  12   400  99999.00  99999.00   6923.37   7844.85   -432.96    -41.88  -1140.11    383.17       0    1040    1040    1038
47827  04  12   300  99999.00  99999.00   8847.65   9998.21   -570.39   -199.95   -954.29     20.95       0    1036    1038     682
47827  04  12   250  99999.00  99999.00  10023.85  11278.81   -663.62   -283.94  99999.00  99999.00       0    1038    1038      22
47827  04  12   200  99999.00  99999.00  11454.36  12739.80   -802.53   -311.49  99999.00  99999.00       0    1038    1038       0
47827  04  12   150  99999.00  99999.00  13313.48  14494.76   -828.07   -390.79  99999.00  99999.00       0    1038    1037       0
47827  04  12   100  99999.00  99999.00  15886.61  16875.17   -875.74   -476.74  99999.00  99999.00       0    1030    1030       0
47827  04  12    80  99999.00  99999.00  99999.00  99999.00  99999.00  99999.00  99999.00  99999.00       0       0      54       0
47827  04  12    70  99999.00  99999.00  18122.24  18920.84   -875.82   -471.18  99999.00  99999.00       0     972     973       0
47827  04  12    60  99999.00  99999.00  99999.00  99999.00 -15837.82  13194.86  99999.00  99999.00       0       0      98       0
47827  04  12    50  99999.00  99999.00  20202.62  20947.46   -813.93   -415.65  99999.00  99999.00       0     922     925       0
47827  04  12    40  99999.00  99999.00  99999.00  99999.00 -14201.25  11999.07  99999.00  99999.00       0       0      89       0
47827  04  12    30  99999.00  99999.00  23400.61  24202.57   -677.19   -406.83  99999.00  99999.00       0     857     858       0
47827  04  12    20  99999.00  99999.00  25964.12  26876.24   -647.47   -361.87  99999.00  99999.00       0     759     764       0
47827  04  12    15  99999.00  99999.00  99999.00  99999.00 -22486.08  18637.80  99999.00  99999.00       0       0     145       0
47827  04  12    10  99999.00  99999.00  30450.77  31555.73   -597.47   -254.75  99999.00  99999.00       0     406     441       0
47827  04  12     7  99999.00  99999.00  99999.00  99999.00 -10643.52   9291.72  99999.00  99999.00       0       0     131       0
47827  04  12     5  99999.00  99999.00  99999.00  99999.00  99999.00  99999.00  99999.00  99999.00       0       0      21       0
47827  04  12     3  99999.00  99999.00  99999.00  99999.00  99999.00  99999.00  99999.00  99999.00       0       0       0       0
47827  04  12     2  99999.00  99999.00  99999.00  99999.00  99999.00  99999.00  99999.00  99999.00       0       0       0       0
47827  04  12     1  99999.00  99999.00  99999.00  99999.00  99999.00  99999.00  99999.00  99999.00       0       0       0       0
47827  05  12  9999    908.93   1085.21  99999.00  99999.00     33.91    356.71   -139.65    237.99    1034       0    1034    1034
47827  05  12  1000  99999.00  99999.00    -96.59    307.57     79.26    320.70    -77.15    358.81       0     614     614     614
47827  05  12   925  99999.00  99999.00    540.08    998.24     21.87    299.31   -304.64    489.88       0     704     706     706
47827  05  12   900  99999.00  99999.00  99999.00  99999.00  99999.00  99999.00  99999.00  99999.00       0       0      15      15
47827  05  12   850  99999.00  99999.00   1263.36   1705.56    -38.44    292.52   -557.22    613.38       0    1060    1060    1060
47827  05  12   800  99999.00  99999.00  99999.00  99999.00  99999.00  99999.00  99999.00  99999.00       0       0      18      18
47827  05  12   700  99999.00  99999.00   2857.51   3331.27   -112.15    222.53   -965.22    728.70       0    1060    1061    1061
47827  05  12   600  99999.00  99999.00  99999.00  99999.00  99999.00  99999.00  99999.00  99999.00       0       0      15      15
47827  05  12   500  99999.00  99999.00   5460.49   6084.49   -266.61     83.43  -1159.62    646.74       0    1061    1059    1058
47827  05  12   400  99999.00  99999.00   7079.71   7849.75   -393.70      1.22  -1094.82    437.22       0    1060    1061    1060
47827  05  12   300  99999.00  99999.00   9040.34  10039.34   -532.47   -153.63   -964.57     86.27       0    1061    1061     975
47827  05  12   250  99999.00  99999.00  10227.80  11351.36   -613.51   -262.39  -1211.03    143.77       0    1061    1060      79
47827  05  12   200  99999.00  99999.00  11645.09  12860.69   -733.94   -349.22  99999.00  99999.00       0    1061    1060       1
47827  05  12   150  99999.00  99999.00  13471.70  14645.30   -843.51   -404.55  99999.00  99999.00       0    1060    1061       0
47827  05  12   100  99999.00  99999.00  16048.25  16983.77   -888.40   -498.40  99999.00  99999.00       0    1055    1054       0
47827  05  12    80  99999.00  99999.00  99999.00  99999.00 -10776.83   8788.21  99999.00  99999.00       0       0      64       0
47827  05  12    70  99999.00  99999.00  18282.34  18999.70   -876.32   -491.36  99999.00  99999.00       0    1016    1017       0
47827  05  12    60  99999.00  99999.00  99999.00  99999.00 -11089.04   9161.08  99999.00  99999.00       0       0      90       0
47827  05  12    50  99999.00  99999.00  20361.01  21023.05   -776.56   -445.36  99999.00  99999.00       0     960     961       0
47827  05  12    40  99999.00  99999.00  99999.00  99999.00 -22937.66  18794.26  99999.00  99999.00       0       0      69       0
47827  05  12    30  99999.00  99999.00  23555.19  24295.47   -649.68   -422.76  99999.00  99999.00       0     901     904       0
47827  05  12    20  99999.00  99999.00  26123.39  26992.19   -615.82   -366.82  99999.00  99999.00       0     796     803       0
47827  05  12    15  99999.00  99999.00  99999.00  99999.00 -21188.10  17742.42  99999.00  99999.00       0       0     121       0
47827  05  12    10  99999.00  99999.00  30676.40  31665.44   -542.74   -279.22  99999.00  99999.00       0     424     465       0
47827  05  12     7  99999.00  99999.00  99999.00  99999.00 -14900.02  12970.46  99999.00  99999.00       0       0     130       0
47827  05  12     5  99999.00  99999.00  99999.00  99999.00  99999.00  99999.00  99999.00  99999.00       0       0      27       0
47827  05  12     3  99999.00  99999.00  99999.00  99999.00  99999.00  99999.00  99999.00  99999.00       0       0       0       0
47827  05  12     2  99999.00  99999.00  99999.00  99999.00  99999.00  99999.00  99999.00  99999.00       0       0       0       0
47827  05  12     1  99999.00  99999.00  99999.00  99999.00  99999.00  99999.00  99999.00  99999.00       0       0       0       0
47827  06  12  9999    906.50   1080.98  99999.00  99999.00     70.88    384.80   -109.94    178.54    1000       0    1000    1000
47827  06  12  1000  99999.00  99999.00    -72.56    235.72    103.49    364.25     16.44    367.20       0     565     565     565
47827  06  12   925  99999.00  99999.00    558.36    945.00     66.69    315.33    -95.12    411.04       0     679     681     681
47827  06  12   900  99999.00  99999.00  99999.00  99999.00  99999.00  99999.00  99999.00  99999.00       0       0       7       7
47827  06  12   850  99999.00  99999.00   1268.50   1683.34     25.77    290.85   -254.12    470.32       0    1034    1033    1033
47827  06  12   800  99999.00  99999.00  99999.00  99999.00  99999.00  99999.00  99999.00  99999.00       0       0      16      16
47827  06  12   700  99999.00  99999.00   2882.85   3328.53    -46.16    215.92   -707.53    657.35       0    1035    1035    1032
47827  06  12   600  99999.00  99999.00  99999.00  99999.00  99999.00  99999.00  99999.00  99999.00       0       0      14      14
47827  06  12   500  99999.00  99999.00   5542.70   6091.70   -201.86     85.30  -1006.32    632.16       0    1034    1035    1035
47827  06  12   400  99999.00  99999.00   7204.45   7862.53   -322.39      5.21   -980.68    434.60       0    1035    1033    1033
47827  06  12   300  99999.00  99999.00   9220.84  10063.48   -459.61   -146.29   -918.70    134.30       0    1035    1037    1025
47827  06  12   250  99999.00  99999.00  10433.28  11391.72   -546.01   -257.77   -870.16    -68.68       0    1034    1034     545
47827  06  12   200  99999.00  99999.00  11861.52  12929.40   -649.27   -392.11  99999.00  99999.00       0    1035    1036       0
47827  06  12   150  99999.00  99999.00  13667.94  14737.74   -812.88   -471.00  99999.00  99999.00       0    1033    1034       0
47827  06  12   100  99999.00  99999.00  16229.99  17032.79   -906.93   -518.61  99999.00  99999.00       0    1027    1028       0
47827  06  12    80  99999.00  99999.00  99999.00  99999.00  99999.00  99999.00  99999.00  99999.00       0       0      58       0
47827  06  12    70  99999.00  99999.00  18429.88  19065.40   -837.97   -521.41  99999.00  99999.00       0     975     980       0
47827  06  12    60  99999.00  99999.00  99999.00  99999.00  -7641.42   6085.98  99999.00  99999.00       0       0      67       0
47827  06  12    50  99999.00  99999.00  20505.40  21113.08   -716.73   -490.05  99999.00  99999.00       0     910     912       0
47827  06  12    40  99999.00  99999.00  99999.00  99999.00  99999.00  99999.00  99999.00  99999.00       0       0      49       0
47827  06  12    30  99999.00  99999.00  23713.38  24380.94   -630.84   -433.68  99999.00  99999.00       0     844     846       0
47827  06  12    20  99999.00  99999.00  26308.25  27065.09   -591.65   -372.41  99999.00  99999.00       0     736     746       0
47827  06  12    15  99999.00  99999.00  99999.00  99999.00 -23308.85  19287.55  99999.00  99999.00       0       0     110       0
47827  06  12    10  99999.00  99999.00  30923.13  31697.61   -515.82   -294.66  99999.00  99999.00       0     326     363       0
47827  06  12     7  99999.00  99999.00  99999.00  99999.00 -10042.66   8785.82  99999.00  99999.00       0       0     111       0
47827  06  12     5  99999.00  99999.00  99999.00  99999.00  99999.00  99999.00  99999.00  99999.00       0       0      18       0
47827  06  12     3  99999.00  99999.00  99999.00  99999.00  99999.00  99999.00  99999.00  99999.00       0       0       0       0
47827  06  12     2  99999.00  99999.00  99999.00  99999.00  99999.00  99999.00  99999.00  99999.00       0       0       0       0
47827  06  12     1  99999.00  99999.00  99999.00  99999.00  99999.00  99999.00  99999.00  99999.00       0       0       0       0
47827  07  12  9999    906.55   1081.63  99999.00  99999.00    127.59    404.19    -86.63    160.45    1031       0    1031    1031
47827  07  12  1000  99999.00  99999.00    -80.05    251.63    185.31    358.83    143.12    306.56       0     582     582     582
47827  07  12   925  99999.00  99999.00    546.78    982.26    141.91    307.39     60.54    320.82       0     702     711     711
47827  07  12   900  99999.00  99999.00  99999.00  99999.00  99999.00  99999.00  99999.00  99999.00       0       0       6       6
47827  07  12   850  99999.00  99999.00   1279.92   1713.12    102.77    271.85    -68.13    354.03       0    1070    1073    1073
47827  07  12   800  99999.00  99999.00  99999.00  99999.00  99999.00  99999.00  99999.00  99999.00       0       0      13      13
47827  07  12   700  99999.00  99999.00   2903.42   3383.06     17.80    202.12   -362.24    397.72       0    1074    1074    1074
47827  07  12   600  99999.00  99999.00  99999.00  99999.00  99999.00  99999.00  99999.00  99999.00       0       0      17      17
47827  07  12   500  99999.00  99999.00   5643.22   6107.62   -131.10     50.34   -709.61    386.59       0    1073    1073    1072
47827  07  12   400  99999.00  99999.00   7373.75   7832.27   -244.92    -37.68   -832.16    291.64       0    1073    1073    1072
47827  07  12   300  99999.00  99999.00   9475.08   9975.60   -405.38   -168.38   -899.09     99.55       0    1072    1074    1070
47827  07  12   250  99999.00  99999.00  10725.59  11283.59   -504.22   -266.26   -923.73    -53.25       0    1074    1074     822
47827  07  12   200  99999.00  99999.00  12180.40  12815.20   -610.48   -401.20  99999.00  99999.00       0    1074    1074       0
47827  07  12   150  99999.00  99999.00  13973.13  14652.45   -759.59   -525.35  99999.00  99999.00       0    1073    1074       0
47827  07  12   100  99999.00  99999.00  16440.81  17014.53   -884.47   -570.07  99999.00  99999.00       0    1071    1072       0
47827  07  12    80  99999.00  99999.00  99999.00  99999.00  99999.00  99999.00  99999.00  99999.00       0       0      46       0
47827  07  12    70  99999.00  99999.00  18611.68  19069.24   -803.82   -545.34  99999.00  99999.00       0    1026    1029       0
47827  07  12    60  99999.00  99999.00  99999.00  99999.00  99999.00  99999.00  99999.00  99999.00       0       0      41       0
47827  07  12    50  99999.00  99999.00  20667.14  21139.82   -707.26   -503.38  99999.00  99999.00       0     993     996       0
47827  07  12    40  99999.00  99999.00  99999.00  99999.00  99999.00  99999.00  99999.00  99999.00       0       0      50       0
47827  07  12    30  99999.00  99999.00  23862.02  24416.90   -632.47   -435.91  99999.00  99999.00       0     961     963       0
47827  07  12    20  99999.00  99999.00  26454.87  27099.75   -592.90   -374.14  99999.00  99999.00       0     874     878       0
47827  07  12    15  99999.00  99999.00  99999.00  99999.00 -17367.12  14833.68  99999.00  99999.00       0       0     140       0
47827  07  12    10  99999.00  99999.00  31088.35  31706.59  -2695.88   1842.04  99999.00  99999.00       0     462     504       0
47827  07  12     7  99999.00  99999.00  99999.00  99999.00 -15157.42  13164.86  99999.00  99999.00       0       0     172       0
47827  07  12     5  99999.00  99999.00  99999.00  99999.00  99999.00  99999.00  99999.00  99999.00       0       0      29       0
47827  07  12     3  99999.00  99999.00  99999.00  99999.00  99999.00  99999.00  99999.00  99999.00       0       0       0       0
47827  07  12     2  99999.00  99999.00  99999.00  99999.00  99999.00  99999.00  99999.00  99999.00       0       0       0       0
47827  07  12     1  99999.00  99999.00  99999.00  99999.00  99999.00  99999.00  99999.00  99999.00       0       0       0       0
47827  08  12  9999    902.60   1085.96  99999.00  99999.00    141.33    399.57    -81.15    161.97    1045       0    1045    1045
47827  08  12  1000  99999.00  99999.00    -68.35    247.49    211.03    343.87    147.23    308.39       0     611     611     611
47827  08  12   925  99999.00  99999.00    568.38    974.34    166.03    288.55     72.42    314.34       0     704     714     714
47827  08  12   900  99999.00  99999.00  99999.00  99999.00  99999.00  99999.00  99999.00  99999.00       0       0       5       5
47827  08  12   850  99999.00  99999.00   1272.94   1722.94    116.01    257.25    -39.88    332.96       0    1075    1079    1079
47827  08  12   800  99999.00  99999.00  99999.00  99999.00  99999.00  99999.00  99999.00  99999.00       0       0      13      13
47827  08  12   700  99999.00  99999.00   2913.49   3375.13     23.24    198.92   -400.78    437.30       0    1077    1080    1078
47827  08  12   600  99999.00  99999.00  99999.00  99999.00  99999.00  99999.00  99999.00  99999.00       0       0      13      13
47827  08  12   500  99999.00  99999.00   5659.96   6099.76   -135.20     60.64   -735.01    402.95       0    1076    1077    1075
47827  08  12   400  99999.00  99999.00   7391.36   7825.88   -243.06    -37.74   -834.08    278.56       0    1078    1075    1074
47827  08  12   300  99999.00  99999.00   9495.46   9966.58   -400.70   -173.30   -893.55     73.17       0    1080    1078    1072
47827  08  12   250  99999.00  99999.00  10754.40  11265.60   -501.31   -268.15   -911.26    -77.62       0    1080    1079     831
47827  08  12   200  99999.00  99999.00  12222.09  12786.45   -616.24   -390.64  99999.00  99999.00       0    1078    1079       0
47827  08  12   150  99999.00  99999.00  14015.56  14629.00   -750.65   -523.01  99999.00  99999.00       0    1079    1077       0
47827  08  12   100  99999.00  99999.00  16483.71  16996.11   -877.29   -576.57  99999.00  99999.00       0    1074    1073       0
47827  08  12    80  99999.00  99999.00  99999.00  99999.00 -12828.75  10545.93  99999.00  99999.00       0       0      66       0
47827  08  12    70  99999.00  99999.00  18644.14  19059.10   -819.38   -530.18  99999.00  99999.00       0    1041    1046       0
47827  08  12    60  99999.00  99999.00  99999.00  99999.00  99999.00  99999.00  99999.00  99999.00       0       0      54       0
47827  08  12    50  99999.00  99999.00  20681.98  21146.02   -714.00   -499.20  99999.00  99999.00       0    1023    1028       0
47827  08  12    40  99999.00  99999.00  99999.00  99999.00  99999.00  99999.00  99999.00  99999.00       0       0      57       0
47827  08  12    30  99999.00  99999.00  23863.03  24429.55   -635.09   -437.81  99999.00  99999.00       0     984     988       0
47827  08  12    20  99999.00  99999.00  26439.69  27118.53   -596.47   -379.03  99999.00  99999.00       0     912     920       0
47827  08  12    15  99999.00  99999.00  99999.00  99999.00 -20789.99  17468.53  99999.00  99999.00       0       0     142       0
47827  08  12    10  99999.00  99999.00  31060.29  31703.85   -545.33   -298.37  99999.00  99999.00       0     483     530       0
47827  08  12     7  99999.00  99999.00  99999.00  99999.00 -16671.09  14379.87  99999.00  99999.00       0       0     128       0
47827  08  12     5  99999.00  99999.00  99999.00  99999.00  99999.00  99999.00  99999.00  99999.00       0       0      31       0
47827  08  12     3  99999.00  99999.00  99999.00  99999.00  99999.00  99999.00  99999.00  99999.00       0       0       0       0
47827  08  12     2  99999.00  99999.00  99999.00  99999.00  99999.00  99999.00  99999.00  99999.00       0       0       0       0
47827  08  12     1  99999.00  99999.00  99999.00  99999.00  99999.00  99999.00  99999.00  99999.00       0       0       0       0
47827  09  12  9999    910.02   1084.02  99999.00  99999.00     76.89    417.33   -109.79    205.09     987       0     987     986
47827  09  12  1000  99999.00  99999.00    -86.60    301.60    124.74    380.82      2.04    389.28       0     577     577     577
47827  09  12   925  99999.00  99999.00    553.44   1011.72     80.36    331.04    -70.95    398.37       0     675     678     677
47827  09  12   900  99999.00  99999.00  99999.00  99999.00  99999.00  99999.00  99999.00  99999.00       0       0       8       8
47827  09  12   850  99999.00  99999.00   1289.27   1729.91     32.37    295.05   -266.44    495.44       0    1023    1024    1024
47827  09  12   800  99999.00  99999.00  99999.00  99999.00  99999.00  99999.00  99999.00  99999.00       0       0      21      21
47827  09  12   700  99999.00  99999.00   2910.70   3374.86    -38.17    222.71   -797.39    729.61       0    1024    1024    1020
47827  09  12   600  99999.00  99999.00  99999.00  99999.00  99999.00  99999.00  99999.00  99999.00       0       0      11      11
47827  09  12   500  99999.00  99999.00   5598.47   6119.63   -188.32     80.48   -923.31    543.57       0    1025    1025    1023
47827  09  12   400  99999.00  99999.00   7277.45   7876.49   -298.00    -16.84   -931.38    349.38       0    1024    1023    1022
47827  09  12   300  99999.00  99999.00   9323.76  10044.84   -446.35   -164.95   -983.79    125.25       0    1025    1025    1013
47827  09  12   250  99999.00  99999.00  10555.40  11351.60   -543.53   -260.93  -1125.86     77.98       0    1024    1024     453
47827  09  12   200  99999.00  99999.00  12006.46  12869.98   -648.60   -380.88  99999.00  99999.00       0    1024    1024       0
47827  09  12   150  99999.00  99999.00  13811.93  14691.17   -767.44   -507.64  99999.00  99999.00       0    1024    1022       0
47827  09  12   100  99999.00  99999.00  16294.78  17041.06   -897.14   -564.86  99999.00  99999.00       0    1020    1020       1
47827  09  12    80  99999.00  99999.00  99999.00  99999.00  99999.00  99999.00  99999.00  99999.00       0       0      60       0
47827  09  12    70  99999.00  99999.00  18475.54  19075.42   -840.55   -517.99  99999.00  99999.00       0     992     993       0
47827  09  12    60  99999.00  99999.00  99999.00  99999.00  99999.00  99999.00  99999.00  99999.00       0       0      60       0
47827  09  12    50  99999.00  99999.00  20535.39  21135.27   -716.92   -499.72  99999.00  99999.00       0     946     948       0
47827  09  12    40  99999.00  99999.00  99999.00  99999.00  99999.00  99999.00  99999.00  99999.00       0       0      55       0
47827  09  12    30  99999.00  99999.00  23712.94  24416.02   -640.09   -440.53  99999.00  99999.00       0     897     901       0
47827  09  12    20  99999.00  99999.00  26279.36  27105.92   -606.71   -383.15  99999.00  99999.00       0     809     815       0
47827  09  12    15  99999.00  99999.00  99999.00  99999.00 -18714.11  15863.53  99999.00  99999.00       0       0     129       0
47827  09  12    10  99999.00  99999.00  30850.46  31689.26   -558.52   -318.52  99999.00  99999.00       0     414     445       0
47827  09  12     7  99999.00  99999.00  99999.00  99999.00 -15082.59  13034.73  99999.00  99999.00       0       0     142       0
47827  09  12     5  99999.00  99999.00  99999.00  99999.00  99999.00  99999.00  99999.00  99999.00       0       0      19       0
47827  09  12     3  99999.00  99999.00  99999.00  99999.00  99999.00  99999.00  99999.00  99999.00       0       0       0       0
47827  09  12     2  99999.00  99999.00  99999.00  99999.00  99999.00  99999.00  99999.00  99999.00       0       0       0       0
47827  09  12     1  99999.00  99999.00  99999.00  99999.00  99999.00  99999.00  99999.00  99999.00       0       0       0       0
47827  10  12  9999    912.14   1089.98  99999.00  99999.00     -8.62    406.22   -106.94    220.54    1032       0    1030    1030
47827  10  12  1000  99999.00  99999.00    -45.68    330.40     41.67    370.83   -117.64    399.80       0     611     611     611
47827  10  12   925  99999.00  99999.00    620.43   1001.19     -9.02    329.50   -212.00    423.28       0     678     682     681
47827  10  12   900  99999.00  99999.00  99999.00  99999.00  99999.00  99999.00  99999.00  99999.00       0       0      12      12
47827  10  12   850  99999.00  99999.00   1331.92   1714.84    -69.20    309.28   -594.51    649.41       0    1045    1048    1044
47827  10  12   800  99999.00  99999.00  99999.00  99999.00  99999.00  99999.00  99999.00  99999.00       0       0      22      22
47827  10  12   700  99999.00  99999.00   2908.92   3352.56   -118.96    229.52  -1043.16    765.36       0    1049    1049    1044
47827  10  12   600  99999.00  99999.00  99999.00  99999.00  99999.00  99999.00  99999.00  99999.00       0       0      13      13
47827  10  12   500  99999.00  99999.00   5494.29   6121.53   -274.54     89.66  -1079.01    567.27       0    1048    1047    1047
47827  10  12   400  99999.00  99999.00   7102.04   7896.08   -393.36     -2.28  -1051.30    356.30       0    1049    1049    1049
47827  10  12   300  99999.00  99999.00   9068.69  10080.53   -531.13   -143.53  -1106.23    126.89       0    1049    1048     985
47827  10  12   250  99999.00  99999.00  10271.84  11388.08   -595.33   -249.73  -1333.40    110.20       0    1049    1049     205
47827  10  12   200  99999.00  99999.00  11715.42  12896.10   -659.31   -382.35  99999.00  99999.00       0    1048    1049       0
47827  10  12   150  99999.00  99999.00  13540.86  14698.26   -771.51   -493.35  99999.00  99999.00       0    1048    1048       0
47827  10  12   100  99999.00  99999.00  16077.42  17010.66   -941.27   -510.83  99999.00  99999.00       0    1043    1042       0
47827  10  12    80  99999.00  99999.00  99999.00  99999.00  -6982.99   5331.17  99999.00  99999.00       0       0      82       0
47827  10  12    70  99999.00  99999.00  18291.31  19014.67   -863.94   -496.38  99999.00  99999.00       0    1026    1027       0
47827  10  12    60  99999.00  99999.00  99999.00  99999.00 -12692.12  10562.44  99999.00  99999.00       0       0      90       0
47827  10  12    50  99999.00  99999.00  20365.83  21049.23   -752.86   -480.82  99999.00  99999.00       0    1011    1013       0
47827  10  12    40  99999.00  99999.00  99999.00  99999.00 -14957.44  12618.44  99999.00  99999.00       0       0      64       0
47827  10  12    30  99999.00  99999.00  23525.34  24316.14   -675.74   -428.42  99999.00  99999.00       0     978     982       0
47827  10  12    20  99999.00  99999.00  26053.55  27004.07   -649.21   -381.73  99999.00  99999.00       0     893     898       0
47827  10  12    15  99999.00  99999.00  99999.00  99999.00 -23264.55  19160.37  99999.00  99999.00       0       0     134       0
47827  10  12    10  99999.00  99999.00  30505.55  31587.35   -602.31   -322.71  99999.00  99999.00       0     448     496       0
47827  10  12     7  99999.00  99999.00  99999.00  99999.00 -14591.25  12591.03  99999.00  99999.00       0       0     152       0
47827  10  12     5  99999.00  99999.00  99999.00  99999.00  99999.00  99999.00  99999.00  99999.00       0       0      25       0
47827  10  12     3  99999.00  99999.00  99999.00  99999.00  99999.00  99999.00  99999.00  99999.00       0       0       0       0
47827  10  12     2  99999.00  99999.00  99999.00  99999.00  99999.00  99999.00  99999.00  99999.00       0       0       0       0
47827  10  12     1  99999.00  99999.00  99999.00  99999.00  99999.00  99999.00  99999.00  99999.00       0       0       0       0
47827  11  12  9999    915.66   1093.50  99999.00  99999.00    -87.50    379.78   -109.78    220.34     987       0     986     986
47827  11  12  1000  99999.00  99999.00    -44.20    378.80    -63.62    368.38   -214.03    387.17       0     593     593     593
47827  11  12   925  99999.00  99999.00    620.48   1028.24   -118.88    338.44   -334.98    437.34       0     658     660     655
47827  11  12   900  99999.00  99999.00  99999.00  99999.00  99999.00  99999.00  99999.00  99999.00       0       0      10      10
47827  11  12   850  99999.00  99999.00   1317.60   1733.40   -165.49    312.35   -768.50    679.66       0    1010    1010    1006
47827  11  12   800  99999.00  99999.00  99999.00  99999.00  99999.00  99999.00  99999.00  99999.00       0       0      27      27
47827  11  12   700  99999.00  99999.00   2832.46   3378.58   -194.49    211.71  -1058.79    680.73       0    1010    1011    1002
47827  11  12   600  99999.00  99999.00  99999.00  99999.00  99999.00  99999.00  99999.00  99999.00       0       0      10      10
47827  11  12   500  99999.00  99999.00   5328.71   6144.23   -349.20     72.60  -1080.05    460.15       0    1010    1010    1007
47827  11  12   400  99999.00  99999.00   6889.06   7906.90   -469.65    -10.77  -1116.68    330.88       0    1010    1011    1008
47827  11  12   300  99999.00  99999.00   8817.19  10069.87   -589.88   -139.04  -1103.33     86.83       0    1011    1011     804
47827  11  12   250  99999.00  99999.00  10018.55  11354.99   -649.11   -230.31  -1187.65    -45.13       0    1011    1010     114
47827  11  12   200  99999.00  99999.00  11469.74  12839.78   -702.60   -354.84  99999.00  99999.00       0    1011    1008       0
47827  11  12   150  99999.00  99999.00  13320.43  14613.43   -800.85   -454.77  99999.00  99999.00       0    1011    1008       0
47827  11  12   100  99999.00  99999.00  15899.49  16916.85   -936.38   -472.46  99999.00  99999.00       0    1008    1008       0
47827  11  12    80  99999.00  99999.00  99999.00  99999.00   -975.58   -423.46  99999.00  99999.00       0       0      86       0
47827  11  12    70  99999.00  99999.00  18157.28  18907.28   -895.71   -459.63  99999.00  99999.00       0     972     971       0
47827  11  12    60  99999.00  99999.00  99999.00  99999.00  -9224.48   7497.88  99999.00  99999.00       0       0      89       0
47827  11  12    50  99999.00  99999.00  20253.65  20919.29   -786.28   -450.64  99999.00  99999.00       0     941     944       0
47827  11  12    40  99999.00  99999.00  99999.00  99999.00 -13210.37  11128.99  99999.00  99999.00       0       0      83       0
47827  11  12    30  99999.00  99999.00  23447.03  24147.11   -708.22   -401.02  99999.00  99999.00       0     911     912       0
47827  11  12    20  99999.00  99999.00  25977.72  26824.80   -691.14   -349.98  99999.00  99999.00       0     827     833       0
47827  11  12    15  99999.00  99999.00  99999.00  99999.00 -21878.58  18184.26  99999.00  99999.00       0       0     161       0
47827  11  12    10  99999.00  99999.00  30344.97  31512.45   -698.96   -206.48  99999.00  99999.00       0     443     492       0
47827  11  12     7  99999.00  99999.00  99999.00  99999.00 -14213.68  12300.32  99999.00  99999.00       0       0     143       0
47827  11  12     5  99999.00  99999.00  99999.00  99999.00  99999.00  99999.00  99999.00  99999.00       0       0      19       0
47827  11  12     3  99999.00  99999.00  99999.00  99999.00  99999.00  99999.00  99999.00  99999.00       0       0       0       0
47827  11  12     2  99999.00  99999.00  99999.00  99999.00  99999.00  99999.00  99999.00  99999.00       0       0       0       0
47827  11  12     1  99999.00  99999.00  99999.00  99999.00  99999.00  99999.00  99999.00  99999.00       0       0       0       0
47827  12  12  9999    914.17   1097.89  99999.00  99999.00   -142.85    330.67    -92.20    203.24    1017       0    1017    1017
47827  12  12  1000  99999.00  99999.00    -41.52    400.44   -136.50    335.82   -272.42    339.34       0     614     614     614
47827  12  12   925  99999.00  99999.00    611.86   1036.06   -194.75    310.57   -408.05    403.51       0     703     703     700
47827  12  12   900  99999.00  99999.00  99999.00  99999.00  99999.00  99999.00  99999.00  99999.00       0       0       9       9
47827  12  12   850  99999.00  99999.00   1290.55   1729.75   -249.71    291.25   -805.81    619.79       0    1042    1043    1038
47827  12  12   800  99999.00  99999.00  99999.00  99999.00  99999.00  99999.00  99999.00  99999.00       0       0      21      21
47827  12  12   700  99999.00  99999.00   2747.92   3373.24   -276.06    202.26  -1075.41    603.75       0    1043    1043    1037
47827  12  12   600  99999.00  99999.00  99999.00  99999.00  99999.00  99999.00  99999.00  99999.00       0       0      13      13
47827  12  12   500  99999.00  99999.00   5186.35   6117.91   -396.17     49.27  -1067.87    349.57       0    1042    1042    1040
47827  12  12   400  99999.00  99999.00   6731.57   7850.21   -511.51    -34.75  -1067.20    186.68       0    1041    1041    1020
47827  12  12   300  99999.00  99999.00   8640.94   9988.78   -651.92   -109.04  -1173.06     58.38       0    1040    1041     655
47827  12  12   250  99999.00  99999.00   9833.22  11273.10   -670.89   -214.53  -1229.58    -58.74       0    1040    1042     122
47827  12  12   200  99999.00  99999.00  11289.58  12756.58   -692.34   -350.58  99999.00  99999.00       0    1040    1041       0
47827  12  12   150  99999.00  99999.00  13164.25  14523.37   -805.14   -422.10  99999.00  99999.00       0    1040    1042       0
47827  12  12   100  99999.00  99999.00  15780.13  16834.09   -931.03   -440.59  99999.00  99999.00       0    1038    1041       0
47827  12  12    80  99999.00  99999.00  99999.00  99999.00  -7269.89   5644.63  99999.00  99999.00       0       0      75       0
47827  12  12    70  99999.00  99999.00  18064.22  18831.02   -909.10   -426.46  99999.00  99999.00       0    1022    1026       0
47827  12  12    60  99999.00  99999.00  99999.00  99999.00 -10975.32   9059.64  99999.00  99999.00       0       0      92       0
47827  12  12    50  99999.00  99999.00  20156.48  20855.72   -818.83   -413.83  99999.00  99999.00       0    1009    1011       0
47827  12  12    40  99999.00  99999.00  99999.00  99999.00 -17590.26  14725.86  99999.00  99999.00       0       0     101       0
47827  12  12    30  99999.00  99999.00  23324.49  24113.01   -739.33   -372.49  99999.00  99999.00       0     979     980       0
47827  12  12    20  99999.00  99999.00  25816.38  26822.10   -728.07   -313.23  99999.00  99999.00       0     905     914       0
47827  12  12    15  99999.00  99999.00  99999.00  99999.00 -19858.03  16678.49  99999.00  99999.00       0       0     208       0
47827  12  12    10  99999.00  99999.00  19232.35  42292.63   -751.16   -152.72  99999.00  99999.00       0     454     505       0
47827  12  12     7  99999.00  99999.00  99999.00  99999.00 -17747.86  15192.62  99999.00  99999.00       0       0     123       0
47827  12  12     5  99999.00  99999.00  99999.00  99999.00  99999.00  99999.00  99999.00  99999.00       0       0      11       0
47827  12  12     3  99999.00  99999.00  99999.00  99999.00  99999.00  99999.00  99999.00  99999.00       0       0       0       0
47827  12  12     2  99999.00  99999.00  99999.00  99999.00  99999.00  99999.00  99999.00  99999.00       0       0       0       0
47827  12  12     1  99999.00  99999.00  99999.00  99999.00  99999.00  99999.00  99999.00  99999.00       0       0       0       0
