87576  01  00  9999    982.91   1031.87  99999.00  99999.00     53.35    445.63   -164.45    339.79     497       0     497     497
87576  01  00  1000  99999.00  99999.00   -110.92    281.00     41.44    456.52   -125.49    419.79       0     513     514     513
87576  01  00   925  99999.00  99999.00    569.52    959.40     -7.00    412.04   -217.53    410.19       0     241     246     246
87576  01  00   900  99999.00  99999.00  99999.00  99999.00  99999.00  99999.00  99999.00  99999.00       0       0      13      13
87576  01  00   850  99999.00  99999.00   1315.73   1661.21    -40.49    358.03   -345.02    457.66       0     531     533     526
87576  01  00   800  99999.00  99999.00  99999.00  99999.00  99999.00  99999.00  99999.00  99999.00       0       0      17      16
87576  01  00   700  99999.00  99999.00   2915.03   3304.31    -93.77    224.59   -717.93    534.51       0     528     532     522
87576  01  00   600  99999.00  99999.00  99999.00  99999.00  99999.00  99999.00  99999.00  99999.00       0       0      19      19
87576  01  00   500  99999.00  99999.00   5504.47   6070.63   -244.25     46.87   -968.43    389.01       0     525     527     517
87576  01  00   400  99999.00  99999.00   7120.60   7821.64   -370.53    -59.73  -1044.84    241.92       0     509     511     506
87576  01  00   300  99999.00  99999.00   9086.82   9968.94   -548.48   -179.60  -1094.85     24.27       0     514     516     508
87576  01  00   250  99999.00  99999.00  10267.82  11267.90   -641.12   -261.68  -1127.66   -127.34       0     507     507     333
87576  01  00   200  99999.00  99999.00  11672.18  12788.30   -723.57   -346.89  -1186.81   -300.37       0     498     502     263
87576  01  00   150  99999.00  99999.00  13518.75  14579.19   -802.45   -409.09  -1140.72   -482.52       0     486     494     106
87576  01  00   100  99999.00  99999.00  16063.32  16984.56   -898.39   -467.95  -1244.48   -542.84       0     476     492     103
87576  01  00    80  99999.00  99999.00  99999.00  99999.00  99999.00  99999.00  99999.00  99999.00       0       0      46      13
87576  01  00    70  99999.00  99999.00  18277.78  19037.38   -864.12   -479.64  -1260.81   -513.33       0     425     431      85
87576  01  00    60  99999.00  99999.00  99999.00  99999.00  99999.00  99999.00  99999.00  99999.00       0       0      31       4
87576  01  00    50  99999.00  99999.00  20319.73  21108.85   -767.16   -449.40  -1158.28   -518.92       0     395     403      77
87576  01  00    40  99999.00  99999.00  99999.00  99999.00  99999.00  99999.00  99999.00  99999.00       0       0      45       3
87576  01  00    30  99999.00  99999.00  23451.52  24443.08   -670.23   -396.27  -1136.37   -531.57       0     337     346     171
87576  01  00    20  99999.00  99999.00  25987.56  27200.28   -606.37   -345.97  -1107.77   -499.01       0     262     272     194
87576  01  00    15  99999.00  99999.00  99999.00  99999.00  99999.00  99999.00  99999.00  99999.00       0       0      42      29
87576  01  00    10  99999.00  99999.00  99999.00  99999.00  99999.00  99999.00  99999.00  99999.00       0      28      44      29
87576  01  00     7  99999.00  99999.00  99999.00  99999.00  99999.00  99999.00  99999.00  99999.00       0       0       5       4
87576  01  00     5  99999.00  99999.00  99999.00  99999.00  99999.00  99999.00  99999.00  99999.00       0       0       0       0
87576  01  00     3  99999.00  99999.00  99999.00  99999.00  99999.00  99999.00  99999.00  99999.00       0       0       0       0
87576  01  00     2  99999.00  99999.00  99999.00  99999.00  99999.00  99999.00  99999.00  99999.00       0       0       0       0
87576  01  00     1  99999.00  99999.00  99999.00  99999.00  99999.00  99999.00  99999.00  99999.00       0       0       0       0
87576  02  00  9999    981.09   1036.65  99999.00  99999.00     42.57    431.61   -156.84    313.08     453       0     453     452
87576  02  00  1000  99999.00  99999.00   -136.76    331.72     37.59    438.39   -150.52    439.64       0     471     474     472
87576  02  00   925  99999.00  99999.00    552.30   1000.02    -24.65    415.87   -196.85    401.59       0     210     211     211
87576  02  00   900  99999.00  99999.00  99999.00  99999.00  99999.00  99999.00  99999.00  99999.00       0       0      15      15
87576  02  00   850  99999.00  99999.00   1285.90   1704.22    -56.18    355.66   -427.65    527.91       0     479     482     478
87576  02  00   800  99999.00  99999.00  99999.00  99999.00  99999.00  99999.00  99999.00  99999.00       0       0      19      19
87576  02  00   700  99999.00  99999.00   2890.78   3337.42   -105.61    238.67   -698.09    511.39       0     478     481     471
87576  02  00   600  99999.00  99999.00  99999.00  99999.00  99999.00  99999.00  99999.00  99999.00       0       0      13      13
87576  02  00   500  99999.00  99999.00   5477.20   6109.96   -254.26     59.78   -957.42    370.98       0     481     480     477
87576  02  00   400  99999.00  99999.00   7105.66   7850.74   -386.48    -42.92  -1032.82    246.26       0     468     475     466
87576  02  00   300  99999.00  99999.00   9047.21  10018.25   -544.95   -188.07  -1068.49     20.15       0     467     470     463
87576  02  00   250  99999.00  99999.00  10248.31  11295.43   -639.96   -271.80  -1109.67   -129.99       0     462     464     305
87576  02  00   200  99999.00  99999.00  11673.56  12789.80   -745.42   -331.30  -1155.15   -292.35       0     452     458     218
87576  02  00   150  99999.00  99999.00  13498.95  14594.31   -808.10   -406.34  -1132.45   -461.89       0     437     443     115
87576  02  00   100  99999.00  99999.00  16046.65  16988.77   -892.69   -472.21  -1192.30   -558.46       0     422     432     106
87576  02  00    80  99999.00  99999.00  99999.00  99999.00  99999.00  99999.00  99999.00  99999.00       0       0      30       3
87576  02  00    70  99999.00  99999.00  18302.40  19013.04   -862.55   -466.43  -1176.05   -540.65       0     397     405      96
87576  02  00    60  99999.00  99999.00  99999.00  99999.00  99999.00  99999.00  99999.00  99999.00       0       0      38       5
87576  02  00    50  99999.00  99999.00  20386.73  21063.05  -3526.11   2274.45  -1190.01   -434.37       0     377     379      83
87576  02  00    40  99999.00  99999.00  99999.00  99999.00  99999.00  99999.00  99999.00  99999.00       0       0      42       4
87576  02  00    30  99999.00  99999.00  23569.35  24357.39  -5025.67   3850.85  -1194.38   -447.74       0     313     327     185
87576  02  00    20  99999.00  99999.00  26121.47  27104.15   -584.48   -357.80  -1158.37   -420.61       0     222     244     165
87576  02  00    15  99999.00  99999.00  99999.00  99999.00  99999.00  99999.00  99999.00  99999.00       0       0      37      18
87576  02  00    10  99999.00  99999.00  99999.00  99999.00  99999.00  99999.00  99999.00  99999.00       0      21      34      22
87576  02  00     7  99999.00  99999.00  99999.00  99999.00  99999.00  99999.00  99999.00  99999.00       0       0       4       3
87576  02  00     5  99999.00  99999.00  99999.00  99999.00  99999.00  99999.00  99999.00  99999.00       0       0       0       0
87576  02  00     3  99999.00  99999.00  99999.00  99999.00  99999.00  99999.00  99999.00  99999.00       0       0       0       0
87576  02  00     2  99999.00  99999.00  99999.00  99999.00  99999.00  99999.00  99999.00  99999.00       0       0       0       0
87576  02  00     1  99999.00  99999.00  99999.00  99999.00  99999.00  99999.00  99999.00  99999.00       0       0       0       0
87576  03  00  9999    982.37   1038.41  99999.00  99999.00     14.59    416.35   -135.23    257.41     521       0     519     519
87576  03  00  1000  99999.00  99999.00   -125.72    343.36      9.12    431.16   -141.47    419.41       0     548     547     546
87576  03  00   925  99999.00  99999.00    572.38    999.10    -52.13    416.35   -237.03    426.57       0     259     261     260
87576  03  00   900  99999.00  99999.00  99999.00  99999.00  99999.00  99999.00  99999.00  99999.00       0       0      17      17
87576  03  00   850  99999.00  99999.00   1298.86   1703.74    -80.62    359.42   -489.91    564.17       0     550     551     543
87576  03  00   800  99999.00  99999.00  99999.00  99999.00  99999.00  99999.00  99999.00  99999.00       0       0      24      24
87576  03  00   700  99999.00  99999.00   2892.06   3338.22   -121.85    238.63   -763.60    555.44       0     548     546     522
87576  03  00   600  99999.00  99999.00  99999.00  99999.00  99999.00  99999.00  99999.00  99999.00       0       0      20      20
87576  03  00   500  99999.00  99999.00   5461.68   6113.40   -279.93     68.67   -946.52    359.32       0     542     544     534
87576  03  00   400  99999.00  99999.00   7057.96   7874.44   -404.39    -43.19  -1021.27    214.01       0     539     541     528
87576  03  00   300  99999.00  99999.00   8988.11  10036.43   -564.21   -190.17  -1056.13    -16.09       0     536     541     515
87576  03  00   250  99999.00  99999.00  10155.26  11334.38   -649.37   -279.65  -1137.51   -119.55       0     532     529     323
87576  03  00   200  99999.00  99999.00  11567.65  12827.53   -745.12   -343.72  -1195.81   -273.49       0     523     530     232
87576  03  00   150  99999.00  99999.00  13404.69  14614.41   -823.99   -402.91  -1175.02   -445.06       0     520     525     146
87576  03  00   100  99999.00  99999.00  15988.31  16974.83   -897.73   -457.69  -1232.84   -536.36       0     499     516     135
87576  03  00    80  99999.00  99999.00  99999.00  99999.00  99999.00  99999.00  99999.00  99999.00       0       0      37       7
87576  03  00    70  99999.00  99999.00  18220.86  19029.42   -871.44   -449.76  -1240.63   -517.27       0     456     465     118
87576  03  00    60  99999.00  99999.00  99999.00  99999.00  99999.00  99999.00  99999.00  99999.00       0       0      35       8
87576  03  00    50  99999.00  99999.00  20300.27  21086.87  -3305.28   2056.68  -1238.41   -452.53       0     436     444     110
87576  03  00    40  99999.00  99999.00  99999.00  99999.00  99999.00  99999.00  99999.00  99999.00       0       0      52       9
87576  03  00    30  99999.00  99999.00  23493.60  24360.60   -648.46   -411.82  -1204.28   -449.12       0     362     371     200
87576  03  00    20  99999.00  99999.00  26068.90  27076.18   -595.50   -357.54  -1149.82   -444.82       0     247     262     165
87576  03  00    15  99999.00  99999.00  99999.00  99999.00  99999.00  99999.00  99999.00  99999.00       0       0      58      38
87576  03  00    10  99999.00  99999.00  99999.00  99999.00  99999.00  99999.00  99999.00  99999.00       0      29      47      29
87576  03  00     7  99999.00  99999.00  99999.00  99999.00  99999.00  99999.00  99999.00  99999.00       0       0       1       1
87576  03  00     5  99999.00  99999.00  99999.00  99999.00  99999.00  99999.00  99999.00  99999.00       0       0       0       0
87576  03  00     3  99999.00  99999.00  99999.00  99999.00  99999.00  99999.00  99999.00  99999.00       0       0       0       0
87576  03  00     2  99999.00  99999.00  99999.00  99999.00  99999.00  99999.00  99999.00  99999.00       0       0       0       0
87576  03  00     1  99999.00  99999.00  99999.00  99999.00  99999.00  99999.00  99999.00  99999.00       0       0       0       0
87576  04  00  9999    978.88   1045.48  99999.00  99999.00    -39.57    383.43   -117.61    205.07     491       0     491     490
87576  04  00  1000  99999.00  99999.00   -135.17    384.43    -17.36    379.84   -186.66    411.06       0     492     495     493
87576  04  00   925  99999.00  99999.00    529.20   1049.40    -93.95    380.53   -301.44    427.44       0     217     223     223
87576  04  00   900  99999.00  99999.00  99999.00  99999.00  99999.00  99999.00  99999.00  99999.00       0       0      17      17
87576  04  00   850  99999.00  99999.00   1253.22   1743.30   -143.83    370.85   -622.45    613.19       0     494     499     494
87576  04  00   800  99999.00  99999.00  99999.00  99999.00  99999.00  99999.00  99999.00  99999.00       0       0      15      15
87576  04  00   700  99999.00  99999.00   2817.82   3382.06   -192.89    268.99   -807.60    566.16       0     494     500     490
87576  04  00   600  99999.00  99999.00  99999.00  99999.00  99999.00  99999.00  99999.00  99999.00       0       0      11      11
87576  04  00   500  99999.00  99999.00   5334.67   6169.39   -337.45     83.63   -915.57    327.03       0     491     496     492
87576  04  00   400  99999.00  99999.00   6904.26   7927.50   -440.72    -50.00   -959.28    152.28       0     487     489     483
87576  04  00   300  99999.00  99999.00   8810.04  10080.84   -578.92   -217.60   -998.38    -90.82       0     482     491     478
87576  04  00   250  99999.00  99999.00   9974.60  11359.76   -657.81   -314.61  -1068.31   -203.95       0     481     484     276
87576  04  00   200  99999.00  99999.00  11401.01  12814.25   -782.26   -348.70  -1121.96   -364.88       0     471     480     165
87576  04  00   150  99999.00  99999.00  13227.92  14585.60   -848.75   -372.95  -1185.11   -449.75       0     466     480     131
87576  04  00   100  99999.00  99999.00  15855.06  16938.18   -874.59   -437.79  -1248.39   -520.23       0     443     465     113
87576  04  00    80  99999.00  99999.00  99999.00  99999.00  99999.00  99999.00  99999.00  99999.00       0       0      36       9
87576  04  00    70  99999.00  99999.00  18129.48  18993.00   -832.45   -464.41  -1260.33   -492.93       0     401     410     104
87576  04  00    60  99999.00  99999.00  99999.00  99999.00  99999.00  99999.00  99999.00  99999.00       0       0      36       8
87576  04  00    50  99999.00  99999.00  20239.60  21037.24   -754.58   -451.46  -1259.26   -452.98       0     378     384     100
87576  04  00    40  99999.00  99999.00  99999.00  99999.00  99999.00  99999.00  99999.00  99999.00       0       0      40       8
87576  04  00    30  99999.00  99999.00  23396.20  24351.16   -696.29   -377.93  -1177.13   -490.37       0     306     319     167
87576  04  00    20  99999.00  99999.00  25909.14  27100.38  -6942.27   5715.45  -1166.24   -455.12       0     202     224     148
87576  04  00    15  99999.00  99999.00  99999.00  99999.00  99999.00  99999.00  99999.00  99999.00       0       0      50      36
87576  04  00    10  99999.00  99999.00  99999.00  99999.00  99999.00  99999.00  99999.00  99999.00       0      33      50      27
87576  04  00     7  99999.00  99999.00  99999.00  99999.00  99999.00  99999.00  99999.00  99999.00       0       0       3       1
87576  04  00     5  99999.00  99999.00  99999.00  99999.00  99999.00  99999.00  99999.00  99999.00       0       0       2       1
87576  04  00     3  99999.00  99999.00  99999.00  99999.00  99999.00  99999.00  99999.00  99999.00       0       0       0       0
87576  04  00     2  99999.00  99999.00  99999.00  99999.00  99999.00  99999.00  99999.00  99999.00       0       0       0       0
87576  04  00     1  99999.00  99999.00  99999.00  99999.00  99999.00  99999.00  99999.00  99999.00       0       0       0       0
87576  05  00  9999    978.04   1048.60  99999.00  99999.00    -97.52    372.76   -115.17    186.87     486       0     484     483
87576  05  00  1000  99999.00  99999.00   -137.65    403.19    -57.93    357.99   -244.27    419.93       0     496     496     494
87576  05  00   925  99999.00  99999.00    538.09   1056.97   -160.80    391.80   -494.25    549.03       0     228     232     231
87576  05  00   900  99999.00  99999.00  99999.00  99999.00  99999.00  99999.00  99999.00  99999.00       0       0      29      29
87576  05  00   850  99999.00  99999.00   1253.11   1733.35   -198.65    386.11   -714.19    639.29       0     495     498     494
87576  05  00   800  99999.00  99999.00  99999.00  99999.00  99999.00  99999.00  99999.00  99999.00       0       0      17      17
87576  05  00   700  99999.00  99999.00   2792.73   3371.85   -257.07    288.09   -826.84    520.64       0     498     499     492
87576  05  00   600  99999.00  99999.00  99999.00  99999.00  99999.00  99999.00  99999.00  99999.00       0       0      16      16
87576  05  00   500  99999.00  99999.00   5232.23   6182.39   -402.78     94.86   -918.82    290.30       0     492     497     494
87576  05  00   400  99999.00  99999.00   6745.96   7961.80   -515.05    -31.93   -967.88    130.00       0     491     493     492
87576  05  00   300  99999.00  99999.00   8587.44  10128.84   -636.43   -214.39  -1024.67    -80.27       0     489     492     468
87576  05  00   250  99999.00  99999.00   9733.56  11397.60   -696.81   -325.05  -1064.53   -228.85       0     485     483     253
87576  05  00   200  99999.00  99999.00  11139.79  12842.71   -821.83   -341.23  -1130.03   -345.23       0     479     481     139
87576  05  00   150  99999.00  99999.00  13092.74  14486.30   -876.47   -331.19  -1184.19   -409.23       0     475     478     122
87576  05  00   100  99999.00  99999.00  15773.70  16820.10   -867.63   -396.63  -1233.52   -461.08       0     451     463     108
87576  05  00    80  99999.00  99999.00  99999.00  99999.00  99999.00  99999.00  99999.00  99999.00       0       0      25       7
87576  05  00    70  99999.00  99999.00  18080.70  18889.02   -826.47   -435.75  -1243.44   -472.56       0     425     427     100
87576  05  00    60  99999.00  99999.00  99999.00  99999.00  99999.00  99999.00  99999.00  99999.00       0       0      35      11
87576  05  00    50  99999.00  99999.00  20170.03  20959.27   -778.05   -428.25  -1246.07   -444.11       0     398     398      93
87576  05  00    40  99999.00  99999.00  99999.00  99999.00  99999.00  99999.00  99999.00  99999.00       0       0      39       9
87576  05  00    30  99999.00  99999.00  23285.64  24288.84   -732.26   -377.42  -1209.46   -460.90       0     319     328     121
87576  05  00    20  99999.00  99999.00  25765.03  26992.03   -747.43   -305.59  -1161.92   -502.28       0     203     217     113
87576  05  00    15  99999.00  99999.00  99999.00  99999.00  99999.00  99999.00  99999.00  99999.00       0       0      55      29
87576  05  00    10  99999.00  99999.00  99999.00  99999.00  99999.00  99999.00  99999.00  99999.00       0      39      50      27
87576  05  00     7  99999.00  99999.00  99999.00  99999.00  99999.00  99999.00  99999.00  99999.00       0       0      10       2
87576  05  00     5  99999.00  99999.00  99999.00  99999.00  99999.00  99999.00  99999.00  99999.00       0       0       0       0
87576  05  00     3  99999.00  99999.00  99999.00  99999.00  99999.00  99999.00  99999.00  99999.00       0       0       0       0
87576  05  00     2  99999.00  99999.00  99999.00  99999.00  99999.00  99999.00  99999.00  99999.00       0       0       0       0
87576  05  00     1  99999.00  99999.00  99999.00  99999.00  99999.00  99999.00  99999.00  99999.00       0       0       0       0
87576  06  00  9999    975.77   1054.01  99999.00  99999.00   -133.15    344.57   -118.50    189.90     432       0     431     431
87576  06  00  1000  99999.00  99999.00   -150.98    442.66   -107.60    340.24   -270.21    388.11       0     449     451     450
87576  06  00   925  99999.00  99999.00    516.28   1074.28   -203.50    399.50   -647.05    618.47       0     200     204     203
87576  06  00   900  99999.00  99999.00  99999.00  99999.00  99999.00  99999.00  99999.00  99999.00       0       0      21      21
87576  06  00   850  99999.00  99999.00   1229.63   1753.19   -226.48    360.92   -744.32    628.12       0     451     455     449
87576  06  00   800  99999.00  99999.00  99999.00  99999.00  99999.00  99999.00  99999.00  99999.00       0       0      10      10
87576  06  00   700  99999.00  99999.00   2766.21   3363.93   -283.27    272.33   -863.27    544.21       0     451     451     445
87576  06  00   600  99999.00  99999.00  99999.00  99999.00  99999.00  99999.00  99999.00  99999.00       0       0      10      10
87576  06  00   500  99999.00  99999.00   5191.41   6155.37   -414.39     67.65   -897.54    262.74       0     447     452     448
87576  06  00   400  99999.00  99999.00   6693.33   7919.37   -514.47    -71.43   -973.02    115.14       0     442     443     442
87576  06  00   300  99999.00  99999.00   8547.17  10045.01   -628.19   -255.95   -996.27   -134.43       0     434     442     439
87576  06  00   250  99999.00  99999.00   9690.07  11305.87   -703.73   -344.81  -1059.42   -247.14       0     434     437     245
87576  06  00   200  99999.00  99999.00  11145.01  12686.65   -866.37   -307.65  -1116.38   -368.06       0     426     428     142
87576  06  00   150  99999.00  99999.00  13082.12  14352.92   -886.65   -299.01  -1189.31   -407.15       0     412     413     135
87576  06  00   100  99999.00  99999.00  15739.11  16744.47   -844.48   -388.24  -1247.08   -458.68       0     392     404     113
87576  06  00    80  99999.00  99999.00  99999.00  99999.00  99999.00  99999.00  99999.00  99999.00       0       0      22       9
87576  06  00    70  99999.00  99999.00  17985.32  18904.52   -818.85   -421.41  -1250.32   -487.84       0     380     380      99
87576  06  00    60  99999.00  99999.00  99999.00  99999.00  99999.00  99999.00  99999.00  99999.00       0       0      30      11
87576  06  00    50  99999.00  99999.00  20039.23  21031.27   -777.97   -423.49  -1225.08   -489.60       0     334     338      88
87576  06  00    40  99999.00  99999.00  99999.00  99999.00  99999.00  99999.00  99999.00  99999.00       0       0      33       9
87576  06  00    30  99999.00  99999.00  23124.78  24362.22   -738.01   -385.45  -1190.53   -501.37       0     248     257      91
87576  06  00    20  99999.00  99999.00  25574.08  27089.80   -737.74   -343.54  -1210.65   -472.17       0     148     160      83
87576  06  00    15  99999.00  99999.00  99999.00  99999.00  99999.00  99999.00  99999.00  99999.00       0       0      20      12
87576  06  00    10  99999.00  99999.00  99999.00  99999.00  99999.00  99999.00  99999.00  99999.00       0      11      14      13
87576  06  00     7  99999.00  99999.00  99999.00  99999.00  99999.00  99999.00  99999.00  99999.00       0       0       2       1
87576  06  00     5  99999.00  99999.00  99999.00  99999.00  99999.00  99999.00  99999.00  99999.00       0       0       0       0
87576  06  00     3  99999.00  99999.00  99999.00  99999.00  99999.00  99999.00  99999.00  99999.00       0       0       0       0
87576  06  00     2  99999.00  99999.00  99999.00  99999.00  99999.00  99999.00  99999.00  99999.00       0       0       0       0
87576  06  00     1  99999.00  99999.00  99999.00  99999.00  99999.00  99999.00  99999.00  99999.00       0       0       0       0
87576  07  00  9999    974.01   1059.69  99999.00  99999.00   -125.20    319.40   -119.48    195.52     435       0     434     434
87576  07  00  1000  99999.00  99999.00   -182.73    502.95   -118.62    333.66   -254.59    348.41       0     450     448     446
87576  07  00   925  99999.00  99999.00    522.01   1095.49   -216.71    382.69   -625.54    570.86       0     208     211     210
87576  07  00   900  99999.00  99999.00  99999.00  99999.00  99999.00  99999.00  99999.00  99999.00       0       0      11      10
87576  07  00   850  99999.00  99999.00   1206.24   1797.36   -254.99    379.57   -757.14    597.90       0     446     449     442
87576  07  00   800  99999.00  99999.00  99999.00  99999.00  99999.00  99999.00  99999.00  99999.00       0       0      17      16
87576  07  00   700  99999.00  99999.00   2740.04   3407.96   -311.15    292.93   -878.80    520.40       0     442     445     438
87576  07  00   600  99999.00  99999.00  99999.00  99999.00  99999.00  99999.00  99999.00  99999.00       0       0      14      14
87576  07  00   500  99999.00  99999.00   5141.64   6213.12   -443.07     91.17   -970.99    290.57       0     437     439     436
87576  07  00   400  99999.00  99999.00   6639.59   7978.19  -2792.00   2161.24  -1027.44    143.28       0     433     437     435
87576  07  00   300  99999.00  99999.00   8486.05  10112.17   -632.00   -253.16  -1061.92    -93.04       0     429     434     431
87576  07  00   250  99999.00  99999.00   9659.93  11337.05   -710.82   -332.22  -1083.42   -248.10       0     429     430     257
87576  07  00   200  99999.00  99999.00  11112.54  12730.62   -872.30   -273.50  -1135.40   -356.60       0     415     420     170
87576  07  00   150  99999.00  99999.00  13052.77  14411.29   -857.48   -310.52  -1235.53   -378.97       0     410     413     142
87576  07  00   100  99999.00  99999.00  15725.25  16796.37   -844.84   -383.68  -1254.22   -461.14       0     399     409     111
87576  07  00    80  99999.00  99999.00  99999.00  99999.00  99999.00  99999.00  99999.00  99999.00       0       0      17       6
87576  07  00    70  99999.00  99999.00  17983.91  18955.91   -793.45   -437.05  -1246.02   -491.82       0     389     390      96
87576  07  00    60  99999.00  99999.00  99999.00  99999.00  99999.00  99999.00  99999.00  99999.00       0       0      28       9
87576  07  00    50  99999.00  99999.00  20075.82  21050.82  -3619.42   2369.78  -1298.29   -426.49       0     350     356      88
87576  07  00    40  99999.00  99999.00  99999.00  99999.00  99999.00  99999.00  99999.00  99999.00       0       0      31      11
87576  07  00    30  99999.00  99999.00  23225.91  24333.63   -746.44   -378.28  -1134.93   -575.49       0     233     243     101
87576  07  00    20  99999.00  99999.00  25730.52  27000.24   -763.06   -319.54  -1168.20   -510.12       0     149     161      80
87576  07  00    15  99999.00  99999.00  99999.00  99999.00  99999.00  99999.00  99999.00  99999.00       0       0      32      16
87576  07  00    10  99999.00  99999.00  99999.00  99999.00  99999.00  99999.00  99999.00  99999.00       0       9      15      14
87576  07  00     7  99999.00  99999.00  99999.00  99999.00  99999.00  99999.00  99999.00  99999.00       0       0       0       0
87576  07  00     5  99999.00  99999.00  99999.00  99999.00  99999.00  99999.00  99999.00  99999.00       0       0       0       0
87576  07  00     3  99999.00  99999.00  99999.00  99999.00  99999.00  99999.00  99999.00  99999.00       0       0       0       0
87576  07  00     2  99999.00  99999.00  99999.00  99999.00  99999.00  99999.00  99999.00  99999.00       0       0       0       0
87576  07  00     1  99999.00  99999.00  99999.00  99999.00  99999.00  99999.00  99999.00  99999.00       0       0       0       0
87576  08  00  9999    979.07   1053.35  99999.00  99999.00   -106.53    336.15   -142.62    234.18     420       0     419     419
87576  08  00  1000  99999.00  99999.00   -142.88    452.08   -109.60    363.68   -306.06    412.86       0     439     439     438
87576  08  00   925  99999.00  99999.00    556.54   1061.26   -214.60    416.48   -487.34    478.06       0     186     190     189
87576  08  00   900  99999.00  99999.00  99999.00  99999.00  99999.00  99999.00  99999.00  99999.00       0       0      23      23
87576  08  00   850  99999.00  99999.00   1266.94   1743.34   -250.30    396.74   -732.57    587.67       0     437     440     430
87576  08  00   800  99999.00  99999.00  99999.00  99999.00  99999.00  99999.00  99999.00  99999.00       0       0      18      18
87576  08  00   700  99999.00  99999.00   2807.63   3354.59   -282.69    276.99   -874.74    538.62       0     435     436     426
87576  08  00   600  99999.00  99999.00  99999.00  99999.00  99999.00  99999.00  99999.00  99999.00       0       0      11      11
87576  08  00   500  99999.00  99999.00   5235.99   6147.75   -399.78     58.74   -981.39    297.09       0     435     435     435
87576  08  00   400  99999.00  99999.00   6755.62   7897.78   -504.65    -77.81  -1038.70    144.74       0     427     427     424
87576  08  00   300  99999.00  99999.00   8613.92  10024.64   -631.65   -244.17  -1064.23    -97.75       0     419     421     415
87576  08  00   250  99999.00  99999.00   9759.69  11284.89   -724.78   -299.14  -1113.62   -222.74       0     411     413     232
87576  08  00   200  99999.00  99999.00  11231.39  12675.95   -847.52   -276.68  -1160.89   -365.29       0     405     412     138
87576  08  00   150  99999.00  99999.00  13157.50  14386.18   -851.98   -316.18  -1194.69   -432.57       0     396     402     113
87576  08  00   100  99999.00  99999.00  15805.12  16793.68   -842.77   -388.81  -1148.41   -562.57       0     386     400      93
87576  08  00    80  99999.00  99999.00  99999.00  99999.00  99999.00  99999.00  99999.00  99999.00       0       0      28       3
87576  08  00    70  99999.00  99999.00  18006.77  19005.77   -794.81   -430.13  -1152.45   -568.29       0     386     387      76
87576  08  00    60  99999.00  99999.00  99999.00  99999.00  99999.00  99999.00  99999.00  99999.00       0       0      29       5
87576  08  00    50  99999.00  99999.00  20098.26  21108.54   -777.50   -400.46  -1191.83   -516.83       0     342     347      75
87576  08  00    40  99999.00  99999.00  99999.00  99999.00  99999.00  99999.00  99999.00  99999.00       0       0      44       9
87576  08  00    30  99999.00  99999.00  23202.35  24452.99   -756.01   -362.65  -1120.07   -570.83       0     254     261      94
87576  08  00    20  99999.00  99999.00  25689.57  27141.57   -752.42   -328.22  -1101.74   -572.66       0     144     161      81
87576  08  00    15  99999.00  99999.00  99999.00  99999.00  99999.00  99999.00  99999.00  99999.00       0       0      31      14
87576  08  00    10  99999.00  99999.00  99999.00  99999.00  99999.00  99999.00  99999.00  99999.00       0      13      15      11
87576  08  00     7  99999.00  99999.00  99999.00  99999.00  99999.00  99999.00  99999.00  99999.00       0       0       2       2
87576  08  00     5  99999.00  99999.00  99999.00  99999.00  99999.00  99999.00  99999.00  99999.00       0       0       0       0
87576  08  00     3  99999.00  99999.00  99999.00  99999.00  99999.00  99999.00  99999.00  99999.00       0       0       0       0
87576  08  00     2  99999.00  99999.00  99999.00  99999.00  99999.00  99999.00  99999.00  99999.00       0       0       0       0
87576  08  00     1  99999.00  99999.00  99999.00  99999.00  99999.00  99999.00  99999.00  99999.00       0       0       0       0
87576  09  00  9999    977.28   1054.44  99999.00  99999.00   -100.22    372.10   -145.84    259.88     456       0     456     456
87576  09  00  1000  99999.00  99999.00   -162.43    465.65   -122.60    405.88   -262.88    391.48       0     465     461     461
87576  09  00   925  99999.00  99999.00    515.06   1098.02   -239.98    455.42   -446.58    457.98       0     213     213     212
87576  09  00   900  99999.00  99999.00  99999.00  99999.00  99999.00  99999.00  99999.00  99999.00       0       0      16      16
87576  09  00   850  99999.00  99999.00   1257.33   1753.65   -276.62    422.62   -614.84    526.48       0     467     472     462
87576  09  00   800  99999.00  99999.00  99999.00  99999.00  99999.00  99999.00  99999.00  99999.00       0       0      15      15
87576  09  00   700  99999.00  99999.00   2787.22   3381.10   -314.68    312.08   -885.65    560.47       0     466     466     455
87576  09  00   600  99999.00  99999.00  99999.00  99999.00  99999.00  99999.00  99999.00  99999.00       0       0      21      21
87576  09  00   500  99999.00  99999.00   5214.18   6178.74   -426.75     93.81   -951.28    292.04       0     459     462     461
87576  09  00   400  99999.00  99999.00   6708.64   7958.56   -524.44    -51.28  -1027.52    145.84       0     451     451     448
87576  09  00   300  99999.00  99999.00   8542.09  10116.61   -628.35   -242.31  -1051.29    -93.45       0     449     456     437
87576  09  00   250  99999.00  99999.00   9704.75  11362.19   -716.74   -301.30  -1116.50   -227.06       0     442     442     226
87576  09  00   200  99999.00  99999.00  11190.30  12746.10   -854.00   -258.08  -1128.76   -390.28       0     437     441     148
87576  09  00   150  99999.00  99999.00  13123.66  14456.14   -825.55   -332.47  -1132.23   -502.83       0     427     432     112
87576  09  00   100  99999.00  99999.00  15771.63  16865.91   -858.29   -371.69  -1139.41   -573.61       0     407     416      86
87576  09  00    80  99999.00  99999.00  99999.00  99999.00  99999.00  99999.00  99999.00  99999.00       0       0      37       9
87576  09  00    70  99999.00  99999.00  18034.97  19021.97   -813.74   -412.46  -1190.87   -538.91       0     389     394      76
87576  09  00    60  99999.00  99999.00  99999.00  99999.00  99999.00  99999.00  99999.00  99999.00       0       0      26       7
87576  09  00    50  99999.00  99999.00  20073.35  21185.27   -784.30   -394.18  -1221.00   -498.12       0     353     362      75
87576  09  00    40  99999.00  99999.00  99999.00  99999.00  99999.00  99999.00  99999.00  99999.00       0       0      38       7
87576  09  00    30  99999.00  99999.00  23141.69  24568.85   -738.52   -370.72  -1196.35   -485.83       0     275     285      93
87576  09  00    20  99999.00  99999.00  25672.05  27202.53   -707.84   -357.56  -1120.93   -543.61       0     171     178      91
87576  09  00    15  99999.00  99999.00  99999.00  99999.00  99999.00  99999.00  99999.00  99999.00       0       0      37      23
87576  09  00    10  99999.00  99999.00  99999.00  99999.00  99999.00  99999.00  99999.00  99999.00       0      26      32      24
87576  09  00     7  99999.00  99999.00  99999.00  99999.00  99999.00  99999.00  99999.00  99999.00       0       0       3       3
87576  09  00     5  99999.00  99999.00  99999.00  99999.00  99999.00  99999.00  99999.00  99999.00       0       0       0       0
87576  09  00     3  99999.00  99999.00  99999.00  99999.00  99999.00  99999.00  99999.00  99999.00       0       0       0       0
87576  09  00     2  99999.00  99999.00  99999.00  99999.00  99999.00  99999.00  99999.00  99999.00       0       0       0       0
87576  09  00     1  99999.00  99999.00  99999.00  99999.00  99999.00  99999.00  99999.00  99999.00       0       0       0       0
87576  10  00  9999    978.16   1047.04  99999.00  99999.00    -49.68    382.80   -153.11    266.65     462       0     462     462
87576  10  00  1000  99999.00  99999.00   -142.50    399.18    -62.45    404.35   -200.74    390.02       0     471     472     472
87576  10  00   925  99999.00  99999.00    548.94   1035.54   -114.83    387.61   -298.73    393.31       0     210     214     214
87576  10  00   900  99999.00  99999.00  99999.00  99999.00  99999.00  99999.00  99999.00  99999.00       0       0      14      14
87576  10  00   850  99999.00  99999.00   1268.42   1722.02   -176.59    373.73   -582.33    550.83       0     482     481     472
87576  10  00   800  99999.00  99999.00  99999.00  99999.00  99999.00  99999.00  99999.00  99999.00       0       0      22      22
87576  10  00   700  99999.00  99999.00   2834.93   3336.17   -223.88    258.40   -824.37    545.07       0     475     475     458
87576  10  00   600  99999.00  99999.00  99999.00  99999.00  99999.00  99999.00  99999.00  99999.00       0       0      18      18
87576  10  00   500  99999.00  99999.00   5302.84   6120.64   -357.45     51.15   -958.42    327.74       0     473     476     473
87576  10  00   400  99999.00  99999.00   6844.55   7874.63   -483.50    -59.66   -997.71    146.49       0     465     468     467
87576  10  00   300  99999.00  99999.00   8717.99  10019.87   -624.30   -214.74  -1057.38    -53.10       0     460     461     441
87576  10  00   250  99999.00  99999.00   9877.66  11284.42   -703.27   -292.51  -1129.15   -161.95       0     458     457     261
87576  10  00   200  99999.00  99999.00  11322.76  12715.48   -827.79   -280.47  -1165.54   -321.82       0     449     452     175
87576  10  00   150  99999.00  99999.00  13222.92  14454.00   -806.69   -367.37  -1210.08   -402.24       0     433     433     129
87576  10  00   100  99999.00  99999.00  15870.89  16844.21   -833.96   -422.36  -1206.53   -491.45       0     401     410      95
87576  10  00    80  99999.00  99999.00  99999.00  99999.00  99999.00  99999.00  99999.00  99999.00       0       0      24       8
87576  10  00    70  99999.00  99999.00  18120.56  18978.32   -817.39   -434.95  -1251.58   -482.50       0     369     372      80
87576  10  00    60  99999.00  99999.00  99999.00  99999.00  99999.00  99999.00  99999.00  99999.00       0       0      39       9
87576  10  00    50  99999.00  99999.00  20140.57  21130.93  -3623.61   2374.83  -1230.59   -473.75       0     349     355      78
87576  10  00    40  99999.00  99999.00  99999.00  99999.00  99999.00  99999.00  99999.00  99999.00       0       0      28       5
87576  10  00    30  99999.00  99999.00  23199.05  24509.57  -3896.51   2709.73  -1198.04   -480.08       0     291     295      84
87576  10  00    20  99999.00  99999.00  25679.14  27231.82   -737.42   -327.74  -1180.83   -476.67       0     207     215     100
87576  10  00    15  99999.00  99999.00  99999.00  99999.00  99999.00  99999.00  99999.00  99999.00       0       0      43      27
87576  10  00    10  99999.00  99999.00  99999.00  99999.00  99999.00  99999.00  99999.00  99999.00       0      25      38      32
87576  10  00     7  99999.00  99999.00  99999.00  99999.00  99999.00  99999.00  99999.00  99999.00       0       0       2       1
87576  10  00     5  99999.00  99999.00  99999.00  99999.00  99999.00  99999.00  99999.00  99999.00       0       0       0       0
87576  10  00     3  99999.00  99999.00  99999.00  99999.00  99999.00  99999.00  99999.00  99999.00       0       0       0       0
87576  10  00     2  99999.00  99999.00  99999.00  99999.00  99999.00  99999.00  99999.00  99999.00       0       0       0       0
87576  10  00     1  99999.00  99999.00  99999.00  99999.00  99999.00  99999.00  99999.00  99999.00       0       0       0       0
87576  11  00  9999    980.09   1040.21  99999.00  99999.00    -30.90    422.34   -155.62    280.34     437       0     437     436
87576  11  00  1000  99999.00  99999.00   -128.54    344.74    -41.41    437.03   -142.98    377.22       0     448     447     446
87576  11  00   925  99999.00  99999.00    569.46    979.02    -97.34    419.62   -301.41    430.35       0     182     185     185
87576  11  00   900  99999.00  99999.00  99999.00  99999.00  99999.00  99999.00  99999.00  99999.00       0       0      20      20
87576  11  00   850  99999.00  99999.00   1270.78   1704.58   -121.95    361.89   -508.68    535.08       0     455     454     453
87576  11  00   800  99999.00  99999.00  99999.00  99999.00  99999.00  99999.00  99999.00  99999.00       0       0      12      12
87576  11  00   700  99999.00  99999.00   2843.26   3334.90   -174.29    247.87   -745.07    506.41       0     456     457     445
87576  11  00   600  99999.00  99999.00  99999.00  99999.00  99999.00  99999.00  99999.00  99999.00       0       0      17      17
87576  11  00   500  99999.00  99999.00   5371.46   6100.58   -328.22     62.38   -941.05    347.63       0     450     454     452
87576  11  00   400  99999.00  99999.00   6935.35   7858.15   -439.35    -64.35   -990.31    168.17       0     446     449     446
87576  11  00   300  99999.00  99999.00   8847.44   9994.28   -594.36   -210.00  -1022.34    -65.82       0     447     450     425
87576  11  00   250  99999.00  99999.00  10004.77  11277.13   -686.67   -279.75  -1083.98   -182.78       0     439     442     253
87576  11  00   200  99999.00  99999.00  11450.08  12724.48   -798.00   -296.16  -1150.18   -317.38       0     435     444     169
87576  11  00   150  99999.00  99999.00  13330.49  14487.29   -815.66   -363.50  -1210.67   -402.11       0     423     424     119
87576  11  00   100  99999.00  99999.00  15968.03  16865.39   -867.11   -421.67  -1247.71   -477.43       0     392     407     106
87576  11  00    80  99999.00  99999.00  99999.00  99999.00  99999.00  99999.00  99999.00  99999.00       0       0      25       8
87576  11  00    70  99999.00  99999.00  18160.95  19023.27  -4881.97   3497.03  -1250.98   -491.02       0     354     359      91
87576  11  00    60  99999.00  99999.00  99999.00  99999.00  99999.00  99999.00  99999.00  99999.00       0       0      27       8
87576  11  00    50  99999.00  99999.00  20214.15  21121.95   -748.11   -459.87  -1251.78   -452.82       0     322     325      86
87576  11  00    40  99999.00  99999.00  99999.00  99999.00  99999.00  99999.00  99999.00  99999.00       0       0      26       4
87576  11  00    30  99999.00  99999.00  23328.17  24433.73  -4038.80   2847.16  -1281.15   -368.43       0     267     271      87
87576  11  00    20  99999.00  99999.00  25862.58  27087.90  -4637.51   3487.09  -1186.76   -470.96       0     191     196     116
87576  11  00    15  99999.00  99999.00  99999.00  99999.00  99999.00  99999.00  99999.00  99999.00       0       0      34      21
87576  11  00    10  99999.00  99999.00  99999.00  99999.00  99999.00  99999.00  99999.00  99999.00       0      38      46      32
87576  11  00     7  99999.00  99999.00  99999.00  99999.00  99999.00  99999.00  99999.00  99999.00       0       0       5       5
87576  11  00     5  99999.00  99999.00  99999.00  99999.00  99999.00  99999.00  99999.00  99999.00       0       0       0       0
87576  11  00     3  99999.00  99999.00  99999.00  99999.00  99999.00  99999.00  99999.00  99999.00       0       0       0       0
87576  11  00     2  99999.00  99999.00  99999.00  99999.00  99999.00  99999.00  99999.00  99999.00       0       0       0       0
87576  11  00     1  99999.00  99999.00  99999.00  99999.00  99999.00  99999.00  99999.00  99999.00       0       0       0       0
87576  12  00  9999    981.74   1033.58  99999.00  99999.00      9.62    453.98   -170.97    336.39     487       0     486     485
87576  12  00  1000  99999.00  99999.00   -130.83    307.17      9.23    456.11   -137.89    409.55       0     491     488     486
87576  12  00   925  99999.00  99999.00    561.45    960.33    -24.86    421.66   -245.71    413.45       0     212     215     214
87576  12  00   900  99999.00  99999.00  99999.00  99999.00  99999.00  99999.00  99999.00  99999.00       0       0      12      12
87576  12  00   850  99999.00  99999.00  -1629.99   4549.77  -2598.78   2852.58   -376.17    456.39       0     499     502     495
87576  12  00   800  99999.00  99999.00  99999.00  99999.00  99999.00  99999.00  99999.00  99999.00       0       0      18      18
87576  12  00   700  99999.00  99999.00   -453.92   6596.44  -2670.16   2740.04   -701.29    505.79       0     499     500     481
87576  12  00   600  99999.00  99999.00  99999.00  99999.00  99999.00  99999.00  99999.00  99999.00       0       0      12      12
87576  12  00   500  99999.00  99999.00   5398.42   6129.10   -286.12     61.76   -896.48    332.80       0     493     493     488
87576  12  00   400  99999.00  99999.00   6999.96   7876.68   -400.10    -59.78   -995.94    206.10       0     490     492     487
87576  12  00   300  99999.00  99999.00   8928.00  10033.68   -542.13   -219.21  -1068.35     -7.43       0     481     484     471
87576  12  00   250  99999.00  99999.00  10098.44  11325.44   -634.23   -301.71  -1128.99   -115.83       0     474     478     307
87576  12  00   200  99999.00  99999.00  11535.48  12788.64   -740.92   -355.24  -1182.90   -269.82       0     471     478     206
87576  12  00   150  99999.00  99999.00  13409.96  14547.68   -818.70   -376.14  -1235.61   -336.45       0     464     470     116
87576  12  00   100  99999.00  99999.00   8861.10  23963.58   -883.49   -450.29  -1252.32   -478.32       0     444     461     102
87576  12  00    80  99999.00  99999.00  99999.00  99999.00  99999.00  99999.00  99999.00  99999.00       0       0      30       8
87576  12  00    70  99999.00  99999.00  18256.71  18979.59  -4542.96   3125.64  -1253.37   -462.09       0     415     427      85
87576  12  00    60  99999.00  99999.00  99999.00  99999.00  99999.00  99999.00  99999.00  99999.00       0       0      36      14
87576  12  00    50  99999.00  99999.00  20278.46  21083.90   -785.67   -433.59  -1196.59   -435.43       0     370     379      75
87576  12  00    40  99999.00  99999.00  99999.00  99999.00  99999.00  99999.00  99999.00  99999.00       0       0      38       5
87576  12  00    30  99999.00  99999.00  23398.12  24401.20  -5954.37   4685.19  -1257.71   -352.67       0     304     314     115
87576  12  00    20  99999.00  99999.00  25920.76  27111.04  -4258.95   3186.69  -1198.39   -415.39       0     225     235     156
87576  12  00    15  99999.00  99999.00  99999.00  99999.00  99999.00  99999.00  99999.00  99999.00       0       0      38      26
87576  12  00    10  99999.00  99999.00  99999.00  99999.00  99999.00  99999.00  99999.00  99999.00       0      41      51      33
87576  12  00     7  99999.00  99999.00  99999.00  99999.00  99999.00  99999.00  99999.00  99999.00       0       0       6       6
87576  12  00     5  99999.00  99999.00  99999.00  99999.00  99999.00  99999.00  99999.00  99999.00       0       0       0       0
87576  12  00     3  99999.00  99999.00  99999.00  99999.00  99999.00  99999.00  99999.00  99999.00       0       0       0       0
87576  12  00     2  99999.00  99999.00  99999.00  99999.00  99999.00  99999.00  99999.00  99999.00       0       0       0       0
87576  12  00     1  99999.00  99999.00  99999.00  99999.00  99999.00  99999.00  99999.00  99999.00       0       0       0       0
