70398  01  12  9999    930.88   1083.04  99999.00  99999.00   -258.57    304.71   -153.59    209.89    1013       0    1011     882
70398  01  12  1000  99999.00  99999.00   -248.70    530.58   -240.50    286.18   -410.99    374.77       0     749     746     638
70398  01  12   925  99999.00  99999.00    114.96   1313.88   -271.39    260.09   -490.01    394.51       0     670     675     672
70398  01  12   900  99999.00  99999.00  99999.00  99999.00  99999.00  99999.00  99999.00  99999.00       0       8      22      18
70398  01  12   850  99999.00  99999.00    794.19   1985.43   -313.15    237.77   -599.73    420.87       0    1055    1055     902
70398  01  12   800  99999.00  99999.00  99999.00  99999.00  99999.00  99999.00  99999.00  99999.00       0      15      26      22
70398  01  12   700  99999.00  99999.00   2240.32   3561.76   -423.08    192.64   -836.48    436.48       0    1053    1054     903
70398  01  12   600  99999.00  99999.00  99999.00  99999.00  99999.00  99999.00  99999.00  99999.00       0      17      31      22
70398  01  12   500  99999.00  99999.00   4526.17   6284.17   -613.24     69.32   -991.64    252.52       0    1053    1053     894
70398  01  12   400  99999.00  99999.00   5922.30   8030.46   -700.01    -65.33  -1003.65     58.59       0    1050    1051     799
70398  01  12   300  99999.00  99999.00   7671.59  10126.67   -722.14   -298.78   -947.68   -269.08       0    1042    1042     628
70398  01  12   250  99999.00  99999.00   8835.06  11307.78   -819.25   -285.25   -936.58   -381.34       0    1040    1040     624
70398  01  12   200  99999.00  99999.00  10366.76  12621.92   -938.35   -156.43  -1013.89   -336.85       0    1034    1035     607
70398  01  12   150  99999.00  99999.00  12315.17  14376.17   -802.93   -250.81  -1051.55   -306.47       0    1024    1024     580
70398  01  12   100  99999.00  99999.00  14948.48  16961.48   -813.61   -272.41  -1098.53   -308.45       0    1007    1008     561
70398  01  12    80  99999.00  99999.00  16354.30  18348.94   -806.63   -298.55  -1058.34   -352.02       0      71     106      66
70398  01  12    70  99999.00  99999.00  17192.38  19281.94   -844.03   -260.11  -1117.57   -314.29       0     982     983     542
70398  01  12    60  99999.00  99999.00  99999.00  99999.00   -860.30   -240.50  99999.00  99999.00       0      42      87      52
70398  01  12    50  99999.00  99999.00  19205.74  21564.10   -877.76   -233.36  -1140.50   -305.54       0     953     955     527
70398  01  12    40  99999.00  99999.00  20411.05  23045.53   -906.15   -197.07  -1158.67   -278.35       0      73     131      78
70398  01  12    30  99999.00  99999.00  22112.33  25179.41   -958.65   -161.01  -1195.07   -271.19       0     878     881     494
70398  01  12    20  99999.00  99999.00  24280.67  28196.87  -1023.45    -93.81  -1203.05   -274.97       0     750     754     437
70398  01  12    15  99999.00  99999.00  25702.68  30071.40  -1030.70    -56.42  -1202.18   -283.46       0      88     200      96
70398  01  12    10  99999.00  99999.00  28034.66  33276.98  -1095.86    -20.66  -1224.43   -271.87       0     363     392     271
70398  01  12     7  99999.00  99999.00  29778.27  35867.07  -1129.76      4.48  -1193.46   -288.18       0     150     184     156
70398  01  12     5  99999.00  99999.00  99999.00  99999.00  -1157.64      2.28  -1239.78   -231.42       0      44      73      72
70398  01  12     3  99999.00  99999.00  99999.00  99999.00  99999.00  99999.00  99999.00  99999.00       0       1       2       2
70398  01  12     2  99999.00  99999.00  99999.00  99999.00  99999.00  99999.00  99999.00  99999.00       0       1       1       1
70398  01  12     1  99999.00  99999.00  99999.00  99999.00  99999.00  99999.00  99999.00  99999.00       0       0       0       0
70398  02  12  9999    933.56   1082.72  99999.00  99999.00   -223.56    270.60   -188.68    252.68     937       0     930     807
70398  02  12  1000  99999.00  99999.00  -2161.61   2420.35   -193.53    244.71   -419.01    370.71       0     729     727     612
70398  02  12   925  99999.00  99999.00    149.76   1300.56   -233.47    224.33   -432.98    327.94       0     642     643     610
70398  02  12   900  99999.00  99999.00  99999.00  99999.00  99999.00  99999.00  99999.00  99999.00       0      12      27      21
70398  02  12   850  99999.00  99999.00    807.99   1990.71   -305.29    227.63   -601.39    404.21       0     972     970     825
70398  02  12   800  99999.00  99999.00  99999.00  99999.00  99999.00  99999.00  99999.00  99999.00       0      25      35      29
70398  02  12   700  99999.00  99999.00   2255.35   3563.83   -421.00    182.24   -852.92    427.36       0     971     968     823
70398  02  12   600  99999.00  99999.00  99999.00  99999.00  99999.00  99999.00  99999.00  99999.00       0      14      27      20
70398  02  12   500  99999.00  99999.00   2297.99   8485.79   -611.43     56.49  -1003.74    241.50       0     970     968     812
70398  02  12   400  99999.00  99999.00   5927.97   8024.25   -698.04    -78.84   -994.12     30.92       0     970     971     735
70398  02  12   300  99999.00  99999.00   7697.29  10090.81   -722.03   -305.27   -930.65   -299.93       0     968     967     572
70398  02  12   250  99999.00  99999.00   8882.30  11249.42   -855.04   -253.24   -946.86   -377.46       0     965     965     570
70398  02  12   200  99999.00  99999.00   7171.98  15761.82   -952.12   -134.32  -1008.69   -323.97       0     958     958     546
70398  02  12   150  99999.00  99999.00  12415.37  14275.73   -786.15   -256.71  -1022.44   -320.32       0     953     954     523
70398  02  12   100  99999.00  99999.00  10769.55  21099.39   -781.61   -287.93  -1072.63   -319.39       0     937     939     503
70398  02  12    80  99999.00  99999.00  99999.00  99999.00   -763.32   -318.48  99999.00  99999.00       0      60     100      59
70398  02  12    70  99999.00  99999.00  17336.08  19165.96   -796.46   -291.98  -1079.86   -336.82       0     914     916     481
70398  02  12    60  99999.00  99999.00  99999.00  99999.00   -775.91   -313.91  99999.00  99999.00       0      38      79      41
70398  02  12    50  99999.00  99999.00  19375.24  21437.80   -823.71   -275.31  -1080.29   -351.65       0     890     891     468
70398  02  12    40  99999.00  99999.00  99999.00  99999.00   -808.76   -289.76  99999.00  99999.00       0      48      90      59
70398  02  12    30  99999.00  99999.00  22344.57  25002.09   -886.33   -221.29  -1107.06   -346.50       0     819     822     433
70398  02  12    20  99999.00  99999.00  24621.75  27912.51   -935.37   -168.57  -1124.72   -338.60       0     724     730     386
70398  02  12    15  99999.00  99999.00  26085.24  29850.84   -973.78   -118.78  -1150.02   -299.34       0      81     169      98
70398  02  12    10  99999.00  99999.00  28327.51  33130.51  -1024.04    -56.96  -1177.31   -298.67       0     372     400     263
70398  02  12     7  99999.00  99999.00  10762.69  54486.97  -1033.62    -62.82  -1154.46   -297.66       0     141     178     153
70398  02  12     5  99999.00  99999.00  99999.00  99999.00  -1033.61    -90.65  -1138.19   -307.67       0      48      72      70
70398  02  12     3  99999.00  99999.00  99999.00  99999.00  99999.00  99999.00  99999.00  99999.00       0       1       6       5
70398  02  12     2  99999.00  99999.00  99999.00  99999.00  99999.00  99999.00  99999.00  99999.00       0       1       1       0
70398  02  12     1  99999.00  99999.00  99999.00  99999.00  99999.00  99999.00  99999.00  99999.00       0       0       0       0
70398  03  12  9999    943.77   1071.09  99999.00  99999.00   -157.34    218.02   -186.60    249.36    1024       0    1022     884
70398  03  12  1000  99999.00  99999.00   -227.28    486.60   -140.76    205.56   -362.96    334.84       0     816     815     685
70398  03  12   925  99999.00  99999.00    201.45   1240.65   -212.91    196.77   -412.37    312.79       0     702     703     671
70398  03  12   900  99999.00  99999.00  99999.00  99999.00  99999.00  99999.00  99999.00  99999.00       0      14      23      19
70398  03  12   850  99999.00  99999.00    888.04   1900.00   -261.69    169.11   -506.98    325.22       0    1064    1064     912
70398  03  12   800  99999.00  99999.00  99999.00  99999.00  99999.00  99999.00  99999.00  99999.00       0      17      35      28
70398  03  12   700  99999.00  99999.00   2351.03   3445.19   -387.72    123.96   -773.99    357.61       0    1065    1065     912
70398  03  12   600  99999.00  99999.00  99999.00  99999.00  99999.00  99999.00  99999.00  99999.00       0      10      24      24
70398  03  12   500  99999.00  99999.00   4643.59   6123.19   -610.93     26.87   -944.24    178.00       0    1063    1063     908
70398  03  12   400  99999.00  99999.00   6039.87   7844.67   -701.29    -99.25  -1010.86     27.14       0    1065    1064     782
70398  03  12   300  99999.00  99999.00   7808.80   9900.52   -724.23   -302.19   -957.55   -277.99       0    1058    1057     631
70398  03  12   250  99999.00  99999.00   9009.31  11049.43   -851.03   -232.07   -964.78   -345.22       0    1055    1054     615
70398  03  12   200  99999.00  99999.00  10580.65  12346.93   -905.81   -150.17  -1039.74   -291.90       0    1050    1049     593
70398  03  12   150  99999.00  99999.00  12537.79  14118.67   -757.13   -269.69  -1046.32   -298.60       0    1042    1042     566
70398  03  12   100  99999.00  99999.00  15193.81  16713.61   -734.87   -320.75  -1092.84   -301.80       0    1028    1027     557
70398  03  12    80  99999.00  99999.00  16601.21  18162.29   -772.39   -304.51  99999.00  99999.00       0      64      95      55
70398  03  12    70  99999.00  99999.00  17482.20  19016.16   -747.65   -328.97  -1093.27   -323.59       0    1009    1012     534
70398  03  12    60  99999.00  99999.00  99999.00  99999.00   -742.42   -329.02  99999.00  99999.00       0      36      80      42
70398  03  12    50  99999.00  99999.00  19544.80  21265.12   -776.39   -315.95  -1103.39   -333.83       0     992     995     524
70398  03  12    40  99999.00  99999.00  99999.00  99999.00   -795.20   -302.84  -1160.45   -287.09       0      55     105      64
70398  03  12    30  99999.00  99999.00  22543.00  24792.88   -843.39   -267.27  -1126.35   -334.59       0     936     936     497
70398  03  12    20  99999.00  99999.00  24818.97  27674.97   -896.66   -219.26  -1145.18   -331.58       0     837     842     464
70398  03  12    15  99999.00  99999.00  25941.22  29787.22   -962.20   -145.12  -1178.25   -303.81       0      97     210     115
70398  03  12    10  99999.00  99999.00  28469.60  32757.08   -971.91   -143.43  -1177.92   -321.84       0     455     491     331
70398  03  12     7  99999.00  99999.00  29945.37  35624.01   -996.78   -105.42  -1191.62   -299.90       0     175     222     186
70398  03  12     5  99999.00  99999.00  99999.00  99999.00   -995.36    -86.96  -1227.19   -214.63       0      39      75      70
70398  03  12     3  99999.00  99999.00  99999.00  99999.00  99999.00  99999.00  99999.00  99999.00       0       0       4       4
70398  03  12     2  99999.00  99999.00  99999.00  99999.00  99999.00  99999.00  99999.00  99999.00       0       0       1       0
70398  03  12     1  99999.00  99999.00  99999.00  99999.00  99999.00  99999.00  99999.00  99999.00       0       0       0       0
70398  04  12  9999    957.43   1061.71  99999.00  99999.00   -104.19    201.33   -133.25    183.79    1006       0    1001     855
70398  04  12  1000  99999.00  99999.00  -1928.25   2167.59   -101.43    208.41   -216.80    240.64       0     905     904     768
70398  04  12   925  99999.00  99999.00  -1769.28   3230.52   -183.22    214.82   -286.56    232.32       0     684     683     655
70398  04  12   900  99999.00  99999.00  99999.00  99999.00  99999.00  99999.00  99999.00  99999.00       0       9      19      17
70398  04  12   850  99999.00  99999.00    995.60   1849.52   -244.17    187.35   -414.27    267.21       0    1040    1039     884
70398  04  12   800  99999.00  99999.00  99999.00  99999.00  99999.00  99999.00  99999.00  99999.00       0      14      24      18
70398  04  12   700  99999.00  99999.00   2455.50   3415.50   -375.71    142.21   -728.24    338.80       0    1041    1041     887
70398  04  12   600  99999.00  99999.00  99999.00  99999.00  99999.00  99999.00  99999.00  99999.00       0      22      31      23
70398  04  12   500  99999.00  99999.00   4747.91   6124.91   -600.52     49.64   -966.42    226.38       0    1041    1039     884
70398  04  12   400  99999.00  99999.00   3701.13  10275.33   -701.41    -71.05   -970.32     27.60       0    1035    1034     765
70398  04  12   300  99999.00  99999.00   7886.48   9966.92   -705.84   -304.32   -943.48   -262.24       0    1030    1032     614
70398  04  12   250  99999.00  99999.00   9069.96  11139.60   -804.30   -273.54   -945.07   -354.43       0    1028    1029     606
70398  04  12   200  99999.00  99999.00  10629.12  12443.16   -893.23   -172.87  -1041.03   -293.43       0    1027    1027     589
70398  04  12   150  99999.00  99999.00  12630.19  14162.83   -747.41   -290.69  -1040.16   -304.92       0    1018    1019     571
70398  04  12   100  99999.00  99999.00  11028.53  20952.29   -727.06   -338.38  -1089.52   -305.08       0    1008    1010     566
70398  04  12    80  99999.00  99999.00  16802.95  18007.63   -717.51   -363.51  -1076.71   -316.15       0      66     103      68
70398  04  12    70  99999.00  99999.00  17661.32  18955.64   -730.89   -353.73  -1087.26   -330.30       0     993     993     550
70398  04  12    60  99999.00  99999.00  99999.00  99999.00   -713.33   -376.73  99999.00  99999.00       0      30      70      41
70398  04  12    50  99999.00  99999.00  19801.99  21117.43   -731.34   -369.06  -1101.53   -335.21       0     978     979     543
70398  04  12    40  99999.00  99999.00  99999.00  99999.00   -737.56   -372.76  -1091.80   -357.64       0      50      95      72
70398  04  12    30  99999.00  99999.00  22949.36  24481.88   -750.68   -367.16  -1113.98   -343.46       0     921     921     514
70398  04  12    20  99999.00  99999.00  25377.99  27220.59   -785.50   -324.82  -1137.35   -323.63       0     824     825     475
70398  04  12    15  99999.00  99999.00    751.31  54111.23   -829.14   -246.90  -1213.49   -250.85       0      73     166     100
70398  04  12    10  99999.00  99999.00  19622.06  41694.62   -851.16   -185.52  -1170.15   -256.47       0     499     525     352
70398  04  12     7  99999.00  99999.00  30995.44  34972.84   -881.98   -102.94  -1198.52   -202.64       0     206     281     222
70398  04  12     5  99999.00  99999.00  99999.00  99999.00   -903.56    -42.32  -1139.51   -204.59       0      58     106      95
70398  04  12     3  99999.00  99999.00  99999.00  99999.00  99999.00  99999.00  99999.00  99999.00       0       5       8       6
70398  04  12     2  99999.00  99999.00  99999.00  99999.00  99999.00  99999.00  99999.00  99999.00       0       0       2       1
70398  04  12     1  99999.00  99999.00  99999.00  99999.00  99999.00  99999.00  99999.00  99999.00       0       0       0       0
70398  05  12  9999    970.85   1052.57  99999.00  99999.00    -61.16    217.12   -110.67    157.65    1056       0    1052     886
70398  05  12  1000  99999.00  99999.00   -146.66    427.54    -71.96    232.12   -150.59    237.85       0    1010    1009     847
70398  05  12   925  99999.00  99999.00    435.92   1109.72   -191.87    286.93   -251.23    252.17       0     704     709     675
70398  05  12   900  99999.00  99999.00  99999.00  99999.00  99999.00  99999.00  99999.00  99999.00       0      18      26      21
70398  05  12   850  99999.00  99999.00   1115.71   1798.15   -239.66    249.46   -370.21    280.43       0    1069    1068     902
70398  05  12   800  99999.00  99999.00  99999.00  99999.00  99999.00  99999.00  99999.00  99999.00       0      13      27      25
70398  05  12   700  99999.00  99999.00   2587.11   3394.35   -348.13    187.31   -699.12    373.32       0    1071    1068     899
70398  05  12   600  99999.00  99999.00  99999.00  99999.00  99999.00  99999.00  99999.00  99999.00       0      18      32      21
70398  05  12   500  99999.00  99999.00   4916.78   6140.18   -536.57     59.95   -935.33    238.75       0    1071    1071     903
70398  05  12   400  99999.00  99999.00   3870.45  10339.65  -2155.21   1434.47   -982.76     82.36       0    1070    1069     844
70398  05  12   300  99999.00  99999.00   8122.21  10012.93   -695.87   -271.55   -893.52   -259.44       0    1069    1069     640
70398  05  12   250  99999.00  99999.00   9299.23  11208.79   -778.26   -277.02   -903.17   -365.57       0    1066    1066     632
70398  05  12   200  99999.00  99999.00  10862.85  12524.01   -867.01   -180.61   -983.03   -326.87       0    1060    1059     605
70398  05  12   150  99999.00  99999.00  12868.12  14251.60   -724.75   -301.87  -1016.98   -321.58       0    1052    1052     575
70398  05  12   100  99999.00  99999.00  15583.25  16787.09   -693.61   -363.85  -1066.71   -325.83       0    1042    1042     564
70398  05  12    80  99999.00  99999.00   -593.35  35109.77   -704.89   -369.85  -1038.30   -343.26       0      86     111      65
70398  05  12    70  99999.00  99999.00  17908.69  19054.93   -686.51   -384.71  -1072.96   -340.24       0    1017    1017     547
70398  05  12    60  99999.00  99999.00  99999.00  99999.00   -701.77   -374.05  99999.00  99999.00       0      35      65      29
70398  05  12    50  99999.00  99999.00  20063.41  21224.41   -669.63   -405.51  -1081.92   -340.08       0    1005    1005     536
70398  05  12    40  99999.00  99999.00  99999.00  99999.00   -689.47   -388.51  99999.00  99999.00       0      55      99      58
70398  05  12    30  99999.00  99999.00  23265.84  24598.32   -666.61   -387.01  -1088.55   -327.51       0     957     958     498
70398  05  12    20  99999.00  99999.00  25767.86  27358.70   -678.35   -323.03  -1083.66   -303.54       0     907     910     478
70398  05  12    15  99999.00  99999.00  27155.13  29380.29   -664.50   -284.34  -1110.97   -235.69       0     101     200     104
70398  05  12    10  99999.00  99999.00  29928.20  32378.36   -656.78   -190.34  -1068.87   -251.31       0     605     655     393
70398  05  12     7  99999.00  99999.00  31831.48  35194.48   -660.95    -99.83  -1059.61   -207.61       0     244     302     210
70398  05  12     5  99999.00  99999.00  99999.00  99999.00   -710.15     -9.95  -1076.55   -150.15       0      49      92      75
70398  05  12     3  99999.00  99999.00  99999.00  99999.00  99999.00  99999.00  99999.00  99999.00       0       4       4       2
70398  05  12     2  99999.00  99999.00  99999.00  99999.00  99999.00  99999.00  99999.00  99999.00       0       3       3       1
70398  05  12     1  99999.00  99999.00  99999.00  99999.00  99999.00  99999.00  99999.00  99999.00       0       0       1       0
70398  06  12  9999    976.21   1047.97  99999.00  99999.00    -15.31    224.45    -73.59    110.61    1025       0    1022     880
70398  06  12  1000  99999.00  99999.00   -124.01    406.99    -27.08    236.80    -63.44    214.72       0    1000     996     853
70398  06  12   925  99999.00  99999.00    485.41   1078.93   -156.53    306.19   -128.80    207.80       0     677     678     659
70398  06  12   900  99999.00  99999.00  99999.00  99999.00  99999.00  99999.00  99999.00  99999.00       0      16      21      15
70398  06  12   850  99999.00  99999.00   -697.34   3626.26   -214.02    283.74   -311.18    289.30       0    1035    1034     887
70398  06  12   800  99999.00  99999.00  99999.00  99999.00  99999.00  99999.00  99999.00  99999.00       0      19      39      33
70398  06  12   700  99999.00  99999.00    559.32   5472.60   -281.66    187.54   -656.54    393.82       0    1036    1033     887
70398  06  12   600  99999.00  99999.00  99999.00  99999.00  99999.00  99999.00  99999.00  99999.00       0      17      39      33
70398  06  12   500  99999.00  99999.00   5056.54   6143.02   -456.73     45.71   -900.97    268.31       0    1035    1034     886
70398  06  12   400  99999.00  99999.00   6530.55   7896.75   -579.41    -62.81   -962.43    107.25       0    1028    1027     866
70398  06  12   300  99999.00  99999.00   8336.29  10028.89   -667.88   -257.24   -915.96   -202.44       0    1024    1025     621
70398  06  12   250  99999.00  99999.00   6431.07  14284.71   -745.84   -283.00   -894.96   -354.12       0    1019    1020     605
70398  06  12   200  99999.00  99999.00  11080.47  12570.27   -854.87   -167.03   -998.45   -318.05       0    1016    1017     583
70398  06  12   150  99999.00  99999.00  13112.04  14296.08   -692.77   -303.85  -1045.78   -302.62       0    1008    1009     558
70398  06  12   100  99999.00  99999.00  11303.67  21336.15   -652.49   -371.93  -1075.89   -321.33       0    1003    1004     547
70398  06  12    80  99999.00  99999.00  17222.41  18267.37   -641.74   -391.78  99999.00  99999.00       0      64      85      53
70398  06  12    70  99999.00  99999.00  18189.66  19131.78   -633.76   -401.56  -1085.94   -327.66       0     981     984     537
70398  06  12    60  99999.00  99999.00  99999.00  99999.00   -638.90   -409.70  99999.00  99999.00       0      37      61      37
70398  06  12    50  99999.00  99999.00  20367.49  21318.25   -617.10   -411.54  -1080.70   -333.82       0     969     969     522
70398  06  12    40  99999.00  99999.00  99999.00  99999.00   -614.64   -401.88  99999.00  99999.00       0      38      73      45
70398  06  12    30  99999.00  99999.00  23633.47  24718.87   -597.15   -381.87  -1074.22   -315.46       0     953     953     507
70398  06  12    20  99999.00  99999.00  26224.80  27489.48   -581.29   -327.13  -1062.04   -290.20       0     902     904     484
70398  06  12    15  99999.00  99999.00  27314.07  29811.27   -586.23   -268.95  -1052.90   -248.78       0     100     189     115
70398  06  12    10  99999.00  99999.00  30508.60  32575.12   -554.91   -195.51  -1039.20   -245.04       0     577     633     390
70398  06  12     7  99999.00  99999.00  32258.46  35677.86   -541.28   -126.68   -994.29   -265.05       0     213     268     184
70398  06  12     5  99999.00  99999.00  99999.00  99999.00  99999.00  99999.00  99999.00  99999.00       0      24      59      48
70398  06  12     3  99999.00  99999.00  99999.00  99999.00  99999.00  99999.00  99999.00  99999.00       0       0       2       0
70398  06  12     2  99999.00  99999.00  99999.00  99999.00  99999.00  99999.00  99999.00  99999.00       0       0       0       0
70398  06  12     1  99999.00  99999.00  99999.00  99999.00  99999.00  99999.00  99999.00  99999.00       0       0       0       0
70398  07  12  9999    983.82   1043.70  99999.00  99999.00     26.79    221.91  -2011.64   2018.92    1056       0    1052     891
70398  07  12  1000  99999.00  99999.00    -82.01    390.19      1.91    247.43    -10.04    213.52       0    1052    1049     885
70398  07  12   925  99999.00  99999.00    546.11   1058.51   -107.14    299.06    -83.75    214.93       0     706     708     669
70398  07  12   900  99999.00  99999.00  99999.00  99999.00  99999.00  99999.00  99999.00  99999.00       0      17      27      22
70398  07  12   850  99999.00  99999.00   1237.35   1767.27   -167.09    286.15   -205.13    241.27       0    1062    1062     892
70398  07  12   800  99999.00  99999.00  99999.00  99999.00  99999.00  99999.00  99999.00  99999.00       0      19      32      25
70398  07  12   700  99999.00  99999.00   2736.71   3404.63   -229.15    191.57   -606.57    400.47       0    1064    1063     899
70398  07  12   600  99999.00  99999.00  99999.00  99999.00  99999.00  99999.00  99999.00  99999.00       0      27      50      39
70398  07  12   500  99999.00  99999.00   5179.80   6163.56   -394.64     44.08   -942.63    336.21       0    1063    1062     899
70398  07  12   400  99999.00  99999.00   6691.98   7918.62   -522.95    -60.35  -1004.92    175.76       0    1059    1058     890
70398  07  12   300  99999.00  99999.00   8531.70  10062.78   -636.38   -244.22   -906.73   -171.97       0    1056    1056     659
70398  07  12   250  99999.00  99999.00   9699.43  11303.47   -713.90   -297.98   -885.95   -338.15       0    1054    1055     635
70398  07  12   200  99999.00  99999.00  11250.22  12650.74   -831.99   -188.07   -969.85   -334.09       0    1050    1050     619
70398  07  12   150  99999.00  99999.00  13276.69  14381.89   -690.62   -309.98  -1057.41   -301.17       0    1044    1044     598
70398  07  12   100  99999.00  99999.00  16033.22  16905.50   -654.60   -373.44  -1087.86   -319.74       0    1039    1041     581
70398  07  12    80  99999.00  99999.00  17501.92  18239.32   -660.00   -385.92  -1028.00   -345.68       0      79     108      68
70398  07  12    70  99999.00  99999.00  18405.87  19161.51   -626.53   -408.01  -1091.79   -325.23       0    1021    1021     560
70398  07  12    60  99999.00  99999.00  99999.00  99999.00   -626.80   -415.48  99999.00  99999.00       0      32      63      34
70398  07  12    50  99999.00  99999.00  20606.98  21327.82   -607.83   -412.71  -1088.65   -324.97       0    1011    1011     546
70398  07  12    40  99999.00  99999.00  99999.00  99999.00   -606.91   -401.35  99999.00  99999.00       0      41      75      46
70398  07  12    30  99999.00  99999.00  23917.29  24703.65   -579.97   -379.93  -1084.55   -301.31       0     981     982     517
70398  07  12    20  99999.00  99999.00  26525.98  27479.98   -564.27   -323.67  -1067.77   -277.57       0     937     938     496
70398  07  12    15  99999.00  99999.00  27793.77  29654.13   -553.05   -282.93  -1051.51   -237.07       0     130     233     131
70398  07  12    10  99999.00  99999.00  30791.78  32607.02   -559.71   -186.51  -1030.43   -258.35       0     618     661     374
70398  07  12     7  99999.00  99999.00  32743.55  35510.75   -538.54   -128.62  -1016.68   -235.96       0     207     287     194
70398  07  12     5  99999.00  99999.00  99999.00  99999.00   -591.96    -30.60  99999.00  99999.00       0      32      65      46
70398  07  12     3  99999.00  99999.00  99999.00  99999.00  99999.00  99999.00  99999.00  99999.00       0       4       5       1
70398  07  12     2  99999.00  99999.00  99999.00  99999.00  99999.00  99999.00  99999.00  99999.00       0       4       4       0
70398  07  12     1  99999.00  99999.00  99999.00  99999.00  99999.00  99999.00  99999.00  99999.00       0       0       4       0
70398  08  12  9999    979.64   1045.52  99999.00  99999.00     23.44    232.84    -85.78    114.38    1054       0    1052     878
70398  08  12  1000  99999.00  99999.00   -100.59    392.61      9.87    254.43     -8.74    222.98       0    1030    1031     863
70398  08  12   925  99999.00  99999.00    506.16   1079.88    -99.33    310.47    -95.38    233.42       0     699     700     665
70398  08  12   900  99999.00  99999.00  99999.00  99999.00  99999.00  99999.00  99999.00  99999.00       0      11      20      16
70398  08  12   850  99999.00  99999.00   1197.68   1794.92   -157.65    289.11   -265.02    302.94       0    1060    1059     884
70398  08  12   800  99999.00  99999.00  99999.00  99999.00  99999.00  99999.00  99999.00  99999.00       0      17      36      31
70398  08  12   700  99999.00  99999.00   2696.17   3440.05   -231.31    204.53   -638.21    424.27       0    1059    1059     884
70398  08  12   600  99999.00  99999.00  99999.00  99999.00  99999.00  99999.00  99999.00  99999.00       0      23      44      40
70398  08  12   500  99999.00  99999.00   2721.46   8599.78   -406.74     71.46   -942.28    349.40       0    1060    1061     883
70398  08  12   400  99999.00  99999.00   6638.05   7989.85   -536.45    -29.93   -994.49    189.31       0    1054    1054     874
70398  08  12   300  99999.00  99999.00   8464.38  10160.82   -650.88   -215.04   -946.04   -120.56       0    1052    1052     664
70398  08  12   250  99999.00  99999.00   9614.92  11423.80   -696.77   -312.89   -902.52   -314.76       0    1049    1048     621
70398  08  12   200  99999.00  99999.00  11140.24  12786.64   -849.18   -199.62   -959.03   -347.39       0    1046    1046     609
70398  08  12   150  99999.00  99999.00  13156.98  14498.70   -740.16   -296.16  -1026.10   -325.18       0    1044    1044     592
70398  08  12   100  99999.00  99999.00  15906.71  16988.27   -695.04   -363.96  -1064.21   -338.21       0    1034    1036     584
70398  08  12    80  99999.00  99999.00  17225.22  18451.02   -681.99   -390.15  -1076.43   -351.75       0      77     114      77
70398  08  12    70  99999.00  99999.00  18258.03  19237.71   -656.96   -400.16  -1070.04   -341.52       0    1016    1018     563
70398  08  12    60  99999.00  99999.00  99999.00  99999.00   -652.62   -396.54  99999.00  99999.00       0      39      72      45
70398  08  12    50  99999.00  99999.00  20445.20  21396.20   -635.29   -413.17  -1071.53   -343.01       0     995     996     542
70398  08  12    40  99999.00  99999.00  99999.00  99999.00   -669.12   -367.80  99999.00  99999.00       0      46      95      58
70398  08  12    30  99999.00  99999.00  23690.38  24782.86   -637.16   -369.08  -1087.39   -314.47       0     964     966     516
70398  08  12    20  99999.00  99999.00  26237.39  27561.47   -644.18   -308.90  -1080.32   -302.72       0     901     904     478
70398  08  12    15  99999.00  99999.00   5271.68  51198.80   -639.48   -269.76  -1066.60   -287.80       0     102     206     106
70398  08  12    10  99999.00  99999.00  30445.14  32605.74   -678.11   -159.83  -1080.83   -259.31       0     597     625     375
70398  08  12     7  99999.00  99999.00  32061.05  35659.97   -727.79    -50.51  -1070.17   -233.89       0     245     312     228
70398  08  12     5  99999.00  99999.00  99999.00  99999.00   -804.10     44.78  -1069.76   -206.96       0      57      96      80
70398  08  12     3  99999.00  99999.00  99999.00  99999.00  99999.00  99999.00  99999.00  99999.00       0       5       6       4
70398  08  12     2  99999.00  99999.00  99999.00  99999.00  99999.00  99999.00  99999.00  99999.00       0       4       4       2
70398  08  12     1  99999.00  99999.00  99999.00  99999.00  99999.00  99999.00  99999.00  99999.00       0       1       2       0
70398  09  12  9999    962.77   1059.61  99999.00  99999.00    -27.18    238.98    -80.30    106.78     982       0     979     816
70398  09  12  1000  99999.00  99999.00  -2721.51   2963.73     -6.95    231.25    -88.96    262.28       0     926     921     767
70398  09  12   925  99999.00  99999.00    359.48   1183.40   -103.67    264.73   -175.41    267.39       0     653     654     625
70398  09  12   900  99999.00  99999.00  99999.00  99999.00  99999.00  99999.00  99999.00  99999.00       0      10      24      21
70398  09  12   850  99999.00  99999.00   -747.52   3667.88   -183.91    269.69   -370.26    356.58       0    1008    1008     839
70398  09  12   800  99999.00  99999.00  99999.00  99999.00  99999.00  99999.00  99999.00  99999.00       0      23      40      32
70398  09  12   700  99999.00  99999.00   2542.38   3517.38   -298.31    228.13   -754.06    479.54       0    1006    1006     837
70398  09  12   600  99999.00  99999.00  99999.00  99999.00  99999.00  99999.00  99999.00  99999.00       0      17      35      32
70398  09  12   500  99999.00  99999.00   2562.84   8639.16   -497.42    123.34  -1014.41    382.75       0    1004    1002     836
70398  09  12   400  99999.00  99999.00   6370.41   8117.61   -616.97     23.35  -1020.43    200.33       0    1002     998     820
70398  09  12   300  99999.00  99999.00   8143.09  10326.13   -703.11   -174.15   -972.42   -103.86       0     997     997     629
70398  09  12   250  99999.00  99999.00   9278.31  11600.19   -720.26   -291.74   -904.13   -316.25       0     991     991     579
70398  09  12   200  99999.00  99999.00  10788.22  12971.26   -862.86   -211.86   -964.18   -357.22       0     985     985     571
70398  09  12   150  99999.00  99999.00  12813.16  14638.24   -823.68   -264.12  -1030.38   -342.30       0     974     974     562
70398  09  12   100  99999.00  99999.00   9015.41  23504.09   -777.98   -328.94  -1064.29   -355.09       0     958     958     550
70398  09  12    80  99999.00  99999.00  16938.98  18461.54  -6350.72   5043.40  99999.00  99999.00       0      76      99      57
70398  09  12    70  99999.00  99999.00  17986.73  19197.29   -726.18   -376.02  -1086.52   -343.72       0     936     936     534
70398  09  12    60  99999.00  99999.00  99999.00  99999.00   -725.59   -368.11  99999.00  99999.00       0      36      71      46
70398  09  12    50  99999.00  99999.00  20150.78  21326.30   -707.30   -400.46  -1091.75   -352.31       0     917     920     528
70398  09  12    40  99999.00  99999.00  99999.00  99999.00   -707.38   -401.50  99999.00  99999.00       0      40      81      54
70398  09  12    30  99999.00  99999.00  23328.33  24671.25   -712.12   -380.92  -1107.72   -344.76       0     869     870     507
70398  09  12    20  99999.00  99999.00  25784.26  27424.06   -732.02   -330.74  -1115.69   -330.89       0     807     808     469
70398  09  12    15  99999.00  99999.00  26950.59  29554.71   -753.67   -276.55  -1146.56   -282.32       0      95     184     113
70398  09  12    10  99999.00  99999.00  29851.20  32357.64   -782.05   -204.61  -1136.25   -287.13       0     535     560     374
70398  09  12     7  99999.00  99999.00  31877.12  34946.48   -798.37   -134.17  -1144.71   -259.23       0     231     306     241
70398  09  12     5  99999.00  99999.00  99999.00  99999.00   -883.28    -41.72  -1173.36   -203.16       0      56     116     107
70398  09  12     3  99999.00  99999.00  99999.00  99999.00  99999.00  99999.00  99999.00  99999.00       0       2       5       2
70398  09  12     2  99999.00  99999.00  99999.00  99999.00  99999.00  99999.00  99999.00  99999.00       0       0       1       0
70398  09  12     1  99999.00  99999.00  99999.00  99999.00  99999.00  99999.00  99999.00  99999.00       0       0       0       0
70398  10  12  9999    944.36   1072.40  99999.00  99999.00   -107.23    257.09   -153.84    195.12     990       0     988     852
70398  10  12  1000  99999.00  99999.00   -228.32    501.16    -76.77    233.79   -209.44    307.88       0     819     818     697
70398  10  12   925  99999.00  99999.00    215.50   1262.38   -137.42    227.02   -292.59    312.09       0     667     667     641
70398  10  12   900  99999.00  99999.00  99999.00  99999.00  99999.00  99999.00  99999.00  99999.00       0       4      14      12
70398  10  12   850  99999.00  99999.00    894.87   1959.51   -234.99    244.65   -422.92    352.88       0    1037    1032     880
70398  10  12   800  99999.00  99999.00  99999.00  99999.00  99999.00  99999.00  99999.00  99999.00       0      22      40      34
70398  10  12   700  99999.00  99999.00   2375.13   3549.09   -366.62    214.42   -785.07    454.41       0    1033    1032     881
70398  10  12   600  99999.00  99999.00  99999.00  99999.00  99999.00  99999.00  99999.00  99999.00       0      18      33      28
70398  10  12   500  99999.00  99999.00   4688.18   6323.42   -585.90    123.54  -1013.41    337.79       0    1033    1033     879
70398  10  12   400  99999.00  99999.00   6086.89   8121.61   -705.09     24.27  -1069.38    186.90       0    1031    1031     835
70398  10  12   300  99999.00  99999.00   7812.44  10311.08   -745.58   -197.42  -1006.94   -134.30       0    1028    1029     653
70398  10  12   250  99999.00  99999.00   8943.31  11561.23   -761.82   -287.34   -930.65   -336.05       0    1020    1021     633
70398  10  12   200  99999.00  99999.00  10450.89  12921.45   -876.04   -210.64   -971.21   -370.61       0    1016    1017     623
70398  10  12   150  99999.00  99999.00  12453.69  14601.33   -817.69   -274.21  -1039.35   -345.39       0    1000    1000     607
70398  10  12   100  99999.00  99999.00  15244.86  16980.06   -796.75   -321.91  -1073.47   -354.31       0     974     974     586
70398  10  12    80  99999.00  99999.00  -2351.99  36525.85   -768.81   -359.49  -1081.10   -368.30       0      72     104      73
70398  10  12    70  99999.00  99999.00  17623.03  19134.19   -749.04   -376.20  -1095.81   -351.09       0     948     948     569
70398  10  12    60  99999.00  99999.00  99999.00  99999.00   -793.35   -337.71  99999.00  99999.00       0      47      77      51
70398  10  12    50  99999.00  99999.00  19796.15  21226.43   -741.98   -399.02  -1106.58   -360.78       0     924     923     552
70398  10  12    40  99999.00  99999.00 -10004.59  52026.77   -757.07   -384.59  -1095.83   -375.47       0      75     127      84
70398  10  12    30  99999.00  99999.00  22979.35  24505.51   -757.20   -390.00  -1109.92   -369.76       0     856     859     519
70398  10  12    20  99999.00  99999.00  18307.47  34217.43   -776.39   -366.23  -1118.61   -366.33       0     759     761     468
70398  10  12    15  99999.00  99999.00 -13297.34  66845.50   -765.43   -359.71  -1111.95   -361.35       0      95     187     113
70398  10  12    10  99999.00  99999.00  13950.57  47085.33   -830.71   -295.87  -1160.19   -339.27       0     436     465     347
70398  10  12     7  99999.00  99999.00  31087.13  34725.89   -867.31   -243.31  -1185.87   -292.23       0     168     232     195
70398  10  12     5  99999.00  99999.00  99999.00  99999.00   -927.70   -164.86  99999.00  99999.00       0      46      64      59
70398  10  12     3  99999.00  99999.00  99999.00  99999.00  99999.00  99999.00  99999.00  99999.00       0       2       5       3
70398  10  12     2  99999.00  99999.00  99999.00  99999.00  99999.00  99999.00  99999.00  99999.00       0       0       0       0
70398  10  12     1  99999.00  99999.00  99999.00  99999.00  99999.00  99999.00  99999.00  99999.00       0       0       0       0
70398  11  12  9999    933.44   1076.48  99999.00  99999.00   -185.17    269.39   -143.28    193.80     944       0     940     804
70398  11  12  1000  99999.00  99999.00   -224.66    475.66   -174.09    259.47   -371.72    376.00       0     688     685     576
70398  11  12   925  99999.00  99999.00    146.70   1269.90   -194.80    215.36   -389.28    334.32       0     641     642     614
70398  11  12   900  99999.00  99999.00  99999.00  99999.00  99999.00  99999.00  99999.00  99999.00       0       8      23      19
70398  11  12   850  99999.00  99999.00    825.97   1936.21   -254.02    194.42   -530.34    386.94       0     992     991     836
70398  11  12   800  99999.00  99999.00  99999.00  99999.00  99999.00  99999.00  99999.00  99999.00       0      17      27      20
70398  11  12   700  99999.00  99999.00   2311.90   3478.42   -385.52    156.04   -796.96    410.00       0     993     990     835
70398  11  12   600  99999.00  99999.00  99999.00  99999.00  99999.00  99999.00  99999.00  99999.00       0      11      26      21
70398  11  12   500  99999.00  99999.00   4625.79   6169.47   -621.05     73.03  -1003.53    258.99       0     990     990     832
70398  11  12   400  99999.00  99999.00   6015.73   7920.49   -732.17    -33.77  -1039.06     93.98       0     990     989     736
70398  11  12   300  99999.00  99999.00   7750.57  10037.05   -741.80   -256.16   -978.13   -222.49       0     979     979     599
70398  11  12   250  99999.00  99999.00   8921.00  11227.40   -796.65   -277.29   -952.77   -349.53       0     976     976     596
70398  11  12   200  99999.00  99999.00  10462.00  12547.84   -895.02   -188.82  -1019.63   -336.71       0     969     968     585
70398  11  12   150  99999.00  99999.00  12444.30  14259.54   -796.30   -277.06  -1043.60   -337.76       0     958     957     566
70398  11  12   100  99999.00  99999.00  15127.74  16773.06   -776.03   -320.15  -1093.87   -334.15       0     939     939     547
70398  11  12    80  99999.00  99999.00  99999.00  99999.00   -780.85   -320.65  99999.00  99999.00       0      55      88      56
70398  11  12    70  99999.00  99999.00  17418.85  19032.49   -784.08   -326.76  -1092.95   -352.91       0     922     924     530
70398  11  12    60  99999.00  99999.00  99999.00  99999.00   -789.49   -327.13  99999.00  99999.00       0      30      67      45
70398  11  12    50  99999.00  99999.00  19483.43  21246.59   -820.58   -309.50  -1106.60   -364.64       0     895     897     516
70398  11  12    40  99999.00  99999.00  99999.00  99999.00  -6266.76   4954.08  -1102.48   -372.04       0      48     102      61
70398  11  12    30  99999.00  99999.00  16452.42  30676.02   -887.95   -252.91  -1142.12   -352.40       0     825     829     481
70398  11  12    20  99999.00  99999.00  24733.34  27626.06   -920.40   -218.28  -1154.18   -350.54       0     717     721     426
70398  11  12    15  99999.00  99999.00   1428.07  53275.75  -4945.09   3686.99  -1226.35   -307.51       0      77     173      97
70398  11  12    10  99999.00  99999.00  28559.71  32575.27   -950.95   -193.63  -1212.23   -316.07       0     358     406     295
70398  11  12     7  99999.00  99999.00  30361.34  35150.66   -958.53   -199.77  -1197.16   -324.28       0     141     175     145
70398  11  12     5  99999.00  99999.00  99999.00  99999.00  99999.00  99999.00  99999.00  99999.00       0      24      55      51
70398  11  12     3  99999.00  99999.00  99999.00  99999.00  99999.00  99999.00  99999.00  99999.00       0       1       1       1
70398  11  12     2  99999.00  99999.00  99999.00  99999.00  99999.00  99999.00  99999.00  99999.00       0       0       0       0
70398  11  12     1  99999.00  99999.00  99999.00  99999.00  99999.00  99999.00  99999.00  99999.00       0       0       0       0
70398  12  12  9999    924.27   1090.11  99999.00  99999.00   -218.05    275.75   -147.66    201.78     928       0     925     786
70398  12  12  1000  99999.00  99999.00  -2259.47   2529.49   -202.88    257.92   -378.40    356.96       0     668     668     555
70398  12  12   925  99999.00  99999.00     58.95   1363.23   -225.12    219.00   -421.64    349.36       0     615     616     586
70398  12  12   900  99999.00  99999.00  99999.00  99999.00  99999.00  99999.00  99999.00  99999.00       0      11      17      12
70398  12  12   850  99999.00  99999.00   -917.43   3680.37   -283.29    208.35   -592.89    422.31       0     960     960     806
70398  12  12   800  99999.00  99999.00  99999.00  99999.00  99999.00  99999.00  99999.00  99999.00       0      15      27      21
70398  12  12   700  99999.00  99999.00    298.48   5484.64   -404.24    171.52   -817.16    418.60       0     960     959     805
70398  12  12   600  99999.00  99999.00  99999.00  99999.00  99999.00  99999.00  99999.00  99999.00       0      26      37      29
70398  12  12   500  99999.00  99999.00   2274.19   8512.03   -613.59     73.65  -1000.70    264.58       0     959     958     802
70398  12  12   400  99999.00  99999.00   5898.57   8065.41   -719.71    -39.19  -1023.21     87.15       0     957     957     731
70398  12  12   300  99999.00  99999.00   7647.41  10171.25   -718.04   -285.68   -956.22   -249.54       0     956     957     579
70398  12  12   250  99999.00  99999.00   8822.14  11348.50   -817.09   -277.57   -953.10   -357.06       0     953     952     574
70398  12  12   200  99999.00  99999.00  10380.22  12635.62   -959.53   -147.13  -1039.73   -318.29       0     947     947     567
70398  12  12   150  99999.00  99999.00  12397.75  14302.63   -848.03   -226.79  -1067.58   -299.82       0     940     940     557
70398  12  12   100  99999.00  99999.00  10729.04  21117.44   -840.81   -250.53  -1103.28   -304.56       0     922     922     544
70398  12  12    80  99999.00  99999.00  16554.24  18091.20   -852.56   -240.68  -1140.97   -271.69       0      71     105      76
70398  12  12    70  99999.00  99999.00  17393.74  19070.26   -852.34   -249.58  -1129.08   -305.64       0     893     894     529
70398  12  12    60  99999.00  99999.00  99999.00  99999.00   -877.14   -233.94  99999.00  99999.00       0      44      76      50
70398  12  12    50  99999.00  99999.00  19404.84  21357.12   -893.80   -216.40  -1159.96   -294.16       0     860     860     505
70398  12  12    40  99999.00  99999.00  20569.27  22830.79   -942.13   -169.69  -1187.77   -272.89       0      73     114      75
70398  12  12    30  99999.00  99999.00  22283.49  24998.49   -977.47   -142.87  -1202.79   -276.15       0     785     787     469
70398  12  12    20  99999.00  99999.00  17481.54  34879.26  -1030.49    -99.17  -1231.24   -270.16       0     652     660     402
70398  12  12    15  99999.00  99999.00  -9308.89  63116.51  -1111.78    -41.98  -1277.43   -241.71       0      78     158     105
70398  12  12    10  99999.00  99999.00  28277.81  32990.45  -3346.96   2139.80  -1281.28   -254.80       0     313     342     255
70398  12  12     7  99999.00  99999.00  30582.26  35162.66  -1078.56    -85.20  -1208.40   -315.72       0     134     158     139
70398  12  12     5  99999.00  99999.00  99999.00  99999.00  -1070.71   -134.59  -1158.06   -373.02       0      34      68      65
70398  12  12     3  99999.00  99999.00  99999.00  99999.00  99999.00  99999.00  99999.00  99999.00       0       0       1       0
70398  12  12     2  99999.00  99999.00  99999.00  99999.00  99999.00  99999.00  99999.00  99999.00       0       0       0       0
70398  12  12     1  99999.00  99999.00  99999.00  99999.00  99999.00  99999.00  99999.00  99999.00       0       0       0       0
