83779  01  00  9999    917.28    946.08  99999.00  99999.00     91.09    352.57    -85.18    161.30     317       0     317     317
83779  01  00  1000  99999.00  99999.00  99999.00  99999.00  99999.00  99999.00  99999.00  99999.00       0       0       0       0
83779  01  00   925  99999.00  99999.00    649.96    917.68     75.19    358.63     49.55    303.35       0     315     315     315
83779  01  00   900  99999.00  99999.00  99999.00  99999.00  99999.00  99999.00  99999.00  99999.00       0       0       3       3
83779  01  00   850  99999.00  99999.00   1380.81   1645.89     24.10    328.18    -18.15    296.37       0     317     317     317
83779  01  00   800  99999.00  99999.00  99999.00  99999.00  99999.00  99999.00  99999.00  99999.00       0       0       6       6
83779  01  00   700  99999.00  99999.00   3009.43   3294.55      8.52    167.64   -368.50    431.78       0     317     317     317
83779  01  00   600  99999.00  99999.00  99999.00  99999.00  99999.00  99999.00  99999.00  99999.00       0       0       3       3
83779  01  00   500  99999.00  99999.00   5698.55   6028.55   -161.44     41.60   -946.85    596.83       0     313     313     313
83779  01  00   400  99999.00  99999.00   7383.74   7772.42   -275.15    -52.43  -1074.28    496.76       0     312     312     312
83779  01  00   300  99999.00  99999.00   9419.17   9941.41   -432.05   -194.21  -1070.48    202.12       0     312     312     312
83779  01  00   250  99999.00  99999.00  10641.19  11248.75   -524.09   -302.93  -1128.85     71.03       0     312     312     108
83779  01  00   200  99999.00  99999.00  12064.46  12773.30   -632.07   -438.27  99999.00  99999.00       0     313     313      31
83779  01  00   150  99999.00  99999.00  13850.64  14575.08   -788.83   -536.47  99999.00  99999.00       0     311     310      31
83779  01  00   100  99999.00  99999.00  16318.91  16883.15   -917.63   -601.55  99999.00  99999.00       0     301     304      31
83779  01  00    80  99999.00  99999.00  99999.00  99999.00  99999.00  99999.00  99999.00  99999.00       0       0      18       0
83779  01  00    70  99999.00  99999.00  18437.43  18876.99  -6832.33   5114.99  99999.00  99999.00       0     254     257      31
83779  01  00    60  99999.00  99999.00  99999.00  99999.00  99999.00  99999.00  99999.00  99999.00       0       0      29       6
83779  01  00    50  99999.00  99999.00  20437.22  20862.26  -5937.33   4436.43  99999.00  99999.00       0     227     232      31
83779  01  00    40  99999.00  99999.00  99999.00  99999.00  99999.00  99999.00  99999.00  99999.00       0       0      23       7
83779  01  00    30  99999.00  99999.00  23580.77  24025.97  -8373.00   6871.44  99999.00  99999.00       0      92     109      17
83779  01  00    20  99999.00  99999.00  99999.00  99999.00  99999.00  99999.00  99999.00  99999.00       0       3       7       0
83779  01  00    15  99999.00  99999.00  99999.00  99999.00  99999.00  99999.00  99999.00  99999.00       0       0       0       0
83779  01  00    10  99999.00  99999.00  99999.00  99999.00  99999.00  99999.00  99999.00  99999.00       0       0       0       0
83779  01  00     7  99999.00  99999.00  99999.00  99999.00  99999.00  99999.00  99999.00  99999.00       0       0       0       0
83779  01  00     5  99999.00  99999.00  99999.00  99999.00  99999.00  99999.00  99999.00  99999.00       0       0       0       0
83779  01  00     3  99999.00  99999.00  99999.00  99999.00  99999.00  99999.00  99999.00  99999.00       0       0       0       0
83779  01  00     2  99999.00  99999.00  99999.00  99999.00  99999.00  99999.00  99999.00  99999.00       0       0       0       0
83779  01  00     1  99999.00  99999.00  99999.00  99999.00  99999.00  99999.00  99999.00  99999.00       0       0       0       0
83779  02  00  9999    919.43    944.87  99999.00  99999.00     93.04    366.40   -100.79    191.53     291       0     290     290
83779  02  00  1000  99999.00  99999.00  99999.00  99999.00  99999.00  99999.00  99999.00  99999.00       0       0       0       0
83779  02  00   925  99999.00  99999.00    667.35    909.75     73.59    377.43     28.90    320.98       0     291     291     291
83779  02  00   900  99999.00  99999.00  99999.00  99999.00  99999.00  99999.00  99999.00  99999.00       0       0       4       4
83779  02  00   850  99999.00  99999.00   1405.36   1636.00     21.80    347.24    -56.38    326.06       0     291     291     291
83779  02  00   800  99999.00  99999.00  99999.00  99999.00  99999.00  99999.00  99999.00  99999.00       0       0       2       2
83779  02  00   700  99999.00  99999.00   3025.91   3296.51     16.41    160.53   -464.79    504.21       0     291     291     291
83779  02  00   600  99999.00  99999.00  99999.00  99999.00  99999.00  99999.00  99999.00  99999.00       0       0       7       7
83779  02  00   500  99999.00  99999.00   5701.98   6040.50   -150.17     27.19  -1041.33    638.31       0     290     290     290
83779  02  00   400  99999.00  99999.00   7384.84   7783.12   -276.80    -56.48  -1109.36    496.12       0     289     289     289
83779  02  00   300  99999.00  99999.00   9424.01   9944.09   -435.12   -197.16  -1125.83    208.21       0     289     289     289
83779  02  00   250  99999.00  99999.00  10646.49  11247.69   -521.29   -310.45  -1025.34    -38.34       0     289     289      73
83779  02  00   200  99999.00  99999.00  12084.76  12760.96   -624.75   -441.03  99999.00  99999.00       0     283     283      26
83779  02  00   150  99999.00  99999.00  13893.50  14541.02   -794.02   -525.10  99999.00  99999.00       0     285     286      26
83779  02  00   100  99999.00  99999.00  16345.61  16867.01   -913.95   -610.83  99999.00  99999.00       0     282     284      26
83779  02  00    80  99999.00  99999.00  99999.00  99999.00  99999.00  99999.00  99999.00  99999.00       0       0      13       1
83779  02  00    70  99999.00  99999.00  18461.30  18854.90   -911.42   -583.94  99999.00  99999.00       0     268     270      25
83779  02  00    60  99999.00  99999.00  99999.00  99999.00  99999.00  99999.00  99999.00  99999.00       0       0      24       3
83779  02  00    50  99999.00  99999.00  20460.45  20842.53   -794.87   -548.15  99999.00  99999.00       0     248     251      25
83779  02  00    40  99999.00  99999.00  99999.00  99999.00  99999.00  99999.00  99999.00  99999.00       0       0      33       3
83779  02  00    30  99999.00  99999.00  23606.49  24011.13  -7143.10   5744.18  99999.00  99999.00       0     143     153      18
83779  02  00    20  99999.00  99999.00  99999.00  99999.00  99999.00  99999.00  99999.00  99999.00       0      10      17       0
83779  02  00    15  99999.00  99999.00  99999.00  99999.00  99999.00  99999.00  99999.00  99999.00       0       0       1       0
83779  02  00    10  99999.00  99999.00  99999.00  99999.00  99999.00  99999.00  99999.00  99999.00       0       0       0       0
83779  02  00     7  99999.00  99999.00  99999.00  99999.00  99999.00  99999.00  99999.00  99999.00       0       0       0       0
83779  02  00     5  99999.00  99999.00  99999.00  99999.00  99999.00  99999.00  99999.00  99999.00       0       0       0       0
83779  02  00     3  99999.00  99999.00  99999.00  99999.00  99999.00  99999.00  99999.00  99999.00       0       0       0       0
83779  02  00     2  99999.00  99999.00  99999.00  99999.00  99999.00  99999.00  99999.00  99999.00       0       0       0       0
83779  02  00     1  99999.00  99999.00  99999.00  99999.00  99999.00  99999.00  99999.00  99999.00       0       0       0       0
83779  03  00  9999    918.52    947.44  99999.00  99999.00     85.80    353.64    -80.27    160.93     318       0     318     318
83779  03  00  1000  99999.00  99999.00  99999.00  99999.00  99999.00  99999.00  99999.00  99999.00       0       0       0       0
83779  03  00   925  99999.00  99999.00    660.60    931.44     61.01    368.45     43.83    300.51       0     316     316     316
83779  03  00   900  99999.00  99999.00  99999.00  99999.00  99999.00  99999.00  99999.00  99999.00       0       0       3       2
83779  03  00   850  99999.00  99999.00   1403.00   1647.20      2.77    342.25    -27.03    297.81       0     316     316     316
83779  03  00   800  99999.00  99999.00  99999.00  99999.00  99999.00  99999.00  99999.00  99999.00       0       0       2       2
83779  03  00   700  99999.00  99999.00   3025.29   3296.01     -6.44    172.96   -456.02    478.30       0     316     316     316
83779  03  00   600  99999.00  99999.00  99999.00  99999.00  99999.00  99999.00  99999.00  99999.00       0       0       9       9
83779  03  00   500  99999.00  99999.00   5691.53   6041.93   -161.41     32.75  -1144.18    655.10       0     315     315     315
83779  03  00   400  99999.00  99999.00   7359.70   7793.26   -299.33    -45.89  -1195.89    503.67       0     315     315     315
83779  03  00   300  99999.00  99999.00   9380.05   9961.21   -446.64   -198.36  -1172.05    218.63       0     315     315     315
83779  03  00   250  99999.00  99999.00  10596.36  11264.52   -527.53   -314.05  -1105.21     28.43       0     315     314      61
83779  03  00   200  99999.00  99999.00  12038.48  12767.00   -625.53   -442.65  99999.00  99999.00       0     314     314      30
83779  03  00   150  99999.00  99999.00  13869.38  14531.06   -822.32   -491.00  99999.00  99999.00       0     312     312      30
83779  03  00   100  99999.00  99999.00  16331.00  16852.76   -924.26   -599.66  99999.00  99999.00       0     308     310      29
83779  03  00    80  99999.00  99999.00  99999.00  99999.00  99999.00  99999.00  99999.00  99999.00       0       0      26       0
83779  03  00    70  99999.00  99999.00  18448.95  18853.35   -888.18   -583.62  99999.00  99999.00       0     286     290      28
83779  03  00    60  99999.00  99999.00  99999.00  99999.00  99999.00  99999.00  99999.00  99999.00       0       0      24       4
83779  03  00    50  99999.00  99999.00  20475.02  20842.58   -761.48   -551.96  99999.00  99999.00       0     266     269      27
83779  03  00    40  99999.00  99999.00  99999.00  99999.00  99999.00  99999.00  99999.00  99999.00       0       0      17       1
83779  03  00    30  99999.00  99999.00  23646.84  24025.32   -665.12   -458.96  99999.00  99999.00       0     125     140       7
83779  03  00    20  99999.00  99999.00  99999.00  99999.00  99999.00  99999.00  99999.00  99999.00       0       7      11       0
83779  03  00    15  99999.00  99999.00  99999.00  99999.00  99999.00  99999.00  99999.00  99999.00       0       0       0       0
83779  03  00    10  99999.00  99999.00  99999.00  99999.00  99999.00  99999.00  99999.00  99999.00       0       0       0       0
83779  03  00     7  99999.00  99999.00  99999.00  99999.00  99999.00  99999.00  99999.00  99999.00       0       0       0       0
83779  03  00     5  99999.00  99999.00  99999.00  99999.00  99999.00  99999.00  99999.00  99999.00       0       0       0       0
83779  03  00     3  99999.00  99999.00  99999.00  99999.00  99999.00  99999.00  99999.00  99999.00       0       0       0       0
83779  03  00     2  99999.00  99999.00  99999.00  99999.00  99999.00  99999.00  99999.00  99999.00       0       0       0       0
83779  03  00     1  99999.00  99999.00  99999.00  99999.00  99999.00  99999.00  99999.00  99999.00       0       0       0       0
83779  04  00  9999    918.84    950.16  99999.00  99999.00     58.87    356.23    -75.50    158.74     311       0     311     311
83779  04  00  1000  99999.00  99999.00  99999.00  99999.00  99999.00  99999.00  99999.00  99999.00       0       0       0       0
83779  04  00   925  99999.00  99999.00    669.70    950.38     37.38    364.86      8.27    308.27       0     312     312     312
83779  04  00   900  99999.00  99999.00  99999.00  99999.00  99999.00  99999.00  99999.00  99999.00       0       0       1       1
83779  04  00   850  99999.00  99999.00   1412.28   1657.92    -18.52    334.16    -42.65    290.23       0     312     312     312
83779  04  00   800  99999.00  99999.00  99999.00  99999.00  99999.00  99999.00  99999.00  99999.00       0       0       6       6
83779  04  00   700  99999.00  99999.00   3029.52   3295.56    -38.60    190.12   -750.74    673.06       0     312     312     312
83779  04  00   600  99999.00  99999.00  99999.00  99999.00  99999.00  99999.00  99999.00  99999.00       0       0       8       8
83779  04  00   500  99999.00  99999.00   5671.93   6050.05   -196.37     48.67  -1114.65    565.23       0     312     312     312
83779  04  00   400  99999.00  99999.00   7315.63   7810.39   -321.06    -49.50  -1142.78    382.06       0     312     312     312
83779  04  00   300  99999.00  99999.00   9310.83   9978.15   -489.00   -186.84  -1126.18    123.74       0     312     312     310
83779  04  00   250  99999.00  99999.00  10515.01  11278.33   -553.78   -314.50  99999.00  99999.00       0     312     311      31
83779  04  00   200  99999.00  99999.00  11950.12  12772.84   -649.08   -439.08  99999.00  99999.00       0     311     310      27
83779  04  00   150  99999.00  99999.00  13757.98  14546.86   -835.13   -482.21  99999.00  99999.00       0     310     310      27
83779  04  00   100  99999.00  99999.00  16238.97  16868.73   -930.84   -573.72  99999.00  99999.00       0     304     305      27
83779  04  00    80  99999.00  99999.00  99999.00  99999.00  99999.00  99999.00  99999.00  99999.00       0       0      28       4
83779  04  00    70  99999.00  99999.00  18395.54  18854.66   -884.60   -561.20  99999.00  99999.00       0     296     298      27
83779  04  00    60  99999.00  99999.00  99999.00  99999.00  99999.00  99999.00  99999.00  99999.00       0       0      29       3
83779  04  00    50  99999.00  99999.00  20438.35  20857.15   -758.27   -523.79  99999.00  99999.00       0     276     277      24
83779  04  00    40  99999.00  99999.00  99999.00  99999.00  99999.00  99999.00  99999.00  99999.00       0       0      24       3
83779  04  00    30  99999.00  99999.00  23601.95  24067.91   -667.04   -443.84  99999.00  99999.00       0     146     165       8
83779  04  00    20  99999.00  99999.00  99999.00  99999.00  99999.00  99999.00  99999.00  99999.00       0       7      16       0
83779  04  00    15  99999.00  99999.00  99999.00  99999.00  99999.00  99999.00  99999.00  99999.00       0       0       1       0
83779  04  00    10  99999.00  99999.00  99999.00  99999.00  99999.00  99999.00  99999.00  99999.00       0       0       0       0
83779  04  00     7  99999.00  99999.00  99999.00  99999.00  99999.00  99999.00  99999.00  99999.00       0       0       0       0
83779  04  00     5  99999.00  99999.00  99999.00  99999.00  99999.00  99999.00  99999.00  99999.00       0       0       0       0
83779  04  00     3  99999.00  99999.00  99999.00  99999.00  99999.00  99999.00  99999.00  99999.00       0       0       0       0
83779  04  00     2  99999.00  99999.00  99999.00  99999.00  99999.00  99999.00  99999.00  99999.00       0       0       0       0
83779  04  00     1  99999.00  99999.00  99999.00  99999.00  99999.00  99999.00  99999.00  99999.00       0       0       0       0
83779  05  00  9999    919.64    952.16  99999.00  99999.00     23.50    332.50    -71.16    153.36     324       0     324     324
83779  05  00  1000  99999.00  99999.00  99999.00  99999.00  99999.00  99999.00  99999.00  99999.00       0       0       0       0
83779  05  00   925  99999.00  99999.00    675.45    968.13    -20.34    376.26    -38.40    297.72       0     322     322     322
83779  05  00   900  99999.00  99999.00  99999.00  99999.00  99999.00  99999.00  99999.00  99999.00       0       0       5       5
83779  05  00   850  99999.00  99999.00   1412.79   1669.11    -66.29    340.63   -105.83    289.81       0     322     322     322
83779  05  00   800  99999.00  99999.00  99999.00  99999.00  99999.00  99999.00  99999.00  99999.00       0       0      10      10
83779  05  00   700  99999.00  99999.00   3005.97   3305.61    -92.80    214.52   -920.48    705.28       0     322     322     322
83779  05  00   600  99999.00  99999.00  99999.00  99999.00  99999.00  99999.00  99999.00  99999.00       0       0       5       5
83779  05  00   500  99999.00  99999.00   5606.50   6074.50   -231.28     54.80  -1163.01    464.19       0     322     322     322
83779  05  00   400  99999.00  99999.00   7234.53   7825.41   -343.36    -68.08  -1177.34    305.98       0     322     322     322
83779  05  00   300  99999.00  99999.00   9224.28   9962.76   -507.10   -210.94  -1138.86     71.46       0     321     321     308
83779  05  00   250  99999.00  99999.00  10422.43  11247.79   -592.21   -313.81  99999.00  99999.00       0     321     321      30
83779  05  00   200  99999.00  99999.00  11845.54  12732.46   -682.28   -431.48  99999.00  99999.00       0     321     321      28
83779  05  00   150  99999.00  99999.00  13645.25  14509.01   -823.85   -476.09  99999.00  99999.00       0     320     321      28
83779  05  00   100  99999.00  99999.00  16148.18  16846.22   -903.72   -549.12  99999.00  99999.00       0     314     316      27
83779  05  00    80  99999.00  99999.00  99999.00  99999.00  99999.00  99999.00  99999.00  99999.00       0       0      31       3
83779  05  00    70  99999.00  99999.00  18312.56  18879.56   -890.33   -503.33  99999.00  99999.00       0     307     309      27
83779  05  00    60  99999.00  99999.00  99999.00  99999.00  99999.00  99999.00  99999.00  99999.00       0       0      32       4
83779  05  00    50  99999.00  99999.00  20364.01  20910.37   -758.74   -500.14  99999.00  99999.00       0     288     291      20
83779  05  00    40  99999.00  99999.00  99999.00  99999.00  99999.00  99999.00  99999.00  99999.00       0       0      32       0
83779  05  00    30  99999.00  99999.00  23559.73  24107.77   -664.56   -437.16  99999.00  99999.00       0     152     170       7
83779  05  00    20  99999.00  99999.00  99999.00  99999.00  99999.00  99999.00  99999.00  99999.00       0       7      11       0
83779  05  00    15  99999.00  99999.00  99999.00  99999.00  99999.00  99999.00  99999.00  99999.00       0       0       0       0
83779  05  00    10  99999.00  99999.00  99999.00  99999.00  99999.00  99999.00  99999.00  99999.00       0       0       0       0
83779  05  00     7  99999.00  99999.00  99999.00  99999.00  99999.00  99999.00  99999.00  99999.00       0       0       0       0
83779  05  00     5  99999.00  99999.00  99999.00  99999.00  99999.00  99999.00  99999.00  99999.00       0       0       0       0
83779  05  00     3  99999.00  99999.00  99999.00  99999.00  99999.00  99999.00  99999.00  99999.00       0       0       0       0
83779  05  00     2  99999.00  99999.00  99999.00  99999.00  99999.00  99999.00  99999.00  99999.00       0       0       0       0
83779  05  00     1  99999.00  99999.00  99999.00  99999.00  99999.00  99999.00  99999.00  99999.00       0       0       0       0
83779  06  00  9999    919.49    954.77  99999.00  99999.00     11.42    325.34    -75.40    156.32     319       0     319     319
83779  06  00  1000  99999.00  99999.00  99999.00  99999.00  99999.00  99999.00  99999.00  99999.00       0       0       0       0
83779  06  00   925  99999.00  99999.00    675.28    990.28    -26.15    369.01    -53.14    293.30       0     316     316     316
83779  06  00   900  99999.00  99999.00  99999.00  99999.00  99999.00  99999.00  99999.00  99999.00       0       0       5       5
83779  06  00   850  99999.00  99999.00   1411.61   1690.37    -54.45    327.39   -154.14    310.98       0     316     316     316
83779  06  00   800  99999.00  99999.00  99999.00  99999.00  99999.00  99999.00  99999.00  99999.00       0       0       6       6
83779  06  00   700  99999.00  99999.00   3015.38   3313.10    -97.39    215.21  -1020.43    726.05       0     316     316     316
83779  06  00   600  99999.00  99999.00  99999.00  99999.00  99999.00  99999.00  99999.00  99999.00       0       0      10      10
83779  06  00   500  99999.00  99999.00   5625.27   6060.99   -223.75     29.09  -1111.79    398.77       0     316     316     316
83779  06  00   400  99999.00  99999.00   7253.73   7800.45   -362.82    -66.78  -1091.82    206.22       0     316     316     316
83779  06  00   300  99999.00  99999.00   9228.20   9936.68   -515.39   -222.35  -1069.40      1.00       0     316     316     288
83779  06  00   250  99999.00  99999.00  10420.95  11216.07   -585.37   -340.45  99999.00  99999.00       0     316     316      30
83779  06  00   200  99999.00  99999.00  11845.08  12689.16   -689.65   -436.93  99999.00  99999.00       0     316     316      30
83779  06  00   150  99999.00  99999.00  13665.66  14440.14   -843.91   -463.27  99999.00  99999.00       0     314     314      29
83779  06  00   100  99999.00  99999.00  16179.95  16775.75   -881.75   -548.15  99999.00  99999.00       0     311     314      29
83779  06  00    80  99999.00  99999.00  99999.00  99999.00  99999.00  99999.00  99999.00  99999.00       0       0      27       1
83779  06  00    70  99999.00  99999.00  18327.87  18857.55   -845.05   -513.49  99999.00  99999.00       0     310     310      29
83779  06  00    60  99999.00  99999.00  99999.00  99999.00  99999.00  99999.00  99999.00  99999.00       0       0      35       3
83779  06  00    50  99999.00  99999.00  20374.90  20923.54   -753.40   -475.96  99999.00  99999.00       0     295     295      23
83779  06  00    40  99999.00  99999.00  99999.00  99999.00  99999.00  99999.00  99999.00  99999.00       0       0      32       2
83779  06  00    30  99999.00  99999.00  23573.68  24139.00   -662.04   -433.32  99999.00  99999.00       0     164     174       9
83779  06  00    20  99999.00  99999.00  99999.00  99999.00  99999.00  99999.00  99999.00  99999.00       0      15      21       0
83779  06  00    15  99999.00  99999.00  99999.00  99999.00  99999.00  99999.00  99999.00  99999.00       0       0       3       0
83779  06  00    10  99999.00  99999.00  99999.00  99999.00  99999.00  99999.00  99999.00  99999.00       0       0       0       0
83779  06  00     7  99999.00  99999.00  99999.00  99999.00  99999.00  99999.00  99999.00  99999.00       0       0       0       0
83779  06  00     5  99999.00  99999.00  99999.00  99999.00  99999.00  99999.00  99999.00  99999.00       0       0       0       0
83779  06  00     3  99999.00  99999.00  99999.00  99999.00  99999.00  99999.00  99999.00  99999.00       0       0       0       0
83779  06  00     2  99999.00  99999.00  99999.00  99999.00  99999.00  99999.00  99999.00  99999.00       0       0       0       0
83779  06  00     1  99999.00  99999.00  99999.00  99999.00  99999.00  99999.00  99999.00  99999.00       0       0       0       0
83779  07  00  9999    917.19    958.23  99999.00  99999.00     -2.56    329.48    -90.89    177.19     331       0     331     331
83779  07  00  1000  99999.00  99999.00  99999.00  99999.00  99999.00  99999.00  99999.00  99999.00       0       0       0       0
83779  07  00   925  99999.00  99999.00    653.94   1021.50    -65.66    404.98    -70.64    293.32       0     328     328     328
83779  07  00   900  99999.00  99999.00  99999.00  99999.00  99999.00  99999.00  99999.00  99999.00       0       0       6       6
83779  07  00   850  99999.00  99999.00   1399.10   1711.94    -89.51    363.85   -203.52    340.08       0     328     328     328
83779  07  00   800  99999.00  99999.00  99999.00  99999.00  99999.00  99999.00  99999.00  99999.00       0       0       9       9
83779  07  00   700  99999.00  99999.00   3013.54   3323.26    -95.53    205.91  -1028.10    754.02       0     328     328     327
83779  07  00   600  99999.00  99999.00  99999.00  99999.00  99999.00  99999.00  99999.00  99999.00       0       0      11      11
83779  07  00   500  99999.00  99999.00   5625.81   6063.09   -233.65     35.99  -1179.83    446.17       0     328     328     327
83779  07  00   400  99999.00  99999.00   7250.46   7802.22   -372.40    -62.80  -1166.09    256.39       0     328     328     327
83779  07  00   300  99999.00  99999.00   9227.31   9931.11   -525.77   -217.49  -1096.13      9.91       0     328     328     291
83779  07  00   250  99999.00  99999.00  10416.05  11212.61   -614.06   -313.94  99999.00  99999.00       0     328     328      46
83779  07  00   200  99999.00  99999.00  11827.43  12699.59   -707.49   -413.01  99999.00  99999.00       0     328     328      44
83779  07  00   150  99999.00  99999.00  13642.19  14466.95   -817.56   -468.96  99999.00  99999.00       0     328     328      44
83779  07  00   100  99999.00  99999.00  16173.37  16800.97   -889.18   -536.26  99999.00  99999.00       0     325     326      43
83779  07  00    80  99999.00  99999.00  99999.00  99999.00  99999.00  99999.00  99999.00  99999.00       0       0      32       7
83779  07  00    70  99999.00  99999.00  18343.38  18866.46   -840.48   -513.36  99999.00  99999.00       0     319     319      42
83779  07  00    60  99999.00  99999.00  99999.00  99999.00  99999.00  99999.00  99999.00  99999.00       0       0      31       7
83779  07  00    50  99999.00  99999.00  20398.08  20926.56   -763.75   -468.55  99999.00  99999.00       0     306     307      38
83779  07  00    40  99999.00  99999.00  99999.00  99999.00  99999.00  99999.00  99999.00  99999.00       0       0      43       1
83779  07  00    30  99999.00  99999.00  23602.81  24123.97   -694.45   -424.45  99999.00  99999.00       0     162     177      12
83779  07  00    20  99999.00  99999.00  99999.00  99999.00  99999.00  99999.00  99999.00  99999.00       0       9      12       0
83779  07  00    15  99999.00  99999.00  99999.00  99999.00  99999.00  99999.00  99999.00  99999.00       0       0       0       0
83779  07  00    10  99999.00  99999.00  99999.00  99999.00  99999.00  99999.00  99999.00  99999.00       0       0       0       0
83779  07  00     7  99999.00  99999.00  99999.00  99999.00  99999.00  99999.00  99999.00  99999.00       0       0       0       0
83779  07  00     5  99999.00  99999.00  99999.00  99999.00  99999.00  99999.00  99999.00  99999.00       0       0       0       0
83779  07  00     3  99999.00  99999.00  99999.00  99999.00  99999.00  99999.00  99999.00  99999.00       0       0       0       0
83779  07  00     2  99999.00  99999.00  99999.00  99999.00  99999.00  99999.00  99999.00  99999.00       0       0       0       0
83779  07  00     1  99999.00  99999.00  99999.00  99999.00  99999.00  99999.00  99999.00  99999.00       0       0       0       0
83779  08  00  9999    917.91    956.55  99999.00  99999.00    -16.83    367.89   -148.23    264.81     325       0     325     325
83779  08  00  1000  99999.00  99999.00  99999.00  99999.00  99999.00  99999.00  99999.00  99999.00       0       0       0       0
83779  08  00   925  99999.00  99999.00    663.36   1004.64    -85.17    444.51    -80.97    296.07       0     325     325     325
83779  08  00   900  99999.00  99999.00  99999.00  99999.00  99999.00  99999.00  99999.00  99999.00       0       0       5       5
83779  08  00   850  99999.00  99999.00   1415.00   1693.64   -114.42    414.54   -202.38    324.78       0     325     325     324
83779  08  00   800  99999.00  99999.00  99999.00  99999.00  99999.00  99999.00  99999.00  99999.00       0       0       3       3
83779  08  00   700  99999.00  99999.00   3029.40   3318.00    -85.21    213.59  -1116.23    809.17       0     325     325     323
83779  08  00   600  99999.00  99999.00  99999.00  99999.00  99999.00  99999.00  99999.00  99999.00       0       0       3       3
83779  08  00   500  99999.00  99999.00   5640.49   6071.17   -229.09     39.47  -1097.17    338.75       0     324     324     323
83779  08  00   400  99999.00  99999.00   7271.30   7807.10   -359.83    -73.87  -1080.95    151.69       0     324     324     323
83779  08  00   300  99999.00  99999.00   9255.12   9931.92   -516.36   -218.52  -1112.84     12.64       0     324     324     290
83779  08  00   250  99999.00  99999.00  10459.08  11203.20   -601.21   -315.85  99999.00  99999.00       0     324     324      58
83779  08  00   200  99999.00  99999.00  11905.10  12666.02   -687.79   -413.71  99999.00  99999.00       0     324     324      58
83779  08  00   150  99999.00  99999.00  13740.82  14425.66   -802.42   -476.98  99999.00  99999.00       0     324     324      58
83779  08  00   100  99999.00  99999.00  16247.11  16781.95   -881.65   -548.41  99999.00  99999.00       0     322     322      58
83779  08  00    80  99999.00  99999.00  99999.00  99999.00  99999.00  99999.00  99999.00  99999.00       0       0      27       8
83779  08  00    70  99999.00  99999.00  18420.49  18838.21   -837.32   -521.84  99999.00  99999.00       0     308     309      56
83779  08  00    60  99999.00  99999.00  99999.00  99999.00  99999.00  99999.00  99999.00  99999.00       0       0      32      10
83779  08  00    50  99999.00  99999.00  20456.77  20912.89   -740.91   -488.55  99999.00  99999.00       0     290     292      50
83779  08  00    40  99999.00  99999.00  99999.00  99999.00  99999.00  99999.00  99999.00  99999.00       0       0      32       5
83779  08  00    30  99999.00  99999.00  23588.06  24201.50   -705.56   -405.56  99999.00  99999.00       0     159     172      16
83779  08  00    20  99999.00  99999.00  99999.00  99999.00  99999.00  99999.00  99999.00  99999.00       0       8      13       0
83779  08  00    15  99999.00  99999.00  99999.00  99999.00  99999.00  99999.00  99999.00  99999.00       0       0       0       0
83779  08  00    10  99999.00  99999.00  99999.00  99999.00  99999.00  99999.00  99999.00  99999.00       0       0       0       0
83779  08  00     7  99999.00  99999.00  99999.00  99999.00  99999.00  99999.00  99999.00  99999.00       0       0       0       0
83779  08  00     5  99999.00  99999.00  99999.00  99999.00  99999.00  99999.00  99999.00  99999.00       0       0       0       0
83779  08  00     3  99999.00  99999.00  99999.00  99999.00  99999.00  99999.00  99999.00  99999.00       0       0       0       0
83779  08  00     2  99999.00  99999.00  99999.00  99999.00  99999.00  99999.00  99999.00  99999.00       0       0       0       0
83779  08  00     1  99999.00  99999.00  99999.00  99999.00  99999.00  99999.00  99999.00  99999.00       0       0       0       0
83779  09  00  9999    916.27    956.23  99999.00  99999.00    -26.36    398.92   -184.82    296.26     305       0     305     305
83779  09  00  1000  99999.00  99999.00  99999.00  99999.00  99999.00  99999.00  99999.00  99999.00       0       0       0       0
83779  09  00   925  99999.00  99999.00    649.90   1000.54    -79.60    440.96    -85.60    330.44       0     305     305     305
83779  09  00   900  99999.00  99999.00  99999.00  99999.00  99999.00  99999.00  99999.00  99999.00       0       0       7       6
83779  09  00   850  99999.00  99999.00   1402.90   1689.46   -145.68    455.64   -171.06    337.86       0     305     305     305
83779  09  00   800  99999.00  99999.00  99999.00  99999.00  99999.00  99999.00  99999.00  99999.00       0       0       4       4
83779  09  00   700  99999.00  99999.00   3015.62   3329.06    -47.58    192.30   -993.44    806.32       0     305     305     305
83779  09  00   600  99999.00  99999.00  99999.00  99999.00  99999.00  99999.00  99999.00  99999.00       0       0       9       9
83779  09  00   500  99999.00  99999.00   5652.76   6064.00   -213.94     30.74  -1171.52    515.92       0     303     303     303
83779  09  00   400  99999.00  99999.00   7290.88   7802.32   -351.02    -62.30  -1157.20    306.80       0     303     303     303
83779  09  00   300  99999.00  99999.00   9275.97   9942.45   -511.23   -210.99  -1104.73     50.63       0     302     302     293
83779  09  00   250  99999.00  99999.00  10474.48  11224.12   -588.46   -321.34  99999.00  99999.00       0     301     301      49
83779  09  00   200  99999.00  99999.00  11902.98  12704.22   -679.37   -425.93  99999.00  99999.00       0     300     300      49
83779  09  00   150  99999.00  99999.00  13727.15  14467.07   -808.35   -487.59  99999.00  99999.00       0     298     298      49
83779  09  00   100  99999.00  99999.00  16245.95  16796.15   -896.43   -544.95  99999.00  99999.00       0     295     295      49
83779  09  00    80  99999.00  99999.00  99999.00  99999.00  99999.00  99999.00  99999.00  99999.00       0       0      25       5
83779  09  00    70  99999.00  99999.00  18408.86  18857.06   -837.25   -521.53  99999.00  99999.00       0     284     284      48
83779  09  00    60  99999.00  99999.00  99999.00  99999.00  99999.00  99999.00  99999.00  99999.00       0       0      28       6
83779  09  00    50  99999.00  99999.00  20449.05  20926.17   -732.92   -503.00  99999.00  99999.00       0     276     278      47
83779  09  00    40  99999.00  99999.00  99999.00  99999.00  99999.00  99999.00  99999.00  99999.00       0       0      28       3
83779  09  00    30  99999.00  99999.00  23582.78  24194.78   -686.83   -439.27  99999.00  99999.00       0     172     187      15
83779  09  00    20  99999.00  99999.00  99999.00  99999.00  99999.00  99999.00  99999.00  99999.00       0       7      10       0
83779  09  00    15  99999.00  99999.00  99999.00  99999.00  99999.00  99999.00  99999.00  99999.00       0       0       0       0
83779  09  00    10  99999.00  99999.00  99999.00  99999.00  99999.00  99999.00  99999.00  99999.00       0       0       0       0
83779  09  00     7  99999.00  99999.00  99999.00  99999.00  99999.00  99999.00  99999.00  99999.00       0       0       0       0
83779  09  00     5  99999.00  99999.00  99999.00  99999.00  99999.00  99999.00  99999.00  99999.00       0       0       0       0
83779  09  00     3  99999.00  99999.00  99999.00  99999.00  99999.00  99999.00  99999.00  99999.00       0       0       0       0
83779  09  00     2  99999.00  99999.00  99999.00  99999.00  99999.00  99999.00  99999.00  99999.00       0       0       0       0
83779  09  00     1  99999.00  99999.00  99999.00  99999.00  99999.00  99999.00  99999.00  99999.00       0       0       0       0
83779  10  00  9999    915.51    952.47  99999.00  99999.00     15.70    371.50   -111.98    196.66     297       0     297     297
83779  10  00  1000  99999.00  99999.00  99999.00  99999.00  99999.00  99999.00  99999.00  99999.00       0       0       0       0
83779  10  00   925  99999.00  99999.00    636.00    972.60    -21.63    396.57    -20.33    312.07       0     298     297     297
83779  10  00   900  99999.00  99999.00  99999.00  99999.00  99999.00  99999.00  99999.00  99999.00       0       0       7       7
83779  10  00   850  99999.00  99999.00   1385.01   1667.97    -86.94    400.98    -81.44    309.52       0     298     298     298
83779  10  00   800  99999.00  99999.00  99999.00  99999.00  99999.00  99999.00  99999.00  99999.00       0       0       2       2
83779  10  00   700  99999.00  99999.00   3018.74   3294.62    -38.16    195.00   -834.20    753.40       0     296     297     297
83779  10  00   600  99999.00  99999.00  99999.00  99999.00  99999.00  99999.00  99999.00  99999.00       0       0       3       3
83779  10  00   500  99999.00  99999.00   5686.84   6017.44   -173.65     17.63  -1170.07    613.37       0     294     295     295
83779  10  00   400  99999.00  99999.00   7346.81   7756.25   -309.70    -67.78  -1206.12    458.40       0     294     295     295
83779  10  00   300  99999.00  99999.00   9368.80   9895.36   -462.52   -211.60  -1108.56    135.00       0     294     295     295
83779  10  00   250  99999.00  99999.00  10586.36  11182.52   -542.37   -324.57  99999.00  99999.00       0     293     294      39
83779  10  00   200  99999.00  99999.00  12031.59  12665.67   -648.32   -445.16  99999.00  99999.00       0     291     292      31
83779  10  00   150  99999.00  99999.00  13845.24  14430.00   -824.12   -497.96  99999.00  99999.00       0     290     291      31
83779  10  00   100  99999.00  99999.00  16308.31  16766.71   -927.70   -565.06  99999.00  99999.00       0     285     286      31
83779  10  00    80  99999.00  99999.00  99999.00  99999.00  99999.00  99999.00  99999.00  99999.00       0       0      27       6
83779  10  00    70  99999.00  99999.00  18402.89  18849.05   -853.04   -541.76  99999.00  99999.00       0     263     264      31
83779  10  00    60  99999.00  99999.00  99999.00  99999.00  99999.00  99999.00  99999.00  99999.00       0       0      29       3
83779  10  00    50  99999.00  99999.00  20419.29  20912.61   -747.12   -519.00  99999.00  99999.00       0     252     252      30
83779  10  00    40  99999.00  99999.00  99999.00  99999.00  99999.00  99999.00  99999.00  99999.00       0       0      23       0
83779  10  00    30  99999.00  99999.00  23557.37  24138.29   -698.71   -460.03  99999.00  99999.00       0     115     130       7
83779  10  00    20  99999.00  99999.00  99999.00  99999.00  99999.00  99999.00  99999.00  99999.00       0       4       5       0
83779  10  00    15  99999.00  99999.00  99999.00  99999.00  99999.00  99999.00  99999.00  99999.00       0       0       0       0
83779  10  00    10  99999.00  99999.00  99999.00  99999.00  99999.00  99999.00  99999.00  99999.00       0       0       0       0
83779  10  00     7  99999.00  99999.00  99999.00  99999.00  99999.00  99999.00  99999.00  99999.00       0       0       0       0
83779  10  00     5  99999.00  99999.00  99999.00  99999.00  99999.00  99999.00  99999.00  99999.00       0       0       0       0
83779  10  00     3  99999.00  99999.00  99999.00  99999.00  99999.00  99999.00  99999.00  99999.00       0       0       0       0
83779  10  00     2  99999.00  99999.00  99999.00  99999.00  99999.00  99999.00  99999.00  99999.00       0       0       0       0
83779  10  00     1  99999.00  99999.00  99999.00  99999.00  99999.00  99999.00  99999.00  99999.00       0       0       0       0
83779  11  00  9999    914.22    950.34  99999.00  99999.00     29.26    377.02   -103.82    188.62     283       0     283     283
83779  11  00  1000  99999.00  99999.00  99999.00  99999.00  99999.00  99999.00  99999.00  99999.00       0       0       0       0
83779  11  00   925  99999.00  99999.00    628.29    950.25      6.80    386.00    -23.63    332.77       0     282     282     282
83779  11  00   900  99999.00  99999.00  99999.00  99999.00  99999.00  99999.00  99999.00  99999.00       0       0       3       2
83779  11  00   850  99999.00  99999.00   1376.84   1649.24    -64.35    377.97   -131.38    365.06       0     283     283     283
83779  11  00   800  99999.00  99999.00  99999.00  99999.00  99999.00  99999.00  99999.00  99999.00       0       0       1       1
83779  11  00   700  99999.00  99999.00   3006.14   3278.78    -37.30    191.18   -705.15    660.33       0     283     283     283
83779  11  00   600  99999.00  99999.00  99999.00  99999.00  99999.00  99999.00  99999.00  99999.00       0       0       3       3
83779  11  00   500  99999.00  99999.00   5647.30   6034.90   -196.99     52.97  -1213.46    655.54       0     282     282     282
83779  11  00   400  99999.00  99999.00   7289.91   7798.95   -332.47    -31.63  -1257.27    517.53       0     282     282     282
83779  11  00   300  99999.00  99999.00   9287.86   9975.82   -462.94   -191.98  -1223.88    237.12       0     282     282     282
83779  11  00   250  99999.00  99999.00  10503.18  11277.18   -534.27   -310.83  99999.00  99999.00       0     282     282      59
83779  11  00   200  99999.00  99999.00  11952.62  12770.42   -647.99   -423.23  99999.00  99999.00       0     282     282      25
83779  11  00   150  99999.00  99999.00  13774.89  14542.65   -820.26   -482.70  99999.00  99999.00       0     277     276      24
83779  11  00   100  99999.00  99999.00  16254.99  16867.83   -939.83   -564.47  99999.00  99999.00       0     270     270      24
83779  11  00    80  99999.00  99999.00  99999.00  99999.00  99999.00  99999.00  99999.00  99999.00       0       0      27       1
83779  11  00    70  99999.00  99999.00  18378.32  18885.08  -8850.10   7024.94  99999.00  99999.00       0     235     242      22
83779  11  00    60  99999.00  99999.00  99999.00  99999.00  99999.00  99999.00  99999.00  99999.00       0       0      25       1
83779  11  00    50  99999.00  99999.00  20412.66  20891.22  -4446.63   3073.77  99999.00  99999.00       0     217     223      21
83779  11  00    40  99999.00  99999.00  99999.00  99999.00  99999.00  99999.00  99999.00  99999.00       0       0      26       0
83779  11  00    30  99999.00  99999.00  23493.12  24171.84   -674.25   -465.21  99999.00  99999.00       0     105     115       4
83779  11  00    20  99999.00  99999.00  99999.00  99999.00  99999.00  99999.00  99999.00  99999.00       0       4       7       0
83779  11  00    15  99999.00  99999.00  99999.00  99999.00  99999.00  99999.00  99999.00  99999.00       0       0       0       0
83779  11  00    10  99999.00  99999.00  99999.00  99999.00  99999.00  99999.00  99999.00  99999.00       0       0       0       0
83779  11  00     7  99999.00  99999.00  99999.00  99999.00  99999.00  99999.00  99999.00  99999.00       0       0       0       0
83779  11  00     5  99999.00  99999.00  99999.00  99999.00  99999.00  99999.00  99999.00  99999.00       0       0       0       0
83779  11  00     3  99999.00  99999.00  99999.00  99999.00  99999.00  99999.00  99999.00  99999.00       0       0       0       0
83779  11  00     2  99999.00  99999.00  99999.00  99999.00  99999.00  99999.00  99999.00  99999.00       0       0       0       0
83779  11  00     1  99999.00  99999.00  99999.00  99999.00  99999.00  99999.00  99999.00  99999.00       0       0       0       0
83779  12  00  9999    916.84    945.52  99999.00  99999.00     71.82    357.30   -116.34    201.78     287       0     287     287
83779  12  00  1000  99999.00  99999.00  99999.00  99999.00  99999.00  99999.00  99999.00  99999.00       0       0       0       0
83779  12  00   925  99999.00  99999.00    648.43    910.15     46.02    373.38      0.38    332.54       0     287     286     286
83779  12  00   900  99999.00  99999.00  99999.00  99999.00  99999.00  99999.00  99999.00  99999.00       0       0       2       2
83779  12  00   850  99999.00  99999.00   1375.16   1637.12    -21.29    359.83   -105.84    368.16       0     290     289     289
83779  12  00   800  99999.00  99999.00  99999.00  99999.00  99999.00  99999.00  99999.00  99999.00       0       0       2       2
83779  12  00   700  99999.00  99999.00   2996.15   3288.83     -7.56    179.28   -563.21    580.15       0     289     289     289
83779  12  00   600  99999.00  99999.00  99999.00  99999.00  99999.00  99999.00  99999.00  99999.00       0       0       6       6
83779  12  00   500  99999.00  99999.00   5662.00   6041.20   -163.58     40.54  -1138.15    666.17       0     288     288     288
83779  12  00   400  99999.00  99999.00   7326.81   7800.69   -288.22    -48.10  -1236.84    548.40       0     288     288     288
83779  12  00   300  99999.00  99999.00   9356.82   9965.82   -441.83   -194.03  -1134.22    211.94       0     287     289     289
83779  12  00   250  99999.00  99999.00  10574.78  11272.46   -525.33   -307.29  -1010.00    -11.72       0     287     288      84
83779  12  00   200  99999.00  99999.00  12008.19  12786.87   -623.03   -444.11  99999.00  99999.00       0     287     288      30
83779  12  00   150  99999.00  99999.00  13803.19  14584.99   -794.02   -521.98  99999.00  99999.00       0     286     287      30
83779  12  00   100  99999.00  99999.00  16302.55  16874.95   -944.47   -573.19  99999.00  99999.00       0     280     284      30
83779  12  00    80  99999.00  99999.00  99999.00  99999.00  99999.00  99999.00  99999.00  99999.00       0       0      18       1
83779  12  00    70  99999.00  99999.00  18428.72  18858.68  -5767.91   4131.97  99999.00  99999.00       0     249     251      30
83779  12  00    60  99999.00  99999.00  99999.00  99999.00  99999.00  99999.00  99999.00  99999.00       0       0      33       6
83779  12  00    50  99999.00  99999.00  20438.14  20855.74  -7226.03   5661.97  99999.00  99999.00       0     222     225      28
83779  12  00    40  99999.00  99999.00  99999.00  99999.00  99999.00  99999.00  99999.00  99999.00       0       0      23       2
83779  12  00    30  99999.00  99999.00  23587.76  24028.52  -6324.44   4986.52  99999.00  99999.00       0      86     100       7
83779  12  00    20  99999.00  99999.00  99999.00  99999.00  99999.00  99999.00  99999.00  99999.00       0       4       6       1
83779  12  00    15  99999.00  99999.00  99999.00  99999.00  99999.00  99999.00  99999.00  99999.00       0       0       0       0
83779  12  00    10  99999.00  99999.00  99999.00  99999.00  99999.00  99999.00  99999.00  99999.00       0       0       0       0
83779  12  00     7  99999.00  99999.00  99999.00  99999.00  99999.00  99999.00  99999.00  99999.00       0       0       0       0
83779  12  00     5  99999.00  99999.00  99999.00  99999.00  99999.00  99999.00  99999.00  99999.00       0       0       0       0
83779  12  00     3  99999.00  99999.00  99999.00  99999.00  99999.00  99999.00  99999.00  99999.00       0       0       0       0
83779  12  00     2  99999.00  99999.00  99999.00  99999.00  99999.00  99999.00  99999.00  99999.00       0       0       0       0
83779  12  00     1  99999.00  99999.00  99999.00  99999.00  99999.00  99999.00  99999.00  99999.00       0       0       0       0
