97980  01  12  9999    996.79   1016.59  99999.00  99999.00    181.81    356.41    -62.84    121.72     117       0     117     117
97980  01  12  1000  99999.00  99999.00    -14.65    137.75    174.89    362.09    162.98    291.62       0     110     110     109
97980  01  12   925  99999.00  99999.00    673.08    825.36    159.52    306.52     77.78    294.62       0     110     110     109
97980  01  12   900  99999.00  99999.00  99999.00  99999.00  99999.00  99999.00  99999.00  99999.00       0       0       0       0
97980  01  12   850  99999.00  99999.00   1403.43   1563.75    131.29    247.93     14.02    276.82       0     110     109     108
97980  01  12   800  99999.00  99999.00  99999.00  99999.00  99999.00  99999.00  99999.00  99999.00       0       0       0       0
97980  01  12   700  99999.00  99999.00   3041.47   3216.79     54.10    152.62   -235.89    336.99       0     110     110     109
97980  01  12   600  99999.00  99999.00  99999.00  99999.00  99999.00  99999.00  99999.00  99999.00       0       0       4       4
97980  01  12   500  99999.00  99999.00   5760.85   5955.85    -98.29      8.03   -575.27    368.65       0     109     109     108
97980  01  12   400  99999.00  99999.00   7485.81   7681.53   -194.17    -96.61   -663.21    249.63       0     109     109     108
97980  01  12   300  99999.00  99999.00   9582.00   9823.68   -349.23   -236.43   -759.37     52.07       0     109     109     108
97980  01  12   250  99999.00  99999.00  10843.04  11112.56   -457.04   -331.64   -822.45   -100.29       0     109     109      92
97980  01  12   200  99999.00  99999.00  12307.16  12620.36   -579.13   -461.29  99999.00  99999.00       0     109     109       0
97980  01  12   150  99999.00  99999.00  14083.93  14435.89   -719.43   -632.67  99999.00  99999.00       0     109     109       0
97980  01  12   100  99999.00  99999.00  16398.02  16780.70   -937.91   -753.71  99999.00  99999.00       0     109     113       0
97980  01  12    80  99999.00  99999.00  99999.00  99999.00  99999.00  99999.00  99999.00  99999.00       0       0      15       0
97980  01  12    70  99999.00  99999.00  99999.00  99999.00  99999.00  99999.00  99999.00  99999.00       0       0       4       0
97980  01  12    60  99999.00  99999.00  99999.00  99999.00  99999.00  99999.00  99999.00  99999.00       0       0       9       0
97980  01  12    50  99999.00  99999.00  99999.00  99999.00  99999.00  99999.00  99999.00  99999.00       0       0       8       0
97980  01  12    40  99999.00  99999.00  99999.00  99999.00  99999.00  99999.00  99999.00  99999.00       0       0       8       0
97980  01  12    30  99999.00  99999.00  99999.00  99999.00  99999.00  99999.00  99999.00  99999.00       0       0       8       0
97980  01  12    20  99999.00  99999.00  99999.00  99999.00  99999.00  99999.00  99999.00  99999.00       0       0      11       0
97980  01  12    15  99999.00  99999.00  99999.00  99999.00  99999.00  99999.00  99999.00  99999.00       0       0      13       0
97980  01  12    10  99999.00  99999.00  99999.00  99999.00  99999.00  99999.00  99999.00  99999.00       0       0      15       0
97980  01  12     7  99999.00  99999.00  99999.00  99999.00  99999.00  99999.00  99999.00  99999.00       0       0      12       0
97980  01  12     5  99999.00  99999.00  99999.00  99999.00  99999.00  99999.00  99999.00  99999.00       0       0       9       0
97980  01  12     3  99999.00  99999.00  99999.00  99999.00  99999.00  99999.00  99999.00  99999.00       0       0       0       0
97980  01  12     2  99999.00  99999.00  99999.00  99999.00  99999.00  99999.00  99999.00  99999.00       0       0       0       0
97980  01  12     1  99999.00  99999.00  99999.00  99999.00  99999.00  99999.00  99999.00  99999.00       0       0       0       0
97980  02  12  9999    996.75   1017.27  99999.00  99999.00    178.32    358.44    -55.98    115.62     111       0     111     111
97980  02  12  1000  99999.00  99999.00    -21.69    151.23    182.51    353.27    146.59    304.99       0     110     110     109
97980  02  12   925  99999.00  99999.00    669.91    833.71    159.35    300.47     72.76    298.96       0     110     110     108
97980  02  12   900  99999.00  99999.00  99999.00  99999.00  99999.00  99999.00  99999.00  99999.00       0       0       0       0
97980  02  12   850  99999.00  99999.00   1406.33   1564.85    131.43    245.31     26.33    260.09       0     110     109     107
97980  02  12   800  99999.00  99999.00  99999.00  99999.00  99999.00  99999.00  99999.00  99999.00       0       0       0       0
97980  02  12   700  99999.00  99999.00   3054.13   3206.77     38.51    166.19   -161.87    258.25       0     110     110     108
97980  02  12   600  99999.00  99999.00  99999.00  99999.00  99999.00  99999.00  99999.00  99999.00       0       0       2       2
97980  02  12   500  99999.00  99999.00   5768.23   5946.67    -97.22      3.22   -451.63    255.17       0     110     109     107
97980  02  12   400  99999.00  99999.00   7480.47   7681.71   -198.07    -98.59   -570.29    165.31       0     110     108     106
97980  02  12   300  99999.00  99999.00   9583.71   9814.47   -350.55   -240.15   -667.81    -34.57       0     110     110     108
97980  02  12   250  99999.00  99999.00  10840.03  11104.15   -446.26   -349.42   -737.27   -170.63       0     110     110      74
97980  02  12   200  99999.00  99999.00  12307.20  12604.08   -575.15   -474.71  99999.00  99999.00       0     110     110       0
97980  02  12   150  99999.00  99999.00  14082.84  14410.44   -733.26   -629.58  99999.00  99999.00       0     110     110       0
97980  02  12   100  99999.00  99999.00  16390.90  16759.18   -964.25   -712.97  99999.00  99999.00       0     109     109       0
97980  02  12    80  99999.00  99999.00  99999.00  99999.00  99999.00  99999.00  99999.00  99999.00       0       0       9       0
97980  02  12    70  99999.00  99999.00  99999.00  99999.00  99999.00  99999.00  99999.00  99999.00       0       0      10       0
97980  02  12    60  99999.00  99999.00  99999.00  99999.00  99999.00  99999.00  99999.00  99999.00       0       0      10       0
97980  02  12    50  99999.00  99999.00  99999.00  99999.00  99999.00  99999.00  99999.00  99999.00       0       0      11       0
97980  02  12    40  99999.00  99999.00  99999.00  99999.00  99999.00  99999.00  99999.00  99999.00       0       0       7       0
97980  02  12    30  99999.00  99999.00  99999.00  99999.00  99999.00  99999.00  99999.00  99999.00       0       0       9       0
97980  02  12    20  99999.00  99999.00  99999.00  99999.00  99999.00  99999.00  99999.00  99999.00       0       0       8       0
97980  02  12    15  99999.00  99999.00  99999.00  99999.00  99999.00  99999.00  99999.00  99999.00       0       0       8       0
97980  02  12    10  99999.00  99999.00  99999.00  99999.00  99999.00  99999.00  99999.00  99999.00       0       0      12       0
97980  02  12     7  99999.00  99999.00  99999.00  99999.00  99999.00  99999.00  99999.00  99999.00       0       0      12       0
97980  02  12     5  99999.00  99999.00  99999.00  99999.00  99999.00  99999.00  99999.00  99999.00       0       0       6       0
97980  02  12     3  99999.00  99999.00  99999.00  99999.00  99999.00  99999.00  99999.00  99999.00       0       0       0       0
97980  02  12     2  99999.00  99999.00  99999.00  99999.00  99999.00  99999.00  99999.00  99999.00       0       0       0       0
97980  02  12     1  99999.00  99999.00  99999.00  99999.00  99999.00  99999.00  99999.00  99999.00       0       0       0       0
97980  03  12  9999    996.26   1018.70  99999.00  99999.00    172.64    362.12    -60.74    119.86     123       0     123     123
97980  03  12  1000  99999.00  99999.00    -32.27    169.33    192.52    341.92    156.68    296.96       0     120     120     120
97980  03  12   925  99999.00  99999.00    655.35    855.63    167.66    291.74     80.72    291.56       0     120     120     120
97980  03  12   900  99999.00  99999.00  99999.00  99999.00  99999.00  99999.00  99999.00  99999.00       0       0       0       0
97980  03  12   850  99999.00  99999.00   1387.82   1590.62    124.39    250.27     -5.21    295.39       0     120     120     120
97980  03  12   800  99999.00  99999.00  99999.00  99999.00  99999.00  99999.00  99999.00  99999.00       0       0       0       0
97980  03  12   700  99999.00  99999.00   3029.06   3240.38     57.66    151.02   -120.33    233.43       0     120     119     119
97980  03  12   600  99999.00  99999.00  99999.00  99999.00  99999.00  99999.00  99999.00  99999.00       0       0       3       3
97980  03  12   500  99999.00  99999.00   5753.36   5974.64    -96.49      4.43   -467.63    280.57       0     120     120     120
97980  03  12   400  99999.00  99999.00   7480.09   7697.89   -192.74    -98.06   -565.78    174.14       0     119     119     119
97980  03  12   300  99999.00  99999.00   9600.96   9815.52   -346.48   -238.24   -802.32     73.20       0     119     119     119
97980  03  12   250  99999.00  99999.00  10865.58  11101.98   -440.75   -348.47   -832.52    -97.16       0     119     118      94
97980  03  12   200  99999.00  99999.00  12333.67  12604.99   -566.46   -478.86  99999.00  99999.00       0     119     118       0
97980  03  12   150  99999.00  99999.00  14092.61  14433.77   -719.01   -638.85  99999.00  99999.00       0     119     118       0
97980  03  12   100  99999.00  99999.00  16442.59  16747.15   -958.07   -710.27  99999.00  99999.00       0     117     118       0
97980  03  12    80  99999.00  99999.00  99999.00  99999.00  99999.00  99999.00  99999.00  99999.00       0       0       7       0
97980  03  12    70  99999.00  99999.00  99999.00  99999.00  99999.00  99999.00  99999.00  99999.00       0       0       9       0
97980  03  12    60  99999.00  99999.00  99999.00  99999.00  99999.00  99999.00  99999.00  99999.00       0       0       8       0
97980  03  12    50  99999.00  99999.00  99999.00  99999.00  99999.00  99999.00  99999.00  99999.00       0       0      11       0
97980  03  12    40  99999.00  99999.00  99999.00  99999.00  99999.00  99999.00  99999.00  99999.00       0       0      14       0
97980  03  12    30  99999.00  99999.00  99999.00  99999.00  99999.00  99999.00  99999.00  99999.00       0       0      13       0
97980  03  12    20  99999.00  99999.00  99999.00  99999.00  99999.00  99999.00  99999.00  99999.00       0       0      10       0
97980  03  12    15  99999.00  99999.00  99999.00  99999.00  99999.00  99999.00  99999.00  99999.00       0       0      16       0
97980  03  12    10  99999.00  99999.00  99999.00  99999.00  99999.00  99999.00  99999.00  99999.00       0       0      14       0
97980  03  12     7  99999.00  99999.00  99999.00  99999.00  99999.00  99999.00  99999.00  99999.00       0       0      11       0
97980  03  12     5  99999.00  99999.00  99999.00  99999.00  99999.00  99999.00  99999.00  99999.00       0       0       8       0
97980  03  12     3  99999.00  99999.00  99999.00  99999.00  99999.00  99999.00  99999.00  99999.00       0       0       0       0
97980  03  12     2  99999.00  99999.00  99999.00  99999.00  99999.00  99999.00  99999.00  99999.00       0       0       0       0
97980  03  12     1  99999.00  99999.00  99999.00  99999.00  99999.00  99999.00  99999.00  99999.00       0       0       0       0
97980  04  12  9999   1000.52   1017.44  99999.00  99999.00    191.28    342.36    -59.18    118.30     117       0     117     117
97980  04  12  1000  99999.00  99999.00     12.83    151.07    208.13    325.61    134.65    314.53       0     117     117     116
97980  04  12   925  99999.00  99999.00    700.94    836.42    183.06    277.14     30.82    328.42       0     117     117     116
97980  04  12   900  99999.00  99999.00  99999.00  99999.00  99999.00  99999.00  99999.00  99999.00       0       0       0       0
97980  04  12   850  99999.00  99999.00   1438.59   1565.67    133.12    237.04    -25.15    315.65       0     117     117     116
97980  04  12   800  99999.00  99999.00  99999.00  99999.00  99999.00  99999.00  99999.00  99999.00       0       0       2       2
97980  04  12   700  99999.00  99999.00   3090.82   3201.70     55.94    156.74   -393.47    448.81       0     117     117     116
97980  04  12   600  99999.00  99999.00  99999.00  99999.00  99999.00  99999.00  99999.00  99999.00       0       0       1       1
97980  04  12   500  99999.00  99999.00   5810.98   5937.22    -95.18      3.70   -876.76    600.56       0     117     117     116
97980  04  12   400  99999.00  99999.00   7528.78   7670.02   -190.13   -103.73   -985.30    480.86       0     117     117     116
97980  04  12   300  99999.00  99999.00   9632.22   9799.74   -341.68   -250.72   -846.19     84.53       0     117     117     116
97980  04  12   250  99999.00  99999.00  10889.84  11087.60   -445.20   -354.24   -870.80    -79.40       0     117     117      69
97980  04  12   200  99999.00  99999.00  12345.09  12597.33   -570.86   -480.86  99999.00  99999.00       0     116     116       0
97980  04  12   150  99999.00  99999.00  14115.04  14410.48   -732.54   -625.26  99999.00  99999.00       0     116     116       0
97980  04  12   100  99999.00  99999.00  16435.95  16761.27   -938.54   -725.66  99999.00  99999.00       0     115     115       0
97980  04  12    80  99999.00  99999.00  99999.00  99999.00  99999.00  99999.00  99999.00  99999.00       0       0      15       0
97980  04  12    70  99999.00  99999.00  99999.00  99999.00  99999.00  99999.00  99999.00  99999.00       0       0      12       0
97980  04  12    60  99999.00  99999.00  99999.00  99999.00  99999.00  99999.00  99999.00  99999.00       0       0       9       0
97980  04  12    50  99999.00  99999.00  99999.00  99999.00  99999.00  99999.00  99999.00  99999.00       0       0      11       0
97980  04  12    40  99999.00  99999.00  99999.00  99999.00  99999.00  99999.00  99999.00  99999.00       0       0      11       0
97980  04  12    30  99999.00  99999.00  99999.00  99999.00  99999.00  99999.00  99999.00  99999.00       0       0      18       0
97980  04  12    20  99999.00  99999.00  99999.00  99999.00  99999.00  99999.00  99999.00  99999.00       0       0      10       0
97980  04  12    15  99999.00  99999.00  99999.00  99999.00  99999.00  99999.00  99999.00  99999.00       0       0       9       0
97980  04  12    10  99999.00  99999.00  99999.00  99999.00  99999.00  99999.00  99999.00  99999.00       0       0      17       0
97980  04  12     7  99999.00  99999.00  99999.00  99999.00  99999.00  99999.00  99999.00  99999.00       0       0      24       0
97980  04  12     5  99999.00  99999.00  99999.00  99999.00  99999.00  99999.00  99999.00  99999.00       0       0      15       0
97980  04  12     3  99999.00  99999.00  99999.00  99999.00  99999.00  99999.00  99999.00  99999.00       0       0       0       0
97980  04  12     2  99999.00  99999.00  99999.00  99999.00  99999.00  99999.00  99999.00  99999.00       0       0       0       0
97980  04  12     1  99999.00  99999.00  99999.00  99999.00  99999.00  99999.00  99999.00  99999.00       0       0       0       0
97980  05  12  9999   1001.66   1017.98  99999.00  99999.00    196.26    323.34    -42.30    100.02     118       0     118     118
97980  05  12  1000  99999.00  99999.00     20.81    157.97    209.41    305.89    152.66    297.98       0     113     113     113
97980  05  12   925  99999.00  99999.00    708.59    839.15    163.00    278.56     83.15    296.75       0     113     113     113
97980  05  12   900  99999.00  99999.00  99999.00  99999.00  99999.00  99999.00  99999.00  99999.00       0       0       1       1
97980  05  12   850  99999.00  99999.00   1442.93   1569.89    128.16    239.16      2.59    308.11       0     113     113     113
97980  05  12   800  99999.00  99999.00  99999.00  99999.00  99999.00  99999.00  99999.00  99999.00       0       0       3       3
97980  05  12   700  99999.00  99999.00   3086.05   3218.65     51.22    163.78   -281.93    376.39       0     113     113     113
97980  05  12   600  99999.00  99999.00  99999.00  99999.00  99999.00  99999.00  99999.00  99999.00       0       0       0       0
97980  05  12   500  99999.00  99999.00   5803.11   5960.43    -99.98      6.94   -798.22    508.46       0     113     113     113
97980  05  12   400  99999.00  99999.00   7519.56   7692.12   -198.88    -96.76  -1034.08    461.84       0     113     114     114
97980  05  12   300  99999.00  99999.00   9621.00   9823.68   -336.38   -257.30  -1073.26    207.50       0     111     111     111
97980  05  12   250  99999.00  99999.00  10884.19  11105.35   -439.35   -360.51  99999.00  99999.00       0     111     112      60
97980  05  12   200  99999.00  99999.00  12356.07  12597.99   -567.44   -484.76  99999.00  99999.00       0     111     111       0
97980  05  12   150  99999.00  99999.00  14132.45  14405.57   -724.62   -631.86  99999.00  99999.00       0     111     111       0
97980  05  12   100  99999.00  99999.00  16456.98  16759.38   -935.82   -705.54  99999.00  99999.00       0     110     111       0
97980  05  12    80  99999.00  99999.00  99999.00  99999.00  99999.00  99999.00  99999.00  99999.00       0       0      11       0
97980  05  12    70  99999.00  99999.00  99999.00  99999.00  99999.00  99999.00  99999.00  99999.00       0       0      17       0
97980  05  12    60  99999.00  99999.00  99999.00  99999.00  99999.00  99999.00  99999.00  99999.00       0       0      13       0
97980  05  12    50  99999.00  99999.00  99999.00  99999.00  99999.00  99999.00  99999.00  99999.00       0       0      10       0
97980  05  12    40  99999.00  99999.00  99999.00  99999.00  99999.00  99999.00  99999.00  99999.00       0       0       8       0
97980  05  12    30  99999.00  99999.00  99999.00  99999.00  99999.00  99999.00  99999.00  99999.00       0       0      18       0
97980  05  12    20  99999.00  99999.00  99999.00  99999.00  99999.00  99999.00  99999.00  99999.00       0       0      16       0
97980  05  12    15  99999.00  99999.00  99999.00  99999.00  99999.00  99999.00  99999.00  99999.00       0       0      18       0
97980  05  12    10  99999.00  99999.00  99999.00  99999.00  99999.00  99999.00  99999.00  99999.00       0       0      20       0
97980  05  12     7  99999.00  99999.00  99999.00  99999.00  99999.00  99999.00  99999.00  99999.00       0       0      39       0
97980  05  12     5  99999.00  99999.00  99999.00  99999.00  99999.00  99999.00  99999.00  99999.00       0       0      23       0
97980  05  12     3  99999.00  99999.00  99999.00  99999.00  99999.00  99999.00  99999.00  99999.00       0       0       0       0
97980  05  12     2  99999.00  99999.00  99999.00  99999.00  99999.00  99999.00  99999.00  99999.00       0       0       0       0
97980  05  12     1  99999.00  99999.00  99999.00  99999.00  99999.00  99999.00  99999.00  99999.00       0       0       0       0
97980  06  12  9999    999.50   1021.46  99999.00  99999.00    204.45    297.33    -87.48    152.52     117       0     117     117
97980  06  12  1000  99999.00  99999.00      3.20    186.20    193.88    298.04    119.60    305.96       0     114     114     114
97980  06  12   925  99999.00  99999.00    692.86    858.94    146.10    271.86     30.03    322.95       0     114     114     114
97980  06  12   900  99999.00  99999.00  99999.00  99999.00  99999.00  99999.00  99999.00  99999.00       0       0       0       0
97980  06  12   850  99999.00  99999.00   1431.01   1579.69    111.11    237.35    -28.85    320.35       0     114     114     114
97980  06  12   800  99999.00  99999.00  99999.00  99999.00  99999.00  99999.00  99999.00  99999.00       0       0       1       1
97980  06  12   700  99999.00  99999.00   3083.04   3213.84     49.62    164.34   -354.64    414.56       0     114     114     114
97980  06  12   600  99999.00  99999.00  99999.00  99999.00  99999.00  99999.00  99999.00  99999.00       0       0       2       2
97980  06  12   500  99999.00  99999.00   5806.46   5943.62   -107.80     12.32   -978.72    619.56       0     113     113     113
97980  06  12   400  99999.00  99999.00   7518.21   7678.05   -214.19    -83.39  -1165.57    536.99       0     112     112     112
97980  06  12   300  99999.00  99999.00   9602.83   9827.35   -353.78   -241.58  -1026.06    119.46       0     110     109     109
97980  06  12   250  99999.00  99999.00  10863.16  11107.84   -458.52   -346.20  99999.00  99999.00       0     109     109      49
97980  06  12   200  99999.00  99999.00  12314.51  12619.07   -582.61   -471.25  99999.00  99999.00       0     109     109       0
97980  06  12   150  99999.00  99999.00  14074.25  14443.73   -735.15   -618.99  99999.00  99999.00       0     109     109       0
97980  06  12   100  99999.00  99999.00  16431.63  16776.15   -948.82   -668.62  99999.00  99999.00       0     108     108       0
97980  06  12    80  99999.00  99999.00  99999.00  99999.00  99999.00  99999.00  99999.00  99999.00       0       0      12       0
97980  06  12    70  99999.00  99999.00  99999.00  99999.00  99999.00  99999.00  99999.00  99999.00       0       0      14       0
97980  06  12    60  99999.00  99999.00  99999.00  99999.00  99999.00  99999.00  99999.00  99999.00       0       0       8       0
97980  06  12    50  99999.00  99999.00  99999.00  99999.00  99999.00  99999.00  99999.00  99999.00       0       0      14       0
97980  06  12    40  99999.00  99999.00  99999.00  99999.00  99999.00  99999.00  99999.00  99999.00       0       0       9       0
97980  06  12    30  99999.00  99999.00  99999.00  99999.00  99999.00  99999.00  99999.00  99999.00       0       0      14       0
97980  06  12    20  99999.00  99999.00  99999.00  99999.00  99999.00  99999.00  99999.00  99999.00       0       0      16       0
97980  06  12    15  99999.00  99999.00  99999.00  99999.00  99999.00  99999.00  99999.00  99999.00       0       0      20       0
97980  06  12    10  99999.00  99999.00  99999.00  99999.00  99999.00  99999.00  99999.00  99999.00       0       0      25       0
97980  06  12     7  99999.00  99999.00  99999.00  99999.00  99999.00  99999.00  99999.00  99999.00       0       0      35       0
97980  06  12     5  99999.00  99999.00  99999.00  99999.00  99999.00  99999.00  99999.00  99999.00       0       0      22       0
97980  06  12     3  99999.00  99999.00  99999.00  99999.00  99999.00  99999.00  99999.00  99999.00       0       0       0       0
97980  06  12     2  99999.00  99999.00  99999.00  99999.00  99999.00  99999.00  99999.00  99999.00       0       0       0       0
97980  06  12     1  99999.00  99999.00  99999.00  99999.00  99999.00  99999.00  99999.00  99999.00       0       0       0       0
97980  07  12  9999   1000.94   1021.22  99999.00  99999.00    196.42    293.74    -29.81    100.15     120       0     120     120
97980  07  12  1000  99999.00  99999.00     13.63    185.11    187.42    291.22    105.42    299.46       0     114     114     114
97980  07  12   925  99999.00  99999.00    701.18    856.46    144.97    259.93     39.04    301.96       0     114     115     115
97980  07  12   900  99999.00  99999.00  99999.00  99999.00  99999.00  99999.00  99999.00  99999.00       0       0       1       1
97980  07  12   850  99999.00  99999.00   1435.51   1576.39     88.88    242.60    -41.46    319.26       0     114     114     114
97980  07  12   800  99999.00  99999.00  99999.00  99999.00  99999.00  99999.00  99999.00  99999.00       0       0       1       1
97980  07  12   700  99999.00  99999.00   3071.47   3217.27     36.08    170.84   -577.54    579.02       0     114     114     114
97980  07  12   600  99999.00  99999.00  99999.00  99999.00  99999.00  99999.00  99999.00  99999.00       0       0       0       0
97980  07  12   500  99999.00  99999.00   5780.08   5955.88   -103.56      0.96   -805.46    495.22       0     114     114     114
97980  07  12   400  99999.00  99999.00   7497.43   7679.59   -211.73    -87.53  -1242.99    557.61       0     114     114     114
97980  07  12   300  99999.00  99999.00   9594.39   9811.23   -351.33   -251.37  -1181.38    206.42       0     114     114     114
97980  07  12   250  99999.00  99999.00  10856.01  11088.21   -447.09   -365.49  99999.00  99999.00       0     114     115      31
97980  07  12   200  99999.00  99999.00  12319.64  12581.24   -576.52   -486.28  99999.00  99999.00       0     114     114       0
97980  07  12   150  99999.00  99999.00  14087.73  14388.93   -740.77   -621.73  99999.00  99999.00       0     114     114       0
97980  07  12   100  99999.00  99999.00  16410.42  16744.50   -968.13   -649.77  99999.00  99999.00       0     114     115       0
97980  07  12    80  99999.00  99999.00  99999.00  99999.00  99999.00  99999.00  99999.00  99999.00       0       0       8       0
97980  07  12    70  99999.00  99999.00  99999.00  99999.00  99999.00  99999.00  99999.00  99999.00       0       0      14       0
97980  07  12    60  99999.00  99999.00  99999.00  99999.00  99999.00  99999.00  99999.00  99999.00       0       0       6       0
97980  07  12    50  99999.00  99999.00  99999.00  99999.00  99999.00  99999.00  99999.00  99999.00       0       0      11       0
97980  07  12    40  99999.00  99999.00  99999.00  99999.00  99999.00  99999.00  99999.00  99999.00       0       0      15       0
97980  07  12    30  99999.00  99999.00  99999.00  99999.00  99999.00  99999.00  99999.00  99999.00       0       0      15       0
97980  07  12    20  99999.00  99999.00  99999.00  99999.00  99999.00  99999.00  99999.00  99999.00       0       0      17       0
97980  07  12    15  99999.00  99999.00  99999.00  99999.00  99999.00  99999.00  99999.00  99999.00       0       0      20       0
97980  07  12    10  99999.00  99999.00  99999.00  99999.00  99999.00  99999.00  99999.00  99999.00       0       0      32       0
97980  07  12     7  99999.00  99999.00  99999.00  99999.00  99999.00  99999.00  99999.00  99999.00       0       0      44       0
97980  07  12     5  99999.00  99999.00  99999.00  99999.00  99999.00  99999.00  99999.00  99999.00       0       0      35       0
97980  07  12     3  99999.00  99999.00  99999.00  99999.00  99999.00  99999.00  99999.00  99999.00       0       0       0       0
97980  07  12     2  99999.00  99999.00  99999.00  99999.00  99999.00  99999.00  99999.00  99999.00       0       0       0       0
97980  07  12     1  99999.00  99999.00  99999.00  99999.00  99999.00  99999.00  99999.00  99999.00       0       0       0       0
97980  08  12  9999   1004.38   1019.86  99999.00  99999.00    185.77    306.37    -30.12    108.00     121       0     121     121
97980  08  12  1000  99999.00  99999.00     45.12    171.96    192.43    282.79     87.63    295.71       0     118     118     117
97980  08  12   925  99999.00  99999.00    730.39    843.43    136.54    265.42     -4.93    320.63       0     118     118     117
97980  08  12   900  99999.00  99999.00  99999.00  99999.00  99999.00  99999.00  99999.00  99999.00       0       0       1       1
97980  08  12   850  99999.00  99999.00   1460.75   1566.47    100.05    227.85    -46.82    305.62       0     118     118     117
97980  08  12   800  99999.00  99999.00  99999.00  99999.00  99999.00  99999.00  99999.00  99999.00       0       0       3       3
97980  08  12   700  99999.00  99999.00   3088.88   3211.40     45.59    154.91   -488.78    495.82       0     118     118     117
97980  08  12   600  99999.00  99999.00  99999.00  99999.00  99999.00  99999.00  99999.00  99999.00       0       0       4       4
97980  08  12   500  99999.00  99999.00   5801.67   5938.83   -110.87      0.97  -1001.16    623.40       0     118     118     117
97980  08  12   400  99999.00  99999.00   7517.71   7659.91   -216.71    -90.71  -1239.94    527.06       0     118     118     117
97980  08  12   300  99999.00  99999.00   9617.15   9780.11   -359.06   -255.86  -1099.18    129.14       0     117     117     116
97980  08  12   250  99999.00  99999.00  10876.54  11052.34   -455.44   -366.76  99999.00  99999.00       0     117     117      12
97980  08  12   200  99999.00  99999.00  12340.31  12539.87   -592.76   -474.92  99999.00  99999.00       0     117     117       0
97980  08  12   150  99999.00  99999.00  14111.64  14344.92   -748.03   -613.03  99999.00  99999.00       0     116     116       0
97980  08  12   100  99999.00  99999.00  16454.81  16695.53   -928.66   -660.46  99999.00  99999.00       0     116     117       0
97980  08  12    80  99999.00  99999.00  99999.00  99999.00  99999.00  99999.00  99999.00  99999.00       0       0      12       0
97980  08  12    70  99999.00  99999.00  99999.00  99999.00  99999.00  99999.00  99999.00  99999.00       0       0      14       0
97980  08  12    60  99999.00  99999.00  99999.00  99999.00  99999.00  99999.00  99999.00  99999.00       0       0       5       0
97980  08  12    50  99999.00  99999.00  99999.00  99999.00  99999.00  99999.00  99999.00  99999.00       0       0       6       0
97980  08  12    40  99999.00  99999.00  99999.00  99999.00  99999.00  99999.00  99999.00  99999.00       0       0      10       0
97980  08  12    30  99999.00  99999.00  99999.00  99999.00  99999.00  99999.00  99999.00  99999.00       0       0      12       0
97980  08  12    20  99999.00  99999.00  99999.00  99999.00  99999.00  99999.00  99999.00  99999.00       0       0      21       0
97980  08  12    15  99999.00  99999.00  99999.00  99999.00  99999.00  99999.00  99999.00  99999.00       0       0      21       0
97980  08  12    10  99999.00  99999.00  99999.00  99999.00  99999.00  99999.00  99999.00  99999.00       0       0      21       0
97980  08  12     7  99999.00  99999.00  99999.00  99999.00  99999.00  99999.00  99999.00  99999.00       0       0      21       0
97980  08  12     5  99999.00  99999.00  99999.00  99999.00  99999.00  99999.00  99999.00  99999.00       0       0      15       0
97980  08  12     3  99999.00  99999.00  99999.00  99999.00  99999.00  99999.00  99999.00  99999.00       0       0       0       0
97980  08  12     2  99999.00  99999.00  99999.00  99999.00  99999.00  99999.00  99999.00  99999.00       0       0       0       0
97980  08  12     1  99999.00  99999.00  99999.00  99999.00  99999.00  99999.00  99999.00  99999.00       0       0       0       0
97980  09  12  9999   1001.46   1020.42  99999.00  99999.00    195.07    311.83    -18.42     97.50     113       0     113     113
97980  09  12  1000  99999.00  99999.00     18.24    178.20    203.17    287.17    110.23    288.07       0     111     111     111
97980  09  12   925  99999.00  99999.00    707.89    850.93    114.07    316.03   -115.45    430.55       0     111     111     110
97980  09  12   900  99999.00  99999.00  99999.00  99999.00  99999.00  99999.00  99999.00  99999.00       0       0       1       1
97980  09  12   850  99999.00  99999.00   1445.40   1572.36    104.83    244.51   -179.54    413.38       0     111     111     110
97980  09  12   800  99999.00  99999.00  99999.00  99999.00  99999.00  99999.00  99999.00  99999.00       0       0       2       2
97980  09  12   700  99999.00  99999.00   3092.14   3202.06     44.48    159.80   -668.93    636.43       0     111     111     110
97980  09  12   600  99999.00  99999.00  99999.00  99999.00  99999.00  99999.00  99999.00  99999.00       0       0       2       2
97980  09  12   500  99999.00  99999.00   5806.28   5933.72   -102.42      0.78   -939.71    601.21       0     111     111     110
97980  09  12   400  99999.00  99999.00   7526.11   7655.71   -210.85    -88.93  -1282.03    565.61       0     110     110     109
97980  09  12   300  99999.00  99999.00   9625.01   9783.89   -360.13   -243.25  -1128.08    167.32       0     110     110     109
97980  09  12   250  99999.00  99999.00  10875.74  11070.98   -453.67   -358.51  99999.00  99999.00       0     110     110      29
97980  09  12   200  99999.00  99999.00  12341.84  12562.16   -574.50   -488.22  99999.00  99999.00       0     110     110       0
97980  09  12   150  99999.00  99999.00  14114.99  14365.91   -736.45   -626.17  99999.00  99999.00       0     110     110       0
97980  09  12   100  99999.00  99999.00  16474.57  16689.97   -947.65   -655.93  99999.00  99999.00       0     110     111       0
97980  09  12    80  99999.00  99999.00  99999.00  99999.00  99999.00  99999.00  99999.00  99999.00       0       0      10       0
97980  09  12    70  99999.00  99999.00  99999.00  99999.00  99999.00  99999.00  99999.00  99999.00       0       0       5       0
97980  09  12    60  99999.00  99999.00  99999.00  99999.00  99999.00  99999.00  99999.00  99999.00       0       0       7       0
97980  09  12    50  99999.00  99999.00  99999.00  99999.00  99999.00  99999.00  99999.00  99999.00       0       0       6       0
97980  09  12    40  99999.00  99999.00  99999.00  99999.00  99999.00  99999.00  99999.00  99999.00       0       0       6       0
97980  09  12    30  99999.00  99999.00  99999.00  99999.00  99999.00  99999.00  99999.00  99999.00       0       0      11       0
97980  09  12    20  99999.00  99999.00  99999.00  99999.00  99999.00  99999.00  99999.00  99999.00       0       0      22       0
97980  09  12    15  99999.00  99999.00  99999.00  99999.00  99999.00  99999.00  99999.00  99999.00       0       0      13       0
97980  09  12    10  99999.00  99999.00  99999.00  99999.00  99999.00  99999.00  99999.00  99999.00       0       0      21       0
97980  09  12     7  99999.00  99999.00  99999.00  99999.00  99999.00  99999.00  99999.00  99999.00       0       0      28       0
97980  09  12     5  99999.00  99999.00  99999.00  99999.00  99999.00  99999.00  99999.00  99999.00       0       0      12       0
97980  09  12     3  99999.00  99999.00  99999.00  99999.00  99999.00  99999.00  99999.00  99999.00       0       0       0       0
97980  09  12     2  99999.00  99999.00  99999.00  99999.00  99999.00  99999.00  99999.00  99999.00       0       0       0       0
97980  09  12     1  99999.00  99999.00  99999.00  99999.00  99999.00  99999.00  99999.00  99999.00       0       0       0       0
97980  10  12  9999   1000.11   1018.59  99999.00  99999.00    214.20    316.56    -52.72    135.80      91       0      91      91
97980  10  12  1000  99999.00  99999.00      3.29    165.77    211.87    305.71    113.89    307.93       0      89      89      89
97980  10  12   925  99999.00  99999.00    690.50    848.78    155.57    304.25     32.59    318.19       0      89      89      89
97980  10  12   900  99999.00  99999.00  99999.00  99999.00  99999.00  99999.00  99999.00  99999.00       0       0       0       0
97980  10  12   850  99999.00  99999.00   1428.32   1578.20    124.58    249.62    -91.35    366.33       0      89      89      89
97980  10  12   800  99999.00  99999.00  99999.00  99999.00  99999.00  99999.00  99999.00  99999.00       0       0       1       1
97980  10  12   700  99999.00  99999.00   3074.80   3216.28     35.72    163.16   -370.86    402.66       0      89      89      89
97980  10  12   600  99999.00  99999.00  99999.00  99999.00  99999.00  99999.00  99999.00  99999.00       0       0       2       2
97980  10  12   500  99999.00  99999.00   5793.46   5940.70   -103.31      1.09   -912.20    564.16       0      89      89      89
97980  10  12   400  99999.00  99999.00   7514.64   7658.40   -210.19    -98.83  -1115.81    497.59       0      89      89      89
97980  10  12   300  99999.00  99999.00   9610.90   9783.94   -355.47   -252.15  -1114.25    184.39       0      89      89      89
97980  10  12   250  99999.00  99999.00  10864.23  11066.55   -448.48   -366.64  99999.00  99999.00       0      89      89      17
97980  10  12   200  99999.00  99999.00  12332.51  12553.79   -575.66   -488.54  99999.00  99999.00       0      89      89       0
97980  10  12   150  99999.00  99999.00  14112.02  14350.22   -748.94   -613.82  99999.00  99999.00       0      89      89       0
97980  10  12   100  99999.00  99999.00  16448.72  16688.36   -943.13   -691.13  99999.00  99999.00       0      89      89       0
97980  10  12    80  99999.00  99999.00  99999.00  99999.00  99999.00  99999.00  99999.00  99999.00       0       0       5       0
97980  10  12    70  99999.00  99999.00  99999.00  99999.00  99999.00  99999.00  99999.00  99999.00       0       0       6       0
97980  10  12    60  99999.00  99999.00  99999.00  99999.00  99999.00  99999.00  99999.00  99999.00       0       0       3       0
97980  10  12    50  99999.00  99999.00  99999.00  99999.00  99999.00  99999.00  99999.00  99999.00       0       0       6       0
97980  10  12    40  99999.00  99999.00  99999.00  99999.00  99999.00  99999.00  99999.00  99999.00       0       0      12       0
97980  10  12    30  99999.00  99999.00  99999.00  99999.00  99999.00  99999.00  99999.00  99999.00       0       0       9       0
97980  10  12    20  99999.00  99999.00  99999.00  99999.00  99999.00  99999.00  99999.00  99999.00       0       0      10       0
97980  10  12    15  99999.00  99999.00  99999.00  99999.00  99999.00  99999.00  99999.00  99999.00       0       0      14       0
97980  10  12    10  99999.00  99999.00  99999.00  99999.00  99999.00  99999.00  99999.00  99999.00       0       0      16       0
97980  10  12     7  99999.00  99999.00  99999.00  99999.00  99999.00  99999.00  99999.00  99999.00       0       0      16       0
97980  10  12     5  99999.00  99999.00  99999.00  99999.00  99999.00  99999.00  99999.00  99999.00       0       0      15       0
97980  10  12     3  99999.00  99999.00  99999.00  99999.00  99999.00  99999.00  99999.00  99999.00       0       0       0       0
97980  10  12     2  99999.00  99999.00  99999.00  99999.00  99999.00  99999.00  99999.00  99999.00       0       0       0       0
97980  10  12     1  99999.00  99999.00  99999.00  99999.00  99999.00  99999.00  99999.00  99999.00       0       0       0       0
97980  11  12  9999   1000.39   1015.27  99999.00  99999.00    201.60    342.84   -165.89    256.03      89       0      89      89
97980  11  12  1000  99999.00  99999.00      7.79    135.83    205.39    332.23    131.10    308.46       0      86      86      85
97980  11  12   925  99999.00  99999.00    699.70    818.50    175.65    295.41     27.24    335.52       0      86      86      85
97980  11  12   900  99999.00  99999.00  99999.00  99999.00  99999.00  99999.00  99999.00  99999.00       0       0       0       0
97980  11  12   850  99999.00  99999.00   1437.05   1550.69    135.05    241.97      9.31    294.31       0      86      86      85
97980  11  12   800  99999.00  99999.00  99999.00  99999.00  99999.00  99999.00  99999.00  99999.00       0       0       1       1
97980  11  12   700  99999.00  99999.00   3088.27   3189.31     39.71    169.31   -446.43    478.41       0      86      87      86
97980  11  12   600  99999.00  99999.00  99999.00  99999.00  99999.00  99999.00  99999.00  99999.00       0       0       1       1
97980  11  12   500  99999.00  99999.00   5803.05   5928.57    -87.58     -0.70   -979.53    599.67       0      86      86      85
97980  11  12   400  99999.00  99999.00   7529.98   7651.18   -190.62   -103.98   -979.03    369.65       0      86      86      85
97980  11  12   300  99999.00  99999.00   9634.23   9777.39   -341.16   -253.08  -1090.37    220.87       0      86      86      85
97980  11  12   250  99999.00  99999.00  10896.07  11059.75   -438.41   -360.05  99999.00  99999.00       0      86      86      50
97980  11  12   200  99999.00  99999.00  12366.27  12554.43   -567.78   -483.06  99999.00  99999.00       0      86      86       0
97980  11  12   150  99999.00  99999.00  14136.73  14370.01   -724.37   -631.73  99999.00  99999.00       0      86      86       0
97980  11  12   100  99999.00  99999.00  16452.74  16719.26   -949.49   -719.21  99999.00  99999.00       0      85      86       0
97980  11  12    80  99999.00  99999.00  99999.00  99999.00  99999.00  99999.00  99999.00  99999.00       0       0      10       0
97980  11  12    70  99999.00  99999.00  99999.00  99999.00  99999.00  99999.00  99999.00  99999.00       0       0       4       0
97980  11  12    60  99999.00  99999.00  99999.00  99999.00  99999.00  99999.00  99999.00  99999.00       0       0       2       0
97980  11  12    50  99999.00  99999.00  99999.00  99999.00  99999.00  99999.00  99999.00  99999.00       0       0       6       0
97980  11  12    40  99999.00  99999.00  99999.00  99999.00  99999.00  99999.00  99999.00  99999.00       0       0       6       0
97980  11  12    30  99999.00  99999.00  99999.00  99999.00  99999.00  99999.00  99999.00  99999.00       0       0       6       0
97980  11  12    20  99999.00  99999.00  99999.00  99999.00  99999.00  99999.00  99999.00  99999.00       0       0      15       0
97980  11  12    15  99999.00  99999.00  99999.00  99999.00  99999.00  99999.00  99999.00  99999.00       0       0      14       0
97980  11  12    10  99999.00  99999.00  99999.00  99999.00  99999.00  99999.00  99999.00  99999.00       0       0      18       0
97980  11  12     7  99999.00  99999.00  99999.00  99999.00  99999.00  99999.00  99999.00  99999.00       0       0      21       0
97980  11  12     5  99999.00  99999.00  99999.00  99999.00  99999.00  99999.00  99999.00  99999.00       0       0      18       0
97980  11  12     3  99999.00  99999.00  99999.00  99999.00  99999.00  99999.00  99999.00  99999.00       0       0       0       0
97980  11  12     2  99999.00  99999.00  99999.00  99999.00  99999.00  99999.00  99999.00  99999.00       0       0       0       0
97980  11  12     1  99999.00  99999.00  99999.00  99999.00  99999.00  99999.00  99999.00  99999.00       0       0       0       0
97980  12  12  9999    997.84   1015.72  99999.00  99999.00    185.72    359.72    -66.34    136.82      92       0      92      92
97980  12  12  1000  99999.00  99999.00    -14.92    141.80    201.24    345.72    145.81    315.01       0      85      85      85
97980  12  12   925  99999.00  99999.00    676.56    827.64    179.81    296.33     43.95    331.47       0      84      84      84
97980  12  12   900  99999.00  99999.00  99999.00  99999.00  99999.00  99999.00  99999.00  99999.00       0       0       0       0
97980  12  12   850  99999.00  99999.00   1413.64   1561.84    145.54    240.94     -1.95    307.53       0      84      84      84
97980  12  12   800  99999.00  99999.00  99999.00  99999.00  99999.00  99999.00  99999.00  99999.00       0       0       1       1
97980  12  12   700  99999.00  99999.00   3062.50   3208.30     60.17    157.25   -286.48    361.88       0      84      84      84
97980  12  12   600  99999.00  99999.00  99999.00  99999.00  99999.00  99999.00  99999.00  99999.00       0       0       2       2
97980  12  12   500  99999.00  99999.00   5794.84   5940.16   -100.77     14.19   -691.89    436.95       0      84      84      83
97980  12  12   400  99999.00  99999.00   7520.37   7666.05   -196.46    -93.02   -953.97    477.03       0      84      85      85
97980  12  12   300  99999.00  99999.00   9625.43   9801.95   -335.94   -246.30  -1047.05    253.39       0      84      84      84
97980  12  12   250  99999.00  99999.00  10889.93  11087.93   -440.05   -346.33   -949.76     -1.76       0      84      84      74
97980  12  12   200  99999.00  99999.00  12358.71  12592.95   -557.39   -481.19  99999.00  99999.00       0      84      84       0
97980  12  12   150  99999.00  99999.00  14134.98  14409.78   -717.54   -628.98  99999.00  99999.00       0      84      84       0
97980  12  12   100  99999.00  99999.00  16473.84  16738.20   -927.71   -760.55  99999.00  99999.00       0      83      85       0
97980  12  12    80  99999.00  99999.00  99999.00  99999.00  99999.00  99999.00  99999.00  99999.00       0       0       3       0
97980  12  12    70  99999.00  99999.00  99999.00  99999.00  99999.00  99999.00  99999.00  99999.00       0       0      17       0
97980  12  12    60  99999.00  99999.00  99999.00  99999.00  99999.00  99999.00  99999.00  99999.00       0       0       5       0
97980  12  12    50  99999.00  99999.00  99999.00  99999.00  99999.00  99999.00  99999.00  99999.00       0       0       4       0
97980  12  12    40  99999.00  99999.00  99999.00  99999.00  99999.00  99999.00  99999.00  99999.00       0       0      10       0
97980  12  12    30  99999.00  99999.00  99999.00  99999.00  99999.00  99999.00  99999.00  99999.00       0       0       7       0
97980  12  12    20  99999.00  99999.00  99999.00  99999.00  99999.00  99999.00  99999.00  99999.00       0       0       9       0
97980  12  12    15  99999.00  99999.00  99999.00  99999.00  99999.00  99999.00  99999.00  99999.00       0       0      15       0
97980  12  12    10  99999.00  99999.00  99999.00  99999.00  99999.00  99999.00  99999.00  99999.00       0       0      14       0
97980  12  12     7  99999.00  99999.00  99999.00  99999.00  99999.00  99999.00  99999.00  99999.00       0       0      17       0
97980  12  12     5  99999.00  99999.00  99999.00  99999.00  99999.00  99999.00  99999.00  99999.00       0       0      12       0
97980  12  12     3  99999.00  99999.00  99999.00  99999.00  99999.00  99999.00  99999.00  99999.00       0       0       0       0
97980  12  12     2  99999.00  99999.00  99999.00  99999.00  99999.00  99999.00  99999.00  99999.00       0       0       0       0
97980  12  12     1  99999.00  99999.00  99999.00  99999.00  99999.00  99999.00  99999.00  99999.00       0       0       0       0
