10548  01  12  9999    899.84   1028.48  99999.00  99999.00   -284.26    271.70    -87.42    131.10    1042       0    1042    1042
10548  01  12  1000  99999.00  99999.00  99999.00  99999.00  99999.00  99999.00  99999.00  99999.00       0       0       0       0
10548  01  12   925  99999.00  99999.00    277.64   1283.48   -286.96    256.76   -413.12    319.96       0     695     701     700
10548  01  12   900  99999.00  99999.00  99999.00  99999.00  99999.00  99999.00  99999.00  99999.00       0       0      40      40
10548  01  12   850  99999.00  99999.00    914.57   1988.69   -323.56    263.36   -624.87    432.93       0    1059    1060    1055
10548  01  12   800  99999.00  99999.00  99999.00  99999.00  99999.00  99999.00  99999.00  99999.00       0       0      35      35
10548  01  12   700  99999.00  99999.00   2356.54   3585.94   -402.96    205.92   -863.49    429.51       0    1058    1060    1056
10548  01  12   600  99999.00  99999.00  99999.00  99999.00  99999.00  99999.00  99999.00  99999.00       0       0      14      14
10548  01  12   500  99999.00  99999.00   4665.62   6314.54   -563.13     44.79   -947.16    200.64       0    1057    1059    1054
10548  01  12   400  99999.00  99999.00   6094.23   8042.07   -648.87    -99.87   -978.69     17.07       0    1056    1056    1050
10548  01  12   300  99999.00  99999.00   7881.92  10105.40   -689.60   -336.32  -1007.53   -222.49       0    1053    1054    1043
10548  01  12   250  99999.00  99999.00   9025.06  11295.10   -783.68   -366.92  -1066.47   -307.95       0    1047    1050    1036
10548  01  12   200  99999.00  99999.00  10525.51  12590.83   -966.76   -230.92  -1234.05   -255.33       0    1030    1029    1018
10548  01  12   150  99999.00  99999.00  12458.42  14265.62   -894.98   -271.10  -1392.36   -160.08       0    1016    1017    1006
10548  01  12   100  99999.00  99999.00  14995.49  16814.45   -871.76   -329.84  -1459.51   -175.39       0     992     997     941
10548  01  12    80  99999.00  99999.00  99999.00  99999.00 -10787.94   8978.94  99999.00  99999.00       0       0      64      17
10548  01  12    70  99999.00  99999.00  17095.01  19147.25   -929.98   -305.98  -1207.78   -590.74       0     951     952     281
10548  01  12    60  99999.00  99999.00  99999.00  99999.00  99999.00  99999.00  99999.00  99999.00       0       0      54      17
10548  01  12    50  99999.00  99999.00  18973.11  21422.43   -998.96   -262.40  -1160.86   -666.58       0     901     908     267
10548  01  12    40  99999.00  99999.00  99999.00  99999.00  -9280.18   7569.62  99999.00  99999.00       0       0      88      30
10548  01  12    30  99999.00  99999.00  21641.63  25011.35  -1092.26   -197.42  -1230.60   -607.32       0     820     831     248
10548  01  12    20  99999.00  99999.00  23711.17  27884.89  -1137.80   -141.92  -1273.30   -544.42       0     727     736     236
10548  01  12    15  99999.00  99999.00  99999.00  99999.00 -14838.72  12434.28  -1282.28   -486.08       0       0     209      68
10548  01  12    10  99999.00  99999.00  27534.71  32572.91  -1174.40     18.76  -1266.79   -470.71       0     527     564     184
10548  01  12     7  99999.00  99999.00  99999.00  99999.00 -17126.74  14530.70  -1228.78   -445.90       0       0     227      89
10548  01  12     5  99999.00  99999.00  99999.00  99999.00 -13249.27  11359.97  99999.00  99999.00       0       0     145      30
10548  01  12     3  99999.00  99999.00  99999.00  99999.00  99999.00  99999.00  99999.00  99999.00       0       0       5       0
10548  01  12     2  99999.00  99999.00  99999.00  99999.00  99999.00  99999.00  99999.00  99999.00       0       0       0       0
10548  01  12     1  99999.00  99999.00  99999.00  99999.00  99999.00  99999.00  99999.00  99999.00       0       0       0       0
10548  02  12  9999    896.69   1030.85  99999.00  99999.00   -258.87    268.29   -130.29    195.15     954       0     953     953
10548  02  12  1000  99999.00  99999.00  99999.00  99999.00  99999.00  99999.00  99999.00  99999.00       0       0       0       0
10548  02  12   925  99999.00  99999.00    228.01   1324.69   -292.76    272.92   -423.08    323.56       0     642     649     649
10548  02  12   900  99999.00  99999.00  99999.00  99999.00  99999.00  99999.00  99999.00  99999.00       0       0      28      28
10548  02  12   850  99999.00  99999.00    879.46   2016.82   -359.60    290.32   -628.66    420.50       0     976     976     973
10548  02  12   800  99999.00  99999.00  99999.00  99999.00  99999.00  99999.00  99999.00  99999.00       0       0      29      29
10548  02  12   700  99999.00  99999.00   2306.22   3622.02   -424.42    212.18   -831.26    398.38       0     976     976     973
10548  02  12   600  99999.00  99999.00  99999.00  99999.00  99999.00  99999.00  99999.00  99999.00       0       0      18      18
10548  02  12   500  99999.00  99999.00   4588.69   6361.33   -582.43     49.73   -960.30    203.94       0     974     974     969
10548  02  12   400  99999.00  99999.00   6001.85   8095.97   -668.27    -91.19   -986.33     14.47       0     971     972     967
10548  02  12   300  99999.00  99999.00   7768.79  10174.55   -713.90   -315.50  -1024.19   -215.63       0     971     971     963
10548  02  12   250  99999.00  99999.00   8917.45  11360.17   -795.19   -348.43  -1079.30   -300.02       0     967     966     957
10548  02  12   200  99999.00  99999.00  10410.87  12672.03   -969.39   -207.51  -1249.42   -235.66       0     959     958     946
10548  02  12   150  99999.00  99999.00  12344.29  14367.37   -876.64   -264.28  -1416.78   -125.34       0     953     953     942
10548  02  12   100  99999.00  99999.00  14902.61  16924.37   -862.44   -312.84  -1470.54   -146.82       0     935     932     884
10548  02  12    80  99999.00  99999.00  99999.00  99999.00 -12777.97  10746.71  99999.00  99999.00       0       0      67      31
10548  02  12    70  99999.00  99999.00  17051.58  19239.30   -918.93   -284.85  -1213.38   -566.70       0     889     889     261
10548  02  12    60  99999.00  99999.00  99999.00  99999.00  99999.00  99999.00  99999.00  99999.00       0       0      48      12
10548  02  12    50  99999.00  99999.00  18970.66  21507.10   -972.56   -247.52  -1187.34   -618.54       0     865     868     251
10548  02  12    40  99999.00  99999.00  99999.00  99999.00  -7170.98   5695.78  99999.00  99999.00       0       0      77      23
10548  02  12    30  99999.00  99999.00  21738.84  25069.80  -3453.73   2176.55  -1219.25   -592.25       0     806     818     244
10548  02  12    20  99999.00  99999.00  23904.94  27920.98  -2740.65   1501.59  -1256.47   -537.31       0     724     741     236
10548  02  12    15  99999.00  99999.00  99999.00  99999.00 -21652.70  17823.22  -1307.83   -459.79       0       0     191      72
10548  02  12    10  99999.00  99999.00  27728.96  32808.56  -1053.10    -22.42  -1250.27   -449.15       0     518     548     180
10548  02  12     7  99999.00  99999.00  99999.00  99999.00 -15282.77  13039.87  99999.00  99999.00       0       0     183      60
10548  02  12     5  99999.00  99999.00  99999.00  99999.00  -7767.09   6557.79  99999.00  99999.00       0       0     128      22
10548  02  12     3  99999.00  99999.00  99999.00  99999.00  99999.00  99999.00  99999.00  99999.00       0       0       5       0
10548  02  12     2  99999.00  99999.00  99999.00  99999.00  99999.00  99999.00  99999.00  99999.00       0       0       0       0
10548  02  12     1  99999.00  99999.00  99999.00  99999.00  99999.00  99999.00  99999.00  99999.00       0       0       0       0
10548  03  12  9999    902.67   1022.55  99999.00  99999.00   -226.62    324.78   -158.02    256.22    1042       0    1042    1042
10548  03  12  1000  99999.00  99999.00  99999.00  99999.00  99999.00  99999.00  99999.00  99999.00       0       0       0       0
10548  03  12   925  99999.00  99999.00    261.85   1291.57   -254.10    290.94   -344.09    285.07       0     693     688     687
10548  03  12   900  99999.00  99999.00  99999.00  99999.00  99999.00  99999.00  99999.00  99999.00       0       0      32      32
10548  03  12   850  99999.00  99999.00    934.95   1963.83   -317.03    279.97   -541.37    387.55       0    1060    1059    1055
10548  03  12   800  99999.00  99999.00  99999.00  99999.00  99999.00  99999.00  99999.00  99999.00       0       0      25      25
10548  03  12   700  99999.00  99999.00   2388.10   3558.34   -388.30    200.90   -835.48    433.52       0    1059    1058    1052
10548  03  12   600  99999.00  99999.00  99999.00  99999.00  99999.00  99999.00  99999.00  99999.00       0       0      25      25
10548  03  12   500  99999.00  99999.00   4703.58   6289.02   -551.62     41.18   -927.37    192.95       0    1056    1057    1048
10548  03  12   400  99999.00  99999.00   6139.17   8014.89   -637.28   -104.24   -951.39      4.17       0    1056    1057    1047
10548  03  12   300  99999.00  99999.00   7928.72  10082.48   -698.13   -319.05  -1008.08   -213.20       0    1057    1057    1045
10548  03  12   250  99999.00  99999.00   9086.85  11263.41   -804.80   -330.20  -1075.22   -286.70       0    1049    1051    1040
10548  03  12   200  99999.00  99999.00  10586.81  12575.93   -955.53   -203.13  -1280.49   -183.45       0    1044    1042    1031
10548  03  12   150  99999.00  99999.00  12502.38  14305.26   -847.22   -273.38  -1448.22    -83.58       0    1031    1030    1020
10548  03  12   100  99999.00  99999.00  15066.84  16881.36   -823.92   -330.24  -1478.24   -122.48       0    1004    1003     953
10548  03  12    80  99999.00  99999.00  99999.00  99999.00  99999.00  99999.00  99999.00  99999.00       0       0      49      21
10548  03  12    70  99999.00  99999.00  17267.79  19172.55   -844.49   -336.17  -1223.65   -549.49       0     952     956     290
10548  03  12    60  99999.00  99999.00  99999.00  99999.00 -12966.54  10932.78  99999.00  99999.00       0       0      65      21
10548  03  12    50  99999.00  99999.00  19250.10  21404.22   -869.97   -323.97  -1131.60   -669.24       0     930     935     278
10548  03  12    40  99999.00  99999.00  99999.00  99999.00  -9642.16   7982.24  99999.00  99999.00       0       0      81      18
10548  03  12    30  99999.00  99999.00  22171.12  24864.40   -893.17   -305.05  -1115.37   -696.21       0     891     897     272
10548  03  12    20  99999.00  99999.00  24469.06  27636.82   -887.33   -284.21  -1112.67   -687.27       0     837     850     264
10548  03  12    15  99999.00  99999.00  99999.00  99999.00 -23240.23  18982.13  -1123.58   -647.66       0       0     229      93
10548  03  12    10  99999.00  99999.00  28617.49  32277.01  -3737.13   2633.31  -1091.90   -628.58       0     585     646     207
10548  03  12     7  99999.00  99999.00  99999.00  99999.00 -15769.68  13503.12  99999.00  99999.00       0       0     200      56
10548  03  12     5  99999.00  99999.00  99999.00  99999.00  -5954.68   4923.08  99999.00  99999.00       0       0     112      20
10548  03  12     3  99999.00  99999.00  99999.00  99999.00  99999.00  99999.00  99999.00  99999.00       0       0       7       0
10548  03  12     2  99999.00  99999.00  99999.00  99999.00  99999.00  99999.00  99999.00  99999.00       0       0       0       0
10548  03  12     1  99999.00  99999.00  99999.00  99999.00  99999.00  99999.00  99999.00  99999.00       0       0       0       0
10548  04  12  9999    915.47   1007.03  99999.00  99999.00   -221.69    420.55   -214.69    369.35    1021       0    1021    1021
10548  04  12  1000  99999.00  99999.00  99999.00  99999.00  99999.00  99999.00  99999.00  99999.00       0       0       0       0
10548  04  12   925  99999.00  99999.00    363.64   1170.28   -235.17    373.71   -281.89    276.11       0     680     680     680
10548  04  12   900  99999.00  99999.00  99999.00  99999.00  99999.00  99999.00  99999.00  99999.00       0       0      18      18
10548  04  12   850  99999.00  99999.00   1043.63   1864.07   -283.85    306.07   -378.62    289.06       0    1035    1035    1033
10548  04  12   800  99999.00  99999.00  99999.00  99999.00  99999.00  99999.00  99999.00  99999.00       0       0      21      21
10548  04  12   700  99999.00  99999.00   2504.99   3475.55   -346.47    198.33   -740.19    388.17       0    1035    1035    1033
10548  04  12   600  99999.00  99999.00  99999.00  99999.00  99999.00  99999.00  99999.00  99999.00       0       0      25      25
10548  04  12   500  99999.00  99999.00   4854.50   6211.58   -492.96     20.64   -864.45    160.71       0    1035    1035    1032
10548  04  12   400  99999.00  99999.00   6315.51   7934.91   -587.32   -121.84   -903.08    -17.12       0    1034    1034    1029
10548  04  12   300  99999.00  99999.00   8126.09  10004.69   -667.42   -327.82   -947.40   -246.00       0    1035    1035    1026
10548  04  12   250  99999.00  99999.00   9294.33  11186.97   -780.21   -328.89  -1036.68   -296.52       0    1028    1026    1014
10548  04  12   200  99999.00  99999.00  10826.74  12488.86   -906.79   -213.79  -1273.39   -169.15       0    1020    1020    1009
10548  04  12   150  99999.00  99999.00  12806.93  14188.73   -764.50   -318.10  -1460.17    -60.73       0    1012    1012    1002
10548  04  12   100  99999.00  99999.00  15462.56  16718.00   -748.82   -365.30  -1473.09   -116.01       0     993     993     938
10548  04  12    80  99999.00  99999.00  99999.00  99999.00  99999.00  99999.00  99999.00  99999.00       0       0      44      13
10548  04  12    70  99999.00  99999.00  17728.72  18978.52   -757.99   -373.75  -1221.70   -525.22       0     946     948     276
10548  04  12    60  99999.00  99999.00  99999.00  99999.00  -7909.06   6467.06  99999.00  99999.00       0       0      62      11
10548  04  12    50  99999.00  99999.00  19801.58  21171.14   -749.30   -384.14  -1070.15   -698.03       0     929     930     263
10548  04  12    40  99999.00  99999.00  99999.00  99999.00 -16091.74  13591.10  99999.00  99999.00       0       0      82      22
10548  04  12    30  99999.00  99999.00  22886.57  24566.69   -757.15   -363.79  -1069.49   -685.97       0     888     890     262
10548  04  12    20  99999.00  99999.00  25326.80  27299.96   -769.69   -311.89  -1043.25   -686.61       0     830     837     256
10548  04  12    15  99999.00  99999.00  99999.00  99999.00 -20477.93  17095.75  -1021.55   -677.27       0       0     218      74
10548  04  12    10  99999.00  99999.00  29611.81  32022.73  -3614.34   2630.46  -1004.40   -631.68       0     627     676     214
10548  04  12     7  99999.00  99999.00  99999.00  99999.00 -16689.63  14347.41   -962.66   -613.34       0       0     254      70
10548  04  12     5  99999.00  99999.00  99999.00  99999.00   -658.29    -71.61  99999.00  99999.00       0       0      86      10
10548  04  12     3  99999.00  99999.00  99999.00  99999.00  99999.00  99999.00  99999.00  99999.00       0       0       2       0
10548  04  12     2  99999.00  99999.00  99999.00  99999.00  99999.00  99999.00  99999.00  99999.00       0       0       0       0
10548  04  12     1  99999.00  99999.00  99999.00  99999.00  99999.00  99999.00  99999.00  99999.00       0       0       0       0
10548  05  12  9999    922.47   1003.47  99999.00  99999.00   -149.88    445.80   -192.22    356.66    1037       0    1037    1036
10548  05  12  1000  99999.00  99999.00  99999.00  99999.00  99999.00  99999.00  99999.00  99999.00       0       0       0       0
10548  05  12   925  99999.00  99999.00    443.96   1133.00   -164.77    384.95   -211.04    286.36       0     701     704     703
10548  05  12   900  99999.00  99999.00  99999.00  99999.00  99999.00  99999.00  99999.00  99999.00       0       0      17      17
10548  05  12   850  99999.00  99999.00   1115.55   1854.15   -206.54    312.46   -284.09    284.35       0    1055    1055    1052
10548  05  12   800  99999.00  99999.00  99999.00  99999.00  99999.00  99999.00  99999.00  99999.00       0       0      39      39
10548  05  12   700  99999.00  99999.00   2615.88   3473.76   -263.78    193.30   -672.28    411.56       0    1055    1055    1052
10548  05  12   600  99999.00  99999.00  99999.00  99999.00  99999.00  99999.00  99999.00  99999.00       0       0      23      23
10548  05  12   500  99999.00  99999.00   5050.41   6202.77   -410.43     15.57   -811.26    183.66       0    1053    1053    1050
10548  05  12   400  99999.00  99999.00   6560.25   7927.17   -522.50   -111.74   -834.15     -7.71       0    1054    1054    1051
10548  05  12   300  99999.00  99999.00   8407.62  10017.42   -629.16   -309.84   -877.40   -249.56       0    1053    1053    1049
10548  05  12   250  99999.00  99999.00   9571.06  11227.54   -734.67   -350.31   -973.51   -318.19       0    1050    1049    1044
10548  05  12   200  99999.00  99999.00  11077.74  12560.34   -887.33   -235.49  -1204.46   -219.26       0    1037    1038    1033
10548  05  12   150  99999.00  99999.00  13054.96  14264.32   -763.16   -312.68  -1431.71    -80.87       0    1033    1033    1026
10548  05  12   100  99999.00  99999.00  15716.12  16804.28   -710.64   -383.04  -1456.47   -128.79       0    1013    1012     933
10548  05  12    80  99999.00  99999.00  99999.00  99999.00  99999.00  99999.00  99999.00  99999.00       0       0      41      13
10548  05  12    70  99999.00  99999.00  17993.62  19080.82   -692.63   -411.59  -1119.06   -623.82       0     970     970     281
10548  05  12    60  99999.00  99999.00  99999.00  99999.00  99999.00  99999.00  99999.00  99999.00       0       0      51      17
10548  05  12    50  99999.00  99999.00  20116.07  21252.95   -679.43   -419.15  -1024.65   -725.49       0     955     957     275
10548  05  12    40  99999.00  99999.00  99999.00  99999.00 -10406.43   8768.61  99999.00  99999.00       0       0      69      17
10548  05  12    30  99999.00  99999.00  23315.24  24607.28   -661.87   -398.11  -1011.89   -711.17       0     923     926     273
10548  05  12    20  99999.00  99999.00  25861.31  27324.83  -2422.96   1412.48   -996.44   -676.64       0     880     890     271
10548  05  12    15  99999.00  99999.00  99999.00  99999.00 -26525.56  21321.20   -958.77   -680.49       0       0     174      63
10548  05  12    10  99999.00  99999.00  30311.68  32117.68  -2563.54   1736.30   -933.15   -612.15       0     656     722     208
10548  05  12     7  99999.00  99999.00  99999.00  99999.00 -15549.91  13551.41  99999.00  99999.00       0       0     193      39
10548  05  12     5  99999.00  99999.00  99999.00  99999.00  -7850.29   6934.67  99999.00  99999.00       0       0      62       5
10548  05  12     3  99999.00  99999.00  99999.00  99999.00  99999.00  99999.00  99999.00  99999.00       0       0      16       0
10548  05  12     2  99999.00  99999.00  99999.00  99999.00  99999.00  99999.00  99999.00  99999.00       0       0       2       0
10548  05  12     1  99999.00  99999.00  99999.00  99999.00  99999.00  99999.00  99999.00  99999.00       0       0       0       0
10548  06  12  9999    931.49    996.53  99999.00  99999.00   -117.27    460.29   -160.89    316.23    1005       0    1005    1005
10548  06  12  1000  99999.00  99999.00  99999.00  99999.00  99999.00  99999.00  99999.00  99999.00       0       0       0       0
10548  06  12   925  99999.00  99999.00    521.89   1085.77   -128.94    400.86   -172.03    302.81       0     674     675     675
10548  06  12   900  99999.00  99999.00  99999.00  99999.00  99999.00  99999.00  99999.00  99999.00       0       0      15      15
10548  06  12   850  99999.00  99999.00   1196.74   1810.30   -182.84    334.24   -236.58    290.34       0    1029    1029    1026
10548  06  12   800  99999.00  99999.00  99999.00  99999.00  99999.00  99999.00  99999.00  99999.00       0       0      31      31
10548  06  12   700  99999.00  99999.00   2687.68   3466.36   -248.92    225.80   -638.92    430.76       0    1027    1027    1023
10548  06  12   600  99999.00  99999.00  99999.00  99999.00  99999.00  99999.00  99999.00  99999.00       0       0      23      23
10548  06  12   500  99999.00  99999.00   5124.52   6247.60   -385.12     52.64   -804.44    234.16       0    1027    1027    1022
10548  06  12   400  99999.00  99999.00   6643.02   8007.18   -503.98    -61.54   -821.10     41.34       0    1027    1027    1023
10548  06  12   300  99999.00  99999.00   8497.37  10148.57   -608.45   -262.13   -852.33   -207.33       0    1026    1025    1020
10548  06  12   250  99999.00  99999.00   9670.93  11385.61   -697.64   -323.60   -951.00   -275.16       0    1022    1022    1016
10548  06  12   200  99999.00  99999.00  11197.61  12735.41   -878.25   -199.05  -1215.97   -162.97       0    1018    1018    1012
10548  06  12   150  99999.00  99999.00  13216.07  14426.15   -772.93   -277.69  -1451.93    -37.49       0    1009    1007    1000
10548  06  12   100  99999.00  99999.00  15938.14  16930.66   -713.46   -362.70  -1472.79   -103.71       0    1000    1000     896
10548  06  12    80  99999.00  99999.00  99999.00  99999.00  99999.00  99999.00  99999.00  99999.00       0       0      44      11
10548  06  12    70  99999.00  99999.00  18269.87  19175.27   -679.24   -405.76  -1177.97   -549.41       0     952     952     274
10548  06  12    60  99999.00  99999.00  99999.00  99999.00  99999.00  99999.00  99999.00  99999.00       0       0      39       6
10548  06  12    50  99999.00  99999.00  20419.34  21350.54   -648.49   -410.65  -1077.26   -641.06       0     931     931     265
10548  06  12    40  99999.00  99999.00  99999.00  99999.00 -15432.74  13122.10  99999.00  99999.00       0       0      75      28
10548  06  12    30  99999.00  99999.00  23674.45  24723.61   -601.55   -395.15  -1014.21   -666.33       0     898     898     261
10548  06  12    20  99999.00  99999.00  26289.70  27457.42  -2454.16   1516.28   -991.35   -635.91       0     826     834     235
10548  06  12    15  99999.00  99999.00  99999.00  99999.00 -21314.05  17903.75  99999.00  99999.00       0       0     172      51
10548  06  12    10  99999.00  99999.00  30904.26  32234.10   -504.11   -229.55   -887.05   -618.85       0     597     654     173
10548  06  12     7  99999.00  99999.00  99999.00  99999.00 -13585.64  11972.68  99999.00  99999.00       0       0     158      27
10548  06  12     5  99999.00  99999.00  99999.00  99999.00  99999.00  99999.00  99999.00  99999.00       0       0      31       1
10548  06  12     3  99999.00  99999.00  99999.00  99999.00  99999.00  99999.00  99999.00  99999.00       0       0      20       0
10548  06  12     2  99999.00  99999.00  99999.00  99999.00  99999.00  99999.00  99999.00  99999.00       0       0       0       0
10548  06  12     1  99999.00  99999.00  99999.00  99999.00  99999.00  99999.00  99999.00  99999.00       0       0       0       0
10548  07  12  9999    934.53    994.05  99999.00  99999.00    -89.57    477.43   -182.64    339.84    1045       0    1044    1044
10548  07  12  1000  99999.00  99999.00  99999.00  99999.00  99999.00  99999.00  99999.00  99999.00       0       0       0       0
10548  07  12   925  99999.00  99999.00    530.38   1073.62    -95.88    409.08   -111.60    285.48       0     702     703     702
10548  07  12   900  99999.00  99999.00  99999.00  99999.00  99999.00  99999.00  99999.00  99999.00       0       0      14      14
10548  07  12   850  99999.00  99999.00   1228.83   1801.23   -138.87    333.93   -163.26    261.30       0    1069    1069    1067
10548  07  12   800  99999.00  99999.00  99999.00  99999.00  99999.00  99999.00  99999.00  99999.00       0       0      36      36
10548  07  12   700  99999.00  99999.00   2744.43   3458.79   -199.59    220.77   -585.83    421.69       0    1069    1069    1066
10548  07  12   600  99999.00  99999.00  99999.00  99999.00  99999.00  99999.00  99999.00  99999.00       0       0      21      21
10548  07  12   500  99999.00  99999.00   5229.22   6237.46   -333.95     48.73   -763.48    237.44       0    1065    1066    1059
10548  07  12   400  99999.00  99999.00   6779.74   7996.66   -459.75    -56.91   -804.66     67.98       0    1066    1067    1059
10548  07  12   300  99999.00  99999.00   8667.24  10144.08   -586.64   -240.68   -838.68   -178.20       0    1062    1061    1051
10548  07  12   250  99999.00  99999.00   9834.23  11406.35   -656.37   -332.13   -933.01   -262.69       0    1049    1045    1036
10548  07  12   200  99999.00  99999.00  11360.09  12777.65   -837.81   -213.57  -1177.50   -187.98       0    1045    1042    1030
10548  07  12   150  99999.00  99999.00  13376.28  14485.80   -741.99   -301.11  -1428.93    -64.41       0    1039    1038    1026
10548  07  12   100  99999.00  99999.00  16128.59  16961.39   -694.18   -378.46  -1445.71   -131.47       0    1025    1026     911
10548  07  12    80  99999.00  99999.00  99999.00  99999.00  99999.00  99999.00  99999.00  99999.00       0       0      42      14
10548  07  12    70  99999.00  99999.00  18478.71  19194.51   -650.12   -420.80  -1127.50   -594.94       0     980     983     279
10548  07  12    60  99999.00  99999.00  99999.00  99999.00  99999.00  99999.00  99999.00  99999.00       0       0      56      17
10548  07  12    50  99999.00  99999.00  20654.35  21363.07   -613.22   -425.06   -987.78   -722.34       0     971     970     272
10548  07  12    40  99999.00  99999.00  99999.00  99999.00 -14360.09  12242.71  99999.00  99999.00       0       0      70      13
10548  07  12    30  99999.00  99999.00  23970.00  24710.40   -572.14   -401.14   -963.65   -701.33       0     932     937     270
10548  07  12    20  99999.00  99999.00  26645.34  27409.26  -2369.31   1451.37   -947.77   -667.09       0     897     902     267
10548  07  12    15  99999.00  99999.00  99999.00  99999.00 -24191.68  19925.48  99999.00  99999.00       0       0     157      48
10548  07  12    10  99999.00  99999.00  31295.64  32178.72   -475.56   -255.60   -887.29   -607.93       0     692     741     212
10548  07  12     7  99999.00  99999.00  99999.00  99999.00 -10368.09   9168.51  99999.00  99999.00       0       0     207      41
10548  07  12     5  99999.00  99999.00  99999.00  99999.00  99999.00  99999.00  99999.00  99999.00       0       0      60       4
10548  07  12     3  99999.00  99999.00  99999.00  99999.00  99999.00  99999.00  99999.00  99999.00       0       0      24       0
10548  07  12     2  99999.00  99999.00  99999.00  99999.00  99999.00  99999.00  99999.00  99999.00       0       0       2       0
10548  07  12     1  99999.00  99999.00  99999.00  99999.00  99999.00  99999.00  99999.00  99999.00       0       0       0       0
10548  08  12  9999    935.97    992.49  99999.00  99999.00    -66.11    452.77   -173.90    331.90    1049       0    1049    1049
10548  08  12  1000  99999.00  99999.00  99999.00  99999.00  99999.00  99999.00  99999.00  99999.00       0       0       0       0
10548  08  12   925  99999.00  99999.00    547.64   1057.16    -79.04    385.72   -116.11    287.21       0     697     698     698
10548  08  12   900  99999.00  99999.00  99999.00  99999.00  99999.00  99999.00  99999.00  99999.00       0       0      19      19
10548  08  12   850  99999.00  99999.00   1242.75   1785.75   -133.37    328.51   -172.14    265.86       0    1063    1064    1063
10548  08  12   800  99999.00  99999.00  99999.00  99999.00  99999.00  99999.00  99999.00  99999.00       0       0      31      31
10548  08  12   700  99999.00  99999.00   2760.08   3442.52   -198.90    221.82   -616.61    441.67       0    1064    1062    1059
10548  08  12   600  99999.00  99999.00  99999.00  99999.00  99999.00  99999.00  99999.00  99999.00       0       0      42      42
10548  08  12   500  99999.00  99999.00   5248.50   6219.78   -332.97     49.83   -817.34    270.46       0    1063    1063    1056
10548  08  12   400  99999.00  99999.00   6801.11   7979.03   -451.48    -62.08   -818.16     75.72       0    1062    1060    1053
10548  08  12   300  99999.00  99999.00   8696.58  10122.90   -576.63   -245.55   -848.56   -170.32       0    1062    1061    1051
10548  08  12   250  99999.00  99999.00   9867.13  11382.37   -651.31   -342.19   -922.87   -272.71       0    1058    1057    1047
10548  08  12   200  99999.00  99999.00  11358.36  12773.28   -828.06   -253.98  -1132.22   -245.42       0    1054    1055    1045
10548  08  12   150  99999.00  99999.00  13347.80  14482.40   -765.19   -309.67  -1405.06   -107.38       0    1050    1046    1033
10548  08  12   100  99999.00  99999.00  16071.24  16955.64   -715.63   -374.23  -1449.98   -149.66       0    1027    1028     905
10548  08  12    80  99999.00  99999.00  99999.00  99999.00  99999.00  99999.00  99999.00  99999.00       0       0      50      12
10548  08  12    70  99999.00  99999.00  18397.11  19202.67   -662.98   -413.98  -1135.82   -587.90       0    1001    1001     292
10548  08  12    60  99999.00  99999.00  99999.00  99999.00 -15212.28  12927.96  99999.00  99999.00       0       0      62      20
10548  08  12    50  99999.00  99999.00  20553.20  21380.96   -630.34   -422.14  -1020.85   -700.57       0     983     985     285
10548  08  12    40  99999.00  99999.00  99999.00  99999.00 -11749.87  10005.17  99999.00  99999.00       0       0      80      18
10548  08  12    30  99999.00  99999.00  23814.23  24756.23   -602.39   -392.75   -976.93   -708.61       0     950     955     280
10548  08  12    20  99999.00  99999.00  26425.74  27492.06   -569.66   -353.54   -941.90   -696.02       0     910     915     277
10548  08  12    15  99999.00  99999.00  99999.00  99999.00 -23210.78  19226.98  99999.00  99999.00       0       0     154      54
10548  08  12    10  99999.00  99999.00  30958.06  32293.90  -3416.63   2577.61   -901.93   -641.65       0     691     740     222
10548  08  12     7  99999.00  99999.00  99999.00  99999.00 -13025.83  11418.89  99999.00  99999.00       0       0     172      48
10548  08  12     5  99999.00  99999.00  99999.00  99999.00  99999.00  99999.00  99999.00  99999.00       0       0      39       1
10548  08  12     3  99999.00  99999.00  99999.00  99999.00  99999.00  99999.00  99999.00  99999.00       0       0      18       0
10548  08  12     2  99999.00  99999.00  99999.00  99999.00  99999.00  99999.00  99999.00  99999.00       0       0       2       0
10548  08  12     1  99999.00  99999.00  99999.00  99999.00  99999.00  99999.00  99999.00  99999.00       0       0       0       0
10548  09  12  9999    924.47   1005.23  99999.00  99999.00    -83.73    387.75   -151.25    269.35     991       0     991     991
10548  09  12  1000  99999.00  99999.00  99999.00  99999.00  99999.00  99999.00  99999.00  99999.00       0       0       0       0
10548  09  12   925  99999.00  99999.00    439.28   1160.24   -102.56    328.72   -155.24    285.52       0     651     653     652
10548  09  12   900  99999.00  99999.00  99999.00  99999.00  99999.00  99999.00  99999.00  99999.00       0       0      22      22
10548  09  12   850  99999.00  99999.00   1140.14   1869.74   -178.94    321.70   -322.77    353.07       0    1000    1002    1000
10548  09  12   800  99999.00  99999.00  99999.00  99999.00  99999.00  99999.00  99999.00  99999.00       0       0      33      33
10548  09  12   700  99999.00  99999.00   2647.02   3514.26   -239.04    230.16   -673.66    447.14       0    1001    1000     997
10548  09  12   600  99999.00  99999.00  99999.00  99999.00  99999.00  99999.00  99999.00  99999.00       0       0      36      35
10548  09  12   500  99999.00  99999.00   5100.48   6294.96   -374.01     58.35   -822.41    246.55       0     999    1000     996
10548  09  12   400  99999.00  99999.00   6634.12   8050.72   -489.79    -57.55   -860.70     83.34       0     999     999     994
10548  09  12   300  99999.00  99999.00   8508.62  10188.62   -608.05   -243.85   -891.94   -163.66       0    1000    1002     996
10548  09  12   250  99999.00  99999.00   9676.97  11437.49   -682.93   -334.57   -950.94   -273.54       0     994     995     990
10548  09  12   200  99999.00  99999.00  11156.95  12823.15   -839.71   -277.27  -1107.76   -287.56       0     986     987     982
10548  09  12   150  99999.00  99999.00  13145.40  14489.52   -828.28   -302.92  -1358.67   -170.67       0     979     979     974
10548  09  12   100  99999.00  99999.00  15849.71  16919.27   -758.95   -380.11  -1451.27   -170.75       0     959     962     874
10548  09  12    80  99999.00  99999.00  99999.00  99999.00  99999.00  99999.00  99999.00  99999.00       0       0      38      13
10548  09  12    70  99999.00  99999.00  18138.72  19152.96   -706.40   -420.68  -1125.02   -641.06       0     934     938     296
10548  09  12    60  99999.00  99999.00  99999.00  99999.00  99999.00  99999.00  99999.00  99999.00       0       0      47      20
10548  09  12    50  99999.00  99999.00  20252.00  21318.20   -690.74   -423.50  -1067.21   -696.41       0     924     927     290
10548  09  12    40  99999.00  99999.00  99999.00  99999.00 -11473.16   9701.20  99999.00  99999.00       0       0      84      24
10548  09  12    30  99999.00  99999.00  23416.92  24687.12   -685.52   -382.28  -1069.90   -661.18       0     892     898     287
10548  09  12    20  99999.00  99999.00  25932.82  27422.02   -655.66   -352.54  -1017.06   -678.42       0     849     856     279
10548  09  12    15  99999.00  99999.00  99999.00  99999.00 -21326.28  17787.84  99999.00  99999.00       0       0     200      55
10548  09  12    10  99999.00  99999.00  30260.91  32234.55  -3520.13   2580.19   -963.39   -652.71       0     664     708     240
10548  09  12     7  99999.00  99999.00  99999.00  99999.00 -17998.98  15410.94   -933.44   -630.32       0       0     238      77
10548  09  12     5  99999.00  99999.00  99999.00  99999.00  -9999.47   8744.77  99999.00  99999.00       0       0      75       7
10548  09  12     3  99999.00  99999.00  99999.00  99999.00  99999.00  99999.00  99999.00  99999.00       0       0      12       0
10548  09  12     2  99999.00  99999.00  99999.00  99999.00  99999.00  99999.00  99999.00  99999.00       0       0       1       0
10548  09  12     1  99999.00  99999.00  99999.00  99999.00  99999.00  99999.00  99999.00  99999.00       0       0       0       0
10548  10  12  9999    913.59   1014.87  99999.00  99999.00   -136.94    331.30   -133.56    210.24    1020       0    1020    1020
10548  10  12  1000  99999.00  99999.00  99999.00  99999.00  99999.00  99999.00  99999.00  99999.00       0       0       0       0
10548  10  12   925  99999.00  99999.00    374.98   1206.82   -173.37    311.55   -255.65    317.59       0     667     668     667
10548  10  12   900  99999.00  99999.00  99999.00  99999.00  99999.00  99999.00  99999.00  99999.00       0       0      35      35
10548  10  12   850  99999.00  99999.00   1041.54   1928.10   -243.94    335.90   -507.28    457.04       0    1034    1034    1028
10548  10  12   800  99999.00  99999.00  99999.00  99999.00  99999.00  99999.00  99999.00  99999.00       0       0      39      39
10548  10  12   700  99999.00  99999.00   2524.96   3569.56   -294.86    244.54   -789.45    500.91       0    1034    1034    1029
10548  10  12   600  99999.00  99999.00  99999.00  99999.00  99999.00  99999.00  99999.00  99999.00       0       0      20      20
10548  10  12   500  99999.00  99999.00   4931.32   6352.12   -437.40     73.80   -893.71    285.65       0    1034    1034    1028
10548  10  12   400  99999.00  99999.00   6430.45   8110.33   -543.18    -53.82   -884.40     69.36       0    1033    1032    1029
10548  10  12   300  99999.00  99999.00   8271.31  10240.27   -643.31   -255.59   -927.02   -170.54       0    1031    1031    1027
10548  10  12   250  99999.00  99999.00   9420.61  11483.29   -701.39   -353.27   -971.77   -290.77       0    1025    1028    1024
10548  10  12   200  99999.00  99999.00  10899.52  12848.44   -865.65   -284.01  -1121.14   -296.26       0    1019    1019    1014
10548  10  12   150  99999.00  99999.00  12870.81  14501.25   -849.63   -316.35  -1343.07   -200.31       0    1016    1018    1009
10548  10  12   100  99999.00  99999.00  15571.48  16884.88   -795.22   -393.58  -1445.61   -197.85       0     993     998     923
10548  10  12    80  99999.00  99999.00  99999.00  99999.00  99999.00  99999.00  99999.00  99999.00       0       0      48      15
10548  10  12    70  99999.00  99999.00  17833.93  19079.89   -753.54   -435.06  -1116.04   -688.72       0     957     959     279
10548  10  12    60  99999.00  99999.00  99999.00  99999.00 -13157.21  11073.55  99999.00  99999.00       0       0      63      13
10548  10  12    50  99999.00  99999.00  19922.82  21200.22  -2453.01   1239.63  -1097.59   -713.71       0     937     940     275
10548  10  12    40  99999.00  99999.00  99999.00  99999.00 -15139.98  12736.86  99999.00  99999.00       0       0      93      21
10548  10  12    30  99999.00  99999.00  23001.53  24511.13  -2493.39   1296.81  -1111.56   -689.16       0     893     897     269
10548  10  12    20  99999.00  99999.00  25400.78  27226.10   -796.77   -339.69  -1112.07   -661.11       0     861     869     267
10548  10  12    15  99999.00  99999.00  99999.00  99999.00 -18873.06  15793.62  -1112.56   -644.68       0       0     202      69
10548  10  12    10  99999.00  99999.00  29462.55  32023.11  -3569.79   2482.65  -1076.14   -632.74       0     667     712     221
10548  10  12     7  99999.00  99999.00  99999.00  99999.00 -17121.48  14560.68  -1042.29   -611.61       0       0     251      76
10548  10  12     5  99999.00  99999.00  99999.00  99999.00 -13160.19  11358.33  99999.00  99999.00       0       0     126      25
10548  10  12     3  99999.00  99999.00  99999.00  99999.00  99999.00  99999.00  99999.00  99999.00       0       0       5       0
10548  10  12     2  99999.00  99999.00  99999.00  99999.00  99999.00  99999.00  99999.00  99999.00       0       0       0       0
10548  10  12     1  99999.00  99999.00  99999.00  99999.00  99999.00  99999.00  99999.00  99999.00       0       0       0       0
10548  11  12  9999    904.75   1021.03  99999.00  99999.00   -191.86    267.98    -99.30    140.94     973       0     973     973
10548  11  12  1000  99999.00  99999.00  99999.00  99999.00  99999.00  99999.00  99999.00  99999.00       0       0       0       0
10548  11  12   925  99999.00  99999.00    273.44   1269.20   -224.63    270.97   -279.11    274.57       0     651     659     659
10548  11  12   900  99999.00  99999.00  99999.00  99999.00  99999.00  99999.00  99999.00  99999.00       0       0      27      27
10548  11  12   850  99999.00  99999.00    959.91   1950.75   -308.24    317.80   -493.26    386.82       0    1000    1000     993
10548  11  12   800  99999.00  99999.00  99999.00  99999.00  99999.00  99999.00  99999.00  99999.00       0       0      33      33
10548  11  12   700  99999.00  99999.00   2411.42   3576.02   -377.32    243.92   -733.57    402.23       0    1000     999     993
10548  11  12   600  99999.00  99999.00  99999.00  99999.00  99999.00  99999.00  99999.00  99999.00       0       0      23      23
10548  11  12   500  99999.00  99999.00   4743.54   6348.30   -530.08     79.52   -889.31    218.89       0     999     999     995
10548  11  12   400  99999.00  99999.00   6183.83   8107.67   -629.61    -51.57   -925.78     39.02       0     995     994     992
10548  11  12   300  99999.00  99999.00   7967.79  10230.15   -692.46   -274.62   -984.34   -184.78       0     993     994     990
10548  11  12   250  99999.00  99999.00   9111.25  11448.97   -755.38   -344.14  -1033.93   -288.13       0     990     988     982
10548  11  12   200  99999.00  99999.00  10598.57  12787.13   -906.55   -261.07  -1161.13   -287.89       0     983     985     979
10548  11  12   150  99999.00  99999.00  12563.39  14438.03   -845.41   -322.21  -1358.15   -190.67       0     967     967     962
10548  11  12   100  99999.00  99999.00  15227.19  16852.59   -803.20   -400.60  -1435.67   -206.99       0     952     954     895
10548  11  12    80  99999.00  99999.00  99999.00  99999.00  99999.00  99999.00  99999.00  99999.00       0       0      50      17
10548  11  12    70  99999.00  99999.00  17480.60  19038.56   -804.54   -424.98  -1156.14   -648.42       0     906     910     271
10548  11  12    60  99999.00  99999.00  99999.00  99999.00 -10704.27   8876.85  99999.00  99999.00       0       0      65      22
10548  11  12    50  99999.00  99999.00  19507.63  21169.75   -828.26   -428.66  -1080.82   -751.54       0     890     893     263
10548  11  12    40  99999.00  99999.00  99999.00  99999.00 -15430.09  12879.47  99999.00  99999.00       0       0      89      29
10548  11  12    30  99999.00  99999.00  22452.26  24498.86   -898.60   -381.64  -1109.20   -738.52       0     840     847     259
10548  11  12    20  99999.00  99999.00  24701.36  27208.76   -931.60   -353.56  -1129.57   -718.57       0     771     784     250
10548  11  12    15  99999.00  99999.00  99999.00  99999.00 -19416.85  16055.51  -1152.57   -681.21       0       0     215      74
10548  11  12    10  99999.00  99999.00  28534.46  31858.46  -2894.45   1629.31  -1140.13   -679.33       0     602     632     200
10548  11  12     7  99999.00  99999.00  99999.00  99999.00 -17535.22  14690.90  -1118.07   -651.03       0       0     225      88
10548  11  12     5  99999.00  99999.00  99999.00  99999.00  -9076.17   7554.15  99999.00  99999.00       0       0     183      35
10548  11  12     3  99999.00  99999.00  99999.00  99999.00  99999.00  99999.00  99999.00  99999.00       0       0      11       1
10548  11  12     2  99999.00  99999.00  99999.00  99999.00  99999.00  99999.00  99999.00  99999.00       0       0       0       0
10548  11  12     1  99999.00  99999.00  99999.00  99999.00  99999.00  99999.00  99999.00  99999.00       0       0       0       0
10548  12  12  9999    894.47   1032.35  99999.00  99999.00   -240.05    247.39    -85.92    124.80    1009       0    1009    1009
10548  12  12  1000  99999.00  99999.00  99999.00  99999.00  99999.00  99999.00  99999.00  99999.00       0       0       0       0
10548  12  12   925  99999.00  99999.00    217.15   1331.47   -266.73    248.07   -398.90    318.34       0     697     704     704
10548  12  12   900  99999.00  99999.00  99999.00  99999.00  99999.00  99999.00  99999.00  99999.00       0       0      41      41
10548  12  12   850  99999.00  99999.00    867.98   2027.78   -317.88    278.16   -586.77    416.19       0    1030    1030    1029
10548  12  12   800  99999.00  99999.00  99999.00  99999.00  99999.00  99999.00  99999.00  99999.00       0       0      24      24
10548  12  12   700  99999.00  99999.00   2318.27   3627.35   -396.59    216.85   -818.04    419.28       0    1031    1031    1030
10548  12  12   600  99999.00  99999.00  99999.00  99999.00  99999.00  99999.00  99999.00  99999.00       0       0      25      25
10548  12  12   500  99999.00  99999.00   4630.99   6372.19   -560.90     63.58   -942.29    224.47       0    1030    1030    1028
10548  12  12   400  99999.00  99999.00   6060.08   8113.88   -651.68    -73.64   -975.35     43.81       0    1029    1029    1026
10548  12  12   300  99999.00  99999.00   7842.32  10203.20   -694.12   -309.28  -1022.20   -185.32       0    1026    1026    1024
10548  12  12   250  99999.00  99999.00   8990.92  11401.00   -776.06   -355.10  -1060.52   -294.44       0    1020    1023    1018
10548  12  12   200  99999.00  99999.00  10481.24  12715.76   -939.44   -252.80  -1191.04   -282.40       0    1014    1015    1009
10548  12  12   150  99999.00  99999.00  12439.64  14363.00   -873.91   -299.95  -1368.76   -178.00       0    1005    1005    1001
10548  12  12   100  99999.00  99999.00  15045.79  16835.47   -827.16   -378.36  -1467.12   -162.84       0     990     991     949
10548  12  12    80  99999.00  99999.00  99999.00  99999.00  99999.00  99999.00  99999.00  99999.00       0       0      60      28
10548  12  12    70  99999.00  99999.00  17217.93  19087.53   -866.63   -374.99  -1144.27   -655.27       0     945     946     277
10548  12  12    60  99999.00  99999.00  99999.00  99999.00  -7750.33   6226.43  99999.00  99999.00       0       0      65      21
10548  12  12    50  99999.00  99999.00  19169.93  21280.25   -925.38   -348.42  -1099.30   -735.58       0     922     930     272
10548  12  12    40  99999.00  99999.00  99999.00  99999.00  -9128.46   7447.26  99999.00  99999.00       0       0      91      26
10548  12  12    30  99999.00  99999.00  21977.49  24710.37   -995.06   -317.90  -1138.97   -724.01       0     848     858     270
10548  12  12    20  99999.00  99999.00  24134.20  27447.88  -1032.11   -298.55  -1179.45   -690.09       0     759     776     255
10548  12  12    15  99999.00  99999.00  99999.00  99999.00 -16672.53  13848.15  -1181.51   -686.87       0       0     187      74
10548  12  12    10  99999.00  99999.00  27944.79  32009.55  -4504.59   3162.57  -1212.82   -606.94       0     576     605     208
10548  12  12     7  99999.00  99999.00  99999.00  99999.00 -13163.86  11114.42  -1239.77   -523.61       0       0     229     101
10548  12  12     5  99999.00  99999.00  99999.00  99999.00 -14722.34  12535.06  99999.00  99999.00       0       0     165      29
10548  12  12     3  99999.00  99999.00  99999.00  99999.00  99999.00  99999.00  99999.00  99999.00       0       0      15       0
10548  12  12     2  99999.00  99999.00  99999.00  99999.00  99999.00  99999.00  99999.00  99999.00       0       0       0       0
10548  12  12     1  99999.00  99999.00  99999.00  99999.00  99999.00  99999.00  99999.00  99999.00       0       0       0       0
