54161  01  00  9999   9575.99  10325.27  99999.00  99999.00   -522.26    165.82   -560.88    141.00     961       0     961     961
54161  01  00  1000  99999.00  99999.00    144.51    374.79   -456.70     49.94   -507.91     40.49       0     254     254     254
54161  01  00   925  99999.00  99999.00    523.13   1056.41   -459.06    157.14   -523.90    127.22       0     650     651     651
54161  01  00   900  99999.00  99999.00  99999.00  99999.00  99999.00  99999.00  99999.00  99999.00       0       0       0       0
54161  01  00   850  99999.00  99999.00   1153.91   1699.31   -519.54    177.06   -566.43    115.41       0    1020    1021    1021
54161  01  00   800  99999.00  99999.00  99999.00  99999.00  99999.00  99999.00  99999.00  99999.00       0       0       0       0
54161  01  00   700  99999.00  99999.00   2487.41   3255.17   -543.97    108.23   -635.31     60.69       0    1022    1022    1022
54161  01  00   600  99999.00  99999.00   3495.40   4492.36   -585.76     34.40   -712.61     12.07       0    1021    1022    1022
54161  01  00   500  99999.00  99999.00   4650.26   5919.02   -634.35    -72.75   -794.34    -60.06       0    1022    1021    1021
54161  01  00   400  99999.00  99999.00   6033.41   7581.89   -667.97   -228.41   -872.96   -168.20       0    1013    1014    1014
54161  01  00   300  99999.00  99999.00   7832.69   9544.61   -722.44   -359.32   -968.44   -258.40       0    1006    1006     990
54161  01  00   250  99999.00  99999.00   9039.63  10667.07   -825.44   -278.00   -985.76   -239.48       0     997     998     788
54161  01  00   200  99999.00  99999.00  10556.23  12011.47   -803.39   -257.51   -964.92   -226.44       0     985     990     734
54161  01  00   150  99999.00  99999.00  12451.90  13837.78   -727.33   -311.89   -959.40   -237.60       0     973     977     728
54161  01  00   100  99999.00  99999.00  15054.02  16481.66   -733.79   -317.27   -980.19   -244.95       0     945     950     703
54161  01  00    80  99999.00  99999.00  99999.00  99999.00  99999.00  99999.00  99999.00  99999.00       0       0       0       0
54161  01  00    70  99999.00  99999.00  17306.65  18838.93   -747.51   -298.83  99999.00  99999.00       0     908     916      46
54161  01  00    60  99999.00  99999.00  99999.00  99999.00  99999.00  99999.00  99999.00  99999.00       0       0       0       0
54161  01  00    50  99999.00  99999.00  19400.26  21100.54   -746.91   -286.71  99999.00  99999.00       0     840     853      44
54161  01  00    40  99999.00  99999.00  20783.93  22616.09   -741.40   -278.32  99999.00  99999.00       0     798     811      43
54161  01  00    30  99999.00  99999.00  22559.43  24586.95   -746.57   -251.33  99999.00  99999.00       0     718     729      41
54161  01  00    20  99999.00  99999.00  25095.88  27371.32   -750.02   -214.34  99999.00  99999.00       0     587     597      37
54161  01  00    15  99999.00  99999.00  26910.70  29325.22   -768.51   -181.59  99999.00  99999.00       0     428     433      32
54161  01  00    10  99999.00  99999.00  29486.97  32101.41   -778.27   -179.35  99999.00  99999.00       0     181     182      17
54161  01  00     7  99999.00  99999.00  99999.00  99999.00  99999.00  99999.00  99999.00  99999.00       0      50      50       7
54161  01  00     5  99999.00  99999.00  99999.00  99999.00  99999.00  99999.00  99999.00  99999.00       0       9       9       3
54161  01  00     3  99999.00  99999.00  99999.00  99999.00  99999.00  99999.00  99999.00  99999.00       0       0       0       0
54161  01  00     2  99999.00  99999.00  99999.00  99999.00  99999.00  99999.00  99999.00  99999.00       0       0       0       0
54161  01  00     1  99999.00  99999.00  99999.00  99999.00  99999.00  99999.00  99999.00  99999.00       0       0       0       0
54161  02  00  9999   9535.39  10325.59  99999.00  99999.00   -505.15    235.61   -557.14    204.38     887       0     887     887
54161  02  00  1000  99999.00  99999.00    139.79    377.03   -465.25    135.47   -507.14     95.62       0     157     157     157
54161  02  00   925  99999.00  99999.00    494.28   1065.84   -461.93    236.11   -567.50    214.30       0     594     593     593
54161  02  00   900  99999.00  99999.00  99999.00  99999.00  99999.00  99999.00  99999.00  99999.00       0       0       0       0
54161  02  00   850  99999.00  99999.00   1140.52   1715.56   -520.17    232.83   -614.74    190.46       0     932     930     930
54161  02  00   800  99999.00  99999.00  99999.00  99999.00  99999.00  99999.00  99999.00  99999.00       0       0       0       0
54161  02  00   700  99999.00  99999.00   2490.88   3277.48   -557.46    152.22   -695.02    131.42       0     932     930     930
54161  02  00   600  99999.00  99999.00   3495.22   4530.58   -599.19     73.41   -778.59     89.25       0     933     931     931
54161  02  00   500  99999.00  99999.00   4641.73   5979.37   -659.60    -23.12   -842.40     -0.72       0     933     932     932
54161  02  00   400  99999.00  99999.00   6005.99   7675.31   -710.61   -165.69   -910.65   -117.21       0     915     913     913
54161  02  00   300  99999.00  99999.00   7773.73   9679.93   -737.55   -338.79   -976.10   -246.62       0     902     902     875
54161  02  00   250  99999.00  99999.00   8961.16  10824.16   -833.07   -276.51   -989.42   -243.14       0     888     890     665
54161  02  00   200  99999.00  99999.00  10473.97  12165.97   -834.87   -236.07   -971.70   -225.42       0     877     880     589
54161  02  00   150  99999.00  99999.00  12371.66  13984.34   -757.17   -289.17   -975.39   -226.23       0     866     872     581
54161  02  00   100  99999.00  99999.00  14963.96  16628.48   -775.78   -285.70  -1001.28   -229.56       0     840     847     554
54161  02  00    80  99999.00  99999.00  99999.00  99999.00  99999.00  99999.00  99999.00  99999.00       0       0       0       0
54161  02  00    70  99999.00  99999.00  17192.05  18991.93   -796.76   -266.60  99999.00  99999.00       0     797     805      40
54161  02  00    60  99999.00  99999.00  99999.00  99999.00  99999.00  99999.00  99999.00  99999.00       0       0       0       0
54161  02  00    50  99999.00  99999.00  19261.26  21260.34   -784.96   -266.80  99999.00  99999.00       0     749     759      38
54161  02  00    40  99999.00  99999.00  20645.71  22760.11   -770.43   -271.95  99999.00  99999.00       0     705     715      38
54161  02  00    30  99999.00  99999.00  22419.36  24705.96   -755.27   -267.47  99999.00  99999.00       0     635     650      36
54161  02  00    20  99999.00  99999.00  24928.71  27464.67   -752.49   -242.13  99999.00  99999.00       0     515     525      33
54161  02  00    15  99999.00  99999.00  26757.98  29382.02   -759.83   -224.87  99999.00  99999.00       0     382     391      30
54161  02  00    10  99999.00  99999.00  29280.40  32066.80   -841.69   -158.29  99999.00  99999.00       0     152     152      12
54161  02  00     7  99999.00  99999.00  99999.00  99999.00  99999.00  99999.00  99999.00  99999.00       0      54      54       3
54161  02  00     5  99999.00  99999.00  99999.00  99999.00  99999.00  99999.00  99999.00  99999.00       0      16      16       0
54161  02  00     3  99999.00  99999.00  99999.00  99999.00  99999.00  99999.00  99999.00  99999.00       0       0       0       0
54161  02  00     2  99999.00  99999.00  99999.00  99999.00  99999.00  99999.00  99999.00  99999.00       0       0       0       0
54161  02  00     1  99999.00  99999.00  99999.00  99999.00  99999.00  99999.00  99999.00  99999.00       0       0       0       0
54161  03  00  9999   9484.16  10306.76  99999.00  99999.00   -396.05    298.03   -460.05    245.07    1011       0    1011    1011
54161  03  00  1000  99999.00  99999.00    154.59    361.47   -377.04    182.64   -453.75    144.21       0      61      61      61
54161  03  00   925  99999.00  99999.00    447.24   1081.68   -406.21    301.79   -514.56    254.04       0     651     651     651
54161  03  00   900  99999.00  99999.00  99999.00  99999.00  99999.00  99999.00  99999.00  99999.00       0       0       0       0
54161  03  00   850  99999.00  99999.00   1129.29   1728.93   -459.72    283.08   -572.63    227.53       0    1022    1023    1023
54161  03  00   800  99999.00  99999.00  99999.00  99999.00  99999.00  99999.00  99999.00  99999.00       0       0       0       0
54161  03  00   700  99999.00  99999.00   2533.51   3285.67   -516.65    179.59   -704.97    187.95       0    1021    1021    1021
54161  03  00   600  99999.00  99999.00   3565.02   4539.78   -559.33     91.67   -769.64    121.00       0    1020    1022    1022
54161  03  00   500  99999.00  99999.00   4736.75   5992.91   -621.13    -10.09   -819.35     12.97       0    1022    1023    1023
54161  03  00   400  99999.00  99999.00   6119.20   7701.88   -691.96   -141.76   -898.12   -101.44       0    1013    1013    1013
54161  03  00   300  99999.00  99999.00   7879.70   9742.70   -736.14   -318.66   -957.15   -254.55       0    1004    1005     990
54161  03  00   250  99999.00  99999.00   9053.71  10904.11   -820.91   -289.31   -989.97   -258.69       0     997     999     779
54161  03  00   200  99999.00  99999.00  10566.85  12238.33   -844.96   -239.80   -959.95   -257.83       0     988     990     639
54161  03  00   150  99999.00  99999.00  12466.45  14040.61   -742.11   -319.35   -958.03   -269.71       0     983     984     630
54161  03  00   100  99999.00  99999.00  15052.58  16672.58   -736.11   -343.71   -980.26   -280.54       0     960     960     601
54161  03  00    80  99999.00  99999.00  99999.00  99999.00  99999.00  99999.00  99999.00  99999.00       0       0       0       0
54161  03  00    70  99999.00  99999.00  17318.42  18980.78   -760.74   -319.86  99999.00  99999.00       0     928     932      39
54161  03  00    60  99999.00  99999.00  99999.00  99999.00  99999.00  99999.00  99999.00  99999.00       0       0       0       0
54161  03  00    50  99999.00  99999.00  19421.90  21199.70   -762.88   -303.88  99999.00  99999.00       0     874     878      37
54161  03  00    40  99999.00  99999.00  20824.47  22672.71   -753.71   -294.23  99999.00  99999.00       0     829     837      37
54161  03  00    30  99999.00  99999.00  22623.14  24605.06   -741.83   -280.31  99999.00  99999.00       0     740     751      37
54161  03  00    20  99999.00  99999.00  25190.50  27330.94   -722.99   -255.47  99999.00  99999.00       0     626     632      33
54161  03  00    15  99999.00  99999.00  27017.32  29249.56   -731.40   -230.52  99999.00  99999.00       0     439     441      30
54161  03  00    10  99999.00  99999.00  29524.40  32053.76   -782.68   -168.64  99999.00  99999.00       0     155     155      20
54161  03  00     7  99999.00  99999.00  99999.00  99999.00  99999.00  99999.00  99999.00  99999.00       0      47      47       6
54161  03  00     5  99999.00  99999.00  99999.00  99999.00  99999.00  99999.00  99999.00  99999.00       0      12      12       0
54161  03  00     3  99999.00  99999.00  99999.00  99999.00  99999.00  99999.00  99999.00  99999.00       0       0       0       0
54161  03  00     2  99999.00  99999.00  99999.00  99999.00  99999.00  99999.00  99999.00  99999.00       0       0       0       0
54161  03  00     1  99999.00  99999.00  99999.00  99999.00  99999.00  99999.00  99999.00  99999.00       0       0       0       0
54161  04  00  9999   9439.04  10239.32  99999.00  99999.00   -244.63    361.73   -347.51    305.17     988       0     988     988
54161  04  00  1000  99999.00  99999.00  99999.00  99999.00  99999.00  99999.00  99999.00  99999.00       0       1       1       1
54161  04  00   925  99999.00  99999.00    416.90   1065.50   -281.13    363.15   -510.12    388.92       0     629     630     630
54161  04  00   900  99999.00  99999.00  99999.00  99999.00  99999.00  99999.00  99999.00  99999.00       0       0       0       0
54161  04  00   850  99999.00  99999.00   1105.75   1746.07   -359.63    371.53   -561.22    358.46       0     988     990     990
54161  04  00   800  99999.00  99999.00  99999.00  99999.00  99999.00  99999.00  99999.00  99999.00       0       0       0       0
54161  04  00   700  99999.00  99999.00   2558.32   3354.88   -451.22    270.82   -706.52    309.04       0     988     990     990
54161  04  00   600  99999.00  99999.00   3627.70   4638.70   -493.42    164.78   -793.77    250.95       0     987     990     990
54161  04  00   500  99999.00  99999.00   4838.65   6122.41   -577.75     69.89   -867.14    154.06       0     989     990     990
54161  04  00   400  99999.00  99999.00   6251.17   7877.89   -674.06    -53.42   -948.55     30.41       0     981     981     981
54161  04  00   300  99999.00  99999.00   8008.89   9996.81   -745.77   -243.21  -1018.11   -146.55       0     971     973     973
54161  04  00   250  99999.00  99999.00   9152.83  11211.43   -807.89   -281.21  -1032.81   -217.05       0     965     968     854
54161  04  00   200  99999.00  99999.00  10659.97  12550.45   -883.52   -223.28  -1042.00   -197.56       0     957     960     571
54161  04  00   150  99999.00  99999.00  12620.60  14273.36   -781.54   -299.86  -1045.13   -205.49       0     943     947     544
54161  04  00   100  99999.00  99999.00  15269.17  16812.61   -753.29   -351.41  -1034.85   -249.69       0     919     926     517
54161  04  00    80  99999.00  99999.00  99999.00  99999.00  99999.00  99999.00  99999.00  99999.00       0       0       0       0
54161  04  00    70  99999.00  99999.00  17565.96  19057.56   -757.97   -353.81  99999.00  99999.00       0     884     890      21
54161  04  00    60  99999.00  99999.00  99999.00  99999.00  99999.00  99999.00  99999.00  99999.00       0       0       0       0
54161  04  00    50  99999.00  99999.00  19722.66  21198.30   -748.71   -342.63  99999.00  99999.00       0     837     843      20
54161  04  00    40  99999.00  99999.00  21143.54  22638.14   -741.12   -326.76  99999.00  99999.00       0     800     808      19
54161  04  00    30  99999.00  99999.00  22972.51  24521.35   -725.12   -307.16  99999.00  99999.00       0     741     751      19
54161  04  00    20  99999.00  99999.00  25548.77  27228.41   -722.95   -254.23  99999.00  99999.00       0     611     620      18
54161  04  00    15  99999.00  99999.00  27343.61  29206.85   -735.84   -219.60  99999.00  99999.00       0     425     427      16
54161  04  00    10  99999.00  99999.00  29910.26  31944.74   -771.46   -172.66  99999.00  99999.00       0     171     172       8
54161  04  00     7  99999.00  99999.00  99999.00  99999.00  99999.00  99999.00  99999.00  99999.00       0      49      49       1
54161  04  00     5  99999.00  99999.00  99999.00  99999.00  99999.00  99999.00  99999.00  99999.00       0      13      13       0
54161  04  00     3  99999.00  99999.00  99999.00  99999.00  99999.00  99999.00  99999.00  99999.00       0       0       0       0
54161  04  00     2  99999.00  99999.00  99999.00  99999.00  99999.00  99999.00  99999.00  99999.00       0       0       0       0
54161  04  00     1  99999.00  99999.00  99999.00  99999.00  99999.00  99999.00  99999.00  99999.00       0       0       0       0
54161  05  00  9999   9467.18  10152.86  99999.00  99999.00   -106.09    384.11   -230.64    342.12    1021       0    1021    1020
54161  05  00  1000  99999.00  99999.00  99999.00  99999.00  99999.00  99999.00  99999.00  99999.00       0       0       0       0
54161  05  00   925  99999.00  99999.00    434.95   1025.83   -142.38    369.30   -320.65    352.43       0     651     651     651
54161  05  00   900  99999.00  99999.00  99999.00  99999.00  99999.00  99999.00  99999.00  99999.00       0       0       0       0
54161  05  00   850  99999.00  99999.00   1121.82   1744.50   -217.19    366.49   -412.32    346.92       0    1021    1020    1020
54161  05  00   800  99999.00  99999.00  99999.00  99999.00  99999.00  99999.00  99999.00  99999.00       0       0       0       0
54161  05  00   700  99999.00  99999.00   2614.26   3391.26   -316.72    264.32   -564.57    302.67       0    1019    1020    1020
54161  05  00   600  99999.00  99999.00   3734.06   4681.94   -369.33    164.79   -698.56    280.52       0    1020    1021    1021
54161  05  00   500  99999.00  99999.00   5005.59   6171.87   -466.62     79.86   -801.51    199.53       0    1020    1021    1021
54161  05  00   400  99999.00  99999.00   6479.62   7942.66   -596.00    -19.64   -883.99     67.85       0    1005    1006    1005
54161  05  00   300  99999.00  99999.00   8281.86  10104.78   -706.93   -193.69   -971.54   -113.42       0     990     991     990
54161  05  00   250  99999.00  99999.00   9429.31  11355.79   -766.04   -263.36  -1032.51   -179.07       0     982     985     975
54161  05  00   200  99999.00  99999.00  10923.71  12734.75   -873.11   -212.27  -1051.66   -188.50       0     975     977     712
54161  05  00   150  99999.00  99999.00  12909.75  14442.75   -781.76   -289.76  -1039.41   -210.93       0     966     969     626
54161  05  00   100  99999.00  99999.00  15594.35  16952.15   -737.48   -367.52  -1047.82   -251.38       0     937     942     587
54161  05  00    80  99999.00  99999.00  99999.00  99999.00  99999.00  99999.00  99999.00  99999.00       0       0       0       0
54161  05  00    70  99999.00  99999.00  17934.30  19148.82   -744.44   -376.52  99999.00  99999.00       0     892     902      39
54161  05  00    60  99999.00  99999.00  99999.00  99999.00  99999.00  99999.00  99999.00  99999.00       0       0       0       0
54161  05  00    50  99999.00  99999.00  20099.47  21262.63   -719.96   -384.80  99999.00  99999.00       0     854     866      34
54161  05  00    40  99999.00  99999.00  21511.28  22704.56   -699.87   -375.39  99999.00  99999.00       0     822     835      34
54161  05  00    30  99999.00  99999.00  23323.72  24601.48   -672.91   -361.39  99999.00  99999.00       0     767     779      34
54161  05  00    20  99999.00  99999.00  25896.71  27313.43   -665.37   -315.57  99999.00  99999.00       0     635     645      33
54161  05  00    15  99999.00  99999.00  27744.75  29246.79   -674.48   -278.24  99999.00  99999.00       0     440     445      33
54161  05  00    10  99999.00  99999.00  30231.80  32125.28   -722.92   -201.88  99999.00  99999.00       0     167     168      21
54161  05  00     7  99999.00  99999.00  99999.00  99999.00  99999.00  99999.00  99999.00  99999.00       0      35      35       1
54161  05  00     5  99999.00  99999.00  99999.00  99999.00  99999.00  99999.00  99999.00  99999.00       0       5       5       0
54161  05  00     3  99999.00  99999.00  99999.00  99999.00  99999.00  99999.00  99999.00  99999.00       0       0       0       0
54161  05  00     2  99999.00  99999.00  99999.00  99999.00  99999.00  99999.00  99999.00  99999.00       0       0       0       0
54161  05  00     1  99999.00  99999.00  99999.00  99999.00  99999.00  99999.00  99999.00  99999.00       0       0       0       0
54161  06  00  9999   9502.21  10069.09  99999.00  99999.00      4.69    386.29    -75.12    347.88     990       0     990     990
54161  06  00  1000  99999.00  99999.00  99999.00  99999.00  99999.00  99999.00  99999.00  99999.00       0       0       0       0
54161  06  00   925  99999.00  99999.00    462.52    979.96    -41.88    378.96   -165.43    359.81       0     630     630     630
54161  06  00   900  99999.00  99999.00  99999.00  99999.00  99999.00  99999.00  99999.00  99999.00       0       0       0       0
54161  06  00   850  99999.00  99999.00   1172.56   1702.96    -90.72    352.20   -239.28    340.80       0     990     990     990
54161  06  00   800  99999.00  99999.00  99999.00  99999.00  99999.00  99999.00  99999.00  99999.00       0       0       0       0
54161  06  00   700  99999.00  99999.00   2722.43   3360.23   -184.37    241.39   -424.74    316.50       0     990     989     989
54161  06  00   600  99999.00  99999.00   3898.13   4647.29   -237.43    146.45   -605.69    322.39       0     989     988     988
54161  06  00   500  99999.00  99999.00   5240.37   6130.53   -334.66     70.22   -723.55    244.13       0     990     988     988
54161  06  00   400  99999.00  99999.00   6796.34   7899.62   -482.01    -12.21   -838.23    134.01       0     971     970     970
54161  06  00   300  99999.00  99999.00   8663.52  10089.72   -653.66   -150.14   -937.07    -46.55       0     962     962     962
54161  06  00   250  99999.00  99999.00   9799.61  11395.85   -726.60   -243.84   -990.99   -150.99       0     954     955     954
54161  06  00   200  99999.00  99999.00  11230.82  12859.10   -840.44   -237.56  -1031.95   -199.27       0     949     950     823
54161  06  00   150  99999.00  99999.00  13162.42  14619.70   -775.52   -300.20   -997.12   -236.80       0     932     938     661
54161  06  00   100  99999.00  99999.00  15852.95  17112.23   -740.06   -378.02  -1001.83   -286.39       0     901     907     578
54161  06  00    80  99999.00  99999.00  99999.00  99999.00  99999.00  99999.00  99999.00  99999.00       0       0       0       0
54161  06  00    70  99999.00  99999.00  18180.79  19311.79   -720.18   -409.50  99999.00  99999.00       0     865     869      30
54161  06  00    60  99999.00  99999.00  99999.00  99999.00  99999.00  99999.00  99999.00  99999.00       0       0       0       0
54161  06  00    50  99999.00  99999.00  20335.28  21439.76   -677.53   -417.73  99999.00  99999.00       0     833     836      28
54161  06  00    40  99999.00  99999.00  21753.15  22886.55   -664.41   -396.69  99999.00  99999.00       0     798     807      28
54161  06  00    30  99999.00  99999.00  23586.36  24774.60   -641.60   -373.64  99999.00  99999.00       0     730     737      28
54161  06  00    20  99999.00  99999.00  26167.31  27500.99   -633.66   -316.86  99999.00  99999.00       0     581     586      27
54161  06  00    15  99999.00  99999.00  28000.00  29453.20   -643.57   -277.45  99999.00  99999.00       0     366     368      26
54161  06  00    10  99999.00  99999.00  30654.08  32156.36   -730.92   -156.96  99999.00  99999.00       0     140     140      17
54161  06  00     7  99999.00  99999.00  99999.00  99999.00  99999.00  99999.00  99999.00  99999.00       0      43      43       8
54161  06  00     5  99999.00  99999.00  99999.00  99999.00  99999.00  99999.00  99999.00  99999.00       0       8       8       2
54161  06  00     3  99999.00  99999.00  99999.00  99999.00  99999.00  99999.00  99999.00  99999.00       0       0       0       0
54161  06  00     2  99999.00  99999.00  99999.00  99999.00  99999.00  99999.00  99999.00  99999.00       0       0       0       0
54161  06  00     1  99999.00  99999.00  99999.00  99999.00  99999.00  99999.00  99999.00  99999.00       0       0       0       0
54161  07  00  9999   9512.54  10037.42  99999.00  99999.00     77.06    363.02     43.15    332.83    1023       0    1023    1023
54161  07  00  1000  99999.00  99999.00  99999.00  99999.00  99999.00  99999.00  99999.00  99999.00       0       0       0       0
54161  07  00   925  99999.00  99999.00    480.89    953.93     44.19    345.99    -30.42    338.70       0     651     651     651
54161  07  00   900  99999.00  99999.00  99999.00  99999.00  99999.00  99999.00  99999.00  99999.00       0       0       0       0
54161  07  00   850  99999.00  99999.00   1190.43   1692.87     -4.83    321.81   -112.87    326.93       0    1022    1022    1022
54161  07  00   800  99999.00  99999.00  99999.00  99999.00  99999.00  99999.00  99999.00  99999.00       0       0       0       0
54161  07  00   700  99999.00  99999.00   2775.67   3357.07   -101.15    235.33   -305.70    301.26       0    1022    1023    1023
54161  07  00   600  99999.00  99999.00   3984.69   4650.09   -164.84    161.20   -516.08    334.48       0    1023    1022    1022
54161  07  00   500  99999.00  99999.00   5366.94   6145.62   -254.93     92.35   -669.08    290.44       0    1023    1023    1023
54161  07  00   400  99999.00  99999.00   6976.26   7935.18   -394.67     18.01   -785.47    194.93       0    1007    1007    1007
54161  07  00   300  99999.00  99999.00   8912.67  10156.95   -583.35    -98.07   -873.22     10.22       0     994     994     994
54161  07  00   250  99999.00  99999.00  10068.60  11503.56   -678.11   -183.23   -918.74   -112.58       0     985     987     987
54161  07  00   200  99999.00  99999.00  11469.04  13055.68   -763.45   -246.13  -1014.27   -170.31       0     983     984     972
54161  07  00   150  99999.00  99999.00  13364.19  14875.71   -767.43   -324.03  -1037.09   -226.49       0     967     977     840
54161  07  00   100  99999.00  99999.00  16074.04  17296.84   -804.77   -371.45   -987.69   -318.81       0     935     942     486
54161  07  00    80  99999.00  99999.00  99999.00  99999.00  99999.00  99999.00  99999.00  99999.00       0       0       0       0
54161  07  00    70  99999.00  99999.00  18395.97  19441.89   -753.54   -420.06  99999.00  99999.00       0     885     894       4
54161  07  00    60  99999.00  99999.00  99999.00  99999.00  99999.00  99999.00  99999.00  99999.00       0       0       0       0
54161  07  00    50  99999.00  99999.00  20553.35  21535.19   -696.75   -420.63  99999.00  99999.00       0     843     855       4
54161  07  00    40  99999.00  99999.00  21974.57  22966.97   -669.66   -403.50  99999.00  99999.00       0     805     818       4
54161  07  00    30  99999.00  99999.00  23803.63  24856.27   -646.90   -367.78  99999.00  99999.00       0     732     747       4
54161  07  00    20  99999.00  99999.00  26409.57  27560.85   -621.81   -318.93  99999.00  99999.00       0     562     570       4
54161  07  00    15  99999.00  99999.00  28239.08  29523.44   -631.02   -274.26  99999.00  99999.00       0     334     338       3
54161  07  00    10  99999.00  99999.00  30768.38  32357.54   -712.67   -176.75  99999.00  99999.00       0     101     101       1
54161  07  00     7  99999.00  99999.00  99999.00  99999.00  99999.00  99999.00  99999.00  99999.00       0      20      20       0
54161  07  00     5  99999.00  99999.00  99999.00  99999.00  99999.00  99999.00  99999.00  99999.00       0       7       7       0
54161  07  00     3  99999.00  99999.00  99999.00  99999.00  99999.00  99999.00  99999.00  99999.00       0       0       0       0
54161  07  00     2  99999.00  99999.00  99999.00  99999.00  99999.00  99999.00  99999.00  99999.00       0       0       0       0
54161  07  00     1  99999.00  99999.00  99999.00  99999.00  99999.00  99999.00  99999.00  99999.00       0       0       0       0
54161  08  00  9999   9541.89  10079.85  99999.00  99999.00     44.07    368.43     -2.66    357.22    1023       0    1023    1023
54161  08  00  1000  99999.00  99999.00  99999.00  99999.00  99999.00  99999.00  99999.00  99999.00       0       0       0       0
54161  08  00   925  99999.00  99999.00    519.31    978.19     24.44    348.92    -97.60    374.36       0     651     651     651
54161  08  00   900  99999.00  99999.00  99999.00  99999.00  99999.00  99999.00  99999.00  99999.00       0       0       0       0
54161  08  00   850  99999.00  99999.00   1231.14   1707.66    -26.90    327.22   -211.98    390.06       0    1023    1023    1023
54161  08  00   800  99999.00  99999.00  99999.00  99999.00  99999.00  99999.00  99999.00  99999.00       0       0       0       0
54161  08  00   700  99999.00  99999.00   2822.14   3355.42   -123.66    245.10   -457.27    401.45       0    1023    1023    1023
54161  08  00   600  99999.00  99999.00   4026.66   4646.94   -190.01    175.63   -652.19    413.41       0    1022    1022    1022
54161  08  00   500  99999.00  99999.00   5397.67   6146.23   -291.56    113.92   -765.90    344.82       0    1023    1023    1023
54161  08  00   400  99999.00  99999.00   6987.58   7943.50   -442.89     48.27   -885.41    265.63       0    1006    1006    1006
54161  08  00   300  99999.00  99999.00   8882.83  10195.03   -624.63    -65.67   -955.24     72.56       0     991     991     991
54161  08  00   250  99999.00  99999.00  10024.87  11556.43   -700.18   -152.50   -971.38    -66.94       0     984     986     986
54161  08  00   200  99999.00  99999.00  11435.94  13109.70   -713.72   -274.28   -986.90   -193.10       0     974     976     973
54161  08  00   150  99999.00  99999.00  13326.68  14938.28   -752.71   -351.91  -1027.85   -260.09       0     956     960     851
54161  08  00   100  99999.00  99999.00  16016.28  17353.44   -821.49   -379.65   -947.64   -374.40       0     923     926     379
54161  08  00    80  99999.00  99999.00  99999.00  99999.00  99999.00  99999.00  99999.00  99999.00       0       0       0       0
54161  08  00    70  99999.00  99999.00  18346.81  19472.53   -774.12   -411.36  99999.00  99999.00       0     880     889      10
54161  08  00    60  99999.00  99999.00  99999.00  99999.00  99999.00  99999.00  99999.00  99999.00       0       0       0       0
54161  08  00    50  99999.00  99999.00  20508.82  21553.30   -709.75   -414.55  99999.00  99999.00       0     825     832       9
54161  08  00    40  99999.00  99999.00  21924.06  22987.02   -685.68   -395.16  99999.00  99999.00       0     786     793       9
54161  08  00    30  99999.00  99999.00  23746.31  24877.79   -657.35   -363.47  99999.00  99999.00       0     720     725       9
54161  08  00    20  99999.00  99999.00  26353.62  27569.70   -624.26   -326.78  99999.00  99999.00       0     544     547       8
54161  08  00    15  99999.00  99999.00  28191.11  29539.67   -637.42   -280.06  99999.00  99999.00       0     342     344       7
54161  08  00    10  99999.00  99999.00  30765.80  32374.52   -672.30   -209.94  99999.00  99999.00       0     112     112       3
54161  08  00     7  99999.00  99999.00  99999.00  99999.00  99999.00  99999.00  99999.00  99999.00       0      28      28       0
54161  08  00     5  99999.00  99999.00  99999.00  99999.00  99999.00  99999.00  99999.00  99999.00       0       1       1       0
54161  08  00     3  99999.00  99999.00  99999.00  99999.00  99999.00  99999.00  99999.00  99999.00       0       0       0       0
54161  08  00     2  99999.00  99999.00  99999.00  99999.00  99999.00  99999.00  99999.00  99999.00       0       0       0       0
54161  08  00     1  99999.00  99999.00  99999.00  99999.00  99999.00  99999.00  99999.00  99999.00       0       0       0       0
54161  09  00  9999   9566.41  10165.69  99999.00  99999.00   -103.36    377.84   -188.87    384.61     989       0     989     989
54161  09  00  1000  99999.00  99999.00  99999.00  99999.00  99999.00  99999.00  99999.00  99999.00       0       2       2       2
54161  09  00   925  99999.00  99999.00    532.39   1032.79   -107.47    375.77   -273.39    397.41       0     630     630     630
54161  09  00   900  99999.00  99999.00  99999.00  99999.00  99999.00  99999.00  99999.00  99999.00       0       0       0       0
54161  09  00   850  99999.00  99999.00   1244.80   1733.44   -171.88    354.80   -385.68    400.80       0     988     989     989
54161  09  00   800  99999.00  99999.00  99999.00  99999.00  99999.00  99999.00  99999.00  99999.00       0       0       0       0
54161  09  00   700  99999.00  99999.00   2773.44   3371.04   -251.61    253.59   -573.84    362.52       0     990     990     990
54161  09  00   600  99999.00  99999.00   3922.79   4660.19   -309.00    169.80   -682.88    305.56       0     988     990     990
54161  09  00   500  99999.00  99999.00   5227.12   6154.60   -401.65     86.99   -771.26    210.10       0     990     990     990
54161  09  00   400  99999.00  99999.00   6739.35   7934.67   -539.57     -3.53   -866.78    102.94       0     978     978     978
54161  09  00   300  99999.00  99999.00   8574.27  10120.71   -695.44   -136.84   -953.38    -70.66       0     968     969     969
54161  09  00   250  99999.00  99999.00   9706.40  11423.72   -776.66   -190.82   -993.05   -161.81       0     962     964     963
54161  09  00   200  99999.00  99999.00  11117.75  12921.83   -786.60   -249.24   -999.65   -220.49       0     962     963     895
54161  09  00   150  99999.00  99999.00  13017.38  14732.54   -738.97   -347.41  -1033.62   -246.18       0     947     948     820
54161  09  00   100  99999.00  99999.00  15725.86  17177.50   -796.01   -354.41  -1012.32   -301.56       0     912     913     578
54161  09  00    80  99999.00  99999.00  99999.00  99999.00  99999.00  99999.00  99999.00  99999.00       0       0       0       0
54161  09  00    70  99999.00  99999.00  18075.26  19324.34   -762.10   -383.26  99999.00  99999.00       0     871     874      30
54161  09  00    60  99999.00  99999.00  99999.00  99999.00  99999.00  99999.00  99999.00  99999.00       0       0       0       0
54161  09  00    50  99999.00  99999.00  20241.92  21431.60   -707.31   -393.39  99999.00  99999.00       0     818     827      30
54161  09  00    40  99999.00  99999.00  21661.99  22871.95   -682.76   -384.56  99999.00  99999.00       0     780     790      30
54161  09  00    30  99999.00  99999.00  23494.52  24755.60   -652.52   -374.84  99999.00  99999.00       0     724     731      30
54161  09  00    20  99999.00  99999.00  26067.93  27477.09   -628.90   -349.42  99999.00  99999.00       0     567     574      28
54161  09  00    15  99999.00  99999.00  27871.56  29446.08   -640.47   -316.59  99999.00  99999.00       0     376     378      23
54161  09  00    10  99999.00  99999.00  30353.82  32334.66   -700.11   -250.71  99999.00  99999.00       0     119     119       8
54161  09  00     7  99999.00  99999.00  99999.00  99999.00  99999.00  99999.00  99999.00  99999.00       0      40      40       1
54161  09  00     5  99999.00  99999.00  99999.00  99999.00  99999.00  99999.00  99999.00  99999.00       0       5       5       0
54161  09  00     3  99999.00  99999.00  99999.00  99999.00  99999.00  99999.00  99999.00  99999.00       0       0       0       0
54161  09  00     2  99999.00  99999.00  99999.00  99999.00  99999.00  99999.00  99999.00  99999.00       0       0       0       0
54161  09  00     1  99999.00  99999.00  99999.00  99999.00  99999.00  99999.00  99999.00  99999.00       0       0       0       0
54161  10  00  9999   9548.65  10253.77  99999.00  99999.00   -275.82    377.22   -350.63    360.73    1006       0    1006    1006
54161  10  00  1000  99999.00  99999.00  99999.00  99999.00  99999.00  99999.00  99999.00  99999.00       0      52      52      52
54161  10  00   925  99999.00  99999.00    518.88   1073.40   -293.54    395.14   -457.36    408.92       0     651     651     651
54161  10  00   900  99999.00  99999.00  99999.00  99999.00  99999.00  99999.00  99999.00  99999.00       0       0       0       0
54161  10  00   850  99999.00  99999.00   1197.06   1766.70   -366.53    397.03   -496.01    347.71       0    1023    1021    1021
54161  10  00   800  99999.00  99999.00  99999.00  99999.00  99999.00  99999.00  99999.00  99999.00       0       0       0       0
54161  10  00   700  99999.00  99999.00   2624.59   3420.43   -389.14    256.58   -658.22    317.26       0    1022    1021    1021
54161  10  00   600  99999.00  99999.00   3699.93   4723.05   -430.05    161.55   -729.05    242.35       0    1016    1019    1019
54161  10  00   500  99999.00  99999.00   4933.93   6218.05   -497.29     53.51   -791.17    133.91       0    1021    1021    1021
54161  10  00   400  99999.00  99999.00   6385.91   7974.59   -586.04    -84.32   -869.82      0.42       0    1001    1000    1000
54161  10  00   300  99999.00  99999.00   8203.13  10078.01   -669.06   -275.70   -953.26   -173.62       0     995     995     995
54161  10  00   250  99999.00  99999.00   9373.09  11288.17   -767.09   -288.89  -1025.73   -210.45       0     992     992     979
54161  10  00   200  99999.00  99999.00  10869.54  12655.74   -840.68   -245.84  -1034.42   -209.66       0     988     989     762
54161  10  00   150  99999.00  99999.00  12791.99  14420.15   -744.37   -344.89  -1045.18   -226.54       0     969     969     722
54161  10  00   100  99999.00  99999.00  15459.01  16919.65   -740.09   -382.37  -1052.24   -254.96       0     936     940     621
54161  10  00    80  99999.00  99999.00  99999.00  99999.00  99999.00  99999.00  99999.00  99999.00       0       0       0       0
54161  10  00    70  99999.00  99999.00  17781.23  19125.59   -728.53   -393.13  99999.00  99999.00       0     890     895      34
54161  10  00    60  99999.00  99999.00  99999.00  99999.00  99999.00  99999.00  99999.00  99999.00       0       0       0       0
54161  10  00    50  99999.00  99999.00  19946.66  21248.54   -721.73   -379.49  99999.00  99999.00       0     832     838      32
54161  10  00    40  99999.00  99999.00  21371.33  22679.69   -712.11   -362.07  99999.00  99999.00       0     781     788      32
54161  10  00    30  99999.00  99999.00  23186.93  24577.61   -693.80   -343.16  99999.00  99999.00       0     715     724      31
54161  10  00    20  99999.00  99999.00  25770.70  27269.26   -663.46   -328.06  99999.00  99999.00       0     559     565      29
54161  10  00    15  99999.00  99999.00  27589.50  29208.42   -659.25   -313.05  99999.00  99999.00       0     400     401      27
54161  10  00    10  99999.00  99999.00  30177.59  31896.23   -686.46   -273.54  99999.00  99999.00       0     160     160      20
54161  10  00     7  99999.00  99999.00  99999.00  99999.00  99999.00  99999.00  99999.00  99999.00       0      46      46       6
54161  10  00     5  99999.00  99999.00  99999.00  99999.00  99999.00  99999.00  99999.00  99999.00       0       5       5       0
54161  10  00     3  99999.00  99999.00  99999.00  99999.00  99999.00  99999.00  99999.00  99999.00       0       0       0       0
54161  10  00     2  99999.00  99999.00  99999.00  99999.00  99999.00  99999.00  99999.00  99999.00       0       0       0       0
54161  10  00     1  99999.00  99999.00  99999.00  99999.00  99999.00  99999.00  99999.00  99999.00       0       0       0       0
54161  11  00  9999   9511.25  10342.25  99999.00  99999.00   -452.79    342.33   -507.79    317.57     962       0     962     962
54161  11  00  1000  99999.00  99999.00    115.11    417.27   -408.27    190.29   -460.05    151.95       0     153     153     153
54161  11  00   925  99999.00  99999.00    491.38   1095.34   -458.72    353.44   -571.25    345.79       0     660     660     660
54161  11  00   900  99999.00  99999.00  99999.00  99999.00  99999.00  99999.00  99999.00  99999.00       0       0       0       0
54161  11  00   850  99999.00  99999.00   1155.77   1755.77   -496.83    342.69   -602.86    301.10       0     990     990     990
54161  11  00   800  99999.00  99999.00  99999.00  99999.00  99999.00  99999.00  99999.00  99999.00       0       0       0       0
54161  11  00   700  99999.00  99999.00   2524.04   3375.56   -521.50    246.14   -716.84    253.84       0     989     989     989
54161  11  00   600  99999.00  99999.00   3543.13   4672.69   -557.30    159.58   -764.22    175.62       0     990     990     990
54161  11  00   500  99999.00  99999.00   4712.68   6165.04   -604.11     41.73   -839.45     88.99       0     990     989     989
54161  11  00   400  99999.00  99999.00   6109.05   7904.13   -652.38   -123.66   -891.21    -61.41       0     980     980     980
54161  11  00   300  99999.00  99999.00   7888.90   9965.74   -686.76   -335.52   -968.49   -222.57       0     968     967     967
54161  11  00   250  99999.00  99999.00   9065.37  11135.37   -792.51   -311.79  -1026.42   -234.54       0     960     960     853
54161  11  00   200  99999.00  99999.00  10588.95  12455.79   -853.82   -252.38   -995.61   -240.09       0     955     957     617
54161  11  00   150  99999.00  99999.00  12539.26  14182.30   -745.50   -344.70  -1008.52   -247.60       0     934     935     596
54161  11  00   100  99999.00  99999.00  15215.52  16686.36   -731.59   -379.51  -1030.61   -262.97       0     892     898     541
54161  11  00    80  99999.00  99999.00  99999.00  99999.00  99999.00  99999.00  99999.00  99999.00       0       0       0       0
54161  11  00    70  99999.00  99999.00  17523.79  18922.87   -736.85   -369.65  99999.00  99999.00       0     857     862      33
54161  11  00    60  99999.00  99999.00  99999.00  99999.00  99999.00  99999.00  99999.00  99999.00       0       0       0       0
54161  11  00    50  99999.00  99999.00  19670.86  21077.98   -739.61   -347.57  99999.00  99999.00       0     784     790      32
54161  11  00    40  99999.00  99999.00  21084.05  22532.81   -743.53   -319.09  99999.00  99999.00       0     737     742      32
54161  11  00    30  99999.00  99999.00  22904.94  24437.58   -736.24   -290.08  99999.00  99999.00       0     664     673      31
54161  11  00    20  99999.00  99999.00  25439.81  27200.21   -740.72   -232.04  99999.00  99999.00       0     545     548      28
54161  11  00    15  99999.00  99999.00  27220.38  29203.86   -760.50   -191.10  99999.00  99999.00       0     409     412      26
54161  11  00    10  99999.00  99999.00  29687.69  32017.73   -781.07   -173.27  99999.00  99999.00       0     161     161      13
54161  11  00     7  99999.00  99999.00  99999.00  99999.00  99999.00  99999.00  99999.00  99999.00       0      53      53       7
54161  11  00     5  99999.00  99999.00  99999.00  99999.00  99999.00  99999.00  99999.00  99999.00       0       7       7       3
54161  11  00     3  99999.00  99999.00  99999.00  99999.00  99999.00  99999.00  99999.00  99999.00       0       0       0       0
54161  11  00     2  99999.00  99999.00  99999.00  99999.00  99999.00  99999.00  99999.00  99999.00       0       0       0       0
54161  11  00     1  99999.00  99999.00  99999.00  99999.00  99999.00  99999.00  99999.00  99999.00       0       0       0       0
54161  12  00  9999   9542.83  10346.35  99999.00  99999.00   -507.16    223.28   -545.47    193.01     973       0     973     972
54161  12  00  1000  99999.00  99999.00    133.19    392.03   -440.20     88.52   -469.26     46.86       0     236     236     236
54161  12  00   925  99999.00  99999.00    510.81   1076.61   -484.18    227.42   -589.15    230.93       0     682     682     682
54161  12  00   900  99999.00  99999.00  99999.00  99999.00  99999.00  99999.00  99999.00  99999.00       0       0       0       0
54161  12  00   850  99999.00  99999.00   1149.40   1719.88   -523.40    232.48   -592.75    184.25       0    1023    1023    1023
54161  12  00   800  99999.00  99999.00  99999.00  99999.00  99999.00  99999.00  99999.00  99999.00       0       0       0       0
54161  12  00   700  99999.00  99999.00   2496.99   3290.91   -542.38    156.38   -674.84    135.40       0    1022    1022    1022
54161  12  00   600  99999.00  99999.00   3506.84   4548.32   -581.80     80.60   -742.75     82.25       0    1022    1023    1023
54161  12  00   500  99999.00  99999.00   4663.35   6000.15   -632.97    -27.09   -817.75      3.05       0    1021    1022    1022
54161  12  00   400  99999.00  99999.00   6040.98   7696.50   -678.46   -180.46   -889.20   -119.52       0    1006    1005    1005
54161  12  00   300  99999.00  99999.00   7822.98   9698.22   -711.88   -359.68   -984.26   -238.34       0     995     995     980
54161  12  00   250  99999.00  99999.00   9014.94  10835.10   -818.75   -298.43  -1036.59   -211.95       0     986     987     748
54161  12  00   200  99999.00  99999.00  10534.76  12162.92   -819.40   -268.00  -1007.80   -209.08       0     977     978     644
54161  12  00   150  99999.00  99999.00  12448.21  13949.53   -726.89   -342.29  -1017.69   -213.45       0     962     963     629
54161  12  00   100  99999.00  99999.00  15072.96  16532.16   -744.26   -341.90  -1029.94   -231.58       0     924     926     586
54161  12  00    80  99999.00  99999.00  99999.00  99999.00  99999.00  99999.00  99999.00  99999.00       0       0       0       0
54161  12  00    70  99999.00  99999.00  17340.73  18837.25   -766.22   -316.82  99999.00  99999.00       0     899     901      36
54161  12  00    60  99999.00  99999.00  99999.00  99999.00  99999.00  99999.00  99999.00  99999.00       0       0       0       0
54161  12  00    50  99999.00  99999.00  19445.11  21057.91   -767.55   -299.43  99999.00  99999.00       0     863     866      35
54161  12  00    40  99999.00  99999.00  20831.36  22549.88   -771.47   -275.39  99999.00  99999.00       0     822     826      33
54161  12  00    30  99999.00  99999.00  22611.63  24505.11   -773.30   -239.42  99999.00  99999.00       0     756     759      30
54161  12  00    20  99999.00  99999.00  25148.58  27285.54   -779.87   -181.19  99999.00  99999.00       0     621     628      31
54161  12  00    15  99999.00  99999.00  26953.65  29276.01   -788.46   -148.26  99999.00  99999.00       0     464     468      30
54161  12  00    10  99999.00  99999.00  29442.38  32105.54   -849.49    -83.41  99999.00  99999.00       0     199     200      16
54161  12  00     7  99999.00  99999.00  31427.46  34799.22   -840.83   -111.71  99999.00  99999.00       0      64      64       6
54161  12  00     5  99999.00  99999.00  99999.00  99999.00  99999.00  99999.00  99999.00  99999.00       0      18      18       1
54161  12  00     3  99999.00  99999.00  99999.00  99999.00  99999.00  99999.00  99999.00  99999.00       0       0       0       0
54161  12  00     2  99999.00  99999.00  99999.00  99999.00  99999.00  99999.00  99999.00  99999.00       0       0       0       0
54161  12  00     1  99999.00  99999.00  99999.00  99999.00  99999.00  99999.00  99999.00  99999.00       0       0       0       0
