38507  01  00  9999    968.59   1050.19  99999.00  99999.00   -221.91    253.53   -128.69    198.19     543       0     542     540
38507  01  00  1000  99999.00  99999.00   -116.46    458.58   -202.98    244.62   -276.87    246.09       0     539     541     533
38507  01  00   925  99999.00  99999.00    493.21   1096.69   -240.63    279.93   -307.24    228.20       0     255     259     256
38507  01  00   900  99999.00  99999.00  99999.00  99999.00  99999.00  99999.00  99999.00  99999.00       0       0       9       9
38507  01  00   850  99999.00  99999.00   1197.01   1743.73   -300.09    282.87   -368.99    212.29       0     594     594     585
38507  01  00   800  99999.00  99999.00  99999.00  99999.00  99999.00  99999.00  99999.00  99999.00       0       0      18      18
38507  01  00   700  99999.00  99999.00   2707.97   3287.93   -354.51    182.25   -518.00    178.72       0     591     594     582
38507  01  00   600  99999.00  99999.00  99999.00  99999.00  99999.00  99999.00  99999.00  99999.00       0       0       4       4
38507  01  00   500  99999.00  99999.00   5093.11   5961.07   -478.14    -18.06   -691.88     25.24       0     585     584     576
38507  01  00   400  99999.00  99999.00   6564.45   7663.41   -579.47   -153.83   -750.79   -134.95       0     577     580     567
38507  01  00   300  99999.00  99999.00   8377.96   9707.32   -675.90   -339.30   -804.18   -342.66       0     571     572     511
38507  01  00   250  99999.00  99999.00   9525.13  10901.41   -755.25   -373.89   -861.10   -394.30       0     559     561     501
38507  01  00   200  99999.00  99999.00  10988.03  12258.35   -856.54   -294.58   -999.17   -293.33       0     551     550     488
38507  01  00   150  99999.00  99999.00  12870.71  14016.95   -776.57   -355.85  -1054.70   -252.02       0     532     534     474
38507  01  00   100  99999.00  99999.00  15420.70  16582.54   -766.92   -411.84  -1079.22   -288.18       0     501     502     448
38507  01  00    80  99999.00  99999.00  99999.00  99999.00  99999.00  99999.00  99999.00  99999.00       0       0       8       4
38507  01  00    70  99999.00  99999.00  17592.17  18876.65   -776.59   -424.99   -881.36   -489.68       0     429     431     379
38507  01  00    60  99999.00  99999.00  99999.00  99999.00  99999.00  99999.00  99999.00  99999.00       0       0      16      14
38507  01  00    50  99999.00  99999.00  19629.33  21038.73   -795.47   -402.59   -897.78   -479.22       0     395     396     344
38507  01  00    40  99999.00  99999.00  99999.00  99999.00  99999.00  99999.00  99999.00  99999.00       0       0      16      10
38507  01  00    30  99999.00  99999.00  22701.33  24381.69   -852.37   -302.05   -932.86   -420.10       0     305     311     241
38507  01  00    20  99999.00  99999.00  25109.22  27142.50   -861.66   -238.14   -948.61   -365.41       0     232     240     172
38507  01  00    15  99999.00  99999.00  99999.00  99999.00  99999.00  99999.00  99999.00  99999.00       0       0      34      21
38507  01  00    10  99999.00  99999.00  29362.31  31970.39   -813.53   -172.37   -903.75   -310.35       0      74      91      63
38507  01  00     7  99999.00  99999.00  99999.00  99999.00  99999.00  99999.00  99999.00  99999.00       0       0      13       7
38507  01  00     5  99999.00  99999.00  99999.00  99999.00  99999.00  99999.00  99999.00  99999.00       0       0       7       3
38507  01  00     3  99999.00  99999.00  99999.00  99999.00  99999.00  99999.00  99999.00  99999.00       0       0       3       0
38507  01  00     2  99999.00  99999.00  99999.00  99999.00  99999.00  99999.00  99999.00  99999.00       0       0       1       0
38507  01  00     1  99999.00  99999.00  99999.00  99999.00  99999.00  99999.00  99999.00  99999.00       0       0       0       0
38507  02  00  9999    966.34   1052.26  99999.00  99999.00   -269.27    289.45   -125.60    206.80     513       0     512     511
38507  02  00  1000  99999.00  99999.00   -114.50    460.30   -237.90    261.18   -323.72    260.68       0     502     501     493
38507  02  00   925  99999.00  99999.00    505.88   1080.32   -304.84    328.76   -408.24    284.88       0     226     229     228
38507  02  00   900  99999.00  99999.00  99999.00  99999.00  99999.00  99999.00  99999.00  99999.00       0       0      10      10
38507  02  00   850  99999.00  99999.00   1189.13   1746.05   -335.70    312.90   -472.53    279.15       0     555     554     547
38507  02  00   800  99999.00  99999.00  99999.00  99999.00  99999.00  99999.00  99999.00  99999.00       0       0       6       5
38507  02  00   700  99999.00  99999.00   2700.52   3287.32   -370.30    191.78   -612.62    260.50       0     551     552     541
38507  02  00   600  99999.00  99999.00  99999.00  99999.00  99999.00  99999.00  99999.00  99999.00       0       0       5       5
38507  02  00   500  99999.00  99999.00   5069.02   5971.90   -486.22    -14.26   -734.11     57.17       0     544     543     531
38507  02  00   400  99999.00  99999.00   6537.18   7673.34   -585.47   -149.63   -778.34   -110.42       0     536     536     520
38507  02  00   300  99999.00  99999.00   8338.34   9734.06   -694.00   -319.84   -836.08   -315.40       0     532     533     469
38507  02  00   250  99999.00  99999.00   9506.94  10907.46   -788.12   -334.28   -904.06   -353.38       0     525     525     464
38507  02  00   200  99999.00  99999.00  10967.94  12275.94   -854.94   -272.34  -1016.29   -260.53       0     520     522     454
38507  02  00   150  99999.00  99999.00  12843.22  14066.38   -750.66   -354.90  -1040.20   -244.96       0     502     502     434
38507  02  00   100  99999.00  99999.00  15376.22  16677.38   -755.38   -408.82  -1049.35   -305.83       0     487     488     420
38507  02  00    80  99999.00  99999.00  99999.00  99999.00  99999.00  99999.00  99999.00  99999.00       0       0      10       6
38507  02  00    70  99999.00  99999.00  17545.66  18985.18   -779.71   -411.19   -881.41   -482.41       0     426     425     361
38507  02  00    60  99999.00  99999.00  99999.00  99999.00  99999.00  99999.00  99999.00  99999.00       0       0      18      11
38507  02  00    50  99999.00  99999.00  19576.92  21171.24   -805.09   -379.93   -896.01   -469.65       0     397     399     325
38507  02  00    40  99999.00  99999.00  99999.00  99999.00  99999.00  99999.00  99999.00  99999.00       0       0       7       6
38507  02  00    30  99999.00  99999.00  22545.97  24632.89   -827.62   -318.22   -931.84   -414.88       0     331     333     236
38507  02  00    20  99999.00  99999.00  24899.64  27440.28  -4005.50   2839.78   -903.45   -412.65       0     267     276     196
38507  02  00    15  99999.00  99999.00  99999.00  99999.00  99999.00  99999.00  99999.00  99999.00       0       0      27      16
38507  02  00    10  99999.00  99999.00  29226.27  32151.15   -832.70   -132.86   -911.16   -296.16       0      93     114      74
38507  02  00     7  99999.00  99999.00  99999.00  99999.00  99999.00  99999.00  99999.00  99999.00       0       0      22      15
38507  02  00     5  99999.00  99999.00  99999.00  99999.00  99999.00  99999.00  99999.00  99999.00       0       0      12       6
38507  02  00     3  99999.00  99999.00  99999.00  99999.00  99999.00  99999.00  99999.00  99999.00       0       0       0       0
38507  02  00     2  99999.00  99999.00  99999.00  99999.00  99999.00  99999.00  99999.00  99999.00       0       0       0       0
38507  02  00     1  99999.00  99999.00  99999.00  99999.00  99999.00  99999.00  99999.00  99999.00       0       0       0       0
38507  03  00  9999    962.99   1050.83  99999.00  99999.00   -189.86    277.18   -162.51    246.21     591       0     591     591
38507  03  00  1000  99999.00  99999.00   -100.33    424.91   -176.01    265.35   -254.90    251.74       0     522     523     505
38507  03  00   925  99999.00  99999.00    469.98   1089.30   -287.62    381.26   -322.37    249.31       0     269     279     275
38507  03  00   900  99999.00  99999.00  99999.00  99999.00  99999.00  99999.00  99999.00  99999.00       0       0       8       8
38507  03  00   850  99999.00  99999.00   1179.19   1752.19   -321.22    357.98   -452.42    311.14       0     630     630     607
38507  03  00   800  99999.00  99999.00  99999.00  99999.00  99999.00  99999.00  99999.00  99999.00       0       0       7       7
38507  03  00   700  99999.00  99999.00   2704.43   3311.99   -341.18    213.34   -591.99    299.49       0     624     624     602
38507  03  00   600  99999.00  99999.00  99999.00  99999.00  99999.00  99999.00  99999.00  99999.00       0       0       5       4
38507  03  00   500  99999.00  99999.00   5091.02   6022.46   -478.80     22.80   -721.99    101.33       0     617     618     595
38507  03  00   400  99999.00  99999.00   6560.52   7749.36   -594.32   -101.96   -785.44    -59.08       0     616     617     586
38507  03  00   300  99999.00  99999.00   8354.49   9848.25   -707.18   -282.38   -838.83   -283.47       0     606     608     525
38507  03  00   250  99999.00  99999.00   9481.08  11072.16   -775.62   -337.26   -875.57   -367.61       0     595     599     515
38507  03  00   200  99999.00  99999.00  10936.80  12451.68   -870.66   -260.34  -1008.43   -271.75       0     578     580     498
38507  03  00   150  99999.00  99999.00  12810.21  14248.53   -746.57   -359.45  -1032.82   -253.66       0     569     568     485
38507  03  00   100  99999.00  99999.00  15378.07  16822.63   -754.98   -411.30  -1058.86   -302.38       0     540     541     457
38507  03  00    80  99999.00  99999.00  99999.00  99999.00  99999.00  99999.00  99999.00  99999.00       0       0       8       4
38507  03  00    70  99999.00  99999.00  17583.35  19091.27   -766.98   -425.10   -887.35   -481.75       0     472     473     397
38507  03  00    60  99999.00  99999.00  99999.00  99999.00  99999.00  99999.00  99999.00  99999.00       0       0       8       6
38507  03  00    50  99999.00  99999.00  19667.44  21212.20   -779.16   -406.68   -896.59   -476.59       0     443     443     364
38507  03  00    40  99999.00  99999.00  99999.00  99999.00  99999.00  99999.00  99999.00  99999.00       0       0      14       8
38507  03  00    30  99999.00  99999.00  22806.81  24499.41   -778.38   -363.90   -862.18   -489.70       0     357     360     263
38507  03  00    20  99999.00  99999.00  25311.72  27171.96   -791.69   -294.65   -879.65   -430.61       0     277     289     195
38507  03  00    15  99999.00  99999.00  99999.00  99999.00  99999.00  99999.00  99999.00  99999.00       0       0      47      36
38507  03  00    10  99999.00  99999.00  29601.38  32050.34   -785.50   -144.82   -925.03   -257.71       0      99     121      73
38507  03  00     7  99999.00  99999.00  99999.00  99999.00  99999.00  99999.00  99999.00  99999.00       0       0      20      10
38507  03  00     5  99999.00  99999.00  99999.00  99999.00  99999.00  99999.00  99999.00  99999.00       0       0       8       7
38507  03  00     3  99999.00  99999.00  99999.00  99999.00  99999.00  99999.00  99999.00  99999.00       0       0       5       0
38507  03  00     2  99999.00  99999.00  99999.00  99999.00  99999.00  99999.00  99999.00  99999.00       0       0       0       0
38507  03  00     1  99999.00  99999.00  99999.00  99999.00  99999.00  99999.00  99999.00  99999.00       0       0       0       0
38507  04  00  9999    968.33   1039.01  99999.00  99999.00   -139.00    344.12   -241.69    351.71     514       0     512     512
38507  04  00  1000  99999.00  99999.00    -69.10    346.94   -123.15    324.45   -212.51    299.53       0     424     429     419
38507  04  00   925  99999.00  99999.00    525.74   1026.26   -254.55    474.45   -352.63    361.25       0     239     242     236
38507  04  00   900  99999.00  99999.00  99999.00  99999.00  99999.00  99999.00  99999.00  99999.00       0       0      14      14
38507  04  00   850  99999.00  99999.00   1244.34   1705.02   -243.15    418.41   -373.78    341.90       0     576     572     558
38507  04  00   800  99999.00  99999.00  99999.00  99999.00  99999.00  99999.00  99999.00  99999.00       0       0       9       9
38507  04  00   700  99999.00  99999.00   2794.43   3314.87   -256.65    245.67   -523.80    330.72       0     574     574     559
38507  04  00   600  99999.00  99999.00  99999.00  99999.00  99999.00  99999.00  99999.00  99999.00       0       0       9       9
38507  04  00   500  99999.00  99999.00   5238.02   6074.18   -387.90     30.78   -720.47    168.85       0     564     564     548
38507  04  00   400  99999.00  99999.00   6756.22   7814.38   -521.95    -78.91   -798.96     22.56       0     558     557     543
38507  04  00   300  99999.00  99999.00   8581.60   9954.16   -656.99   -250.91   -867.91   -185.83       0     548     545     485
38507  04  00   250  99999.00  99999.00   9706.88  11212.64   -721.59   -349.11   -877.66   -335.62       0     537     537     463
38507  04  00   200  99999.00  99999.00  11132.48  12622.52   -852.77   -301.85  -1035.12   -282.12       0     520     521     448
38507  04  00   150  99999.00  99999.00  13033.91  14360.75   -793.07   -337.79  -1146.71   -184.67       0     501     501     428
38507  04  00   100  99999.00  99999.00  15593.11  16923.67   -748.39   -429.79  -1163.25   -226.77       0     473     471     403
38507  04  00    80  99999.00  99999.00  99999.00  99999.00  99999.00  99999.00  99999.00  99999.00       0       0       6       4
38507  04  00    70  99999.00  99999.00  17783.54  19185.14   -759.17   -454.37   -899.51   -483.35       0     387     388     324
38507  04  00    60  99999.00  99999.00  99999.00  99999.00  99999.00  99999.00  99999.00  99999.00       0       0       6       3
38507  04  00    50  99999.00  99999.00  19878.85  21278.89   -765.47   -442.19   -882.18   -494.22       0     363     363     300
38507  04  00    40  99999.00  99999.00  99999.00  99999.00  99999.00  99999.00  99999.00  99999.00       0       0      24      21
38507  04  00    30  99999.00  99999.00  23036.72  24530.96   -758.05   -388.57   -860.40   -471.36       0     307     311     233
38507  04  00    20  99999.00  99999.00  25589.75  27142.19   -739.67   -331.07   -854.40   -422.52       0     268     273     191
38507  04  00    15  99999.00  99999.00  99999.00  99999.00  99999.00  99999.00  99999.00  99999.00       0       0      59      48
38507  04  00    10  99999.00  99999.00  30022.14  31791.06   -710.22   -173.34   -824.32   -299.32       0     103     124      67
38507  04  00     7  99999.00  99999.00  99999.00  99999.00  99999.00  99999.00  99999.00  99999.00       0       0      21       9
38507  04  00     5  99999.00  99999.00  99999.00  99999.00  99999.00  99999.00  99999.00  99999.00       0       0      12       1
38507  04  00     3  99999.00  99999.00  99999.00  99999.00  99999.00  99999.00  99999.00  99999.00       0       0       2       0
38507  04  00     2  99999.00  99999.00  99999.00  99999.00  99999.00  99999.00  99999.00  99999.00       0       0       0       0
38507  04  00     1  99999.00  99999.00  99999.00  99999.00  99999.00  99999.00  99999.00  99999.00       0       0       0       0
38507  05  00  9999    968.87   1036.07  99999.00  99999.00    -93.15    395.73   -320.11    462.05     529       0     528     528
38507  05  00  1000  99999.00  99999.00    -69.33    332.43    -76.53    376.23   -243.83    390.85       0     411     410     400
38507  05  00   925  99999.00  99999.00    535.64   1023.32   -151.02    497.10   -293.82    351.18       0     256     265     261
38507  05  00   900  99999.00  99999.00  99999.00  99999.00  99999.00  99999.00  99999.00  99999.00       0       0       4       4
38507  05  00   850  99999.00  99999.00   1256.56   1721.44   -158.05    419.87   -325.86    340.62       0     603     605     594
38507  05  00   800  99999.00  99999.00  99999.00  99999.00  99999.00  99999.00  99999.00  99999.00       0       0      14      14
38507  05  00   700  99999.00  99999.00   2839.85   3341.69   -195.51    251.01   -489.51    346.29       0     598     599     587
38507  05  00   600  99999.00  99999.00  99999.00  99999.00  99999.00  99999.00  99999.00  99999.00       0       0      11      11
38507  05  00   500  99999.00  99999.00   5342.44   6104.32   -325.62     31.50   -709.96    199.76       0     591     595     583
38507  05  00   400  99999.00  99999.00   6897.47   7849.67   -455.46    -79.14   -763.44     31.80       0     585     584     566
38507  05  00   300  99999.00  99999.00   8776.92   9987.24   -607.99   -244.51   -809.35   -204.55       0     571     572     531
38507  05  00   250  99999.00  99999.00   9913.21  11263.21   -678.27   -343.83   -833.67   -345.75       0     559     564     499
38507  05  00   200  99999.00  99999.00  11327.17  12711.85   -812.43   -309.63   -977.60   -312.44       0     552     553     484
38507  05  00   150  99999.00  99999.00  13184.82  14516.70   -763.18   -354.34  -1133.60   -191.36       0     538     539     468
38507  05  00   100  99999.00  99999.00  15759.44  17067.20   -747.44   -438.92  -1184.82   -220.26       0     512     513     446
38507  05  00    80  99999.00  99999.00  99999.00  99999.00  99999.00  99999.00  99999.00  99999.00       0       0       9       8
38507  05  00    70  99999.00  99999.00  17980.93  19281.85   -747.46   -477.10   -892.39   -508.03       0     425     428     363
38507  05  00    60  99999.00  99999.00  99999.00  99999.00  99999.00  99999.00  99999.00  99999.00       0       0      14       8
38507  05  00    50  99999.00  99999.00  20078.60  21368.84   -721.03   -475.63   -873.18   -505.14       0     395     394     331
38507  05  00    40  99999.00  99999.00  99999.00  99999.00  99999.00  99999.00  99999.00  99999.00       0       0      23      20
38507  05  00    30  99999.00  99999.00  23277.28  24614.80   -680.29   -422.53   -826.48   -477.52       0     338     340     252
38507  05  00    20  99999.00  99999.00  25796.26  27331.78   -654.55   -348.43   -802.09   -424.33       0     281     285     207
38507  05  00    15  99999.00  99999.00  99999.00  99999.00  99999.00  99999.00  99999.00  99999.00       0       0      35      21
38507  05  00    10  99999.00  99999.00  30267.60  32192.40   -559.13   -250.37   -755.89   -324.13       0     128     152     107
38507  05  00     7  99999.00  99999.00  99999.00  99999.00  99999.00  99999.00  99999.00  99999.00       0       0      36      17
38507  05  00     5  99999.00  99999.00  99999.00  99999.00  99999.00  99999.00  99999.00  99999.00       0       0      21      12
38507  05  00     3  99999.00  99999.00  99999.00  99999.00  99999.00  99999.00  99999.00  99999.00       0       0       1       0
38507  05  00     2  99999.00  99999.00  99999.00  99999.00  99999.00  99999.00  99999.00  99999.00       0       0       0       0
38507  05  00     1  99999.00  99999.00  99999.00  99999.00  99999.00  99999.00  99999.00  99999.00       0       0       0       0
38507  06  00  9999    973.29   1022.49  99999.00  99999.00    -11.39    415.93   -346.36    511.04     422       0     421     421
38507  06  00  1000  99999.00  99999.00     -9.23    225.49     -1.87    376.25   -190.16    415.48       0     188     186     183
38507  06  00   925  99999.00  99999.00    568.39    926.71    -51.67    482.45   -213.75    357.45       0     183     189     185
38507  06  00   900  99999.00  99999.00  99999.00  99999.00  99999.00  99999.00  99999.00  99999.00       0       0       8       8
38507  06  00   850  99999.00  99999.00   1295.67   1665.27    -55.29    420.03   -247.04    328.60       0     521     521     509
38507  06  00   800  99999.00  99999.00  99999.00  99999.00  99999.00  99999.00  99999.00  99999.00       0       0       9       8
38507  06  00   700  99999.00  99999.00   2911.01   3306.89   -113.14    257.54   -364.20    286.20       0     517     517     510
38507  06  00   600  99999.00  99999.00  99999.00  99999.00  99999.00  99999.00  99999.00  99999.00       0       0       5       5
38507  06  00   500  99999.00  99999.00   5506.92   6061.80   -237.72     22.20   -679.50    228.30       0     514     512     504
38507  06  00   400  99999.00  99999.00   7111.62   7809.42   -389.04    -59.28   -775.51     69.05       0     504     501     495
38507  06  00   300  99999.00  99999.00   9049.86   9973.38   -629.75   -102.95   -874.23   -100.47       0     494     496     488
38507  06  00   250  99999.00  99999.00  10192.76  11320.88   -748.28   -122.12   -933.05   -182.09       0     490     492     463
38507  06  00   200  99999.00  99999.00  11538.99  12934.83   -778.50   -208.62  -1024.79   -212.63       0     485     489     455
38507  06  00   150  99999.00  99999.00  13326.71  14874.59   -727.53   -374.25  -1136.74   -217.54       0     476     477     442
38507  06  00   100  99999.00  99999.00  15933.50  17343.50   -878.06   -381.98  -1200.00   -294.72       0     452     452     422
38507  06  00    80  99999.00  99999.00  99999.00  99999.00  99999.00  99999.00  99999.00  99999.00       0       0      35      33
38507  06  00    70  99999.00  99999.00  18115.06  19534.66   -832.10   -440.18  -1032.22   -448.18       0     368     367     337
38507  06  00    60  99999.00  99999.00  99999.00  99999.00  99999.00  99999.00  99999.00  99999.00       0       0      14      14
38507  06  00    50  99999.00  99999.00  20194.30  21624.34   -723.87   -463.23   -929.71   -472.75       0     354     355     324
38507  06  00    40  99999.00  99999.00  99999.00  99999.00  99999.00  99999.00  99999.00  99999.00       0       0      11       8
38507  06  00    30  99999.00  99999.00  23336.91  24979.35   -637.28   -422.96   -847.15   -447.07       0     311     315     254
38507  06  00    20  99999.00  99999.00  25981.92  27633.72   -578.10   -371.10   -803.42   -399.74       0     275     278     208
38507  06  00    15  99999.00  99999.00  99999.00  99999.00  99999.00  99999.00  99999.00  99999.00       0       0      19       9
38507  06  00    10  99999.00  99999.00  30504.57  32497.17   -502.50   -263.58   -712.81   -348.13       0     150     177     137
38507  06  00     7  99999.00  99999.00  99999.00  99999.00  99999.00  99999.00  99999.00  99999.00       0       0      38      23
38507  06  00     5  99999.00  99999.00  99999.00  99999.00  99999.00  99999.00  99999.00  99999.00       0       0      15       6
38507  06  00     3  99999.00  99999.00  99999.00  99999.00  99999.00  99999.00  99999.00  99999.00       0       0       1       1
38507  06  00     2  99999.00  99999.00  99999.00  99999.00  99999.00  99999.00  99999.00  99999.00       0       0       0       0
38507  06  00     1  99999.00  99999.00  99999.00  99999.00  99999.00  99999.00  99999.00  99999.00       0       0       0       0
38507  07  00  9999    975.66   1016.22  99999.00  99999.00     47.54    429.14   -375.31    577.01     417       0     417     417
38507  07  00  1000  99999.00  99999.00     12.76    189.52     33.32    408.32   -309.01    556.43       0      85      85      84
38507  07  00   925  99999.00  99999.00    560.90    921.50     60.65    453.65   -214.37    377.23       0     157     165     162
38507  07  00   900  99999.00  99999.00  99999.00  99999.00  99999.00  99999.00  99999.00  99999.00       0       0       7       6
38507  07  00   850  99999.00  99999.00   1310.63   1653.11     14.94    417.66   -266.72    387.52       0     519     519     512
38507  07  00   800  99999.00  99999.00  99999.00  99999.00  99999.00  99999.00  99999.00  99999.00       0       0      11      11
38507  07  00   700  99999.00  99999.00   2941.31   3318.83    -89.14    300.50   -301.32    277.44       0     511     512     505
38507  07  00   600  99999.00  99999.00  99999.00  99999.00  99999.00  99999.00  99999.00  99999.00       0       0       6       6
38507  07  00   500  99999.00  99999.00   5563.64   6119.12   -211.83     64.29   -706.10    324.10       0     507     507     500
38507  07  00   400  99999.00  99999.00   7194.28   7897.12   -364.19     21.37   -824.41    150.47       0     502     499     489
38507  07  00   300  99999.00  99999.00   9174.38  10128.14   -512.73    -72.21   -871.16    -67.88       0     492     495     485
38507  07  00   250  99999.00  99999.00  10377.62  11491.58   -545.89   -187.21   -941.06   -143.66       0     485     488     466
38507  07  00   200  99999.00  99999.00  11839.52  13061.84   -590.90   -324.98  -1014.67   -236.35       0     484     483     433
38507  07  00   150  99999.00  99999.00  13712.31  14928.75   -729.80   -406.04  -1095.34   -346.06       0     472     477     428
38507  07  00   100  99999.00  99999.00  16200.61  17444.05   -897.97   -452.53  -1146.22   -476.38       0     451     452     401
38507  07  00    80  99999.00  99999.00  99999.00  99999.00  99999.00  99999.00  99999.00  99999.00       0       0      32      27
38507  07  00    70  99999.00  99999.00  18326.16  19616.64   -852.39   -474.39  -1057.02   -527.34       0     356     358     307
38507  07  00    60  99999.00  99999.00  99999.00  99999.00  99999.00  99999.00  99999.00  99999.00       0       0      10       9
38507  07  00    50  99999.00  99999.00  20429.36  21646.16   -740.12   -463.76   -968.71   -505.99       0     339     340     289
38507  07  00    40  99999.00  99999.00  99999.00  99999.00  99999.00  99999.00  99999.00  99999.00       0       0      14      10
38507  07  00    30  99999.00  99999.00  23651.06  24911.18   -632.33   -424.97   -886.49   -458.57       0     304     307     218
38507  07  00    20  99999.00  99999.00  26279.52  27582.48   -574.93   -375.37   -849.58   -405.70       0     260     264     176
38507  07  00    15  99999.00  99999.00  99999.00  99999.00  99999.00  99999.00  99999.00  99999.00       0       0      14       7
38507  07  00    10  99999.00  99999.00  30924.01  32304.01   -516.84   -265.44   -850.93   -274.33       0     152     180     112
38507  07  00     7  99999.00  99999.00  99999.00  99999.00  99999.00  99999.00  99999.00  99999.00       0       0      34      17
38507  07  00     5  99999.00  99999.00  99999.00  99999.00  99999.00  99999.00  99999.00  99999.00       0       0      20      14
38507  07  00     3  99999.00  99999.00  99999.00  99999.00  99999.00  99999.00  99999.00  99999.00       0       0       2       1
38507  07  00     2  99999.00  99999.00  99999.00  99999.00  99999.00  99999.00  99999.00  99999.00       0       0       0       0
38507  07  00     1  99999.00  99999.00  99999.00  99999.00  99999.00  99999.00  99999.00  99999.00       0       0       0       0
38507  08  00  9999    973.95   1022.07  99999.00  99999.00     43.74    420.66   -358.26    562.86     399       0     399     398
38507  08  00  1000  99999.00  99999.00     -3.63    218.85     44.19    396.51   -239.57    483.55       0     176     175     169
38507  08  00   925  99999.00  99999.00    570.43    948.67     13.99    473.83   -295.43    449.41       0     165     172     169
38507  08  00   900  99999.00  99999.00  99999.00  99999.00  99999.00  99999.00  99999.00  99999.00       0       0       7       7
38507  08  00   850  99999.00  99999.00   1325.49   1658.85    -11.76    413.28   -330.27    424.05       0     490     490     462
38507  08  00   800  99999.00  99999.00  99999.00  99999.00  99999.00  99999.00  99999.00  99999.00       0       0      11      11
38507  08  00   700  99999.00  99999.00   2965.56   3299.88   -115.39    312.05   -394.30    342.62       0     485     485     455
38507  08  00   600  99999.00  99999.00  99999.00  99999.00  99999.00  99999.00  99999.00  99999.00       0       0      13      13
38507  08  00   500  99999.00  99999.00   5583.75   6092.07   -212.31     54.93   -716.53    304.43       0     479     480     451
38507  08  00   400  99999.00  99999.00   7217.45   7857.53   -357.77     -8.09   -869.00    183.28       0     474     469     442
38507  08  00   300  99999.00  99999.00   9188.18  10074.14   -533.60    -81.80   -978.58     15.38       0     464     463     434
38507  08  00   250  99999.00  99999.00  10389.46  11426.14   -577.72   -183.28  -1020.84    -80.04       0     454     458     411
38507  08  00   200  99999.00  99999.00  11839.49  12991.97   -617.17   -317.17  -1106.30   -157.22       0     450     449     366
38507  08  00   150  99999.00  99999.00  13674.52  14883.64   -737.10   -413.34  -1169.01   -282.45       0     423     426     348
38507  08  00   100  99999.00  99999.00  16162.77  17390.01   -873.61   -459.25  -1177.97   -421.61       0     402     401     323
38507  08  00    80  99999.00  99999.00  99999.00  99999.00  99999.00  99999.00  99999.00  99999.00       0       0      15      13
38507  08  00    70  99999.00  99999.00  18312.58  19567.30   -820.28   -478.04  -1013.31   -517.59       0     306     305     241
38507  08  00    60  99999.00  99999.00  99999.00  99999.00  99999.00  99999.00  99999.00  99999.00       0       0      12       8
38507  08  00    50  99999.00  99999.00  20416.19  21619.07   -726.87   -460.71   -945.55   -493.39       0     279     282     224
38507  08  00    40  99999.00  99999.00  99999.00  99999.00  99999.00  99999.00  99999.00  99999.00       0       0      13       7
38507  08  00    30  99999.00  99999.00  23679.45  24852.93   -631.56   -422.52   -866.06   -453.86       0     244     243     172
38507  08  00    20  99999.00  99999.00  26298.79  27525.91   -591.45   -368.73   -838.41   -406.65       0     213     216     139
38507  08  00    15  99999.00  99999.00  99999.00  99999.00  99999.00  99999.00  99999.00  99999.00       0       0      20       8
38507  08  00    10  99999.00  99999.00  30829.65  32309.49   -532.82   -289.94   -764.84   -362.12       0     117     137      87
38507  08  00     7  99999.00  99999.00  99999.00  99999.00  99999.00  99999.00  99999.00  99999.00       0       0      32      16
38507  08  00     5  99999.00  99999.00  99999.00  99999.00  99999.00  99999.00  99999.00  99999.00       0       0      16       0
38507  08  00     3  99999.00  99999.00  99999.00  99999.00  99999.00  99999.00  99999.00  99999.00       0       0       1       1
38507  08  00     2  99999.00  99999.00  99999.00  99999.00  99999.00  99999.00  99999.00  99999.00       0       0       0       0
38507  08  00     1  99999.00  99999.00  99999.00  99999.00  99999.00  99999.00  99999.00  99999.00       0       0       0       0
38507  09  00  9999    973.51   1032.31  99999.00  99999.00    -37.66    406.58   -352.58    564.10     394       0     393     392
38507  09  00  1000  99999.00  99999.00    -59.46    321.18    -26.88    393.00   -296.98    447.02       0     341     343     335
38507  09  00   925  99999.00  99999.00    567.74    988.70    -76.00    482.00   -304.79    399.85       0     133     136     135
38507  09  00   900  99999.00  99999.00  99999.00  99999.00  99999.00  99999.00  99999.00  99999.00       0       0      10      10
38507  09  00   850  99999.00  99999.00   1318.22   1698.38    -98.91    418.05   -353.27    390.49       0     473     469     456
38507  09  00   800  99999.00  99999.00  99999.00  99999.00  99999.00  99999.00  99999.00  99999.00       0       0      12      12
38507  09  00   700  99999.00  99999.00   2946.24   3313.08  -2749.94   2847.94   -408.56    290.20       0     468     469     455
38507  09  00   600  99999.00  99999.00  99999.00  99999.00  99999.00  99999.00  99999.00  99999.00       0       0       9       9
38507  09  00   500  99999.00  99999.00   5506.66   6101.86   -282.00     62.40   -678.27    187.53       0     465     465     452
38507  09  00   400  99999.00  99999.00   7070.19   7889.19   -424.32    -25.68   -731.64     -6.72       0     457     457     443
38507  09  00   300  99999.00  99999.00   8977.92  10086.00   -633.58   -104.26   -844.26   -166.26       0     446     443     418
38507  09  00   250  99999.00  99999.00  10055.11  11485.03   -721.58   -163.94   -920.11   -229.99       0     439     444     393
38507  09  00   200  99999.00  99999.00  11475.10  13019.74   -744.06   -278.22  -1007.18   -273.62       0     431     432     369
38507  09  00   150  99999.00  99999.00  13256.19  14920.59   -762.17   -407.09  -1121.67   -301.59       0     416     417     356
38507  09  00   100  99999.00  99999.00  15829.39  17360.11   -869.22   -425.10  -1176.10   -361.30       0     387     385     328
38507  09  00    80  99999.00  99999.00  99999.00  99999.00  99999.00  99999.00  99999.00  99999.00       0       0      16      13
38507  09  00    70  99999.00  99999.00  18020.66  19539.02   -805.20   -458.04  -1022.28   -467.76       0     314     316     263
38507  09  00    60  99999.00  99999.00  99999.00  99999.00  99999.00  99999.00  99999.00  99999.00       0       0      10       8
38507  09  00    50  99999.00  99999.00  20047.74  21690.30   -719.71   -466.27   -931.94   -484.70       0     286     280     230
38507  09  00    40  99999.00  99999.00  99999.00  99999.00  99999.00  99999.00  99999.00  99999.00       0       0      14      10
38507  09  00    30  99999.00  99999.00  23306.37  24910.65  -4153.05   3004.47   -892.10   -432.50       0     248     252     188
38507  09  00    20  99999.00  99999.00  25919.36  27573.80   -620.85   -360.93   -817.35   -428.19       0     222     221     157
38507  09  00    15  99999.00  99999.00  99999.00  99999.00  99999.00  99999.00  99999.00  99999.00       0       0      11       7
38507  09  00    10  99999.00  99999.00  30432.92  32312.24   -574.47   -292.95   -792.39   -373.47       0     132     143      99
38507  09  00     7  99999.00  99999.00  99999.00  99999.00  99999.00  99999.00  99999.00  99999.00       0       0      35      19
38507  09  00     5  99999.00  99999.00  99999.00  99999.00  99999.00  99999.00  99999.00  99999.00       0       0      10       7
38507  09  00     3  99999.00  99999.00  99999.00  99999.00  99999.00  99999.00  99999.00  99999.00       0       0       1       1
38507  09  00     2  99999.00  99999.00  99999.00  99999.00  99999.00  99999.00  99999.00  99999.00       0       0       2       2
38507  09  00     1  99999.00  99999.00  99999.00  99999.00  99999.00  99999.00  99999.00  99999.00       0       0       0       0
38507  10  00  9999    975.40   1042.12  99999.00  99999.00   -137.95    363.53   -207.97    345.71     473       0     473     473
38507  10  00  1000  99999.00  99999.00    -74.13    411.03   -118.56    363.12   -283.50    376.74       0     472     474     461
38507  10  00   925  99999.00  99999.00    564.84   1071.96   -178.19    422.29   -374.82    404.58       0     164     170     165
38507  10  00   900  99999.00  99999.00  99999.00  99999.00  99999.00  99999.00  99999.00  99999.00       0       0      10      10
38507  10  00   850  99999.00  99999.00   1306.12   1738.48   -193.82    382.78   -440.70    405.06       0     507     505     489
38507  10  00   800  99999.00  99999.00  99999.00  99999.00  99999.00  99999.00  99999.00  99999.00       0       0       9       9
38507  10  00   700  99999.00  99999.00   2895.01   3323.77   -207.48    229.08   -529.45    329.39       0     504     504     487
38507  10  00   600  99999.00  99999.00  99999.00  99999.00  99999.00  99999.00  99999.00  99999.00       0       0       8       7
38507  10  00   500  99999.00  99999.00   5399.46   6061.62   -326.35      8.81   -666.18    121.14       0     501     501     483
38507  10  00   400  99999.00  99999.00   6965.57   7781.09   -442.59   -116.55   -723.42    -40.50       0     495     493     474
38507  10  00   300  99999.00  99999.00   8854.70   9894.38   -609.95   -261.59   -805.09   -237.61       0     489     488     419
38507  10  00   250  99999.00  99999.00  10005.44  11154.56   -696.78   -336.30   -838.51   -352.27       0     482     480     402
38507  10  00   200  99999.00  99999.00  11396.97  12618.21   -787.12   -356.20   -938.09   -361.85       0     469     469     389
38507  10  00   150  99999.00  99999.00  13205.84  14435.36   -744.27   -437.19  -1011.16   -342.04       0     449     449     371
38507  10  00   100  99999.00  99999.00  15724.88  16975.40   -744.67   -481.87  -1028.92   -377.92       0     426     427     353
38507  10  00    80  99999.00  99999.00  99999.00  99999.00  99999.00  99999.00  99999.00  99999.00       0       0       5       4
38507  10  00    70  99999.00  99999.00  17940.75  19194.03   -737.45   -486.53   -887.00   -508.76       0     395     395     321
38507  10  00    60  99999.00  99999.00  99999.00  99999.00  99999.00  99999.00  99999.00  99999.00       0       0      11       7
38507  10  00    50  99999.00  99999.00  20029.57  21291.97   -731.12   -469.76   -875.18   -507.26       0     363     363     292
38507  10  00    40  99999.00  99999.00  99999.00  99999.00  99999.00  99999.00  99999.00  99999.00       0       0      31      27
38507  10  00    30  99999.00  99999.00  23215.93  24546.73   -713.05   -407.29   -846.22   -478.78       0     309     313     216
38507  10  00    20  99999.00  99999.00  25784.94  27200.82   -685.03   -359.95   -814.26   -448.74       0     271     277     179
38507  10  00    15  99999.00  99999.00  99999.00  99999.00  99999.00  99999.00  99999.00  99999.00       0       0      36      23
38507  10  00    10  99999.00  99999.00  30202.79  31936.07   -628.98   -301.14   -805.52   -387.68       0     106     135      86
38507  10  00     7  99999.00  99999.00  99999.00  99999.00  99999.00  99999.00  99999.00  99999.00       0       0      31      15
38507  10  00     5  99999.00  99999.00  99999.00  99999.00  99999.00  99999.00  99999.00  99999.00       0       0      10       5
38507  10  00     3  99999.00  99999.00  99999.00  99999.00  99999.00  99999.00  99999.00  99999.00       0       0       2       2
38507  10  00     2  99999.00  99999.00  99999.00  99999.00  99999.00  99999.00  99999.00  99999.00       0       0       0       0
38507  10  00     1  99999.00  99999.00  99999.00  99999.00  99999.00  99999.00  99999.00  99999.00       0       0       0       0
38507  11  00  9999    969.19   1048.51  99999.00  99999.00   -214.25    358.03   -142.19    234.61     458       0     457     456
38507  11  00  1000  99999.00  99999.00   -102.99    443.61   -185.91    338.61   -294.51    352.53       0     447     448     445
38507  11  00   925  99999.00  99999.00    509.61   1100.01   -248.51    420.97   -319.35    326.13       0     172     179     174
38507  11  00   900  99999.00  99999.00  99999.00  99999.00  99999.00  99999.00  99999.00  99999.00       0       0      10      10
38507  11  00   850  99999.00  99999.00   1249.31   1751.75   -247.56    364.80   -453.71    388.45       0     500     502     496
38507  11  00   800  99999.00  99999.00  99999.00  99999.00  99999.00  99999.00  99999.00  99999.00       0       0       9       9
38507  11  00   700  99999.00  99999.00   2788.22   3347.78   -261.43    209.33   -543.10    308.66       0     498     499     493
38507  11  00   600  99999.00  99999.00  99999.00  99999.00  99999.00  99999.00  99999.00  99999.00       0       0       3       3
38507  11  00   500  99999.00  99999.00   5259.58   6048.10   -398.54     14.98   -674.55     97.65       0     495     495     491
38507  11  00   400  99999.00  99999.00   6770.93   7779.65   -522.25   -104.29   -729.49    -60.49       0     488     489     483
38507  11  00   300  99999.00  99999.00   8616.48   9877.44   -664.23   -270.51   -801.69   -269.13       0     481     484     418
38507  11  00   250  99999.00  99999.00   9744.29  11123.93   -730.88   -359.12   -847.61   -370.25       0     472     477     410
38507  11  00   200  99999.00  99999.00   5652.55  17942.47   -816.98   -360.02   -947.65   -367.81       0     461     464     401
38507  11  00   150  99999.00  99999.00  12994.91  14306.75   -779.11   -409.99  -1057.18   -296.26       0     445     446     381
38507  11  00   100  99999.00  99999.00  15518.54  16834.94   -777.83   -449.87  -1088.88   -315.12       0     420     422     362
38507  11  00    80  99999.00  99999.00  99999.00  99999.00  99999.00  99999.00  99999.00  99999.00       0       0      11       9
38507  11  00    70  99999.00  99999.00  17679.71  19093.91   -757.20   -471.24   -864.07   -520.03       0     354     356     295
38507  11  00    60  99999.00  99999.00  99999.00  99999.00  99999.00  99999.00  99999.00  99999.00       0       0      11       5
38507  11  00    50  99999.00  99999.00  19753.23  21198.99   -762.95   -451.43   -859.56   -517.80       0     329     329     268
38507  11  00    40  99999.00  99999.00  99999.00  99999.00  99999.00  99999.00  99999.00  99999.00       0       0      11       6
38507  11  00    30  99999.00  99999.00  22830.77  24524.69   -793.60   -360.64   -874.28   -465.56       0     273     277     202
38507  11  00    20  99999.00  99999.00  25253.03  27265.07   -805.08   -285.72   -973.23   -333.15       0     201     213     161
38507  11  00    15  99999.00  99999.00  99999.00  99999.00  99999.00  99999.00  99999.00  99999.00       0       0      26      21
38507  11  00    10  99999.00  99999.00  29386.94  32156.66   -834.18   -134.22   -896.92   -333.88       0      72      94      68
38507  11  00     7  99999.00  99999.00  99999.00  99999.00  99999.00  99999.00  99999.00  99999.00       0       0      23      18
38507  11  00     5  99999.00  99999.00  99999.00  99999.00  99999.00  99999.00  99999.00  99999.00       0       0       8       3
38507  11  00     3  99999.00  99999.00  99999.00  99999.00  99999.00  99999.00  99999.00  99999.00       0       0       0       0
38507  11  00     2  99999.00  99999.00  99999.00  99999.00  99999.00  99999.00  99999.00  99999.00       0       0       2       2
38507  11  00     1  99999.00  99999.00  99999.00  99999.00  99999.00  99999.00  99999.00  99999.00       0       0       0       0
38507  12  00  9999    966.26   1052.66  99999.00  99999.00   -268.72    328.04   -106.99    189.65     538       0     537     535
38507  12  00  1000  99999.00  99999.00   -108.30    460.62   -224.79    289.41   -330.45    305.67       0     520     519     517
38507  12  00   925  99999.00  99999.00    501.24   1107.84   -261.10    323.42   -390.20    306.88       0     262     271     268
38507  12  00   900  99999.00  99999.00  99999.00  99999.00  99999.00  99999.00  99999.00  99999.00       0       0      10      10
38507  12  00   850  99999.00  99999.00   1205.81   1759.13   -311.95    337.25   -484.27    343.13       0     577     576     569
38507  12  00   800  99999.00  99999.00  99999.00  99999.00  99999.00  99999.00  99999.00  99999.00       0       0      14      13
38507  12  00   700  99999.00  99999.00   2718.87   3325.23   -346.28    211.00   -569.96    253.00       0     574     572     565
38507  12  00   600  99999.00  99999.00  99999.00  99999.00  99999.00  99999.00  99999.00  99999.00       0       0      10      10
38507  12  00   500  99999.00  99999.00   5108.94   6029.94   -466.45      8.03   -744.75     93.69       0     567     564     553
38507  12  00   400  99999.00  99999.00   6592.78   7736.98   -565.21   -136.33   -779.56    -82.24       0     555     554     537
38507  12  00   300  99999.00  99999.00   8408.58   9809.70   -680.85   -310.89   -839.76   -291.48       0     546     545     480
38507  12  00   250  99999.00  99999.00   9542.72  11025.44   -759.53   -358.49   -898.25   -354.05       0     542     538     471
38507  12  00   200  99999.00  99999.00  10979.03  12408.71   -847.69   -315.37   -996.02   -313.70       0     532     533     468
38507  12  00   150  99999.00  99999.00  12857.27  14157.71   -789.39   -369.99  -1047.99   -281.91       0     522     521     455
38507  12  00   100  99999.00  99999.00  15404.55  16696.71   -787.58   -414.98  -1053.43   -331.27       0     490     489     430
38507  12  00    80  99999.00  99999.00  99999.00  99999.00  99999.00  99999.00  99999.00  99999.00       0       0       4       3
38507  12  00    70  99999.00  99999.00  17598.32  18933.32   -799.02   -421.86   -901.81   -481.45       0     421     421     365
38507  12  00    60  99999.00  99999.00  99999.00  99999.00  99999.00  99999.00  99999.00  99999.00       0       0      14      10
38507  12  00    50  99999.00  99999.00  19612.44  21113.16   -811.76   -399.92   -920.40   -461.16       0     386     383     331
38507  12  00    40  99999.00  99999.00  99999.00  99999.00  99999.00  99999.00  99999.00  99999.00       0       0      12       7
38507  12  00    30  99999.00  99999.00  22614.55  24520.15   -829.81   -338.41   -942.05   -412.49       0     291     296     229
38507  12  00    20  99999.00  99999.00  25027.08  27265.32   -854.06   -248.54   -963.65   -347.93       0     229     243     185
38507  12  00    15  99999.00  99999.00  99999.00  99999.00  99999.00  99999.00  99999.00  99999.00       0       0      36      25
38507  12  00    10  99999.00  99999.00  29190.87  32129.91   -900.50    -77.06   -937.65   -293.49       0      76      93      68
38507  12  00     7  99999.00  99999.00  99999.00  99999.00  99999.00  99999.00  99999.00  99999.00       0       0      16       7
38507  12  00     5  99999.00  99999.00  99999.00  99999.00  99999.00  99999.00  99999.00  99999.00       0       0       8       3
38507  12  00     3  99999.00  99999.00  99999.00  99999.00  99999.00  99999.00  99999.00  99999.00       0       0       3       1
38507  12  00     2  99999.00  99999.00  99999.00  99999.00  99999.00  99999.00  99999.00  99999.00       0       0       0       0
38507  12  00     1  99999.00  99999.00  99999.00  99999.00  99999.00  99999.00  99999.00  99999.00       0       0       0       0
