53068  01  12  9999   8761.68   9468.72  99999.00  99999.00   -475.44    153.96   -487.90     52.34    1007       0    1007    1007
53068  01  12  1000  99999.00  99999.00  99999.00  99999.00  99999.00  99999.00  99999.00  99999.00       0       0       0       0
53068  01  12   925  99999.00  99999.00  99999.00  99999.00  99999.00  99999.00  99999.00  99999.00       0      10      10      10
53068  01  12   900  99999.00  99999.00  99999.00  99999.00  99999.00  99999.00  99999.00  99999.00       0      11      11      11
53068  01  12   850  99999.00  99999.00   1220.07   1771.23   -463.52    194.32   -557.18    143.50       0    1023    1022    1022
53068  01  12   800  99999.00  99999.00  99999.00  99999.00  99999.00  99999.00  99999.00  99999.00       0       0       0       0
53068  01  12   700  99999.00  99999.00   2670.51   3250.11   -524.42    155.50   -679.36    116.36       0    1023    1022    1022
53068  01  12   600  99999.00  99999.00   3716.08   4478.68   -561.87     73.29   -744.26     54.58       0    1023    1023    1022
53068  01  12   500  99999.00  99999.00   4897.33   5910.97   -602.51    -49.79   -800.28    -41.64       0    1023    1021    1021
53068  01  12   400  99999.00  99999.00   6300.18   7583.82   -648.40   -211.96   -851.72   -184.04       0    1022    1022    1022
53068  01  12   300  99999.00  99999.00   8091.56   9568.40   -693.17   -396.05   -899.49   -351.93       0    1019    1018    1003
53068  01  12   250  99999.00  99999.00   9264.27  10709.07   -807.93   -345.69   -944.02   -336.70       0    1015    1014     625
53068  01  12   200  99999.00  99999.00  10749.27  12047.91   -828.21   -289.53   -948.38   -295.94       0    1007    1006     512
53068  01  12   150  99999.00  99999.00  12608.62  13866.70   -738.94   -346.54   -955.90   -294.10       0     999     999     508
53068  01  12   100  99999.00  99999.00  15149.77  16514.77   -745.82   -355.94   -985.34   -296.66       0     986     987     480
53068  01  12    80  99999.00  99999.00  99999.00  99999.00  99999.00  99999.00  99999.00  99999.00       0       0       0       0
53068  01  12    70  99999.00  99999.00  17343.95  18873.83   -771.75   -330.63  99999.00  99999.00       0     957     959      37
53068  01  12    60  99999.00  99999.00  99999.00  99999.00  99999.00  99999.00  99999.00  99999.00       0       0       0       0
53068  01  12    50  99999.00  99999.00  19378.90  21146.14   -782.94   -301.62  99999.00  99999.00       0     924     927      31
53068  01  12    40  99999.00  99999.00  20727.32  22664.12   -779.37   -285.93  99999.00  99999.00       0     892     898      30
53068  01  12    30  99999.00  99999.00  22479.73  24623.29   -789.28   -249.64  99999.00  99999.00       0     841     849      29
53068  01  12    20  99999.00  99999.00  24975.00  27397.08   -796.79   -204.35  99999.00  99999.00       0     698     705      29
53068  01  12    15  99999.00  99999.00  26741.02  29351.62   -831.47   -139.19  99999.00  99999.00       0     520     522      29
53068  01  12    10  99999.00  99999.00  29148.26  32242.70   -872.00    -26.24  99999.00  99999.00       0     277     277      27
53068  01  12     7  99999.00  99999.00  31399.02  34798.86   -863.56     49.28  99999.00  99999.00       0     194     194      27
53068  01  12     5  99999.00  99999.00  33513.28  37400.08   -856.60    123.80  99999.00  99999.00       0     140     140      21
53068  01  12     3  99999.00  99999.00  99999.00  99999.00  99999.00  99999.00  99999.00  99999.00       0       0       0       0
53068  01  12     2  99999.00  99999.00  99999.00  99999.00  99999.00  99999.00  99999.00  99999.00       0       0       0       0
53068  01  12     1  99999.00  99999.00  99999.00  99999.00  99999.00  99999.00  99999.00  99999.00       0       0       0       0
53068  02  12  9999   8715.87   9468.39  99999.00  99999.00   -485.76    294.84   -538.17    160.35     913       0     913     913
53068  02  12  1000  99999.00  99999.00  99999.00  99999.00  99999.00  99999.00  99999.00  99999.00       0       0       0       0
53068  02  12   925  99999.00  99999.00  99999.00  99999.00  99999.00  99999.00  99999.00  99999.00       0       5       5       5
53068  02  12   900  99999.00  99999.00  99999.00  99999.00  99999.00  99999.00  99999.00  99999.00       0      15      15      15
53068  02  12   850  99999.00  99999.00   1192.73   1779.05   -489.76    304.52   -601.75    202.73       0     933     932     932
53068  02  12   800  99999.00  99999.00  99999.00  99999.00  99999.00  99999.00  99999.00  99999.00       0       0       0       0
53068  02  12   700  99999.00  99999.00   2672.74   3257.26   -524.76    188.76   -728.20    164.12       0     932     932     932
53068  02  12   600  99999.00  99999.00   3722.76   4495.08   -562.96    103.52   -787.92    100.08       0     932     932     932
53068  02  12   500  99999.00  99999.00   4903.10   5943.74   -613.74    -11.22   -829.47     -6.75       0     933     933     933
53068  02  12   400  99999.00  99999.00   6299.21   7639.49   -670.78   -165.46   -883.12   -141.16       0     928     928     928
53068  02  12   300  99999.00  99999.00   8070.01   9660.97   -706.96   -367.72   -913.63   -331.03       0     922     922     912
53068  02  12   250  99999.00  99999.00   9232.45  10816.45   -808.80   -343.44   -929.27   -351.11       0     917     918     566
53068  02  12   200  99999.00  99999.00  10722.27  12146.67   -870.36   -253.44   -904.62   -331.02       0     912     913     432
53068  02  12   150  99999.00  99999.00  12593.38  13953.82   -763.88   -322.88   -916.71   -327.27       0     901     902     425
53068  02  12   100  99999.00  99999.00  15140.05  16593.25   -777.96   -328.92   -949.52   -328.88       0     886     888     403
53068  02  12    80  99999.00  99999.00  99999.00  99999.00  99999.00  99999.00  99999.00  99999.00       0       0       0       0
53068  02  12    70  99999.00  99999.00  17331.87  18945.75   -803.44   -309.88  99999.00  99999.00       0     860     864      28
53068  02  12    60  99999.00  99999.00  99999.00  99999.00  99999.00  99999.00  99999.00  99999.00       0       0       0       0
53068  02  12    50  99999.00  99999.00  19356.00  21212.76   -812.60   -290.60  99999.00  99999.00       0     838     843      28
53068  02  12    40  99999.00  99999.00  20704.86  22716.66   -799.68   -285.72  99999.00  99999.00       0     808     818      25
53068  02  12    30  99999.00  99999.00  22451.17  24665.29   -779.36   -279.32  99999.00  99999.00       0     760     769      23
53068  02  12    20  99999.00  99999.00  24958.37  27388.85   -774.41   -249.77  99999.00  99999.00       0     635     641      23
53068  02  12    15  99999.00  99999.00  26748.77  29279.33   -772.04   -227.24  99999.00  99999.00       0     471     473      23
53068  02  12    10  99999.00  99999.00  29407.83  31845.87   -785.42   -155.06  99999.00  99999.00       0     261     262      23
53068  02  12     7  99999.00  99999.00  31693.13  34321.85   -760.67   -114.83  99999.00  99999.00       0     186     186      22
53068  02  12     5  99999.00  99999.00  33879.32  36731.00   -729.54    -51.18  99999.00  99999.00       0     117     117      17
53068  02  12     3  99999.00  99999.00  99999.00  99999.00  99999.00  99999.00  99999.00  99999.00       0       0       0       0
53068  02  12     2  99999.00  99999.00  99999.00  99999.00  99999.00  99999.00  99999.00  99999.00       0       0       0       0
53068  02  12     1  99999.00  99999.00  99999.00  99999.00  99999.00  99999.00  99999.00  99999.00       0       0       0       0
53068  03  12  9999   8658.36   9462.60  99999.00  99999.00   -383.78    385.78   -550.84    225.32     975       0     975     975
53068  03  12  1000  99999.00  99999.00  99999.00  99999.00  99999.00  99999.00  99999.00  99999.00       0       0       0       0
53068  03  12   925  99999.00  99999.00  99999.00  99999.00  99999.00  99999.00  99999.00  99999.00       0       1       1       1
53068  03  12   900  99999.00  99999.00  99999.00  99999.00  99999.00  99999.00  99999.00  99999.00       0      43      43      43
53068  03  12   850  99999.00  99999.00   1156.27   1788.91   -429.54    385.38   -607.21    228.59       0    1020    1018    1018
53068  03  12   800  99999.00  99999.00  99999.00  99999.00  99999.00  99999.00  99999.00  99999.00       0       0       0       0
53068  03  12   700  99999.00  99999.00   2693.07   3270.15   -489.91    227.33   -679.29    154.35       0    1019    1018    1018
53068  03  12   600  99999.00  99999.00   3770.14   4509.46   -530.98    127.22   -786.61    125.87       0    1020    1018    1018
53068  03  12   500  99999.00  99999.00   4967.45   5968.73   -595.80     20.88   -846.11     31.57       0    1020    1018    1018
53068  03  12   400  99999.00  99999.00   6371.42   7688.06   -668.80   -122.80   -892.19   -110.51       0    1014    1014    1013
53068  03  12   300  99999.00  99999.00   8133.81   9752.37   -721.88   -320.96   -921.94   -311.26       0    1009    1011    1008
53068  03  12   250  99999.00  99999.00   9274.88  10942.28   -781.87   -355.75   -938.91   -362.91       0    1008    1008     748
53068  03  12   200  99999.00  99999.00  10756.10  12282.26   -863.29   -267.73   -937.49   -335.09       0    1001    1002     497
53068  03  12   150  99999.00  99999.00  12649.09  14056.33   -745.05   -352.17   -943.17   -342.93       0     986     987     486
53068  03  12   100  99999.00  99999.00  15214.10  16662.74   -739.50   -380.94   -983.40   -341.88       0     972     975     446
53068  03  12    80  99999.00  99999.00  99999.00  99999.00  99999.00  99999.00  99999.00  99999.00       0       0       0       0
53068  03  12    70  99999.00  99999.00  17442.02  18964.22   -765.95   -363.23  99999.00  99999.00       0     947     951      27
53068  03  12    60  99999.00  99999.00  99999.00  99999.00  99999.00  99999.00  99999.00  99999.00       0       0       0       0
53068  03  12    50  99999.00  99999.00  19520.79  21158.79   -784.09   -333.13  99999.00  99999.00       0     912     916      22
53068  03  12    40  99999.00  99999.00  20883.45  22644.45   -775.99   -320.59  99999.00  99999.00       0     890     892      22
53068  03  12    30  99999.00  99999.00  22646.19  24568.23   -761.20   -306.64  99999.00  99999.00       0     835     841      21
53068  03  12    20  99999.00  99999.00  25170.55  27277.27   -750.23   -266.39  99999.00  99999.00       0     701     709      21
53068  03  12    15  99999.00  99999.00  26946.32  29233.88   -737.17   -240.61  99999.00  99999.00       0     548     551      21
53068  03  12    10  99999.00  99999.00  29577.90  31886.46   -736.39   -168.43  99999.00  99999.00       0     282     282      21
53068  03  12     7  99999.00  99999.00  31914.54  34340.22   -738.60    -64.44  99999.00  99999.00       0     181     181      21
53068  03  12     5  99999.00  99999.00  34208.36  36719.72   -733.79     33.61  99999.00  99999.00       0     139     139      19
53068  03  12     3  99999.00  99999.00  99999.00  99999.00  99999.00  99999.00  99999.00  99999.00       0       0       0       0
53068  03  12     2  99999.00  99999.00  99999.00  99999.00  99999.00  99999.00  99999.00  99999.00       0       0       0       0
53068  03  12     1  99999.00  99999.00  99999.00  99999.00  99999.00  99999.00  99999.00  99999.00       0       0       0       0
53068  04  12  9999   8618.42   9411.38  99999.00  99999.00   -264.52    483.44   -564.38    295.78     923       0     923     923
53068  04  12  1000  99999.00  99999.00  99999.00  99999.00  99999.00  99999.00  99999.00  99999.00       0       0       0       0
53068  04  12   925  99999.00  99999.00  99999.00  99999.00  99999.00  99999.00  99999.00  99999.00       0       0       0       0
53068  04  12   900  99999.00  99999.00    963.97    967.81   -195.04    425.48   -570.64    330.68       0      63      63      63
53068  04  12   850  99999.00  99999.00   1133.37   1768.29   -328.46    478.30   -625.86    301.02       0     988     987     987
53068  04  12   800  99999.00  99999.00  99999.00  99999.00  99999.00  99999.00  99999.00  99999.00       0       0       0       0
53068  04  12   700  99999.00  99999.00   2727.46   3290.26   -428.08    312.68   -657.26    219.94       0     989     988     988
53068  04  12   600  99999.00  99999.00   3842.92   4551.40   -470.49    187.71   -786.87    224.25       0     988     987     987
53068  04  12   500  99999.00  99999.00   5078.20   6033.28   -536.06     68.26   -868.29    138.63       0     988     983     983
53068  04  12   400  99999.00  99999.00   6515.53   7787.53   -635.02    -59.62   -909.67    -17.11       0     984     982     982
53068  04  12   300  99999.00  99999.00   8290.90   9912.22   -713.68   -255.16   -952.80   -219.84       0     968     970     970
53068  04  12   250  99999.00  99999.00   9420.54  11144.10   -766.52   -330.92   -963.82   -323.74       0     964     963     900
53068  04  12   200  99999.00  99999.00  10882.50  12513.06   -876.92   -264.80   -960.68   -329.00       0     956     954     493
53068  04  12   150  99999.00  99999.00  12804.50  14246.78   -772.45   -338.65   -970.65   -335.85       0     942     942     466
53068  04  12   100  99999.00  99999.00  15402.99  16796.79   -741.87   -399.87   -978.12   -372.36       0     918     918     411
53068  04  12    80  99999.00  99999.00  99999.00  99999.00  99999.00  99999.00  99999.00  99999.00       0       0       0       0
53068  04  12    70  99999.00  99999.00  17656.70  19044.14   -772.37   -386.33  99999.00  99999.00       0     891     891       8
53068  04  12    60  99999.00  99999.00  99999.00  99999.00  99999.00  99999.00  99999.00  99999.00       0       0       0       0
53068  04  12    50  99999.00  99999.00  19773.23  21174.83   -763.18   -373.06  99999.00  99999.00       0     857     858       5
53068  04  12    40  99999.00  99999.00  21176.27  22608.71   -758.52   -348.36  99999.00  99999.00       0     839     839       5
53068  04  12    30  99999.00  99999.00  22981.19  24490.91   -742.81   -321.25  99999.00  99999.00       0     799     800       5
53068  04  12    20  99999.00  99999.00  25549.81  27166.21   -711.92   -286.04  99999.00  99999.00       0     677     677       5
53068  04  12    15  99999.00  99999.00  27381.01  29095.09   -703.60   -247.48  99999.00  99999.00       0     528     527       5
53068  04  12    10  99999.00  99999.00  29976.50  31864.46   -698.75   -183.59  99999.00  99999.00       0     313     313       4
53068  04  12     7  99999.00  99999.00  32326.47  34364.55   -669.84   -119.40  99999.00  99999.00       0     199     199       4
53068  04  12     5  99999.00  99999.00  34695.66  36646.14   -623.25    -65.49  99999.00  99999.00       0     141     141       4
53068  04  12     3  99999.00  99999.00  99999.00  99999.00  99999.00  99999.00  99999.00  99999.00       0       0       0       0
53068  04  12     2  99999.00  99999.00  99999.00  99999.00  99999.00  99999.00  99999.00  99999.00       0       0       0       0
53068  04  12     1  99999.00  99999.00  99999.00  99999.00  99999.00  99999.00  99999.00  99999.00       0       0       0       0
53068  05  12  9999   8677.13   9311.21  99999.00  99999.00   -153.87    537.93   -507.50    377.02     945       0     945     943
53068  05  12  1000  99999.00  99999.00  99999.00  99999.00  99999.00  99999.00  99999.00  99999.00       0       0       0       0
53068  05  12   925  99999.00  99999.00  99999.00  99999.00  99999.00  99999.00  99999.00  99999.00       0       0       0       0
53068  05  12   900  99999.00  99999.00    964.57    967.33    -92.18    466.66   -542.75    377.77       0      74      74      74
53068  05  12   850  99999.00  99999.00   1180.24   1713.04   -204.39    506.73   -585.48    385.68       0    1021    1015    1015
53068  05  12   800  99999.00  99999.00  99999.00  99999.00  99999.00  99999.00  99999.00  99999.00       0       0       0       0
53068  05  12   700  99999.00  99999.00   2783.82   3311.10   -305.43    329.37   -586.11    280.77       0    1020    1020    1020
53068  05  12   600  99999.00  99999.00   3935.15   4596.83   -357.84    197.88   -716.33    291.07       0    1021    1021    1021
53068  05  12   500  99999.00  99999.00   5224.26   6088.98   -439.24     85.64   -838.53    226.59       0    1022    1021    1020
53068  05  12   400  99999.00  99999.00   6719.83   7858.87   -564.95    -22.07   -899.54     77.86       0    1014    1013    1013
53068  05  12   300  99999.00  99999.00   8528.78  10032.38   -688.25   -192.89   -954.52   -127.00       0    1003    1003    1003
53068  05  12   250  99999.00  99999.00   9658.36  11307.52   -741.20   -287.72   -962.53   -256.69       0     994     991     985
53068  05  12   200  99999.00  99999.00  11104.65  12727.65   -850.43   -252.95   -951.32   -315.56       0     978     979     720
53068  05  12   150  99999.00  99999.00  13027.58  14483.78   -747.64   -339.64   -949.58   -331.34       0     968     970     623
53068  05  12   100  99999.00  99999.00  15667.67  17008.55   -736.95   -402.99   -972.27   -372.39       0     947     949     534
53068  05  12    80  99999.00  99999.00  99999.00  99999.00  99999.00  99999.00  99999.00  99999.00       0       0       0       0
53068  05  12    70  99999.00  99999.00  17976.44  19195.16   -761.22   -401.82  99999.00  99999.00       0     909     913      26
53068  05  12    60  99999.00  99999.00  99999.00  99999.00  99999.00  99999.00  99999.00  99999.00       0       0       0       0
53068  05  12    50  99999.00  99999.00  20118.10  21299.02   -729.52   -403.12  99999.00  99999.00       0     874     879      23
53068  05  12    40  99999.00  99999.00  21517.40  22738.40   -703.67   -392.99  99999.00  99999.00       0     850     854      23
53068  05  12    30  99999.00  99999.00  23326.94  24624.98   -678.26   -368.90  99999.00  99999.00       0     812     820      23
53068  05  12    20  99999.00  99999.00  25889.96  27333.92   -646.84   -337.12  99999.00  99999.00       0     718     727      23
53068  05  12    15  99999.00  99999.00  27717.13  29271.97   -625.62   -315.06  99999.00  99999.00       0     556     563      23
53068  05  12    10  99999.00  99999.00  30382.83  31973.79   -623.08   -239.80  99999.00  99999.00       0     310     311      23
53068  05  12     7  99999.00  99999.00  32826.79  34422.07   -594.35   -154.19  99999.00  99999.00       0     200     200      22
53068  05  12     5  99999.00  99999.00  35053.13  36935.09   -535.73    -80.57  99999.00  99999.00       0     151     151      20
53068  05  12     3  99999.00  99999.00  99999.00  99999.00  99999.00  99999.00  99999.00  99999.00       0       0       0       0
53068  05  12     2  99999.00  99999.00  99999.00  99999.00  99999.00  99999.00  99999.00  99999.00       0       0       0       0
53068  05  12     1  99999.00  99999.00  99999.00  99999.00  99999.00  99999.00  99999.00  99999.00       0       0       0       0
53068  06  12  9999   8703.57   9224.97  99999.00  99999.00    -31.90    530.78   -412.23    437.13     912       0     912     912
53068  06  12  1000  99999.00  99999.00  99999.00  99999.00  99999.00  99999.00  99999.00  99999.00       0       0       0       0
53068  06  12   925  99999.00  99999.00  99999.00  99999.00  99999.00  99999.00  99999.00  99999.00       0       0       0       0
53068  06  12   900  99999.00  99999.00    964.56    967.32    -22.68    488.76   -423.84    448.56       0      72      72      72
53068  06  12   850  99999.00  99999.00   1209.74   1649.06    -67.59    481.89   -466.38    426.54       0     985     982     982
53068  06  12   800  99999.00  99999.00  99999.00  99999.00  99999.00  99999.00  99999.00  99999.00       0       0       0       0
53068  06  12   700  99999.00  99999.00   2826.79   3300.55   -167.26    298.22   -461.78    315.10       0     987     987     987
53068  06  12   600  99999.00  99999.00   4020.57   4592.85   -223.03    166.61   -625.79    344.53       0     987     986     986
53068  06  12   500  99999.00  99999.00   5375.44   6076.84   -310.50     65.58   -788.00    298.36       0     987     987     987
53068  06  12   400  99999.00  99999.00   6951.30   7838.70   -451.11    -24.63   -865.80    144.96       0     979     979     979
53068  06  12   300  99999.00  99999.00   8844.22  10017.94   -616.82   -168.26   -904.93    -82.45       0     966     968     968
53068  06  12   250  99999.00  99999.00   9985.99  11324.71   -700.00   -259.12   -935.82   -210.66       0     961     961     961
53068  06  12   200  99999.00  99999.00  11407.99  12802.99   -813.25   -252.37   -962.04   -284.52       0     952     952     879
53068  06  12   150  99999.00  99999.00  13304.95  14609.23   -725.76   -342.72   -955.07   -312.35       0     942     944     753
53068  06  12   100  99999.00  99999.00  15973.97  17113.73   -747.80   -397.04   -991.94   -348.98       0     923     925     598
53068  06  12    80  99999.00  99999.00  99999.00  99999.00  99999.00  99999.00  99999.00  99999.00       0       0       0       0
53068  06  12    70  99999.00  99999.00  18285.55  19296.31   -748.16   -412.16  99999.00  99999.00       0     906     908      26
53068  06  12    60  99999.00  99999.00  99999.00  99999.00  99999.00  99999.00  99999.00  99999.00       0       0       0       0
53068  06  12    50  99999.00  99999.00  20412.16  21427.84   -700.75   -411.79  99999.00  99999.00       0     871     874      23
53068  06  12    40  99999.00  99999.00  21819.18  22873.98   -669.35   -401.39  99999.00  99999.00       0     845     848      23
53068  06  12    30  99999.00  99999.00  23631.78  24778.26   -642.81   -371.01  99999.00  99999.00       0     786     789      22
53068  06  12    20  99999.00  99999.00  26198.61  27527.25   -604.96   -332.68  99999.00  99999.00       0     662     666      20
53068  06  12    15  99999.00  99999.00  28049.08  29489.32   -581.84   -301.64  99999.00  99999.00       0     516     517      20
53068  06  12    10  99999.00  99999.00  30713.96  32246.84   -563.31   -241.11  99999.00  99999.00       0     303     303      20
53068  06  12     7  99999.00  99999.00  33224.32  34647.64   -539.56   -156.28  99999.00  99999.00       0     209     209      19
53068  06  12     5  99999.00  99999.00  35577.67  37092.19   -492.29    -80.09  99999.00  99999.00       0     172     172      18
53068  06  12     3  99999.00  99999.00  99999.00  99999.00  99999.00  99999.00  99999.00  99999.00       0       0       0       0
53068  06  12     2  99999.00  99999.00  99999.00  99999.00  99999.00  99999.00  99999.00  99999.00       0       0       0       0
53068  06  12     1  99999.00  99999.00  99999.00  99999.00  99999.00  99999.00  99999.00  99999.00       0       0       0       0
53068  07  12  9999   8777.93   9138.41  99999.00  99999.00     19.20    529.20   -286.12    424.88     952       0     952     952
53068  07  12  1000  99999.00  99999.00  99999.00  99999.00  99999.00  99999.00  99999.00  99999.00       0       0       0       0
53068  07  12   925  99999.00  99999.00  99999.00  99999.00  99999.00  99999.00  99999.00  99999.00       0       0       0       0
53068  07  12   900  99999.00  99999.00    964.95    966.99     -0.76    521.36   -298.54    439.70       0      71      71      71
53068  07  12   850  99999.00  99999.00   1250.38   1607.38     -7.89    475.11   -364.65    436.23       0    1023    1021    1021
53068  07  12   800  99999.00  99999.00  99999.00  99999.00  99999.00  99999.00  99999.00  99999.00       0       0       0       0
53068  07  12   700  99999.00  99999.00   2871.74   3288.86    -94.22    281.26   -317.20    279.08       0    1023    1023    1023
53068  07  12   600  99999.00  99999.00   4085.76   4589.40   -151.25    157.03   -562.48    370.88       0    1023    1023    1023
53068  07  12   500  99999.00  99999.00   5471.14   6081.94   -243.25     76.67   -756.91    347.93       0    1023    1023    1023
53068  07  12   400  99999.00  99999.00   7081.25   7866.65   -387.74      2.74   -864.45    228.87       0    1017    1017    1017
53068  07  12   300  99999.00  99999.00   9009.28  10091.80   -583.14   -102.90   -914.21     20.71       0    1005    1007    1007
53068  07  12   250  99999.00  99999.00  10164.86  11440.46   -688.91   -165.47   -925.91   -124.07       0     996     996     996
53068  07  12   200  99999.00  99999.00  11565.82  13001.26   -752.22   -234.06   -954.16   -237.64       0     993     994     989
53068  07  12   150  99999.00  99999.00  13461.45  14842.65   -719.03   -355.07  -1013.08   -277.48       0     979     979     928
53068  07  12   100  99999.00  99999.00  16182.88  17258.08   -804.42   -381.66  -1026.18   -321.30       0     961     962     461
53068  07  12    80  99999.00  99999.00  99999.00  99999.00  99999.00  99999.00  99999.00  99999.00       0       0       0       0
53068  07  12    70  99999.00  99999.00  18532.59  19366.83   -773.73   -410.61  99999.00  99999.00       0     923     925      11
53068  07  12    60  99999.00  99999.00  99999.00  99999.00  99999.00  99999.00  99999.00  99999.00       0       0       0       0
53068  07  12    50  99999.00  99999.00  20676.99  21468.51   -706.75   -412.63  99999.00  99999.00       0     892     895       9
53068  07  12    40  99999.00  99999.00  22078.19  22918.91   -674.08   -398.68  99999.00  99999.00       0     857     860       9
53068  07  12    30  99999.00  99999.00  23890.50  24824.22   -641.84   -372.08  99999.00  99999.00       0     796     800       9
53068  07  12    20  99999.00  99999.00  26465.29  27567.25   -600.96   -326.64  99999.00  99999.00       0     658     664       9
53068  07  12    15  99999.00  99999.00  28325.02  29527.06   -576.11   -300.59  99999.00  99999.00       0     502     506       9
53068  07  12    10  99999.00  99999.00  31095.96  32164.68   -551.36   -255.80  99999.00  99999.00       0     307     311       9
53068  07  12     7  99999.00  99999.00  33518.06  34642.70   -542.97   -168.09  99999.00  99999.00       0     222     222       8
53068  07  12     5  99999.00  99999.00  35811.03  37110.27   -517.21    -80.05  99999.00  99999.00       0     178     178       8
53068  07  12     3  99999.00  99999.00  99999.00  99999.00  99999.00  99999.00  99999.00  99999.00       0       0       0       0
53068  07  12     2  99999.00  99999.00  99999.00  99999.00  99999.00  99999.00  99999.00  99999.00       0       0       0       0
53068  07  12     1  99999.00  99999.00  99999.00  99999.00  99999.00  99999.00  99999.00  99999.00       0       0       0       0
53068  08  12  9999   8766.85   9224.41  99999.00  99999.00     -6.29    504.19   -294.74    414.82     922       0     921     921
53068  08  12  1000  99999.00  99999.00  99999.00  99999.00  99999.00  99999.00  99999.00  99999.00       0       0       0       0
53068  08  12   925  99999.00  99999.00  99999.00  99999.00  99999.00  99999.00  99999.00  99999.00       0       0       0       0
53068  08  12   900  99999.00  99999.00    964.03    967.75     18.27    488.19   -313.03    436.13       0      95      95      95
53068  08  12   850  99999.00  99999.00   1259.04   1659.48    -38.47    461.33   -389.36    439.48       0    1022    1022    1022
53068  08  12   800  99999.00  99999.00  99999.00  99999.00  99999.00  99999.00  99999.00  99999.00       0       0       0       0
53068  08  12   700  99999.00  99999.00   2894.92   3301.84   -122.43    271.77   -392.29    321.59       0    1020    1020    1020
53068  08  12   600  99999.00  99999.00   4110.23   4585.55   -179.01    157.95   -669.15    419.73       0    1021    1022    1022
53068  08  12   500  99999.00  99999.00   5485.71   6073.23   -282.76     88.52   -847.22    379.90       0    1019    1021    1021
53068  08  12   400  99999.00  99999.00   7074.47   7858.43   -429.97     11.87   -916.10    243.70       0    1015    1017    1017
53068  08  12   300  99999.00  99999.00   8967.71  10092.59   -631.02    -79.14   -968.62     39.86       0    1007    1009    1008
53068  08  12   250  99999.00  99999.00  10098.41  11455.73   -721.01   -148.13   -982.43    -99.59       0     997     998     997
53068  08  12   200  99999.00  99999.00  11487.66  13027.50   -719.70   -260.46   -983.75   -217.43       0     986     988     980
53068  08  12   150  99999.00  99999.00  13382.14  14867.02   -730.34   -354.26  -1052.12   -257.00       0     977     978     930
53068  08  12   100  99999.00  99999.00  16097.85  17274.45   -829.18   -365.38  -1022.43   -326.19       0     952     957     455
53068  08  12    80  99999.00  99999.00  99999.00  99999.00  99999.00  99999.00  99999.00  99999.00       0       0       0       0
53068  08  12    70  99999.00  99999.00  18430.99  19391.35   -781.87   -404.59  99999.00  99999.00       0     911     916       5
53068  08  12    60  99999.00  99999.00  99999.00  99999.00  99999.00  99999.00  99999.00  99999.00       0       0       0       0
53068  08  12    50  99999.00  99999.00  20583.95  21480.47   -695.33   -430.37  99999.00  99999.00       0     866     874       4
53068  08  12    40  99999.00  99999.00  21993.48  22915.32   -661.76   -424.04  99999.00  99999.00       0     841     848       4
53068  08  12    30  99999.00  99999.00  23818.36  24798.40   -625.84   -406.48  99999.00  99999.00       0     806     811       4
53068  08  12    20  99999.00  99999.00  26409.95  27497.51   -592.30   -369.22  99999.00  99999.00       0     684     688       4
53068  08  12    15  99999.00  99999.00  28284.12  29418.84   -566.86   -344.74  99999.00  99999.00       0     538     541       4
53068  08  12    10  99999.00  99999.00  31005.35  32097.35   -548.37   -296.85  99999.00  99999.00       0     294     295       4
53068  08  12     7  99999.00  99999.00  33459.72  34502.28   -525.42   -230.58  99999.00  99999.00       0     210     210       4
53068  08  12     5  99999.00  99999.00  35698.68  36951.96   -503.21   -151.13  99999.00  99999.00       0     173     173       4
53068  08  12     3  99999.00  99999.00  99999.00  99999.00  99999.00  99999.00  99999.00  99999.00       0       0       0       0
53068  08  12     2  99999.00  99999.00  99999.00  99999.00  99999.00  99999.00  99999.00  99999.00       0       0       0       0
53068  08  12     1  99999.00  99999.00  99999.00  99999.00  99999.00  99999.00  99999.00  99999.00       0       0       0       0
53068  09  12  9999   8785.68   9314.28  99999.00  99999.00   -118.37    465.07   -398.63    377.05     943       0     943     943
53068  09  12  1000  99999.00  99999.00  99999.00  99999.00  99999.00  99999.00  99999.00  99999.00       0       0       0       0
53068  09  12   925  99999.00  99999.00  99999.00  99999.00  99999.00  99999.00  99999.00  99999.00       0       0       0       0
53068  09  12   900  99999.00  99999.00  99999.00  99999.00  99999.00  99999.00  99999.00  99999.00       0      44      44      44
53068  09  12   850  99999.00  99999.00   1275.15   1716.87   -177.65    468.55   -466.99    379.49       0     989     988     988
53068  09  12   800  99999.00  99999.00  99999.00  99999.00  99999.00  99999.00  99999.00  99999.00       0       0       0       0
53068  09  12   700  99999.00  99999.00   2886.92   3306.92   -249.48    282.48   -573.47    342.37       0     989     989     989
53068  09  12   600  99999.00  99999.00   4055.84   4585.04   -282.13    153.83   -755.62    357.02       0     989     988     988
53068  09  12   500  99999.00  99999.00   5373.41   6070.73   -376.17     69.63   -852.52    259.28       0     989     987     987
53068  09  12   400  99999.00  99999.00   6900.16   7840.36   -510.88    -27.40   -915.25    115.31       0     978     977     977
53068  09  12   300  99999.00  99999.00   8744.04  10022.28   -679.95   -150.99   -978.38    -70.10       0     969     972     972
53068  09  12   250  99999.00  99999.00   9859.56  11337.84   -759.16   -217.00   -988.36   -198.16       0     967     967     967
53068  09  12   200  99999.00  99999.00  11246.71  12851.35   -776.91   -274.95   -970.10   -290.42       0     959     959     883
53068  09  12   150  99999.00  99999.00  13116.17  14679.65   -725.86   -375.34  -1015.17   -307.41       0     949     949     815
53068  09  12   100  99999.00  99999.00  15802.31  17120.87   -790.83   -381.03  -1007.95   -348.91       0     926     926     515
53068  09  12    80  99999.00  99999.00  99999.00  99999.00  99999.00  99999.00  99999.00  99999.00       0       0       0       0
53068  09  12    70  99999.00  99999.00  18144.60  19254.24   -765.14   -402.98  99999.00  99999.00       0     877     878      28
53068  09  12    60  99999.00  99999.00  99999.00  99999.00  99999.00  99999.00  99999.00  99999.00       0       0       0       0
53068  09  12    50  99999.00  99999.00  20284.11  21368.79   -706.73   -412.61  99999.00  99999.00       0     853     854      27
53068  09  12    40  99999.00  99999.00  21696.96  22806.60   -680.44   -398.44  99999.00  99999.00       0     830     831      27
53068  09  12    30  99999.00  99999.00  23511.47  24702.23   -644.70   -390.18  99999.00  99999.00       0     782     782      27
53068  09  12    20  99999.00  99999.00  26102.19  27385.35   -606.99   -377.43  99999.00  99999.00       0     653     654      27
53068  09  12    15  99999.00  99999.00  27982.08  29263.20   -588.21   -366.45  99999.00  99999.00       0     480     481      27
53068  09  12    10  99999.00  99999.00  30623.92  31978.96   -573.19   -327.67  99999.00  99999.00       0     264     265      26
53068  09  12     7  99999.00  99999.00  32937.38  34459.34   -566.43   -262.83  99999.00  99999.00       0     186     186      24
53068  09  12     5  99999.00  99999.00  35141.21  36856.25   -555.43   -190.03  99999.00  99999.00       0     145     145      23
53068  09  12     3  99999.00  99999.00  99999.00  99999.00  99999.00  99999.00  99999.00  99999.00       0       0       0       0
53068  09  12     2  99999.00  99999.00  99999.00  99999.00  99999.00  99999.00  99999.00  99999.00       0       0       0       0
53068  09  12     1  99999.00  99999.00  99999.00  99999.00  99999.00  99999.00  99999.00  99999.00       0       0       0       0
53068  10  12  9999   8770.76   9400.16  99999.00  99999.00   -266.52    418.20   -442.56    279.36    1000       0    1000    1000
53068  10  12  1000  99999.00  99999.00  99999.00  99999.00  99999.00  99999.00  99999.00  99999.00       0       0       0       0
53068  10  12   925  99999.00  99999.00  99999.00  99999.00  99999.00  99999.00  99999.00  99999.00       0       0       0       0
53068  10  12   900  99999.00  99999.00  99999.00  99999.00  99999.00  99999.00  99999.00  99999.00       0      21      21      21
53068  10  12   850  99999.00  99999.00   1255.33   1768.09   -332.58    453.30   -503.98    290.30       0    1022    1022    1022
53068  10  12   800  99999.00  99999.00  99999.00  99999.00  99999.00  99999.00  99999.00  99999.00       0       0       0       0
53068  10  12   700  99999.00  99999.00   2798.27   3337.43   -368.76    269.04   -644.87    279.01       0    1023    1023    1023
53068  10  12   600  99999.00  99999.00   3907.65   4618.65   -397.13    154.15   -748.38    227.58       0    1022    1022    1022
53068  10  12   500  99999.00  99999.00   5165.72   6101.72   -460.13     38.23   -793.23    105.57       0    1022    1022    1022
53068  10  12   400  99999.00  99999.00   6646.29   7841.37   -550.40   -104.36   -858.20    -36.80       0    1014    1014    1014
53068  10  12   300  99999.00  99999.00   8475.19   9941.23   -649.50   -291.30   -912.25   -241.21       0    1004    1006    1006
53068  10  12   250  99999.00  99999.00   9621.83  11170.43   -742.36   -334.84   -960.51   -317.31       0     997     996     978
53068  10  12   200  99999.00  99999.00  11059.95  12578.43   -821.48   -299.96   -969.42   -322.62       0     989     990     676
53068  10  12   150  99999.00  99999.00  12923.33  14374.85   -723.89   -402.41   -980.99   -343.31       0     975     976     625
53068  10  12   100  99999.00  99999.00  15538.03  16886.35   -722.38   -438.46   -992.99   -359.99       0     948     952     449
53068  10  12    80  99999.00  99999.00  99999.00  99999.00  99999.00  99999.00  99999.00  99999.00       0       0       0       0
53068  10  12    70  99999.00  99999.00  17825.83  19088.59   -732.41   -430.85  99999.00  99999.00       0     909     914      17
53068  10  12    60  99999.00  99999.00  99999.00  99999.00  99999.00  99999.00  99999.00  99999.00       0       0       0       0
53068  10  12    50  99999.00  99999.00  19946.24  21213.32   -724.05   -415.17  99999.00  99999.00       0     871     874      13
53068  10  12    40  99999.00  99999.00  21349.99  22643.95   -721.98   -387.42  99999.00  99999.00       0     836     840      13
53068  10  12    30  99999.00  99999.00  23150.65  24524.41   -699.75   -362.79  99999.00  99999.00       0     791     794      13
53068  10  12    20  99999.00  99999.00  25710.25  27212.65   -654.77   -353.93  99999.00  99999.00       0     687     692      13
53068  10  12    15  99999.00  99999.00  27574.68  29085.12   -637.79   -342.35  99999.00  99999.00       0     517     520      13
53068  10  12    10  99999.00  99999.00  30223.14  31703.34   -624.60   -309.84  99999.00  99999.00       0     248     249      12
53068  10  12     7  99999.00  99999.00  32586.17  34098.05   -605.74   -265.42  99999.00  99999.00       0     175     175      12
53068  10  12     5  99999.00  99999.00  34868.64  36405.24   -558.75   -230.55  99999.00  99999.00       0     128     128      11
53068  10  12     3  99999.00  99999.00  99999.00  99999.00  99999.00  99999.00  99999.00  99999.00       0       0       0       0
53068  10  12     2  99999.00  99999.00  99999.00  99999.00  99999.00  99999.00  99999.00  99999.00       0       0       0       0
53068  10  12     1  99999.00  99999.00  99999.00  99999.00  99999.00  99999.00  99999.00  99999.00       0       0       0       0
53068  11  12  9999   8723.69   9473.09  99999.00  99999.00   -443.39    351.97   -459.35    169.21     968       0     968     968
53068  11  12  1000  99999.00  99999.00  99999.00  99999.00  99999.00  99999.00  99999.00  99999.00       0       0       0       0
53068  11  12   925  99999.00  99999.00  99999.00  99999.00  99999.00  99999.00  99999.00  99999.00       0       6       6       6
53068  11  12   900  99999.00  99999.00  99999.00  99999.00  99999.00  99999.00  99999.00  99999.00       0      19      19      19
53068  11  12   850  99999.00  99999.00   1207.90   1795.54   -446.14    366.26   -528.20    216.04       0     989     986     986
53068  11  12   800  99999.00  99999.00  99999.00  99999.00  99999.00  99999.00  99999.00  99999.00       0       0       0       0
53068  11  12   700  99999.00  99999.00   2715.58   3307.42   -475.52    246.64   -690.26    220.54       0     990     989     989
53068  11  12   600  99999.00  99999.00   3788.38   4570.78   -503.00    147.64   -748.30    150.26       0     990     989     989
53068  11  12   500  99999.00  99999.00   4998.44   6044.00   -552.72     25.56   -788.28     34.08       0     990     988     988
53068  11  12   400  99999.00  99999.00   6424.80   7770.12   -620.36   -135.20   -849.27   -108.39       0     987     987     987
53068  11  12   300  99999.00  99999.00   8208.98   9834.38   -676.48   -348.64   -905.02   -300.70       0     983     984     984
53068  11  12   250  99999.00  99999.00   9356.29  11022.13   -760.23   -377.79   -945.90   -351.54       0     979     980     797
53068  11  12   200  99999.00  99999.00  10822.24  12370.24   -848.03   -306.83   -942.98   -330.98       0     973     975     454
53068  11  12   150  99999.00  99999.00  12708.64  14127.16   -738.58   -394.42   -956.77   -337.09       0     965     967     431
53068  11  12   100  99999.00  99999.00  15312.12  16651.68   -729.13   -423.61   -958.70   -359.90       0     939     941     346
53068  11  12    80  99999.00  99999.00  99999.00  99999.00  99999.00  99999.00  99999.00  99999.00       0       0       0       0
53068  11  12    70  99999.00  99999.00  17564.38  18896.38   -739.42   -414.70  99999.00  99999.00       0     908     910      17
53068  11  12    60  99999.00  99999.00  99999.00  99999.00  99999.00  99999.00  99999.00  99999.00       0       0       0       0
53068  11  12    50  99999.00  99999.00  19663.39  21047.83   -749.71   -383.71  99999.00  99999.00       0     879     882      17
53068  11  12    40  99999.00  99999.00  21048.32  22496.60   -757.76   -349.28  99999.00  99999.00       0     847     852      17
53068  11  12    30  99999.00  99999.00  22833.75  24395.43   -753.23   -308.87  99999.00  99999.00       0     802     806      17
53068  11  12    20  99999.00  99999.00  25352.96  27124.28   -747.81   -256.17  99999.00  99999.00       0     706     711      15
53068  11  12    15  99999.00  99999.00  27153.66  29082.54   -758.18   -206.18  99999.00  99999.00       0     546     551      15
53068  11  12    10  99999.00  99999.00  29667.47  31905.11   -804.24   -115.68  99999.00  99999.00       0     292     292      14
53068  11  12     7  99999.00  99999.00  31940.82  34424.10   -834.08    -15.44  99999.00  99999.00       0     184     184      13
53068  11  12     5  99999.00  99999.00  34016.78  36983.54   -813.93     27.51  99999.00  99999.00       0     121     121      10
53068  11  12     3  99999.00  99999.00  99999.00  99999.00  99999.00  99999.00  99999.00  99999.00       0       0       0       0
53068  11  12     2  99999.00  99999.00  99999.00  99999.00  99999.00  99999.00  99999.00  99999.00       0       0       0       0
53068  11  12     1  99999.00  99999.00  99999.00  99999.00  99999.00  99999.00  99999.00  99999.00       0       0       0       0
53068  12  12  9999   8738.74   9487.66  99999.00  99999.00   -481.84    206.00   -480.91     88.61    1001       0    1001    1001
53068  12  12  1000  99999.00  99999.00  99999.00  99999.00  99999.00  99999.00  99999.00  99999.00       0       0       0       0
53068  12  12   925  99999.00  99999.00  99999.00  99999.00  99999.00  99999.00  99999.00  99999.00       0       6       6       6
53068  12  12   900  99999.00  99999.00  99999.00  99999.00  99999.00  99999.00  99999.00  99999.00       0      16      16      16
53068  12  12   850  99999.00  99999.00   1207.64   1788.92   -462.72    241.80   -538.90    163.46       0    1021    1020    1020
53068  12  12   800  99999.00  99999.00  99999.00  99999.00  99999.00  99999.00  99999.00  99999.00       0       0       0       0
53068  12  12   700  99999.00  99999.00   2683.02   3269.22   -519.65    195.07   -657.03    133.65       0    1023    1023    1023
53068  12  12   600  99999.00  99999.00   3739.52   4507.28   -554.87    112.21   -725.36     79.00       0    1023    1021    1021
53068  12  12   500  99999.00  99999.00   4926.60   5957.52   -603.64     -6.64   -777.50    -21.14       0    1023    1021    1020
53068  12  12   400  99999.00  99999.00   6327.41   7657.61   -647.93   -178.49   -821.64   -178.56       0    1018    1018    1017
53068  12  12   300  99999.00  99999.00   8104.53   9677.97   -695.28   -378.72   -873.80   -359.60       0    1013    1013    1006
53068  12  12   250  99999.00  99999.00   9264.11  10836.23   -791.34   -367.02   -914.70   -371.70       0    1008    1007     656
53068  12  12   200  99999.00  99999.00  10739.42  12172.82   -832.49   -311.21   -925.07   -335.63       0    1003    1004     484
53068  12  12   150  99999.00  99999.00  12618.81  13949.01   -744.78   -371.10   -932.51   -339.23       0     996     996     472
53068  12  12   100  99999.00  99999.00  15190.56  16527.72   -754.62   -381.18   -955.15   -349.75       0     979     981     432
53068  12  12    80  99999.00  99999.00  99999.00  99999.00  99999.00  99999.00  99999.00  99999.00       0       0       0       0
53068  12  12    70  99999.00  99999.00  17400.07  18834.31   -786.25   -352.93  99999.00  99999.00       0     958     961      20
53068  12  12    60  99999.00  99999.00  99999.00  99999.00  99999.00  99999.00  99999.00  99999.00       0       0       0       0
53068  12  12    50  99999.00  99999.00  19443.10  21058.06   -804.70   -320.74  99999.00  99999.00       0     938     940      13
53068  12  12    40  99999.00  99999.00  20784.99  22557.99   -812.60   -288.80  99999.00  99999.00       0     921     922      10
53068  12  12    30  99999.00  99999.00  22546.92  24489.12   -802.23   -258.63  99999.00  99999.00       0     876     877       8
53068  12  12    20  99999.00  99999.00  25079.25  27205.53   -817.79   -182.15  99999.00  99999.00       0     763     770       8
53068  12  12    15  99999.00  99999.00  26853.08  29183.72   -854.69   -103.85  99999.00  99999.00       0     573     574       7
53068  12  12    10  99999.00  99999.00  29265.79  32144.83   -915.93     12.39  99999.00  99999.00       0     292     293       5
53068  12  12     7  99999.00  99999.00  31411.99  34849.87   -934.26    110.10  99999.00  99999.00       0     185     185       4
53068  12  12     5  99999.00  99999.00  33658.75  37348.03   -870.84    127.44  99999.00  99999.00       0     128     128       2
53068  12  12     3  99999.00  99999.00  99999.00  99999.00  99999.00  99999.00  99999.00  99999.00       0       0       0       0
53068  12  12     2  99999.00  99999.00  99999.00  99999.00  99999.00  99999.00  99999.00  99999.00       0       0       0       0
53068  12  12     1  99999.00  99999.00  99999.00  99999.00  99999.00  99999.00  99999.00  99999.00       0       0       0       0
