42027  01  00  9999    822.45    867.45  99999.00  99999.00   -169.26    151.62   -124.08    148.92     532       0     527     526
42027  01  00  1000  99999.00  99999.00  99999.00  99999.00  99999.00  99999.00  99999.00  99999.00       0       0       0       0
42027  01  00   925  99999.00  99999.00  99999.00  99999.00  99999.00  99999.00  99999.00  99999.00       0       0       0       0
42027  01  00   900  99999.00  99999.00  99999.00  99999.00  99999.00  99999.00  99999.00  99999.00       0       0       0       0
42027  01  00   850  99999.00  99999.00  99999.00  99999.00  99999.00  99999.00  99999.00  99999.00       0      50      54      53
42027  01  00   800  99999.00  99999.00  99999.00  99999.00  99999.00  99999.00  99999.00  99999.00       0       0      33      33
42027  01  00   700  99999.00  99999.00   2854.00   3308.20   -262.88    148.72   -428.53    201.11       0     582     584     568
42027  01  00   600  99999.00  99999.00  99999.00  99999.00   -350.98    104.66   -573.88    179.00       0       0     523     471
42027  01  00   500  99999.00  99999.00   5258.88   6036.84   -489.85     60.47   -691.53    116.67       0     570     572     426
42027  01  00   400  99999.00  99999.00   6729.79   7791.43   -615.06    -41.94   -766.86    -18.06       0     544     541     307
42027  01  00   300  99999.00  99999.00   8512.54   9932.98   -754.82   -178.46   -944.02   -110.62       0     493     498      87
42027  01  00   250  99999.00  99999.00   9668.18  11156.90   -823.03   -242.35  99999.00  99999.00       0     452     456      54
42027  01  00   200  99999.00  99999.00  10899.48  12760.68   -895.17   -236.13  99999.00  99999.00       0     386     391      47
42027  01  00   150  99999.00  99999.00  12798.59  14500.55   -852.61   -315.73  99999.00  99999.00       0     235     238      43
42027  01  00   100  99999.00  99999.00  15352.29  16970.37   -831.70   -415.54  99999.00  99999.00       0     150     151      37
42027  01  00    80  99999.00  99999.00  99999.00  99999.00  99999.00  99999.00  99999.00  99999.00       0       0       7       1
42027  01  00    70  99999.00  99999.00  17490.20  19253.00   -837.76   -402.88  99999.00  99999.00       0     100     103      31
42027  01  00    60  99999.00  99999.00  99999.00  99999.00  99999.00  99999.00  99999.00  99999.00       0       0       7       1
42027  01  00    50  99999.00  99999.00  19553.47  21339.07  -7526.29   6073.91  99999.00  99999.00       0      67      69      19
42027  01  00    40  99999.00  99999.00  99999.00  99999.00  99999.00  99999.00  99999.00  99999.00       0       0       7       2
42027  01  00    30  99999.00  99999.00  99999.00  99999.00  99999.00  99999.00  99999.00  99999.00       0      29      31      10
42027  01  00    20  99999.00  99999.00  99999.00  99999.00  99999.00  99999.00  99999.00  99999.00       0      24      25       9
42027  01  00    15  99999.00  99999.00  99999.00  99999.00  99999.00  99999.00  99999.00  99999.00       0       0       4       1
42027  01  00    10  99999.00  99999.00  99999.00  99999.00  99999.00  99999.00  99999.00  99999.00       0      10      11       6
42027  01  00     7  99999.00  99999.00  99999.00  99999.00  99999.00  99999.00  99999.00  99999.00       0       0       1       0
42027  01  00     5  99999.00  99999.00  99999.00  99999.00  99999.00  99999.00  99999.00  99999.00       0       0       1       0
42027  01  00     3  99999.00  99999.00  99999.00  99999.00  99999.00  99999.00  99999.00  99999.00       0       0       0       0
42027  01  00     2  99999.00  99999.00  99999.00  99999.00  99999.00  99999.00  99999.00  99999.00       0       0       0       0
42027  01  00     1  99999.00  99999.00  99999.00  99999.00  99999.00  99999.00  99999.00  99999.00       0       0       0       0
42027  02  00  9999    819.73    866.53  99999.00  99999.00   -133.13    161.47   -136.69    168.71     502       0     497     493
42027  02  00  1000  99999.00  99999.00  99999.00  99999.00  99999.00  99999.00  99999.00  99999.00       0       0       0       0
42027  02  00   925  99999.00  99999.00  99999.00  99999.00  99999.00  99999.00  99999.00  99999.00       0       0       0       0
42027  02  00   900  99999.00  99999.00  99999.00  99999.00  99999.00  99999.00  99999.00  99999.00       0       0       0       0
42027  02  00   850  99999.00  99999.00  99999.00  99999.00  99999.00  99999.00  99999.00  99999.00       0      20      19      19
42027  02  00   800  99999.00  99999.00  99999.00  99999.00  99999.00  99999.00  99999.00  99999.00       0       0      30      30
42027  02  00   700  99999.00  99999.00   2827.78   3320.62   -246.74    148.90   -384.05    200.23       0     553     559     546
42027  02  00   600  99999.00  99999.00  99999.00  99999.00   -354.87    116.97   -544.14    179.10       0       0     427     399
42027  02  00   500  99999.00  99999.00   5228.62   6060.70   -476.97     51.75   -692.53    130.55       0     539     544     443
42027  02  00   400  99999.00  99999.00   6719.14   7791.58   -620.29    -28.21   -808.25     27.67       0     530     536     340
42027  02  00   300  99999.00  99999.00   8547.75   9894.87   -761.04   -167.76   -941.13   -120.21       0     495     503     110
42027  02  00   250  99999.00  99999.00   9626.62  11197.66   -849.36   -204.72  -1016.51   -216.59       0     455     464      75
42027  02  00   200  99999.00  99999.00  11086.61  12573.89   -896.29   -208.09  -1082.20   -282.40       0     398     408      70
42027  02  00   150  99999.00  99999.00  12883.72  14421.16   -824.67   -318.27  -1136.23   -295.99       0     275     282      62
42027  02  00   100  99999.00  99999.00  15384.87  16980.63   -863.25   -380.13  99999.00  99999.00       0     171     174      52
42027  02  00    80  99999.00  99999.00  99999.00  99999.00  99999.00  99999.00  99999.00  99999.00       0       0       8       2
42027  02  00    70  99999.00  99999.00    770.13  35427.21   -924.26   -347.66  99999.00  99999.00       0      97     107      43
42027  02  00    60  99999.00  99999.00  99999.00  99999.00  99999.00  99999.00  99999.00  99999.00       0       0       8       3
42027  02  00    50  99999.00  99999.00  19225.89  21760.05   -932.61   -261.57  99999.00  99999.00       0      74      82      33
42027  02  00    40  99999.00  99999.00  99999.00  99999.00  99999.00  99999.00  99999.00  99999.00       0       0      12       7
42027  02  00    30  99999.00  99999.00  99999.00  99999.00  99999.00  99999.00  99999.00  99999.00       0      39      43      13
42027  02  00    20  99999.00  99999.00  99999.00  99999.00  99999.00  99999.00  99999.00  99999.00       0      27      29      11
42027  02  00    15  99999.00  99999.00  99999.00  99999.00  99999.00  99999.00  99999.00  99999.00       0       0       7       2
42027  02  00    10  99999.00  99999.00  99999.00  99999.00  99999.00  99999.00  99999.00  99999.00       0      10      10       6
42027  02  00     7  99999.00  99999.00  99999.00  99999.00  99999.00  99999.00  99999.00  99999.00       0       0       2       1
42027  02  00     5  99999.00  99999.00  99999.00  99999.00  99999.00  99999.00  99999.00  99999.00       0       0       5       1
42027  02  00     3  99999.00  99999.00  99999.00  99999.00  99999.00  99999.00  99999.00  99999.00       0       0       1       0
42027  02  00     2  99999.00  99999.00  99999.00  99999.00  99999.00  99999.00  99999.00  99999.00       0       0       0       0
42027  02  00     1  99999.00  99999.00  99999.00  99999.00  99999.00  99999.00  99999.00  99999.00       0       0       0       0
42027  03  00  9999    824.24    860.96  99999.00  99999.00   -103.51    209.57   -111.80    154.36     605       0     600     600
42027  03  00  1000  99999.00  99999.00  99999.00  99999.00  99999.00  99999.00  99999.00  99999.00       0       0       0       0
42027  03  00   925  99999.00  99999.00  99999.00  99999.00  99999.00  99999.00  99999.00  99999.00       0       0       0       0
42027  03  00   900  99999.00  99999.00  99999.00  99999.00  99999.00  99999.00  99999.00  99999.00       0       0       0       0
42027  03  00   850  99999.00  99999.00  99999.00  99999.00  99999.00  99999.00  99999.00  99999.00       0       6       6       6
42027  03  00   800  99999.00  99999.00  99999.00  99999.00  99999.00  99999.00  99999.00  99999.00       0       0      48      47
42027  03  00   700  99999.00  99999.00   2867.18   3315.74   -241.74    219.54   -336.63    215.61       0     622     628     608
42027  03  00   600  99999.00  99999.00  99999.00  99999.00   -343.42    166.10   -561.62    245.14       0       0     525     485
42027  03  00   500  99999.00  99999.00   5272.36   6114.04   -472.48    110.36   -733.67    211.09       0     590     594     489
42027  03  00   400  99999.00  99999.00   6750.35   7892.63   -613.63     16.01   -808.39     70.49       0     576     576     393
42027  03  00   300  99999.00  99999.00   8541.24  10080.00   -762.83   -134.03   -915.93    -97.17       0     536     545     166
42027  03  00   250  99999.00  99999.00   9591.66  11418.42   -833.20   -214.36  -1038.91   -163.27       0     498     505      95
42027  03  00   200  99999.00  99999.00  10963.57  12890.65   -885.22   -235.42  -1004.70   -346.02       0     436     446      84
42027  03  00   150  99999.00  99999.00  12755.48  14753.00   -812.29   -338.17  -1145.76   -326.16       0     291     302      72
42027  03  00   100  99999.00  99999.00  15294.15  17292.75   -904.53   -345.09  -1284.63   -342.63       0     200     204      63
42027  03  00    80  99999.00  99999.00  99999.00  99999.00  99999.00  99999.00  99999.00  99999.00       0       0      22       2
42027  03  00    70  99999.00  99999.00  17599.52  19425.20   -937.24   -327.52  99999.00  99999.00       0     139     144      56
42027  03  00    60  99999.00  99999.00  99999.00  99999.00  99999.00  99999.00  99999.00  99999.00       0       0      11       2
42027  03  00    50  99999.00  99999.00  19568.28  21578.88   -890.17   -318.61  99999.00  99999.00       0     106     112      49
42027  03  00    40  99999.00  99999.00  99999.00  99999.00  99999.00  99999.00  99999.00  99999.00       0       0       9       2
42027  03  00    30  99999.00  99999.00  22038.51  25690.35   -884.69   -176.69  99999.00  99999.00       0      70      71      29
42027  03  00    20  99999.00  99999.00  99999.00  99999.00  99999.00  99999.00  99999.00  99999.00       0      54      58      20
42027  03  00    15  99999.00  99999.00  99999.00  99999.00  99999.00  99999.00  99999.00  99999.00       0       0      13       4
42027  03  00    10  99999.00  99999.00  99999.00  99999.00  99999.00  99999.00  99999.00  99999.00       0      29      32      13
42027  03  00     7  99999.00  99999.00  99999.00  99999.00  99999.00  99999.00  99999.00  99999.00       0       0      13       6
42027  03  00     5  99999.00  99999.00  99999.00  99999.00  99999.00  99999.00  99999.00  99999.00       0       0       4       2
42027  03  00     3  99999.00  99999.00  99999.00  99999.00  99999.00  99999.00  99999.00  99999.00       0       0       0       0
42027  03  00     2  99999.00  99999.00  99999.00  99999.00  99999.00  99999.00  99999.00  99999.00       0       0       0       0
42027  03  00     1  99999.00  99999.00  99999.00  99999.00  99999.00  99999.00  99999.00  99999.00       0       0       0       0
42027  04  00  9999    826.39    857.35  99999.00  99999.00    -56.88    234.96    -82.55    129.97     624       0     618     617
42027  04  00  1000  99999.00  99999.00  99999.00  99999.00  99999.00  99999.00  99999.00  99999.00       0       0       0       0
42027  04  00   925  99999.00  99999.00  99999.00  99999.00  99999.00  99999.00  99999.00  99999.00       0       0       0       0
42027  04  00   900  99999.00  99999.00  99999.00  99999.00  99999.00  99999.00  99999.00  99999.00       0       0       0       0
42027  04  00   850  99999.00  99999.00  99999.00  99999.00  99999.00  99999.00  99999.00  99999.00       0       0       0       0
42027  04  00   800  99999.00  99999.00  99999.00  99999.00  99999.00  99999.00  99999.00  99999.00       0       0      40      39
42027  04  00   700  99999.00  99999.00   2909.49   3296.37   -190.52    246.16   -304.33    246.95       0     667     673     659
42027  04  00   600  99999.00  99999.00  99999.00  99999.00   -277.21    175.43   -477.63    235.41       0       0     573     535
42027  04  00   500  99999.00  99999.00   5389.54   6095.38   -403.01    111.79   -671.23    220.97       0     646     654     531
42027  04  00   400  99999.00  99999.00   6905.54   7879.10   -540.94     10.82   -751.24     73.04       0     625     627     405
42027  04  00   300  99999.00  99999.00   8753.46  10072.38   -711.31   -125.47   -902.70    -69.90       0     586     589     200
42027  04  00   250  99999.00  99999.00   9833.61  11404.17   -796.71   -211.95   -993.36   -177.84       0     570     573     108
42027  04  00   200  99999.00  99999.00  11176.57  12939.13   -866.62   -251.62  -1074.48   -260.40       0     506     516      96
42027  04  00   150  99999.00  99999.00  12924.78  14834.94   -817.57   -337.45  -1143.96   -316.32       0     360     370      85
42027  04  00   100  99999.00  99999.00  15350.16  17439.00   -897.47   -371.63  -1197.21   -404.61       0     246     251      80
42027  04  00    80  99999.00  99999.00  99999.00  99999.00  99999.00  99999.00  99999.00  99999.00       0       0      20      10
42027  04  00    70  99999.00  99999.00  17601.12  19561.08   -921.77   -377.21  -1218.95   -455.51       0     164     169      74
42027  04  00    60  99999.00  99999.00  99999.00  99999.00  99999.00  99999.00  99999.00  99999.00       0       0      17      10
42027  04  00    50  99999.00  99999.00  19523.99  21747.83   -903.74   -318.38  -1259.48   -380.48       0     132     139      65
42027  04  00    40  99999.00  99999.00  99999.00  99999.00  99999.00  99999.00  99999.00  99999.00       0       0      16       7
42027  04  00    30  99999.00  99999.00  22660.09  25082.65   -917.79   -170.31  99999.00  99999.00       0     102     105      45
42027  04  00    20  99999.00  99999.00  24990.31  28004.95   -845.66   -161.06  99999.00  99999.00       0      80      83      34
42027  04  00    15  99999.00  99999.00  99999.00  99999.00  99999.00  99999.00  99999.00  99999.00       0       0      15      10
42027  04  00    10  99999.00  99999.00  99999.00  99999.00  99999.00  99999.00  99999.00  99999.00       0      45      50      25
42027  04  00     7  99999.00  99999.00  99999.00  99999.00  99999.00  99999.00  99999.00  99999.00       0       0      20      10
42027  04  00     5  99999.00  99999.00  99999.00  99999.00  99999.00  99999.00  99999.00  99999.00       0       0      13       2
42027  04  00     3  99999.00  99999.00  99999.00  99999.00  99999.00  99999.00  99999.00  99999.00       0       0       1       0
42027  04  00     2  99999.00  99999.00  99999.00  99999.00  99999.00  99999.00  99999.00  99999.00       0       0       0       0
42027  04  00     1  99999.00  99999.00  99999.00  99999.00  99999.00  99999.00  99999.00  99999.00       0       0       0       0
42027  05  00  9999    823.01    856.49  99999.00  99999.00    -34.09    282.23   -129.18    182.70     656       0     649     647
42027  05  00  1000  99999.00  99999.00  99999.00  99999.00  99999.00  99999.00  99999.00  99999.00       0       0       0       0
42027  05  00   925  99999.00  99999.00  99999.00  99999.00  99999.00  99999.00  99999.00  99999.00       0       0       0       0
42027  05  00   900  99999.00  99999.00  99999.00  99999.00  99999.00  99999.00  99999.00  99999.00       0       0       0       0
42027  05  00   850  99999.00  99999.00  99999.00  99999.00  99999.00  99999.00  99999.00  99999.00       0       0       0       0
42027  05  00   800  99999.00  99999.00  99999.00  99999.00  99999.00  99999.00  99999.00  99999.00       0       0      33      33
42027  05  00   700  99999.00  99999.00   2933.09   3273.53   -167.20    302.24   -278.05    283.19       0     688     687     672
42027  05  00   600  99999.00  99999.00  99999.00  99999.00   -226.98    198.90   -413.83    232.61       0       0     561     520
42027  05  00   500  99999.00  99999.00   5450.89   6104.17   -352.12    124.64   -576.86    184.06       0     675     673     557
42027  05  00   400  99999.00  99999.00   7015.22   7887.98   -478.98     16.86   -745.60    101.48       0     664     664     401
42027  05  00   300  99999.00  99999.00   8921.37  10077.57   -674.10    -84.90   -883.58    -45.02       0     637     634     235
42027  05  00   250  99999.00  99999.00  10034.80  11432.08   -773.71   -140.35  -1040.45    -81.65       0     602     600     128
42027  05  00   200  99999.00  99999.00  11436.42  12965.22   -825.30   -216.42  -1082.70   -251.34       0     562     573      95
42027  05  00   150  99999.00  99999.00  13125.26  14949.38   -826.10   -327.74  -1228.73   -290.69       0     429     435      83
42027  05  00   100  99999.00  99999.00  15684.46  17402.74   -951.37   -376.69  -1277.83   -427.39       0     289     294      80
42027  05  00    80  99999.00  99999.00  99999.00  99999.00  99999.00  99999.00  99999.00  99999.00       0       0      24       8
42027  05  00    70  99999.00  99999.00  17823.12  19590.48   -972.89   -369.29  -1326.29   -452.81       0     216     224      76
42027  05  00    60  99999.00  99999.00  99999.00  99999.00  99999.00  99999.00  99999.00  99999.00       0       0      21      10
42027  05  00    50  99999.00  99999.00  19818.74  21689.30   -897.72   -312.60  -1281.74   -415.10       0     184     190      65
42027  05  00    40  99999.00  99999.00  99999.00  99999.00  99999.00  99999.00  99999.00  99999.00       0       0      17       8
42027  05  00    30  99999.00  99999.00  22806.84  25184.28   -793.55   -257.15  99999.00  99999.00       0     142     149      51
42027  05  00    20  99999.00  99999.00  25440.50  27826.22   -698.27   -252.71  99999.00  99999.00       0     113     115      28
42027  05  00    15  99999.00  99999.00  99999.00  99999.00  99999.00  99999.00  99999.00  99999.00       0       0      26      19
42027  05  00    10  99999.00  99999.00  29409.42  33169.38   -617.84   -187.88  99999.00  99999.00       0      67      72      18
42027  05  00     7  99999.00  99999.00  99999.00  99999.00  99999.00  99999.00  99999.00  99999.00       0       0      18       7
42027  05  00     5  99999.00  99999.00  99999.00  99999.00  99999.00  99999.00  99999.00  99999.00       0       0      21       2
42027  05  00     3  99999.00  99999.00  99999.00  99999.00  99999.00  99999.00  99999.00  99999.00       0       0       0       0
42027  05  00     2  99999.00  99999.00  99999.00  99999.00  99999.00  99999.00  99999.00  99999.00       0       0       0       0
42027  05  00     1  99999.00  99999.00  99999.00  99999.00  99999.00  99999.00  99999.00  99999.00       0       0       0       0
42027  06  00  9999    818.61    853.77  99999.00  99999.00  -1940.86   2235.14  -2045.10   2075.70     690       0     681     680
42027  06  00  1000  99999.00  99999.00  99999.00  99999.00  99999.00  99999.00  99999.00  99999.00       0       0       0       0
42027  06  00   925  99999.00  99999.00  99999.00  99999.00  99999.00  99999.00  99999.00  99999.00       0       0       0       0
42027  06  00   900  99999.00  99999.00  99999.00  99999.00  99999.00  99999.00  99999.00  99999.00       0       0       0       0
42027  06  00   850  99999.00  99999.00  99999.00  99999.00  99999.00  99999.00  99999.00  99999.00       0       0       0       0
42027  06  00   800  99999.00  99999.00  99999.00  99999.00  99999.00  99999.00  99999.00  99999.00       0       0      41      41
42027  06  00   700  99999.00  99999.00   2923.36   3250.36  -1891.18   2075.06   -282.75    353.49       0     753     749     737
42027  06  00   600  99999.00  99999.00  99999.00  99999.00   -201.35    243.13   -388.67    288.49       0       0     578     547
42027  06  00   500  99999.00  99999.00   5526.52   6066.28  -2067.61   1884.71   -564.66    237.54       0     727     725     609
42027  06  00   400  99999.00  99999.00   7105.49   7888.37   -463.41     95.91   -857.36    264.04       0     704     703     435
42027  06  00   300  99999.00  99999.00   8988.49  10199.77   -607.90     -0.94  -1087.56    202.56       0     675     681     264
42027  06  00   250  99999.00  99999.00  10181.54  11552.30   -665.19    -90.15  -1234.24    130.16       0     646     653     190
42027  06  00   200  99999.00  99999.00  11576.26  13182.34   -711.88   -222.04  -1292.95    -97.15       0     601     615     122
42027  06  00   150  99999.00  99999.00  13409.41  15063.13   -819.16   -344.92  -1282.40   -325.40       0     448     465     106
42027  06  00   100  99999.00  99999.00  15837.43  17607.67   -940.17   -449.49  -1330.79   -474.71       0     322     333     106
42027  06  00    80  99999.00  99999.00  99999.00  99999.00  99999.00  99999.00  99999.00  99999.00       0       0      30      12
42027  06  00    70  99999.00  99999.00  17967.76  19760.32   -966.17   -397.37  -1353.08   -471.20       0     255     266      97
42027  06  00    60  99999.00  99999.00  99999.00  99999.00  99999.00  99999.00  99999.00  99999.00       0       0      24      16
42027  06  00    50  99999.00  99999.00  19938.69  21845.01   -889.90   -322.90  -1334.77   -373.93       0     222     232      80
42027  06  00    40  99999.00  99999.00  99999.00  99999.00  99999.00  99999.00  99999.00  99999.00       0       0      22      11
42027  06  00    30  99999.00  99999.00  23168.38  25098.94   -790.13   -256.73  -1385.36   -234.44       0     172     186      73
42027  06  00    20  99999.00  99999.00  25749.07  27789.79   -672.44   -278.12  99999.00  99999.00       0     141     152      54
42027  06  00    15  99999.00  99999.00  99999.00  99999.00  99999.00  99999.00  99999.00  99999.00       0       0      28      20
42027  06  00    10  99999.00  99999.00  30138.03  32648.43  -5906.05   4935.35  99999.00  99999.00       0      99     113      40
42027  06  00     7  99999.00  99999.00  99999.00  99999.00  99999.00  99999.00  99999.00  99999.00       0       0      37      13
42027  06  00     5  99999.00  99999.00  99999.00  99999.00  99999.00  99999.00  99999.00  99999.00       0       0      20       1
42027  06  00     3  99999.00  99999.00  99999.00  99999.00  99999.00  99999.00  99999.00  99999.00       0       0       0       0
42027  06  00     2  99999.00  99999.00  99999.00  99999.00  99999.00  99999.00  99999.00  99999.00       0       1       2       2
42027  06  00     1  99999.00  99999.00  99999.00  99999.00  99999.00  99999.00  99999.00  99999.00       0       0       0       0
42027  07  00  9999    820.66    847.54  99999.00  99999.00     55.63    331.03   -127.23    176.61     773       0     765     764
42027  07  00  1000  99999.00  99999.00  99999.00  99999.00  99999.00  99999.00  99999.00  99999.00       0       0       0       0
42027  07  00   925  99999.00  99999.00  99999.00  99999.00  99999.00  99999.00  99999.00  99999.00       0       0       0       0
42027  07  00   900  99999.00  99999.00  99999.00  99999.00  99999.00  99999.00  99999.00  99999.00       0       0       0       0
42027  07  00   850  99999.00  99999.00  99999.00  99999.00  99999.00  99999.00  99999.00  99999.00       0       0       0       0
42027  07  00   800  99999.00  99999.00  99999.00  99999.00  99999.00  99999.00  99999.00  99999.00       0       0      44      44
42027  07  00   700  99999.00  99999.00   2937.32   3220.04    -44.86    290.54   -158.58    325.74       0     869     863     852
42027  07  00   600  99999.00  99999.00  99999.00  99999.00   -147.64    235.64   -303.81    299.91       0       0     672     660
42027  07  00   500  99999.00  99999.00   5558.78   6064.10   -249.55    163.73   -497.81    266.83       0     829     835     768
42027  07  00   400  99999.00  99999.00   3799.40  11234.72  -2263.29   1968.51   -871.42    370.10       0     809     791     556
42027  07  00   300  99999.00  99999.00   9199.07  10157.27   -458.33    -60.17  -1118.74    315.50       0     784     779     356
42027  07  00   250  99999.00  99999.00  10440.73  11511.61   -566.84   -126.80  -1226.39    229.81       0     739     752     258
42027  07  00   200  99999.00  99999.00  11867.04  13127.40   -701.78   -211.70  -1292.88     43.44       0     686     704     172
42027  07  00   150  99999.00  99999.00  13645.15  15056.47   -858.72   -330.24  -1288.91   -229.19       0     540     560     147
42027  07  00   100  99999.00  99999.00  15966.82  17679.82   -978.54   -451.38  -1300.88   -452.96       0     400     406     144
42027  07  00    80  99999.00  99999.00  99999.00  99999.00  99999.00  99999.00  99999.00  99999.00       0       0      21       8
42027  07  00    70  99999.00  99999.00  17992.29  19901.61  -1010.04   -363.72  -1313.53   -437.77       0     298     309     127
42027  07  00    60  99999.00  99999.00  99999.00  99999.00  99999.00  99999.00  99999.00  99999.00       0       0      18       9
42027  07  00    50  99999.00  99999.00  20107.98  21839.58   -889.58   -314.54  -1316.89   -324.85       0     246     258     116
42027  07  00    40  99999.00  99999.00  99999.00  99999.00  99999.00  99999.00  99999.00  99999.00       0       0      28      16
42027  07  00    30  99999.00  99999.00  23284.87  25127.71   -773.21   -277.37  -1348.45   -215.29       0     205     215      82
42027  07  00    20  99999.00  99999.00   9537.44  43694.36  -4796.79   3726.93  -1401.82   -148.18       0     168     180      73
42027  07  00    15  99999.00  99999.00  99999.00  99999.00  99999.00  99999.00  99999.00  99999.00       0       0      25      22
42027  07  00    10  99999.00  99999.00  29940.55  32995.27   -617.09   -200.81  99999.00  99999.00       0     110     113      55
42027  07  00     7  99999.00  99999.00  99999.00  99999.00  99999.00  99999.00  99999.00  99999.00       0       0      41      22
42027  07  00     5  99999.00  99999.00  99999.00  99999.00  99999.00  99999.00  99999.00  99999.00       0       0      19       5
42027  07  00     3  99999.00  99999.00  99999.00  99999.00  99999.00  99999.00  99999.00  99999.00       0       0       2       0
42027  07  00     2  99999.00  99999.00  99999.00  99999.00  99999.00  99999.00  99999.00  99999.00       0       0       0       0
42027  07  00     1  99999.00  99999.00  99999.00  99999.00  99999.00  99999.00  99999.00  99999.00       0       0       0       0
42027  08  00  9999    821.29    849.73  99999.00  99999.00     40.92    331.44    -49.18     87.14     727       0     717     715
42027  08  00  1000  99999.00  99999.00  99999.00  99999.00  99999.00  99999.00  99999.00  99999.00       0       0       0       0
42027  08  00   925  99999.00  99999.00  99999.00  99999.00  99999.00  99999.00  99999.00  99999.00       0       0       0       0
42027  08  00   900  99999.00  99999.00  99999.00  99999.00  99999.00  99999.00  99999.00  99999.00       0       0       0       0
42027  08  00   850  99999.00  99999.00  99999.00  99999.00  99999.00  99999.00  99999.00  99999.00       0       0       0       0
42027  08  00   800  99999.00  99999.00  99999.00  99999.00  99999.00  99999.00  99999.00  99999.00       0       0      42      40
42027  08  00   700  99999.00  99999.00   2941.92   3239.64    -46.42    286.82   -167.68    334.28       0     816     803     785
42027  08  00   600  99999.00  99999.00  99999.00  99999.00   -178.93    256.07   -380.11    360.77       0       0     646     631
42027  08  00   500  99999.00  99999.00   5569.59   6078.15   -248.68    163.76   -516.16    284.60       0     785     796     742
42027  08  00   400  99999.00  99999.00   7198.04   7904.60   -343.51     70.25   -809.66    324.70       0     757     741     527
42027  08  00   300  99999.00  99999.00   9195.90  10183.38   -473.21    -56.21  -1067.08    281.00       0     725     730     328
42027  08  00   250  99999.00  99999.00   6095.09  15812.57   -584.96   -123.08  -1185.60    215.04       0     681     695     237
42027  08  00   200  99999.00  99999.00   7106.86  17831.50   -717.87   -210.27  -1286.46     39.66       0     644     658     144
42027  08  00   150  99999.00  99999.00   7481.30  21117.98   -878.78   -321.98  -1264.27   -268.03       0     465     497     134
42027  08  00   100  99999.00  99999.00  15906.36  17759.52   -973.33   -451.81  -1279.75   -485.35       0     330     343     125
42027  08  00    80  99999.00  99999.00  99999.00  99999.00  99999.00  99999.00  99999.00  99999.00       0       0      27      11
42027  08  00    70  99999.00  99999.00  17966.81  19932.41   -984.91   -368.95  -1335.51   -406.35       0     231     241     100
42027  08  00    60  99999.00  99999.00  99999.00  99999.00  99999.00  99999.00  99999.00  99999.00       0       0      19      10
42027  08  00    50  99999.00  99999.00  20060.20  21947.80   -855.13   -335.77  -1245.27   -374.31       0     190     197      80
42027  08  00    40  99999.00  99999.00  99999.00  99999.00  99999.00  99999.00  99999.00  99999.00       0       0      16       4
42027  08  00    30  99999.00  99999.00  23312.12  25131.44   -722.37   -328.89  99999.00  99999.00       0     129     134      56
42027  08  00    20  99999.00  99999.00  25912.90  27819.10   -686.70   -272.58  99999.00  99999.00       0     105     110      55
42027  08  00    15  99999.00  99999.00  99999.00  99999.00  99999.00  99999.00  99999.00  99999.00       0       0      12       9
42027  08  00    10  99999.00  99999.00  99999.00  99999.00   -617.07   -220.35  99999.00  99999.00       0      59      62      32
42027  08  00     7  99999.00  99999.00  99999.00  99999.00  99999.00  99999.00  99999.00  99999.00       0       0      25      17
42027  08  00     5  99999.00  99999.00  99999.00  99999.00  99999.00  99999.00  99999.00  99999.00       0       0      18       8
42027  08  00     3  99999.00  99999.00  99999.00  99999.00  99999.00  99999.00  99999.00  99999.00       0       0       0       0
42027  08  00     2  99999.00  99999.00  99999.00  99999.00  99999.00  99999.00  99999.00  99999.00       0       0       0       0
42027  08  00     1  99999.00  99999.00  99999.00  99999.00  99999.00  99999.00  99999.00  99999.00       0       0       0       0
42027  09  00  9999    823.49    855.41  99999.00  99999.00  -2405.12   2645.08  -2212.25   2215.75     596       0     583     583
42027  09  00  1000  99999.00  99999.00  99999.00  99999.00  99999.00  99999.00  99999.00  99999.00       0       0       0       0
42027  09  00   925  99999.00  99999.00  99999.00  99999.00  99999.00  99999.00  99999.00  99999.00       0       0       0       0
42027  09  00   900  99999.00  99999.00  99999.00  99999.00  99999.00  99999.00  99999.00  99999.00       0       0       0       0
42027  09  00   850  99999.00  99999.00  99999.00  99999.00  99999.00  99999.00  99999.00  99999.00       0       1       1       1
42027  09  00   800  99999.00  99999.00  99999.00  99999.00  99999.00  99999.00  99999.00  99999.00       0       0      42      41
42027  09  00   700  99999.00  99999.00   2941.68   3279.12   -120.69    296.55   -264.64    317.96       0     638     642     627
42027  09  00   600  99999.00  99999.00  99999.00  99999.00   -220.69    236.87   -429.45    292.11       0       0     537     505
42027  09  00   500  99999.00  99999.00   5513.50   6101.62   -337.72    170.12   -650.85    290.55       0     627     625     482
42027  09  00   400  99999.00  99999.00   7092.06   7918.02   -455.97     80.07   -870.37    270.95       0     599     597     293
42027  09  00   300  99999.00  99999.00   9023.89  10174.93   -590.85    -37.77  -1107.27    190.89       0     562     570     169
42027  09  00   250  99999.00  99999.00  10195.03  11550.91   -655.24   -131.56  -1234.85    103.03       0     542     547     114
42027  09  00   200  99999.00  99999.00  11586.51  13151.79   -755.72   -229.04  -1283.84   -134.48       0     492     505      88
42027  09  00   150  99999.00  99999.00  13357.32  15037.68   -880.00   -353.20  -1207.92   -424.32       0     324     333      83
42027  09  00   100  99999.00  99999.00  15761.20  17514.52   -948.76   -464.56  -1290.11   -502.79       0     220     228      76
42027  09  00    80  99999.00  99999.00  99999.00  99999.00  99999.00  99999.00  99999.00  99999.00       0       0      17       5
42027  09  00    70  99999.00  99999.00  18048.32  19512.68   -933.89   -384.77  99999.00  99999.00       0     159     169      58
42027  09  00    60  99999.00  99999.00  99999.00  99999.00  99999.00  99999.00  99999.00  99999.00       0       0      12       5
42027  09  00    50  99999.00  99999.00  19962.14  21750.50   -872.66   -293.30  99999.00  99999.00       0     114     121      40
42027  09  00    40  99999.00  99999.00  99999.00  99999.00  99999.00  99999.00  99999.00  99999.00       0       0       9       4
42027  09  00    30  99999.00  99999.00  22491.89  25717.37   -830.02   -189.46  99999.00  99999.00       0      80      89      25
42027  09  00    20  99999.00  99999.00  99999.00  99999.00   -783.71   -188.87  99999.00  99999.00       0      59      65      22
42027  09  00    15  99999.00  99999.00  99999.00  99999.00  99999.00  99999.00  99999.00  99999.00       0       0      11       3
42027  09  00    10  99999.00  99999.00  99999.00  99999.00  99999.00  99999.00  99999.00  99999.00       0      37      40      17
42027  09  00     7  99999.00  99999.00  99999.00  99999.00  99999.00  99999.00  99999.00  99999.00       0       0      13      10
42027  09  00     5  99999.00  99999.00  99999.00  99999.00  99999.00  99999.00  99999.00  99999.00       0       0      11       1
42027  09  00     3  99999.00  99999.00  99999.00  99999.00  99999.00  99999.00  99999.00  99999.00       0       0       0       0
42027  09  00     2  99999.00  99999.00  99999.00  99999.00  99999.00  99999.00  99999.00  99999.00       0       0       0       0
42027  09  00     1  99999.00  99999.00  99999.00  99999.00  99999.00  99999.00  99999.00  99999.00       0       0       1       0
42027  10  00  9999    828.93    858.69  99999.00  99999.00   -112.42    259.70    -79.22    109.06     591       0     575     572
42027  10  00  1000  99999.00  99999.00  99999.00  99999.00  99999.00  99999.00  99999.00  99999.00       0       0       0       0
42027  10  00   925  99999.00  99999.00  99999.00  99999.00  99999.00  99999.00  99999.00  99999.00       0       0       0       0
42027  10  00   900  99999.00  99999.00  99999.00  99999.00  99999.00  99999.00  99999.00  99999.00       0       0       0       0
42027  10  00   850  99999.00  99999.00  99999.00  99999.00  99999.00  99999.00  99999.00  99999.00       0       7       7       7
42027  10  00   800  99999.00  99999.00  99999.00  99999.00  99999.00  99999.00  99999.00  99999.00       0       0      45      45
42027  10  00   700  99999.00  99999.00   2976.76   3273.64   -175.31    249.73   -376.42    285.38       0     646     644     621
42027  10  00   600  99999.00  99999.00  99999.00  99999.00   -284.38    199.82   -508.25    225.55       0       0     507     437
42027  10  00   500  99999.00  99999.00   5462.24   6080.24   -387.19    102.29   -686.37    189.15       0     612     611     397
42027  10  00   400  99999.00  99999.00   6993.89   7859.09   -527.50      7.82   -884.35    139.25       0     590     586     244
42027  10  00   300  99999.00  99999.00   8845.08  10059.00   -708.54    -85.50  -1062.78      3.54       0     553     556     117
42027  10  00   250  99999.00  99999.00   9921.75  11440.47   -788.62   -148.18  -1134.71   -109.43       0     514     516      91
42027  10  00   200  99999.00  99999.00  11255.57  13025.81   -809.31   -260.91  -1192.37   -241.01       0     461     462      80
42027  10  00   150  99999.00  99999.00  12990.50  14908.22   -841.69   -373.21  -1249.45   -368.41       0     330     330      73
42027  10  00   100  99999.00  99999.00  15416.30  17441.66   -918.60   -402.60  99999.00  99999.00       0     236     240      56
42027  10  00    80  99999.00  99999.00  99999.00  99999.00  99999.00  99999.00  99999.00  99999.00       0       0      19      10
42027  10  00    70  99999.00  99999.00   4730.47  32102.95   -910.60   -372.40  99999.00  99999.00       0     158     163      39
42027  10  00    60  99999.00  99999.00  99999.00  99999.00  99999.00  99999.00  99999.00  99999.00       0       0      15       7
42027  10  00    50  99999.00  99999.00   3360.19  37445.47   -870.68   -327.68  99999.00  99999.00       0     117     121      25
42027  10  00    40  99999.00  99999.00  99999.00  99999.00  99999.00  99999.00  99999.00  99999.00       0       0      12       2
42027  10  00    30  99999.00  99999.00    832.69  46095.97   -759.64   -317.92  99999.00  99999.00       0      81      83      19
42027  10  00    20  99999.00  99999.00  25291.05  27755.61   -710.51   -293.51  99999.00  99999.00       0      66      69      14
42027  10  00    15  99999.00  99999.00  99999.00  99999.00  99999.00  99999.00  99999.00  99999.00       0       0       8       5
42027  10  00    10  99999.00  99999.00  99999.00  99999.00  99999.00  99999.00  99999.00  99999.00       0      36      40      14
42027  10  00     7  99999.00  99999.00  99999.00  99999.00  99999.00  99999.00  99999.00  99999.00       0       0       8       7
42027  10  00     5  99999.00  99999.00  99999.00  99999.00  99999.00  99999.00  99999.00  99999.00       0       0       5       2
42027  10  00     3  99999.00  99999.00  99999.00  99999.00  99999.00  99999.00  99999.00  99999.00       0       0       0       0
42027  10  00     2  99999.00  99999.00  99999.00  99999.00  99999.00  99999.00  99999.00  99999.00       0       0       0       0
42027  10  00     1  99999.00  99999.00  99999.00  99999.00  99999.00  99999.00  99999.00  99999.00       0       0       0       0
42027  11  00  9999    832.11    859.47  99999.00  99999.00   -142.47    184.77   -137.04    166.56     551       0     537     536
42027  11  00  1000  99999.00  99999.00  99999.00  99999.00  99999.00  99999.00  99999.00  99999.00       0       0       0       0
42027  11  00   925  99999.00  99999.00  99999.00  99999.00  99999.00  99999.00  99999.00  99999.00       0       0       0       0
42027  11  00   900  99999.00  99999.00  99999.00  99999.00  99999.00  99999.00  99999.00  99999.00       0       0       0       0
42027  11  00   850  99999.00  99999.00  99999.00  99999.00  99999.00  99999.00  99999.00  99999.00       0      26      28      28
42027  11  00   800  99999.00  99999.00  99999.00  99999.00  99999.00  99999.00  99999.00  99999.00       0       0      40      40
42027  11  00   700  99999.00  99999.00   2953.36   3288.40   -215.68    215.96   -455.94    266.58       0     609     604     585
42027  11  00   600  99999.00  99999.00  99999.00  99999.00   -326.91    190.29   -574.11    207.69       0       0     471     365
42027  11  00   500  99999.00  99999.00   5381.39   6095.51   -449.73    116.67   -744.52    190.04       0     582     575     327
42027  11  00   400  99999.00  99999.00   6862.19   7898.63   -567.86      3.10   -845.93     92.83       0     557     554     237
42027  11  00   300  99999.00  99999.00   8695.43  10067.03   -729.78   -124.74  -1041.47    -12.23       0     504     509      99
42027  11  00   250  99999.00  99999.00   9797.58  11371.26   -797.90   -208.10  -1059.76   -187.72       0     471     474      61
42027  11  00   200  99999.00  99999.00  11169.94  12865.30   -834.39   -289.59  99999.00  99999.00       0     437     439      57
42027  11  00   150  99999.00  99999.00  12879.35  14752.19   -851.83   -361.39  99999.00  99999.00       0     274     283      53
42027  11  00   100  99999.00  99999.00  15361.12  17227.36   -890.38   -402.70  99999.00  99999.00       0     172     175      43
42027  11  00    80  99999.00  99999.00  99999.00  99999.00  99999.00  99999.00  99999.00  99999.00       0       0      11       3
42027  11  00    70  99999.00  99999.00  17452.64  19504.76   -903.63   -367.71  99999.00  99999.00       0     115     120      35
42027  11  00    60  99999.00  99999.00  99999.00  99999.00  99999.00  99999.00  99999.00  99999.00       0       0      19       9
42027  11  00    50  99999.00  99999.00  19575.17  21539.45   -892.11   -293.19  99999.00  99999.00       0      78      80      21
42027  11  00    40  99999.00  99999.00  99999.00  99999.00  99999.00  99999.00  99999.00  99999.00       0       0      12       5
42027  11  00    30  99999.00  99999.00  99999.00  99999.00  99999.00  99999.00  99999.00  99999.00       0      43      45       8
42027  11  00    20  99999.00  99999.00  99999.00  99999.00  99999.00  99999.00  99999.00  99999.00       0      34      35       8
42027  11  00    15  99999.00  99999.00  99999.00  99999.00  99999.00  99999.00  99999.00  99999.00       0       0       8       1
42027  11  00    10  99999.00  99999.00  99999.00  99999.00  99999.00  99999.00  99999.00  99999.00       0      13      15       7
42027  11  00     7  99999.00  99999.00  99999.00  99999.00  99999.00  99999.00  99999.00  99999.00       0       0       3       3
42027  11  00     5  99999.00  99999.00  99999.00  99999.00  99999.00  99999.00  99999.00  99999.00       0       0       2       1
42027  11  00     3  99999.00  99999.00  99999.00  99999.00  99999.00  99999.00  99999.00  99999.00       0       0       0       0
42027  11  00     2  99999.00  99999.00  99999.00  99999.00  99999.00  99999.00  99999.00  99999.00       0       0       0       0
42027  11  00     1  99999.00  99999.00  99999.00  99999.00  99999.00  99999.00  99999.00  99999.00       0       0       0       0
42027  12  00  9999    826.58    865.22  99999.00  99999.00   -168.27    163.77   -153.63    182.97     490       0     481     479
42027  12  00  1000  99999.00  99999.00  99999.00  99999.00  99999.00  99999.00  99999.00  99999.00       0       0       0       0
42027  12  00   925  99999.00  99999.00  99999.00  99999.00  99999.00  99999.00  99999.00  99999.00       0       0       0       0
42027  12  00   900  99999.00  99999.00  99999.00  99999.00  99999.00  99999.00  99999.00  99999.00       0       0       0       0
42027  12  00   850  99999.00  99999.00  -6087.19   9005.57   -186.53    165.07   -182.62    131.78       0      85      83      79
42027  12  00   800  99999.00  99999.00  99999.00  99999.00  99999.00  99999.00  99999.00  99999.00       0       0      45      43
42027  12  00   700  99999.00  99999.00   2902.59   3306.99   -270.90    206.22   -435.49    215.75       0     579     581     551
42027  12  00   600  99999.00  99999.00  99999.00  99999.00   -365.35    174.65   -591.12    206.64       0       0     482     397
42027  12  00   500  99999.00  99999.00   5315.61   6076.05   -511.08    133.68   -746.85    189.03       0     547     552     390
42027  12  00   400  99999.00  99999.00   6771.96   7868.16   -647.56     38.24   -842.38     71.30       0     518     523     298
42027  12  00   300  99999.00  99999.00   8544.52  10061.80   -804.04    -86.56  -1059.24     26.04       0     472     478     102
42027  12  00   250  99999.00  99999.00   9661.87  11327.23   -865.58   -165.62  -1281.97     62.63       0     435     434      63
42027  12  00   200  99999.00  99999.00  11045.19  12794.43   -869.07   -262.95  99999.00  99999.00       0     369     373      53
42027  12  00   150  99999.00  99999.00  12903.58  14506.42   -855.01   -334.69  99999.00  99999.00       0     212     215      47
42027  12  00   100  99999.00  99999.00  15483.52  16916.92   -875.33   -390.53  99999.00  99999.00       0     134     134      41
42027  12  00    80  99999.00  99999.00  99999.00  99999.00  99999.00  99999.00  99999.00  99999.00       0       0      10       3
42027  12  00    70  99999.00  99999.00  17580.21  19216.17   -854.38   -391.42  99999.00  99999.00       0      83      84      29
42027  12  00    60  99999.00  99999.00  99999.00  99999.00  99999.00  99999.00  99999.00  99999.00       0       0       5       0
42027  12  00    50  99999.00  99999.00  99999.00  99999.00  99999.00  99999.00  99999.00  99999.00       0      55      55      17
42027  12  00    40  99999.00  99999.00  99999.00  99999.00  99999.00  99999.00  99999.00  99999.00       0       0       7       3
42027  12  00    30  99999.00  99999.00  99999.00  99999.00  99999.00  99999.00  99999.00  99999.00       0      32      33       8
42027  12  00    20  99999.00  99999.00  99999.00  99999.00  99999.00  99999.00  99999.00  99999.00       0      21      22       5
42027  12  00    15  99999.00  99999.00  99999.00  99999.00  99999.00  99999.00  99999.00  99999.00       0       0       4       1
42027  12  00    10  99999.00  99999.00  99999.00  99999.00  99999.00  99999.00  99999.00  99999.00       0      11      12       4
42027  12  00     7  99999.00  99999.00  99999.00  99999.00  99999.00  99999.00  99999.00  99999.00       0       0       1       1
42027  12  00     5  99999.00  99999.00  99999.00  99999.00  99999.00  99999.00  99999.00  99999.00       0       0       0       0
42027  12  00     3  99999.00  99999.00  99999.00  99999.00  99999.00  99999.00  99999.00  99999.00       0       0       0       0
42027  12  00     2  99999.00  99999.00  99999.00  99999.00  99999.00  99999.00  99999.00  99999.00       0       0       0       0
42027  12  00     1  99999.00  99999.00  99999.00  99999.00  99999.00  99999.00  99999.00  99999.00       0       0       0       0
