31977  01  00  9999    973.42   1050.46  99999.00  99999.00   -434.01    134.07    -86.93    200.47     576       0     576     576
31977  01  00  1000  99999.00  99999.00    -76.14    441.06   -424.50    132.42   -532.31    126.97       0     559     558     549
31977  01  00   925  99999.00  99999.00    481.85   1053.17   -487.06    177.86   -582.55    152.21       0     574     571     562
31977  01  00   900  99999.00  99999.00  99999.00  99999.00  99999.00  99999.00  99999.00  99999.00       0       0       7       7
31977  01  00   850  99999.00  99999.00   1089.81   1716.45   -512.79    170.01   -588.12    119.64       0     575     574     570
31977  01  00   800  99999.00  99999.00  99999.00  99999.00  99999.00  99999.00  99999.00  99999.00       0       0       9       9
31977  01  00   700  99999.00  99999.00   2423.32   3273.64   -496.09     68.87   -649.93     52.19       0     575     576     575
31977  01  00   600  99999.00  99999.00  99999.00  99999.00  99999.00  99999.00  99999.00  99999.00       0       0      16      16
31977  01  00   500  99999.00  99999.00   4614.88   5905.60   -629.14    -70.90   -773.03    -95.03       0     574     574     574
31977  01  00   400  99999.00  99999.00   6010.75   7561.99   -659.57   -220.01   -807.29   -237.41       0     564     563     563
31977  01  00   300  99999.00  99999.00   7836.46   9509.86   -721.67   -322.19   -858.76   -349.96       0     542     541     536
31977  01  00   250  99999.00  99999.00   9060.34  10636.42   -816.29   -246.89   -929.32   -309.40       0     526     526     521
31977  01  00   200  99999.00  99999.00  10592.33  11988.77   -795.48   -229.80   -905.52   -317.40       0     511     510     506
31977  01  00   150  99999.00  99999.00  12493.77  13829.97   -723.04   -287.68   -893.32   -345.88       0     482     481     473
31977  01  00   100  99999.00  99999.00  15105.01  16496.53   -728.66   -298.94   -931.98   -351.66       0     444     444     438
31977  01  00    80  99999.00  99999.00  99999.00  99999.00  99999.00  99999.00  99999.00  99999.00       0       0      13      13
31977  01  00    70  99999.00  99999.00  17398.42  18828.94   -736.43   -298.31   -947.13   -361.53       0     413     413     400
31977  01  00    60  99999.00  99999.00  99999.00  99999.00  99999.00  99999.00  99999.00  99999.00       0       0      46      41
31977  01  00    50  99999.00  99999.00  19509.29  21077.45   -738.86   -298.58   -961.57   -360.61       0     359     357     338
31977  01  00    40  99999.00  99999.00  99999.00  99999.00  99999.00  99999.00  99999.00  99999.00       0       0      32      29
31977  01  00    30  99999.00  99999.00  22714.86  24503.94   -744.84   -260.04   -994.34   -317.18       0     268     270     258
31977  01  00    20  99999.00  99999.00  25284.26  27263.06   -780.36   -204.60  -1023.76   -284.32       0     175     181     170
31977  01  00    15  99999.00  99999.00  99999.00  99999.00  99999.00  99999.00  99999.00  99999.00       0       0      35      34
31977  01  00    10  99999.00  99999.00  99999.00  99999.00  99999.00  99999.00  99999.00  99999.00       0      32      41      40
31977  01  00     7  99999.00  99999.00  99999.00  99999.00  99999.00  99999.00  99999.00  99999.00       0       0       6       6
31977  01  00     5  99999.00  99999.00  99999.00  99999.00  99999.00  99999.00  99999.00  99999.00       0       0       1       1
31977  01  00     3  99999.00  99999.00  99999.00  99999.00  99999.00  99999.00  99999.00  99999.00       0       0       0       0
31977  01  00     2  99999.00  99999.00  99999.00  99999.00  99999.00  99999.00  99999.00  99999.00       0       0       0       0
31977  01  00     1  99999.00  99999.00  99999.00  99999.00  99999.00  99999.00  99999.00  99999.00       0       0       0       0
31977  02  00  9999    970.34   1051.34  99999.00  99999.00   -428.50    208.70   -107.36    225.88     520       0     520     520
31977  02  00  1000  99999.00  99999.00    -73.10    430.42   -422.54    201.10   -570.39    227.13       0     496     496     491
31977  02  00   925  99999.00  99999.00    475.28   1061.96   -504.66    263.22   -626.17    245.51       0     528     528     525
31977  02  00   900  99999.00  99999.00  99999.00  99999.00  99999.00  99999.00  99999.00  99999.00       0       0      15      15
31977  02  00   850  99999.00  99999.00   1105.04   1716.92   -537.56    240.40   -635.10    194.34       0     528     527     521
31977  02  00   800  99999.00  99999.00  99999.00  99999.00  99999.00  99999.00  99999.00  99999.00       0       0       9       9
31977  02  00   700  99999.00  99999.00   2440.69   3289.09   -541.74    134.94   -700.71    113.37       0     526     526     521
31977  02  00   600  99999.00  99999.00  99999.00  99999.00  99999.00  99999.00  99999.00  99999.00       0       0       8       8
31977  02  00   500  99999.00  99999.00   4593.59   5983.67   -663.43    -12.79   -807.29    -45.89       0     518     518     516
31977  02  00   400  99999.00  99999.00   5966.59   7676.35   -713.40   -145.20   -855.07   -172.51       0     510     509     506
31977  02  00   300  99999.00  99999.00   7742.11   9690.55   -741.47   -298.07   -873.57   -332.73       0     491     489     486
31977  02  00   250  99999.00  99999.00   8942.27  10835.39   -824.81   -247.25   -918.57   -327.57       0     470     468     466
31977  02  00   200  99999.00  99999.00  10472.74  12175.78   -840.18   -204.18   -922.35   -316.59       0     455     455     451
31977  02  00   150  99999.00  99999.00  12415.17  13962.93   -757.15   -265.75   -894.68   -354.68       0     432     430     422
31977  02  00   100  99999.00  99999.00  15009.30  16625.46   -756.46   -297.10   -939.19   -368.47       0     389     387     372
31977  02  00    80  99999.00  99999.00  99999.00  99999.00  99999.00  99999.00  99999.00  99999.00       0       0      10       9
31977  02  00    70  99999.00  99999.00  17229.00  18989.76   -780.15   -289.47   -977.74   -361.54       0     357     356     335
31977  02  00    60  99999.00  99999.00  99999.00  99999.00  99999.00  99999.00  99999.00  99999.00       0       0      30      25
31977  02  00    50  99999.00  99999.00  19311.43  21239.83   -777.42   -290.46  -1009.80   -341.52       0     332     331     306
31977  02  00    40  99999.00  99999.00  99999.00  99999.00  99999.00  99999.00  99999.00  99999.00       0       0      38      33
31977  02  00    30  99999.00  99999.00  22448.44  24692.80   -763.87   -276.07  -1031.40   -309.96       0     257     261     239
31977  02  00    20  99999.00  99999.00  25020.25  27389.65   -739.43   -274.43  -1021.37   -305.21       0     190     192     178
31977  02  00    15  99999.00  99999.00  99999.00  99999.00  99999.00  99999.00  99999.00  99999.00       0       0      39      34
31977  02  00    10  99999.00  99999.00  29556.49  32051.89   -770.91   -157.59   -987.57   -286.17       0      62      75      69
31977  02  00     7  99999.00  99999.00  99999.00  99999.00  99999.00  99999.00  99999.00  99999.00       0       0       7       7
31977  02  00     5  99999.00  99999.00  99999.00  99999.00  99999.00  99999.00  99999.00  99999.00       0       0       0       0
31977  02  00     3  99999.00  99999.00  99999.00  99999.00  99999.00  99999.00  99999.00  99999.00       0       0       0       0
31977  02  00     2  99999.00  99999.00  99999.00  99999.00  99999.00  99999.00  99999.00  99999.00       0       0       0       0
31977  02  00     1  99999.00  99999.00  99999.00  99999.00  99999.00  99999.00  99999.00  99999.00       0       0       0       0
31977  03  00  9999    961.60   1050.16  99999.00  99999.00   -313.17    249.87   -153.84    276.60     551       0     551     551
31977  03  00  1000  99999.00  99999.00    -94.79    400.93   -317.89    241.91   -478.74    270.06       0     454     454     445
31977  03  00   925  99999.00  99999.00    421.10   1072.82   -397.18    283.58   -555.42    286.74       0     558     558     551
31977  03  00   900  99999.00  99999.00  99999.00  99999.00  99999.00  99999.00  99999.00  99999.00       0       0      10      10
31977  03  00   850  99999.00  99999.00   1076.06   1732.22   -463.28    268.00   -593.02    246.50       0     560     560     554
31977  03  00   800  99999.00  99999.00  99999.00  99999.00  99999.00  99999.00  99999.00  99999.00       0       0      11      11
31977  03  00   700  99999.00  99999.00   2460.45   3299.85   -504.57    162.87   -715.53    194.55       0     561     561     555
31977  03  00   600  99999.00  99999.00  99999.00  99999.00  99999.00  99999.00  99999.00  99999.00       0       0       6       6
31977  03  00   500  99999.00  99999.00   4678.48   5986.48   -634.78      6.98   -812.95     12.89       0     561     561     557
31977  03  00   400  99999.00  99999.00   6055.76   7704.68   -710.17   -111.73   -859.46   -125.66       0     544     544     539
31977  03  00   300  99999.00  99999.00   7825.13   9753.05   -731.39   -278.99   -865.23   -307.71       0     518     517     513
31977  03  00   250  99999.00  99999.00   9012.30  10926.90   -804.33   -255.09   -897.74   -331.58       0     505     502     495
31977  03  00   200  99999.00  99999.00  10555.99  12254.71   -842.75   -205.55   -914.78   -324.38       0     486     486     478
31977  03  00   150  99999.00  99999.00  12516.22  14022.58   -745.05   -289.89   -868.80   -384.60       0     452     451     444
31977  03  00   100  99999.00  99999.00  15190.49  16589.09   -744.35   -323.99   -908.63   -403.19       0     426     425     417
31977  03  00    80  99999.00  99999.00  99999.00  99999.00  99999.00  99999.00  99999.00  99999.00       0       0      13      12
31977  03  00    70  99999.00  99999.00  17476.54  18885.22   -751.16   -330.92   -941.67   -400.47       0     384     385     377
31977  03  00    60  99999.00  99999.00  99999.00  99999.00  99999.00  99999.00  99999.00  99999.00       0       0      23      23
31977  03  00    50  99999.00  99999.00  19630.14  21052.38   -748.60   -333.76   -951.58   -404.62       0     348     347     336
31977  03  00    40  99999.00  99999.00  99999.00  99999.00  99999.00  99999.00  99999.00  99999.00       0       0      29      28
31977  03  00    30  99999.00  99999.00  22890.66  24380.34   -727.80   -312.72   -957.77   -374.93       0     260     263     252
31977  03  00    20  99999.00  99999.00  25466.82  27083.46  -4191.41   3108.79   -981.78   -325.14       0     177     191     181
31977  03  00    15  99999.00  99999.00  99999.00  99999.00  99999.00  99999.00  99999.00  99999.00       0       0      41      39
31977  03  00    10  99999.00  99999.00  99999.00  99999.00  99999.00  99999.00  99999.00  99999.00       0      45      56      53
31977  03  00     7  99999.00  99999.00  99999.00  99999.00  99999.00  99999.00  99999.00  99999.00       0       0      10       9
31977  03  00     5  99999.00  99999.00  99999.00  99999.00  99999.00  99999.00  99999.00  99999.00       0       0       3       3
31977  03  00     3  99999.00  99999.00  99999.00  99999.00  99999.00  99999.00  99999.00  99999.00       0       0       0       0
31977  03  00     2  99999.00  99999.00  99999.00  99999.00  99999.00  99999.00  99999.00  99999.00       0       0       0       0
31977  03  00     1  99999.00  99999.00  99999.00  99999.00  99999.00  99999.00  99999.00  99999.00       0       0       0       0
31977  04  00  9999    963.00   1042.92  99999.00  99999.00   -154.31    259.33   -188.26    304.10     546       0     546     546
31977  04  00  1000  99999.00  99999.00    -58.35    335.73   -155.41    252.47   -311.19    273.81       0     405     405     401
31977  04  00   925  99999.00  99999.00    424.15   1066.75   -276.16    335.96   -402.57    297.03       0     565     563     558
31977  04  00   900  99999.00  99999.00  99999.00  99999.00  99999.00  99999.00  99999.00  99999.00       0       0      20      20
31977  04  00   850  99999.00  99999.00   1084.51   1765.87   -356.93    342.79   -461.23    268.49       0     564     562     559
31977  04  00   800  99999.00  99999.00  99999.00  99999.00  99999.00  99999.00  99999.00  99999.00       0       0       8       8
31977  04  00   700  99999.00  99999.00   2498.63   3397.91   -451.00    258.08   -626.00    254.56       0     563     561     559
31977  04  00   600  99999.00  99999.00  99999.00  99999.00  99999.00  99999.00  99999.00  99999.00       0       0       9       9
31977  04  00   500  99999.00  99999.00   4753.71   6180.87   -601.96     96.32   -787.17     95.19       0     554     554     547
31977  04  00   400  99999.00  99999.00   6149.07   7954.71   -698.76    -18.72   -865.08    -24.24       0     544     544     539
31977  04  00   300  99999.00  99999.00   7880.87  10108.55   -762.23   -198.95   -897.02   -224.90       0     524     523     514
31977  04  00   250  99999.00  99999.00   9028.20  11325.48   -794.45   -262.49   -898.81   -319.57       0     507     507     501
31977  04  00   200  99999.00  99999.00  10534.98  12683.94   -867.25   -210.85   -922.62   -328.98       0     483     482     475
31977  04  00   150  99999.00  99999.00  12508.22  14395.34   -796.64   -269.48   -870.15   -397.47       0     445     440     435
31977  04  00   100  99999.00  99999.00  15187.66  16911.22   -761.71   -337.87   -888.70   -435.70       0     411     408     405
31977  04  00    80  99999.00  99999.00  99999.00  99999.00  99999.00  99999.00  99999.00  99999.00       0       0      16      16
31977  04  00    70  99999.00  99999.00  17527.71  19115.19  -3530.59   2368.01   -927.06   -424.74       0     373     371     364
31977  04  00    60  99999.00  99999.00  99999.00  99999.00  99999.00  99999.00  99999.00  99999.00       0       0      25      25
31977  04  00    50  99999.00  99999.00  19724.89  21209.65   -761.36   -334.88   -946.09   -406.09       0     333     335     331
31977  04  00    40  99999.00  99999.00  99999.00  99999.00  99999.00  99999.00  99999.00  99999.00       0       0      30      29
31977  04  00    30  99999.00  99999.00  23124.82  24382.42   -705.99   -331.83   -925.69   -392.17       0     260     264     259
31977  04  00    20  99999.00  99999.00  25777.74  27012.54   -702.41   -292.01   -918.67   -377.35       0     177     187     183
31977  04  00    15  99999.00  99999.00  99999.00  99999.00  99999.00  99999.00  99999.00  99999.00       0       0      42      40
31977  04  00    10  99999.00  99999.00  99999.00  99999.00   -657.57   -242.25   -877.91   -381.35       0      55      66      64
31977  04  00     7  99999.00  99999.00  99999.00  99999.00  99999.00  99999.00  99999.00  99999.00       0       0       8       8
31977  04  00     5  99999.00  99999.00  99999.00  99999.00  99999.00  99999.00  99999.00  99999.00       0       0       8       6
31977  04  00     3  99999.00  99999.00  99999.00  99999.00  99999.00  99999.00  99999.00  99999.00       0       0       1       1
31977  04  00     2  99999.00  99999.00  99999.00  99999.00  99999.00  99999.00  99999.00  99999.00       0       0       0       0
31977  04  00     1  99999.00  99999.00  99999.00  99999.00  99999.00  99999.00  99999.00  99999.00       0       0       0       0
31977  05  00  9999    961.21   1039.45  99999.00  99999.00    -77.28    294.36   -167.15    251.53     539       0     539     539
31977  05  00  1000  99999.00  99999.00    -53.98    309.98    -90.14    299.14   -161.02    274.10       0     325     325     320
31977  05  00   925  99999.00  99999.00    423.27   1052.07   -178.58    359.86   -265.66    311.30       0     564     564     560
31977  05  00   900  99999.00  99999.00  99999.00  99999.00  99999.00  99999.00  99999.00  99999.00       0       0      12      12
31977  05  00   850  99999.00  99999.00   1102.60   1766.44   -216.27    343.05   -342.84    302.88       0     563     563     559
31977  05  00   800  99999.00  99999.00  99999.00  99999.00  99999.00  99999.00  99999.00  99999.00       0       0      11      10
31977  05  00   700  99999.00  99999.00   2589.13   3407.77   -287.99    232.21   -523.00    300.20       0     568     568     561
31977  05  00   600  99999.00  99999.00  99999.00  99999.00  99999.00  99999.00  99999.00  99999.00       0       0      18      18
31977  05  00   500  99999.00  99999.00   5002.10   6166.82   -458.78     85.54   -765.09    191.55       0     561     560     554
31977  05  00   400  99999.00  99999.00   6496.82   7924.34   -589.01     -6.41   -818.22     35.94       0     550     550     544
31977  05  00   300  99999.00  99999.00   8307.70  10095.58   -725.40   -145.80   -884.10   -148.62       0     532     530     524
31977  05  00   250  99999.00  99999.00   9443.66  11374.94   -768.30   -229.26   -879.56   -277.64       0     514     513     508
31977  05  00   200  99999.00  99999.00  10944.91  12754.03   -857.20   -207.76   -905.78   -329.18       0     491     489     480
31977  05  00   150  99999.00  99999.00  12932.73  14471.97   -795.56   -273.20   -858.76   -405.64       0     455     452     445
31977  05  00   100  99999.00  99999.00  15655.48  16940.80   -748.17   -365.97   -892.62   -442.26       0     430     428     422
31977  05  00    80  99999.00  99999.00  99999.00  99999.00  99999.00  99999.00  99999.00  99999.00       0       0      10      10
31977  05  00    70  99999.00  99999.00  18005.08  19110.52   -740.81   -399.53   -915.47   -459.47       0     404     403     400
31977  05  00    60  99999.00  99999.00  99999.00  99999.00  99999.00  99999.00  99999.00  99999.00       0       0      12      12
31977  05  00    50  99999.00  99999.00  20182.95  21194.31   -713.35   -409.51   -932.27   -439.43       0     371     371     367
31977  05  00    40  99999.00  99999.00  99999.00  99999.00  99999.00  99999.00  99999.00  99999.00       0       0      26      26
31977  05  00    30  99999.00  99999.00  23475.09  24448.65   -661.17   -390.81   -931.53   -395.85       0     299     305     300
31977  05  00    20  99999.00  99999.00  26050.91  27140.63   -641.43   -350.91   -907.68   -382.32       0     215     221     217
31977  05  00    15  99999.00  99999.00  99999.00  99999.00  99999.00  99999.00  99999.00  99999.00       0       0      22      22
31977  05  00    10  99999.00  99999.00  30496.27  31901.47   -602.09   -242.21   -891.36   -310.44       0      62      82      80
31977  05  00     7  99999.00  99999.00  99999.00  99999.00  99999.00  99999.00  99999.00  99999.00       0       0      17      16
31977  05  00     5  99999.00  99999.00  99999.00  99999.00  99999.00  99999.00  99999.00  99999.00       0       0       6       6
31977  05  00     3  99999.00  99999.00  99999.00  99999.00  99999.00  99999.00  99999.00  99999.00       0       0       0       0
31977  05  00     2  99999.00  99999.00  99999.00  99999.00  99999.00  99999.00  99999.00  99999.00       0       0       0       0
31977  05  00     1  99999.00  99999.00  99999.00  99999.00  99999.00  99999.00  99999.00  99999.00       0       0       0       0
31977  06  00  9999    965.74   1031.98  99999.00  99999.00    -27.54    332.70    -96.45    152.67     525       0     525     525
31977  06  00  1000  99999.00  99999.00    -28.18    264.38    -26.59    310.13    -43.76    260.68       0     262     262     262
31977  06  00   925  99999.00  99999.00    480.47    993.71   -113.32    384.56   -145.04    319.48       0     564     565     565
31977  06  00   900  99999.00  99999.00  99999.00  99999.00  99999.00  99999.00  99999.00  99999.00       0       0      17      17
31977  06  00   850  99999.00  99999.00   1177.19   1715.63   -128.73    360.03   -233.72    324.64       0     563     564     563
31977  06  00   800  99999.00  99999.00  99999.00  99999.00  99999.00  99999.00  99999.00  99999.00       0       0      12      12
31977  06  00   700  99999.00  99999.00   2710.95   3372.51   -179.97    230.43   -428.12    321.88       0     561     561     556
31977  06  00   600  99999.00  99999.00  99999.00  99999.00  99999.00  99999.00  99999.00  99999.00       0       0      11      11
31977  06  00   500  99999.00  99999.00   5229.18   6136.38   -335.53     78.71   -677.15    197.17       0     558     558     552
31977  06  00   400  99999.00  99999.00   6792.51   7901.31   -475.07     -6.35   -760.88     67.60       0     556     556     550
31977  06  00   300  99999.00  99999.00   8663.71  10098.55   -653.95   -125.47   -846.12   -107.16       0     551     549     543
31977  06  00   250  99999.00  99999.00   9794.32  11419.36   -735.27   -212.19   -882.20   -226.04       0     544     543     538
31977  06  00   200  99999.00  99999.00  11208.88  12906.16   -832.66   -233.62   -919.29   -308.37       0     533     534     530
31977  06  00   150  99999.00  99999.00  13121.94  14682.90   -795.05   -290.57   -890.41   -381.73       0     512     509     505
31977  06  00   100  99999.00  99999.00  15806.30  17158.46   -742.51   -400.63   -912.79   -440.23       0     488     488     484
31977  06  00    80  99999.00  99999.00  99999.00  99999.00  99999.00  99999.00  99999.00  99999.00       0       0      16      16
31977  06  00    70  99999.00  99999.00  18114.89  19350.89   -722.44   -428.80   -923.99   -450.83       0     460     458     452
31977  06  00    60  99999.00  99999.00  99999.00  99999.00  99999.00  99999.00  99999.00  99999.00       0       0      12      12
31977  06  00    50  99999.00  99999.00  20309.85  21422.13   -670.30   -436.30   -907.18   -441.10       0     421     422     417
31977  06  00    40  99999.00  99999.00  99999.00  99999.00  99999.00  99999.00  99999.00  99999.00       0       0      14      14
31977  06  00    30  99999.00  99999.00  23616.23  24686.39   -613.56   -407.64   -890.93   -403.25       0     350     354     349
31977  06  00    20  99999.00  99999.00  26268.21  27356.97   -585.90   -355.86   -856.31   -386.51       0     247     258     255
31977  06  00    15  99999.00  99999.00  99999.00  99999.00  99999.00  99999.00  99999.00  99999.00       0       0      29      29
31977  06  00    10  99999.00  99999.00  30765.54  32238.90   -525.79   -252.07   -839.62   -300.10       0      90     110     105
31977  06  00     7  99999.00  99999.00  99999.00  99999.00  99999.00  99999.00  99999.00  99999.00       0       0      17      17
31977  06  00     5  99999.00  99999.00  99999.00  99999.00  99999.00  99999.00  99999.00  99999.00       0       0       2       1
31977  06  00     3  99999.00  99999.00  99999.00  99999.00  99999.00  99999.00  99999.00  99999.00       0       0       0       0
31977  06  00     2  99999.00  99999.00  99999.00  99999.00  99999.00  99999.00  99999.00  99999.00       0       0       0       0
31977  06  00     1  99999.00  99999.00  99999.00  99999.00  99999.00  99999.00  99999.00  99999.00       0       0       0       0
31977  07  00  9999    967.71   1027.11  99999.00  99999.00     39.24    341.04    -68.75    113.29     489       0     489     489
31977  07  00  1000  99999.00  99999.00      2.34    212.46     36.37    334.09      8.94    313.74       0     196     196     194
31977  07  00   925  99999.00  99999.00    497.63    970.55    -36.67    372.89    -49.26    319.86       0     539     538     530
31977  07  00   900  99999.00  99999.00  99999.00  99999.00  99999.00  99999.00  99999.00  99999.00       0       0      17      16
31977  07  00   850  99999.00  99999.00   1207.07   1696.91    -37.27    325.49   -136.67    329.05       0     540     539     535
31977  07  00   800  99999.00  99999.00  99999.00  99999.00  99999.00  99999.00  99999.00  99999.00       0       0      16      16
31977  07  00   700  99999.00  99999.00   2784.94   3350.14    -81.74    210.58   -363.90    352.02       0     540     540     536
31977  07  00   600  99999.00  99999.00  99999.00  99999.00  99999.00  99999.00  99999.00  99999.00       0       0       8       8
31977  07  00   500  99999.00  99999.00   5377.11   6128.67   -242.57     85.87   -674.73    293.07       0     530     530     525
31977  07  00   400  99999.00  99999.00   6994.15   7910.59   -376.75      7.97   -754.65    173.31       0     523     523     517
31977  07  00   300  99999.00  99999.00   8953.75  10119.19   -563.92    -94.60   -814.17    -20.01       0     515     514     508
31977  07  00   250  99999.00  99999.00  10118.49  11471.13   -670.54   -166.90   -837.27   -161.07       0     509     507     501
31977  07  00   200  99999.00  99999.00  11533.38  13013.10   -771.26   -227.42   -867.50   -294.74       0     487     487     483
31977  07  00   150  99999.00  99999.00  13399.35  14857.95   -792.39   -305.55   -884.52   -398.52       0     459     459     455
31977  07  00   100  99999.00  99999.00  16067.49  17302.17   -796.83   -399.75   -935.54   -460.58       0     433     435     430
31977  07  00    80  99999.00  99999.00  99999.00  99999.00  99999.00  99999.00  99999.00  99999.00       0       0       7       7
31977  07  00    70  99999.00  99999.00  18402.31  19411.75   -739.23   -453.03   -923.69   -479.21       0     404     404     398
31977  07  00    60  99999.00  99999.00  99999.00  99999.00  99999.00  99999.00  99999.00  99999.00       0       0      25      24
31977  07  00    50  99999.00  99999.00  20573.67  21481.59   -683.42   -444.98   -923.59   -437.71       0     354     357     350
31977  07  00    40  99999.00  99999.00  99999.00  99999.00  99999.00  99999.00  99999.00  99999.00       0       0      15      14
31977  07  00    30  99999.00  99999.00  23876.14  24736.90   -609.08   -410.60   -926.97   -367.29       0     270     273     264
31977  07  00    20  99999.00  99999.00  26491.67  27444.59   -589.08   -344.40   -931.27   -312.19       0     176     190     184
31977  07  00    15  99999.00  99999.00  99999.00  99999.00  99999.00  99999.00  99999.00  99999.00       0       0      13      12
31977  07  00    10  99999.00  99999.00  99999.00  99999.00   -564.43   -228.79   -929.08   -254.32       0      51      66      63
31977  07  00     7  99999.00  99999.00  99999.00  99999.00  99999.00  99999.00  99999.00  99999.00       0       0       9       9
31977  07  00     5  99999.00  99999.00  99999.00  99999.00  99999.00  99999.00  99999.00  99999.00       0       0       1       1
31977  07  00     3  99999.00  99999.00  99999.00  99999.00  99999.00  99999.00  99999.00  99999.00       0       0       0       0
31977  07  00     2  99999.00  99999.00  99999.00  99999.00  99999.00  99999.00  99999.00  99999.00       0       0       0       0
31977  07  00     1  99999.00  99999.00  99999.00  99999.00  99999.00  99999.00  99999.00  99999.00       0       0       0       0
31977  08  00  9999    968.76   1031.40  99999.00  99999.00     57.99    346.59    -69.12    120.24     526       0     526     526
31977  08  00  1000  99999.00  99999.00    -27.04    261.92     57.88    337.12     -3.08    340.96       0     342     340     332
31977  08  00   925  99999.00  99999.00    512.42   1004.54     -0.23    348.49    -88.53    357.15       0     577     574     566
31977  08  00   900  99999.00  99999.00  99999.00  99999.00  99999.00  99999.00  99999.00  99999.00       0       0      21      21
31977  08  00   850  99999.00  99999.00   1228.02   1723.86    -40.50    325.26   -201.52    376.16       0     574     571     570
31977  08  00   800  99999.00  99999.00  99999.00  99999.00  99999.00  99999.00  99999.00  99999.00       0       0      22      22
31977  08  00   700  99999.00  99999.00   2813.11   3367.27   -115.34    240.46   -507.82    454.82       0     575     574     567
31977  08  00   600  99999.00  99999.00  99999.00  99999.00  99999.00  99999.00  99999.00  99999.00       0       0      11      11
31977  08  00   500  99999.00  99999.00   5395.10   6152.18   -276.82    113.90   -768.04    357.20       0     572     571     565
31977  08  00   400  99999.00  99999.00   6994.17   7947.69   -425.91     55.29   -832.12    233.36       0     571     570     562
31977  08  00   300  99999.00  99999.00   8914.35  10197.99   -605.95    -40.39   -888.91     54.65       0     553     552     545
31977  08  00   250  99999.00  99999.00  10078.56  11565.24   -682.57   -126.85   -885.55   -102.79       0     532     532     521
31977  08  00   200  99999.00  99999.00  11492.51  13135.79   -749.49   -218.37   -887.30   -262.10       0     511     509     493
31977  08  00   150  99999.00  99999.00  13367.52  14984.04   -830.08   -275.80   -932.25   -366.93       0     472     470     463
31977  08  00   100  99999.00  99999.00  16044.97  17385.61   -859.09   -363.13   -988.56   -430.44       0     431     429     422
31977  08  00    80  99999.00  99999.00  99999.00  99999.00  99999.00  99999.00  99999.00  99999.00       0       0      14      14
31977  08  00    70  99999.00  99999.00  18350.95  19496.11   -781.18   -429.58   -974.29   -443.05       0     402     403     396
31977  08  00    60  99999.00  99999.00  99999.00  99999.00  99999.00  99999.00  99999.00  99999.00       0       0      14      14
31977  08  00    50  99999.00  99999.00  20527.80  21539.64   -736.41   -412.17   -964.80   -405.96       0     357     361     354
31977  08  00    40  99999.00  99999.00  99999.00  99999.00  99999.00  99999.00  99999.00  99999.00       0       0      23      22
31977  08  00    30  99999.00  99999.00  23833.69  24766.81   -656.02   -382.78   -930.04   -373.00       0     281     285     279
31977  08  00    20  99999.00  99999.00  26447.82  27459.54   -622.14   -331.74   -905.42   -345.74       0     201     213     208
31977  08  00    15  99999.00  99999.00  99999.00  99999.00  99999.00  99999.00  99999.00  99999.00       0       0      19      19
31977  08  00    10  99999.00  99999.00  99999.00  99999.00   -560.27   -249.95   -871.26   -315.90       0      55      76      72
31977  08  00     7  99999.00  99999.00  99999.00  99999.00  99999.00  99999.00  99999.00  99999.00       0       0      17      16
31977  08  00     5  99999.00  99999.00  99999.00  99999.00  99999.00  99999.00  99999.00  99999.00       0       0       4       4
31977  08  00     3  99999.00  99999.00  99999.00  99999.00  99999.00  99999.00  99999.00  99999.00       0       0       0       0
31977  08  00     2  99999.00  99999.00  99999.00  99999.00  99999.00  99999.00  99999.00  99999.00       0       0       0       0
31977  08  00     1  99999.00  99999.00  99999.00  99999.00  99999.00  99999.00  99999.00  99999.00       0       0       0       0
31977  09  00  9999    972.69   1037.85  99999.00  99999.00    -47.56    353.84   -100.98    169.26     548       0     548     548
31977  09  00  1000  99999.00  99999.00    -54.79    344.33    -48.59    347.05   -158.55    383.13       0     488     488     481
31977  09  00   925  99999.00  99999.00    528.31   1049.35    -86.71    342.65   -264.93    398.07       0     566     565     559
31977  09  00   900  99999.00  99999.00  99999.00  99999.00  99999.00  99999.00  99999.00  99999.00       0       0      14      14
31977  09  00   850  99999.00  99999.00   1235.20   1752.04   -148.35    330.57   -364.49    391.99       0     565     563     560
31977  09  00   800  99999.00  99999.00  99999.00  99999.00  99999.00  99999.00  99999.00  99999.00       0       0      20      20
31977  09  00   700  99999.00  99999.00   2774.47   3378.19   -227.17    246.47   -615.31    407.57       0     564     563     554
31977  09  00   600  99999.00  99999.00  99999.00  99999.00  99999.00  99999.00  99999.00  99999.00       0       0      15      15
31977  09  00   500  99999.00  99999.00   5258.28   6147.84   -395.81    113.83   -795.38    249.70       0     555     554     545
31977  09  00   400  99999.00  99999.00   6788.77   7933.45   -532.04     37.00   -876.05    152.11       0     540     535     530
31977  09  00   300  99999.00  99999.00   8632.02  10157.82   -707.87    -50.03   -953.43     -5.91       0     529     528     523
31977  09  00   250  99999.00  99999.00   9755.23  11506.75   -784.89   -105.81   -955.88   -132.56       0     506     505     496
31977  09  00   200  99999.00  99999.00  11135.31  13072.35   -803.84   -187.88   -920.83   -276.79       0     475     472     463
31977  09  00   150  99999.00  99999.00  12995.45  14931.29   -763.96   -316.36   -935.37   -362.49       0     412     405     398
31977  09  00   100  99999.00  99999.00  15643.33  17419.57   -802.61   -370.49  -1011.72   -389.64       0     360     360     352
31977  09  00    80  99999.00  99999.00  99999.00  99999.00  99999.00  99999.00  99999.00  99999.00       0       0      14      14
31977  09  00    70  99999.00  99999.00  17998.88  19529.96  -3693.36   2460.12  -1009.06   -409.90       0     339     338     331
31977  09  00    60  99999.00  99999.00  99999.00  99999.00  99999.00  99999.00  99999.00  99999.00       0       0      23      22
31977  09  00    50  99999.00  99999.00  20215.59  21553.71  -3818.65   2616.71  -1006.09   -391.57       0     312     310     302
31977  09  00    40  99999.00  99999.00  99999.00  99999.00  99999.00  99999.00  99999.00  99999.00       0       0      29      29
31977  09  00    30  99999.00  99999.00  23552.95  24716.23   -673.78   -393.10   -978.79   -366.31       0     242     246     240
31977  09  00    20  99999.00  99999.00  26175.59  27340.19   -646.74   -357.54   -956.41   -348.85       0     180     182     179
31977  09  00    15  99999.00  99999.00  99999.00  99999.00  99999.00  99999.00  99999.00  99999.00       0       0      22      21
31977  09  00    10  99999.00  99999.00  99999.00  99999.00  99999.00  99999.00  99999.00  99999.00       0      46      54      54
31977  09  00     7  99999.00  99999.00  99999.00  99999.00  99999.00  99999.00  99999.00  99999.00       0       0       9       8
31977  09  00     5  99999.00  99999.00  99999.00  99999.00  99999.00  99999.00  99999.00  99999.00       0       0       4       4
31977  09  00     3  99999.00  99999.00  99999.00  99999.00  99999.00  99999.00  99999.00  99999.00       0       0       1       1
31977  09  00     2  99999.00  99999.00  99999.00  99999.00  99999.00  99999.00  99999.00  99999.00       0       0       0       0
31977  09  00     1  99999.00  99999.00  99999.00  99999.00  99999.00  99999.00  99999.00  99999.00       0       0       0       0
31977  10  00  9999    972.27   1044.87  99999.00  99999.00   -203.85    357.27   -149.34    247.86     572       0     572     572
31977  10  00  1000  99999.00  99999.00    -79.05    411.63   -205.67    354.85   -384.73    430.79       0     538     539     532
31977  10  00   925  99999.00  99999.00    507.59   1086.47   -274.46    378.34   -439.87    405.17       0     577     577     569
31977  10  00   900  99999.00  99999.00  99999.00  99999.00  99999.00  99999.00  99999.00  99999.00       0       0      10      10
31977  10  00   850  99999.00  99999.00   1172.67   1791.39   -322.75    355.97   -476.51    343.93       0     577     578     571
31977  10  00   800  99999.00  99999.00  99999.00  99999.00  99999.00  99999.00  99999.00  99999.00       0       0       8       8
31977  10  00   700  99999.00  99999.00   2613.81   3435.69   -337.21    224.51   -631.62    297.66       0     579     579     572
31977  10  00   600  99999.00  99999.00  99999.00  99999.00  99999.00  99999.00  99999.00  99999.00       0       0      10      10
31977  10  00   500  99999.00  99999.00   4959.71   6210.35   -468.75     50.85   -735.36     94.32       0     574     574     568
31977  10  00   400  99999.00  99999.00   6439.25   7956.17   -570.07    -64.27   -808.60    -31.36       0     567     566     562
31977  10  00   300  99999.00  99999.00   8269.45  10082.89   -703.65   -186.45   -874.78   -197.50       0     553     552     549
31977  10  00   250  99999.00  99999.00   9443.40  11311.32   -782.52   -224.16   -893.93   -290.45       0     530     528     518
31977  10  00   200  99999.00  99999.00  10906.28  12728.48   -835.17   -224.61   -914.43   -329.67       0     500     499     488
31977  10  00   150  99999.00  99999.00  12839.52  14485.92   -748.73   -334.01   -896.70   -388.38       0     460     458     453
31977  10  00   100  99999.00  99999.00  15519.86  16970.66   -746.49   -386.01   -941.36   -409.76       0     416     416     410
31977  10  00    80  99999.00  99999.00  99999.00  99999.00  99999.00  99999.00  99999.00  99999.00       0       0      12      12
31977  10  00    70  99999.00  99999.00  17859.89  19141.13  -4755.44   3514.96   -963.72   -408.24       0     376     374     367
31977  10  00    60  99999.00  99999.00  99999.00  99999.00  99999.00  99999.00  99999.00  99999.00       0       0      14      14
31977  10  00    50  99999.00  99999.00  20055.21  21208.53   -732.20   -395.72   -959.77   -410.77       0     337     338     332
31977  10  00    40  99999.00  99999.00  99999.00  99999.00  99999.00  99999.00  99999.00  99999.00       0       0      37      36
31977  10  00    30  99999.00  99999.00  23331.59  24449.27   -698.18   -374.18   -955.88   -377.36       0     255     261     259
31977  10  00    20  99999.00  99999.00  25917.67  27107.11   -660.24   -371.52   -935.36   -371.72       0     167     176     173
31977  10  00    15  99999.00  99999.00  99999.00  99999.00  99999.00  99999.00  99999.00  99999.00       0       0      34      34
31977  10  00    10  99999.00  99999.00  99999.00  99999.00  99999.00  99999.00  99999.00  99999.00       0      41      55      54
31977  10  00     7  99999.00  99999.00  99999.00  99999.00  99999.00  99999.00  99999.00  99999.00       0       0       7       6
31977  10  00     5  99999.00  99999.00  99999.00  99999.00  99999.00  99999.00  99999.00  99999.00       0       0       3       2
31977  10  00     3  99999.00  99999.00  99999.00  99999.00  99999.00  99999.00  99999.00  99999.00       0       0       0       0
31977  10  00     2  99999.00  99999.00  99999.00  99999.00  99999.00  99999.00  99999.00  99999.00       0       0       0       0
31977  10  00     1  99999.00  99999.00  99999.00  99999.00  99999.00  99999.00  99999.00  99999.00       0       0       0       0
31977  11  00  9999    968.79   1052.19  99999.00  99999.00   -397.76    344.44   -131.15    243.61     558       0     558     558
31977  11  00  1000  99999.00  99999.00    -92.50    450.50   -402.84    343.20   -547.29    373.71       0     524     524     518
31977  11  00   925  99999.00  99999.00    474.72   1096.20   -468.87    373.41   -580.44    351.96       0     565     563     548
31977  11  00   900  99999.00  99999.00  99999.00  99999.00  99999.00  99999.00  99999.00  99999.00       0       0      11      11
31977  11  00   850  99999.00  99999.00   1115.22   1777.14   -494.04    340.44   -596.67    297.33       0     564     561     552
31977  11  00   800  99999.00  99999.00  99999.00  99999.00  99999.00  99999.00  99999.00  99999.00       0       0      14      14
31977  11  00   700  99999.00  99999.00   2465.99   3414.71   -487.33    221.87   -685.42    221.06       0     563     563     560
31977  11  00   600  99999.00  99999.00  99999.00  99999.00  99999.00  99999.00  99999.00  99999.00       0       0       6       6
31977  11  00   500  99999.00  99999.00   4669.10   6194.42   -604.33     55.07   -781.56     41.64       0     557     557     551
31977  11  00   400  99999.00  99999.00   6063.46   7947.10   -653.66    -98.90   -822.91   -105.79       0     542     543     538
31977  11  00   300  99999.00  99999.00   7850.63  10029.95   -705.00   -268.56   -855.01   -282.49       0     522     521     510
31977  11  00   250  99999.00  99999.00   9040.80  11212.80   -786.18   -266.58   -884.11   -334.75       0     497     496     489
31977  11  00   200  99999.00  99999.00  10556.76  12556.92   -831.02   -240.38   -911.18   -335.66       0     472     470     463
31977  11  00   150  99999.00  99999.00  12520.66  14294.26   -751.93   -320.17   -868.07   -398.27       0     433     433     424
31977  11  00   100  99999.00  99999.00  15252.66  16755.06   -756.91   -347.47   -913.01   -403.61       0     383     382     369
31977  11  00    80  99999.00  99999.00  99999.00  99999.00  99999.00  99999.00  99999.00  99999.00       0       0      10      10
31977  11  00    70  99999.00  99999.00  17608.47  18948.63   -758.06   -350.30   -937.20   -398.52       0     337     333     321
31977  11  00    60  99999.00  99999.00  99999.00  99999.00  99999.00  99999.00  99999.00  99999.00       0       0      20      20
31977  11  00    50  99999.00  99999.00  19778.93  21075.05   -757.25   -335.69   -946.63   -383.35       0     296     296     287
31977  11  00    40  99999.00  99999.00  99999.00  99999.00  99999.00  99999.00  99999.00  99999.00       0       0      18      18
31977  11  00    30  99999.00  99999.00  23037.93  24403.29   -752.21   -280.61   -949.96   -344.08       0     215     218     212
31977  11  00    20  99999.00  99999.00  25587.87  27161.31   -728.47   -261.55   -909.23   -354.95       0     146     152     149
31977  11  00    15  99999.00  99999.00  99999.00  99999.00  99999.00  99999.00  99999.00  99999.00       0       0      31      30
31977  11  00    10  99999.00  99999.00  99999.00  99999.00  99999.00  99999.00  99999.00  99999.00       0      32      42      42
31977  11  00     7  99999.00  99999.00  99999.00  99999.00  99999.00  99999.00  99999.00  99999.00       0       0      12      11
31977  11  00     5  99999.00  99999.00  99999.00  99999.00  99999.00  99999.00  99999.00  99999.00       0       0       5       5
31977  11  00     3  99999.00  99999.00  99999.00  99999.00  99999.00  99999.00  99999.00  99999.00       0       0       0       0
31977  11  00     2  99999.00  99999.00  99999.00  99999.00  99999.00  99999.00  99999.00  99999.00       0       0       0       0
31977  11  00     1  99999.00  99999.00  99999.00  99999.00  99999.00  99999.00  99999.00  99999.00       0       0       0       0
31977  12  00  9999    972.18   1051.62  99999.00  99999.00   -433.21    191.75    -88.73    200.11     583       0     582     582
31977  12  00  1000  99999.00  99999.00    -81.33    449.91   -435.81    200.07   -547.66    198.38       0     559     557     547
31977  12  00   925  99999.00  99999.00    479.90   1069.34   -502.99    244.73   -613.17    236.67       0     577     575     568
31977  12  00   900  99999.00  99999.00  99999.00  99999.00  99999.00  99999.00  99999.00  99999.00       0       0      17      17
31977  12  00   850  99999.00  99999.00   1097.74   1734.34   -514.01    220.15   -613.22    191.62       0     581     581     573
31977  12  00   800  99999.00  99999.00  99999.00  99999.00  99999.00  99999.00  99999.00  99999.00       0       0      15      15
31977  12  00   700  99999.00  99999.00   2439.96   3309.36   -501.42    118.62   -658.65    104.79       0     582     581     577
31977  12  00   600  99999.00  99999.00  99999.00  99999.00  99999.00  99999.00  99999.00  99999.00       0       0      11      11
31977  12  00   500  99999.00  99999.00   4628.27   5989.07   -624.18    -36.30   -761.45    -62.93       0     577     578     576
31977  12  00   400  99999.00  99999.00   6020.48   7671.92   -662.87   -184.19   -799.72   -207.28       0     573     574     572
31977  12  00   300  99999.00  99999.00   7837.28   9651.20   -717.84   -312.60   -839.07   -351.03       0     559     558     553
31977  12  00   250  99999.00  99999.00   9042.96  10798.80   -799.44   -267.72   -889.08   -345.00       0     544     544     539
31977  12  00   200  99999.00  99999.00  10563.38  12150.14   -778.57   -265.57   -873.58   -358.30       0     513     512     503
31977  12  00   150  99999.00  99999.00  12481.61  13957.73   -703.40   -331.16   -855.78   -393.30       0     481     479     467
31977  12  00   100  99999.00  99999.00  15179.11  16513.51   -726.58   -332.86   -918.71   -385.31       0     426     427     417
31977  12  00    80  99999.00  99999.00  99999.00  99999.00  99999.00  99999.00  99999.00  99999.00       0       0      17      17
31977  12  00    70  99999.00  99999.00  17494.11  18784.83   -739.95   -321.51   -961.24   -366.04       0     381     379     373
31977  12  00    60  99999.00  99999.00  99999.00  99999.00  99999.00  99999.00  99999.00  99999.00       0       0      38      37
31977  12  00    50  99999.00  99999.00  19642.62  20980.98   -738.87   -319.95   -984.20   -353.96       0     338     335     331
31977  12  00    40  99999.00  99999.00  99999.00  99999.00  99999.00  99999.00  99999.00  99999.00       0       0      39      39
31977  12  00    30  99999.00  99999.00  22878.89  24373.37  -4048.73   2964.67  -1004.04   -316.92       0     258     265     264
31977  12  00    20  99999.00  99999.00  25405.64  27180.44   -736.86   -218.10  -1015.10   -276.98       0     161     168     164
31977  12  00    15  99999.00  99999.00  99999.00  99999.00  99999.00  99999.00  99999.00  99999.00       0       0      34      33
31977  12  00    10  99999.00  99999.00  99999.00  99999.00  99999.00  99999.00  99999.00  99999.00       0      29      43      42
31977  12  00     7  99999.00  99999.00  99999.00  99999.00  99999.00  99999.00  99999.00  99999.00       0       0       4       3
31977  12  00     5  99999.00  99999.00  99999.00  99999.00  99999.00  99999.00  99999.00  99999.00       0       0       1       1
31977  12  00     3  99999.00  99999.00  99999.00  99999.00  99999.00  99999.00  99999.00  99999.00       0       0       0       0
31977  12  00     2  99999.00  99999.00  99999.00  99999.00  99999.00  99999.00  99999.00  99999.00       0       0       0       0
31977  12  00     1  99999.00  99999.00  99999.00  99999.00  99999.00  99999.00  99999.00  99999.00       0       0       0       0
