78073  01  12  9999    998.13   1039.05  99999.00  99999.00      0.59    374.51   -136.73    192.43     865       0     864     672
78073  01  12  1000  99999.00  99999.00  -1946.44   2245.40     59.60    335.24   -119.74    438.62       0     852     847     652
78073  01  12   925  99999.00  99999.00    632.42   1024.82    -26.77    323.87   -141.37    371.03       0     369     373     355
78073  01  12   900  99999.00  99999.00  99999.00  99999.00  99999.00  99999.00  99999.00  99999.00       0      12      28      19
78073  01  12   850  99999.00  99999.00  -1828.69   4859.03  -1972.05   2178.51   -483.23    558.73       0     859     862     668
78073  01  12   800  99999.00  99999.00  99999.00  99999.00  99999.00  99999.00  99999.00  99999.00       0      11      33      26
78073  01  12   700  99999.00  99999.00   2944.57   3356.29    -77.59    189.29   -786.58    520.34       0     854     857     654
78073  01  12   600  99999.00  99999.00  99999.00  99999.00  99999.00  99999.00  99999.00  99999.00       0      10      26      20
78073  01  12   500  99999.00  99999.00   5543.51   6106.19   -227.96     26.32   -921.86    300.82       0     852     851     656
78073  01  12   400  99999.00  99999.00   7175.78   7836.02   -348.28    -90.40   -980.76    186.00       0     848     853     650
78073  01  12   300  99999.00  99999.00   9162.54   9953.94   -508.46   -240.02  -1002.26    -20.30       0     839     842     540
78073  01  12   250  99999.00  99999.00  10379.45  11207.93   -615.51   -311.07   -900.17   -257.09       0     825     828     256
78073  01  12   200  99999.00  99999.00  11807.49  12681.69   -735.65   -367.73   -944.50   -375.46       0     812     815     251
78073  01  12   150  99999.00  99999.00  13606.37  14481.29   -788.76   -488.88   -999.63   -465.51       0     784     788     242
78073  01  12   100  99999.00  99999.00   4744.98  27905.34   -903.99   -578.79  -1084.92   -558.36       0     750     755     235
78073  01  12    80  99999.00  99999.00  99999.00  99999.00  99999.00  99999.00  99999.00  99999.00       0      29      58      16
78073  01  12    70  99999.00  99999.00  18189.70  18882.34   -923.05   -571.93  -1115.87   -558.11       0     722     728     233
78073  01  12    60  99999.00  99999.00  99999.00  99999.00   -885.70   -538.06  99999.00  99999.00       0      32      68      14
78073  01  12    50  99999.00  99999.00  20222.11  20833.15   -846.94   -490.18  -1079.67   -472.47       0     709     717     234
78073  01  12    40  99999.00  99999.00  99999.00  99999.00  99999.00  99999.00  99999.00  99999.00       0      26      60      20
78073  01  12    30  99999.00  99999.00  12519.43  34650.07  -2781.97   1593.59  -1035.88   -378.40       0     667     671     218
78073  01  12    20  99999.00  99999.00  13701.02  38601.26  -2838.21   1748.79  -1041.43   -312.79       0     611     619     202
78073  01  12    15  99999.00  99999.00  99999.00  99999.00   -729.42   -269.34  99999.00  99999.00       0      50     110      38
78073  01  12    10  99999.00  99999.00   9668.10  51283.86   -706.17   -213.45   -992.61   -264.69       0     276     301      94
78073  01  12     7  99999.00  99999.00  99999.00  99999.00  99999.00  99999.00  99999.00  99999.00       0      33      57      16
78073  01  12     5  99999.00  99999.00  99999.00  99999.00  99999.00  99999.00  99999.00  99999.00       0       3       4       1
78073  01  12     3  99999.00  99999.00  99999.00  99999.00  99999.00  99999.00  99999.00  99999.00       0       0       0       0
78073  01  12     2  99999.00  99999.00  99999.00  99999.00  99999.00  99999.00  99999.00  99999.00       0       0       0       0
78073  01  12     1  99999.00  99999.00  99999.00  99999.00  99999.00  99999.00  99999.00  99999.00       0       0       0       0
78073  02  12  9999    996.38   1039.94  99999.00  99999.00      0.93    381.81   -136.10    188.98     816       0     811     638
78073  02  12  1000  99999.00  99999.00  -2904.05   3172.27     58.91    338.87   -107.81    439.03       0     807     808     630
78073  02  12   925  99999.00  99999.00    612.53   1044.29     -0.23    315.25   -177.89    420.07       0     359     366     358
78073  02  12   900  99999.00  99999.00  99999.00  99999.00  99999.00  99999.00  99999.00  99999.00       0      11      30      24
78073  02  12   850  99999.00  99999.00   -915.81   3971.07    -66.24    303.24   -476.22    549.54       0     808     807     630
78073  02  12   800  99999.00  99999.00  99999.00  99999.00  99999.00  99999.00  99999.00  99999.00       0      12      31      21
78073  02  12   700  99999.00  99999.00   2928.76   3372.40    -82.83    196.05   -804.85    519.83       0     809     809     629
78073  02  12   600  99999.00  99999.00  99999.00  99999.00  99999.00  99999.00  99999.00  99999.00       0       6      14       7
78073  02  12   500  99999.00  99999.00   5536.80   6114.48   -235.54     31.82   -916.47    282.81       0     799     800     622
78073  02  12   400  99999.00  99999.00   2196.35  12727.43   -350.20    -91.24   -971.20    157.04       0     798     799     608
78073  02  12   300  99999.00  99999.00   5348.29  13713.01   -517.43   -233.39  -1002.98    -35.90       0     794     797     511
78073  02  12   250  99999.00  99999.00  10365.52  11215.00   -637.54   -284.50   -936.35   -234.23       0     793     791     253
78073  02  12   200  99999.00  99999.00  11800.43  12688.91   -741.26   -349.34   -997.34   -328.22       0     784     782     247
78073  02  12   150  99999.00  99999.00  13594.63  14507.95   -767.83   -495.43  -1047.39   -427.83       0     773     773     245
78073  02  12   100  99999.00  99999.00   8231.96  24585.44   -886.62   -591.42  -1105.61   -565.13       0     756     760     245
78073  02  12    80  99999.00  99999.00  99999.00  99999.00  99999.00  99999.00  99999.00  99999.00       0      23      50      13
78073  02  12    70  99999.00  99999.00  18178.45  18915.01   -942.44   -556.04  -1158.36   -551.76       0     729     734     239
78073  02  12    60  99999.00  99999.00  99999.00  99999.00   -934.14   -510.30  99999.00  99999.00       0      37      65      17
78073  02  12    50  99999.00  99999.00  20187.39  20881.83   -866.10   -479.58  -1141.69   -450.85       0     717     720     240
78073  02  12    40  99999.00  99999.00  99999.00  99999.00   -807.52   -444.88  99999.00  99999.00       0      30      69      30
78073  02  12    30  99999.00  99999.00  23263.18  24119.98   -739.60   -421.48  -1120.10   -324.02       0     687     688     229
78073  02  12    20  99999.00  99999.00  25755.69  26796.33   -707.02   -346.18  -1111.47   -261.03       0     633     638     217
78073  02  12    15  99999.00  99999.00   -224.12  55125.76   -706.63   -273.91  99999.00  99999.00       0      68     142      53
78073  02  12    10  99999.00  99999.00  10198.46  50828.54   -665.20   -230.92  -1077.72   -194.52       0     290     320     103
78073  02  12     7  99999.00  99999.00  99999.00  99999.00  99999.00  99999.00  99999.00  99999.00       0      28      39       6
78073  02  12     5  99999.00  99999.00  99999.00  99999.00  99999.00  99999.00  99999.00  99999.00       0       3       8       2
78073  02  12     3  99999.00  99999.00  99999.00  99999.00  99999.00  99999.00  99999.00  99999.00       0       3       4       0
78073  02  12     2  99999.00  99999.00  99999.00  99999.00  99999.00  99999.00  99999.00  99999.00       0       2       3       0
78073  02  12     1  99999.00  99999.00  99999.00  99999.00  99999.00  99999.00  99999.00  99999.00       0       0       2       1
78073  03  12  9999    995.37   1039.05  99999.00  99999.00     14.78    380.06   -160.73    218.95     893       0     886     702
78073  03  12  1000  99999.00  99999.00  -1911.70   2189.90     82.21    327.49    -84.24    425.28       0     889     885     701
78073  03  12   925  99999.00  99999.00    619.62   1020.90     -1.53    322.47    -89.29    335.87       0     395     406     397
78073  03  12   900  99999.00  99999.00  99999.00  99999.00  99999.00  99999.00  99999.00  99999.00       0      11      28      22
78073  03  12   850  99999.00  99999.00   1363.72   1705.24    -59.19    305.61   -462.35    540.85       0     892     899     714
78073  03  12   800  99999.00  99999.00  99999.00  99999.00  99999.00  99999.00  99999.00  99999.00       0      13      29      23
78073  03  12   700  99999.00  99999.00   2954.44   3335.92    -88.92    202.80   -770.25    503.19       0     889     893     709
78073  03  12   600  99999.00  99999.00  99999.00  99999.00  99999.00  99999.00  99999.00  99999.00       0       7      26      21
78073  03  12   500  99999.00  99999.00   5542.69   6095.89   -246.87     45.21   -877.32    276.84       0     884     889     701
78073  03  12   400  99999.00  99999.00   2443.77  12477.69   -361.60    -77.92   -954.77    172.99       0     879     885     688
78073  03  12   300  99999.00  99999.00   9149.85   9956.13   -520.06   -225.70   -980.86    -43.30       0     871     873     599
78073  03  12   250  99999.00  99999.00  10357.32  11217.24   -625.67   -299.99   -913.15   -252.67       0     867     869     288
78073  03  12   200  99999.00  99999.00  11793.67  12686.47   -725.87   -372.23   -972.09   -360.21       0     861     864     279
78073  03  12   150  99999.00  99999.00  13622.37  14470.41   -792.14   -464.78  -1061.88   -413.16       0     847     853     279
78073  03  12   100  99999.00  99999.00   1705.78  30809.62   -891.99   -565.47  -1127.04   -519.36       0     829     843     277
78073  03  12    80  99999.00  99999.00  99999.00  99999.00  99999.00  99999.00  99999.00  99999.00       0      24      55      20
78073  03  12    70  99999.00  99999.00  18212.45  18909.77   -905.68   -563.56  -1135.82   -542.18       0     804     807     270
78073  03  12    60  99999.00  99999.00  99999.00  99999.00   -925.53   -488.13  99999.00  99999.00       0      37      87      27
78073  03  12    50  99999.00  99999.00  13985.63  27066.95   -832.79   -482.99  -1137.99   -429.75       0     788     794     269
78073  03  12    40  99999.00  99999.00  99999.00  99999.00   -752.59   -450.19  99999.00  99999.00       0      40      72      20
78073  03  12    30  99999.00  99999.00  23345.12  24140.24   -714.02   -417.62  -1158.08   -263.84       0     750     758     255
78073  03  12    20  99999.00  99999.00  18063.78  34534.62  -2653.88   1616.92  -1171.35   -173.67       0     704     716     249
78073  03  12    15  99999.00  99999.00  99999.00  99999.00  -8145.49   6875.15  99999.00  99999.00       0      55     115      32
78073  03  12    10  99999.00  99999.00  16570.76  44984.60   -635.84   -197.84  -1198.00    -89.20       0     300     335      95
78073  03  12     7  99999.00  99999.00  99999.00  99999.00  99999.00  99999.00  99999.00  99999.00       0      36      48       4
78073  03  12     5  99999.00  99999.00  99999.00  99999.00  99999.00  99999.00  99999.00  99999.00       0       4      18       0
78073  03  12     3  99999.00  99999.00  99999.00  99999.00  99999.00  99999.00  99999.00  99999.00       0       2      12       1
78073  03  12     2  99999.00  99999.00  99999.00  99999.00  99999.00  99999.00  99999.00  99999.00       0       1       7       0
78073  03  12     1  99999.00  99999.00  99999.00  99999.00  99999.00  99999.00  99999.00  99999.00       0       0      12       1
78073  04  12  9999    997.20   1035.36  99999.00  99999.00     38.29    373.45   -104.56    158.00     883       0     878     679
78073  04  12  1000  99999.00  99999.00    -22.99    309.89    108.13    321.97    -44.52    402.36       0     867     862     663
78073  04  12   925  99999.00  99999.00    616.56   1014.72     31.94    303.74    -88.17    353.67       0     393     407     396
78073  04  12   900  99999.00  99999.00  99999.00  99999.00  99999.00  99999.00  99999.00  99999.00       0      13      26      20
78073  04  12   850  99999.00  99999.00   1375.36   1690.48    -18.97    285.11   -453.54    540.18       0     871     881     677
78073  04  12   800  99999.00  99999.00  99999.00  99999.00  99999.00  99999.00  99999.00  99999.00       0      19      33      18
78073  04  12   700  99999.00  99999.00   2970.87   3323.19    -66.15    189.81   -732.58    480.38       0     872     879     676
78073  04  12   600  99999.00  99999.00  99999.00  99999.00  99999.00  99999.00  99999.00  99999.00       0       8      17      14
78073  04  12   500  99999.00  99999.00   5586.81   6063.69   -229.31     32.17   -880.84    279.80       0     871     877     677
78073  04  12   400  99999.00  99999.00   3921.65  11057.21   -346.49    -82.01   -957.58    183.14       0     873     875     669
78073  04  12   300  99999.00  99999.00   9200.50   9930.46   -505.12   -228.04  -1000.79    -20.99       0     865     866     606
78073  04  12   250  99999.00  99999.00   6479.60  15077.84   -600.32   -320.48   -922.94   -246.02       0     850     853     295
78073  04  12   200  99999.00  99999.00   7606.13  16853.69   -706.79   -403.07   -959.56   -377.44       0     841     841     290
78073  04  12   150  99999.00  99999.00   9002.52  19050.84   -799.50   -467.70  -1024.60   -453.40       0     831     836     289
78073  04  12   100  99999.00  99999.00  10870.21  22058.41   -875.46   -557.94  -1091.07   -539.79       0     811     820     282
78073  04  12    80  99999.00  99999.00  99999.00  99999.00   -947.89   -530.65  99999.00  99999.00       0      36      70      20
78073  04  12    70  99999.00  99999.00  18287.08  18896.20   -898.83   -534.03  -1100.52   -551.16       0     788     795     275
78073  04  12    60  99999.00  99999.00  99999.00  99999.00   -889.48   -475.84  99999.00  99999.00       0      33      76      28
78073  04  12    50  99999.00  99999.00  13992.55  27161.23   -795.24   -474.72  -1115.19   -414.87       0     780     790     273
78073  04  12    40  99999.00  99999.00  99999.00  99999.00   -737.68   -434.92  99999.00  99999.00       0      51      89      27
78073  04  12    30  99999.00  99999.00  23423.83  24226.63   -688.15   -401.83  -1120.21   -280.33       0     760     765     269
78073  04  12    20  99999.00  99999.00  18227.80  34585.96  -2626.83   1628.61  -1130.69   -195.53       0     718     723     244
78073  04  12    15  99999.00  99999.00  99999.00  99999.00   -626.81   -274.37  99999.00  99999.00       0      53     129      45
78073  04  12    10  99999.00  99999.00  30213.48  31917.36   -594.58   -201.58  -1154.56   -112.00       0     274     307      85
78073  04  12     7  99999.00  99999.00  99999.00  99999.00  99999.00  99999.00  99999.00  99999.00       0      39      50       5
78073  04  12     5  99999.00  99999.00  99999.00  99999.00  99999.00  99999.00  99999.00  99999.00       0       8      19       0
78073  04  12     3  99999.00  99999.00  99999.00  99999.00  99999.00  99999.00  99999.00  99999.00       0       4      10       0
78073  04  12     2  99999.00  99999.00  99999.00  99999.00  99999.00  99999.00  99999.00  99999.00       0       3       9       0
78073  04  12     1  99999.00  99999.00  99999.00  99999.00  99999.00  99999.00  99999.00  99999.00       0       1       7       0
78073  05  12  9999    999.89   1031.45  99999.00  99999.00     87.22    365.26   -158.97    206.31     873       0     870     701
78073  05  12  1000  99999.00  99999.00     -2.01    279.75    137.95    326.11     33.43    378.43       0     859     857     680
78073  05  12   925  99999.00  99999.00    655.52    979.16     81.87    294.63    -78.73    386.75       0     393     410     401
78073  05  12   900  99999.00  99999.00  99999.00  99999.00  99999.00  99999.00  99999.00  99999.00       0       9      23      16
78073  05  12   850  99999.00  99999.00   1398.36   1678.92     35.42    261.98   -321.78    480.18       0     862     874     693
78073  05  12   800  99999.00  99999.00  99999.00  99999.00  99999.00  99999.00  99999.00  99999.00       0      15      33      21
78073  05  12   700  99999.00  99999.00   3003.18   3316.50    -27.50    167.86   -619.14    477.18       0     856     864     689
78073  05  12   600  99999.00  99999.00  99999.00  99999.00  99999.00  99999.00  99999.00  99999.00       0      14      31      25
78073  05  12   500  99999.00  99999.00   2578.48   9080.08   -189.46     15.62   -911.78    376.18       0     859     865     684
78073  05  12   400  99999.00  99999.00   3910.82  11127.74   -317.05    -86.41   -969.30    240.78       0     855     855     669
78073  05  12   300  99999.00  99999.00   9279.74   9933.38   -476.51   -232.19  -1020.45     34.23       0     847     846     622
78073  05  12   250  99999.00  99999.00   6491.24  15159.80   -567.40   -332.20   -974.74   -175.90       0     839     844     266
78073  05  12   200  99999.00  99999.00   7644.53  16914.29   -671.27   -438.71   -975.46   -357.34       0     840     843     265
78073  05  12   150  99999.00  99999.00   6944.13  21134.97   -824.29   -475.69  -1041.81   -459.45       0     832     838     266
78073  05  12   100  99999.00  99999.00  10935.23  22051.07   -880.08   -549.12  -1114.56   -520.68       0     823     835     267
78073  05  12    80  99999.00  99999.00  99999.00  99999.00   -918.25   -520.57  99999.00  99999.00       0      27      64      15
78073  05  12    70  99999.00  99999.00  18323.58  18942.66   -867.56   -518.60  -1141.20   -479.40       0     794     801     249
78073  05  12    60  99999.00  99999.00  99999.00  99999.00   -856.88   -462.56  99999.00  99999.00       0      26      64      24
78073  05  12    50  99999.00  99999.00  20362.82  21003.38   -751.16   -475.64  -1171.52   -335.36       0     780     788     242
78073  05  12    40  99999.00  99999.00  99999.00  99999.00   -740.83   -412.99  99999.00  99999.00       0      38      75      21
78073  05  12    30  99999.00  99999.00  23518.64  24317.12   -659.56   -397.36  -1178.43   -219.15       0     737     746     230
78073  05  12    20  99999.00  99999.00  26089.48  27045.04   -604.83   -341.91  -1177.32   -168.00       0     682     692     208
78073  05  12    15  99999.00  99999.00   -779.99  56414.17   -609.83   -265.79  99999.00  99999.00       0      65     135      28
78073  05  12    10  99999.00  99999.00  30297.67  32106.43   -562.79   -228.59  -1218.45   -104.13       0     279     309      90
78073  05  12     7  99999.00  99999.00  99999.00  99999.00  99999.00  99999.00  99999.00  99999.00       0      30      44      10
78073  05  12     5  99999.00  99999.00  99999.00  99999.00  99999.00  99999.00  99999.00  99999.00       0       1       3       0
78073  05  12     3  99999.00  99999.00  99999.00  99999.00  99999.00  99999.00  99999.00  99999.00       0       1       1       0
78073  05  12     2  99999.00  99999.00  99999.00  99999.00  99999.00  99999.00  99999.00  99999.00       0       1       1       0
78073  05  12     1  99999.00  99999.00  99999.00  99999.00  99999.00  99999.00  99999.00  99999.00       0       0       1       0
78073  06  12  9999   1001.81   1030.37  99999.00  99999.00    150.23    345.11   -116.02    152.54     861       0     859     659
78073  06  12  1000  99999.00  99999.00     13.31    274.07    181.87    321.79    124.32    337.08       0     827     832     630
78073  06  12   925  99999.00  99999.00    646.75    999.31    141.78    280.14     58.01    301.73       0     433     445     432
78073  06  12   900  99999.00  99999.00  99999.00  99999.00  99999.00  99999.00  99999.00  99999.00       0       9      20      15
78073  06  12   850  99999.00  99999.00   1416.16   1693.48     95.96    243.92   -111.28    345.08       0     850     853     643
78073  06  12   800  99999.00  99999.00  99999.00  99999.00  99999.00  99999.00  99999.00  99999.00       0       7      14       7
78073  06  12   700  99999.00  99999.00   3038.26   3335.14      9.71    150.83   -409.28    383.20       0     856     859     657
78073  06  12   600  99999.00  99999.00  99999.00  99999.00  99999.00  99999.00  99999.00  99999.00       0      17      42      30
78073  06  12   500  99999.00  99999.00   5734.46   6036.50   -154.00      3.32   -852.31    431.09       0     841     843     637
78073  06  12   400  99999.00  99999.00   7419.70   7757.38   -265.80    -99.60   -944.59    306.53       0     831     832     623
78073  06  12   300  99999.00  99999.00   9467.09   9877.85   -427.87   -241.99   -973.71     52.05       0     825     830     587
78073  06  12   250  99999.00  99999.00  10692.46  11156.38   -528.50   -342.74   -846.10   -222.22       0     822     825     275
78073  06  12   200  99999.00  99999.00  12111.80  12660.20   -641.34   -462.78   -839.20   -437.08       0     816     816     269
78073  06  12   150  99999.00  99999.00   9033.25  19246.81   -799.57   -538.57   -923.71   -568.15       0     809     814     272
78073  06  12   100  99999.00  99999.00  10851.09  22240.05   -872.95   -559.39  -1012.23   -585.75       0     786     799     273
78073  06  12    80  99999.00  99999.00  99999.00  99999.00  99999.00  99999.00  99999.00  99999.00       0      38      60      12
78073  06  12    70  99999.00  99999.00  18446.23  18959.35   -812.79   -529.95  -1053.45   -491.61       0     784     786     260
78073  06  12    60  99999.00  99999.00  99999.00  99999.00  99999.00  99999.00  99999.00  99999.00       0      22      47      13
78073  06  12    50  99999.00  99999.00  20495.44  21034.72   -724.03   -489.19  -1103.81   -350.57       0     768     771     255
78073  06  12    40  99999.00  99999.00  99999.00  99999.00   -712.75   -439.51  99999.00  99999.00       0      37      63      18
78073  06  12    30  99999.00  99999.00  23678.78  24329.66   -651.37   -403.57  -1101.33   -258.57       0     731     734     245
78073  06  12    20  99999.00  99999.00  26269.18  27036.94   -603.06   -345.18  -1137.66   -185.58       0     684     688     219
78073  06  12    15  99999.00  99999.00  27475.66  29446.54   -607.05   -283.17  99999.00  99999.00       0      70     141      42
78073  06  12    10  99999.00  99999.00  16592.36  45679.76   -558.63   -248.31  -1192.72   -130.48       0     291     314      80
78073  06  12     7  99999.00  99999.00  99999.00  99999.00  99999.00  99999.00  99999.00  99999.00       0      37      49       5
78073  06  12     5  99999.00  99999.00  99999.00  99999.00  99999.00  99999.00  99999.00  99999.00       0       5       7       0
78073  06  12     3  99999.00  99999.00  99999.00  99999.00  99999.00  99999.00  99999.00  99999.00       0       1       1       0
78073  06  12     2  99999.00  99999.00  99999.00  99999.00  99999.00  99999.00  99999.00  99999.00       0       1       1       0
78073  06  12     1  99999.00  99999.00  99999.00  99999.00  99999.00  99999.00  99999.00  99999.00       0       1       2       1
78073  07  12  9999   1005.46   1029.34  99999.00  99999.00    157.64    351.56    -99.45    141.51     874       0     872     634
78073  07  12  1000  99999.00  99999.00     47.46    264.18    201.32    321.08    150.29    320.33       0     851     845     602
78073  07  12   925  99999.00  99999.00    703.45    970.09    164.91    268.23     56.38    312.10       0     422     430     417
78073  07  12   900  99999.00  99999.00  99999.00  99999.00  99999.00  99999.00  99999.00  99999.00       0      11      23      15
78073  07  12   850  99999.00  99999.00   1463.38   1678.54    105.04    245.08   -127.48    353.84       0     873     876     633
78073  07  12   800  99999.00  99999.00  99999.00  99999.00  99999.00  99999.00  99999.00  99999.00       0       8      21      15
78073  07  12   700  99999.00  99999.00   3093.64   3318.28     19.09    150.61   -365.43    329.73       0     870     877     636
78073  07  12   600  99999.00  99999.00  99999.00  99999.00  99999.00  99999.00  99999.00  99999.00       0      18      50      38
78073  07  12   500  99999.00  99999.00   5783.63   6029.27   -149.18     -1.58   -724.92    309.60       0     863     839     598
78073  07  12   400  99999.00  99999.00   7471.43   7746.11   -268.27   -100.03   -838.25    208.15       0     859     865     618
78073  07  12   300  99999.00  99999.00   5602.80  13733.52   -431.36   -241.16   -945.53     20.11       0     846     852     586
78073  07  12   250  99999.00  99999.00  10736.45  11149.61   -530.60   -341.72   -843.19   -235.03       0     849     853     259
78073  07  12   200  99999.00  99999.00   7742.16  17015.28   -640.60   -462.52   -843.92   -437.72       0     843     847     261
78073  07  12   150  99999.00  99999.00  13916.84  14465.96   -800.88   -523.20   -923.79   -568.47       0     832     835     260
78073  07  12   100  99999.00  99999.00   6845.56  26194.84   -835.76   -555.68  -1031.80   -548.92       0     816     829     259
78073  07  12    80  99999.00  99999.00  99999.00  99999.00  99999.00  99999.00  99999.00  99999.00       0      23      38       2
78073  07  12    70  99999.00  99999.00  18520.69  18994.93   -783.97   -543.61  -1077.07   -467.83       0     802     808     254
78073  07  12    60  99999.00  99999.00  99999.00  99999.00  99999.00  99999.00  99999.00  99999.00       0      25      53      15
78073  07  12    50  99999.00  99999.00  20573.54  21077.18   -717.61   -490.69  -1111.94   -353.06       0     788     795     250
78073  07  12    40  99999.00  99999.00  99999.00  99999.00   -739.89   -406.29  99999.00  99999.00       0      35      64      16
78073  07  12    30  99999.00  99999.00  23760.75  24367.95   -657.23   -401.15  -1103.08   -270.16       0     751     756     243
78073  07  12    20  99999.00  99999.00  26361.23  27062.63   -614.92   -336.88  -1145.07   -188.31       0     702     712     214
78073  07  12    15  99999.00  99999.00  27580.28  29428.40   -619.20   -275.76  99999.00  99999.00       0      83     151      29
78073  07  12    10  99999.00  99999.00  30540.45  32108.97  -3480.65   2598.31  -1185.42   -158.34       0     327     359      95
78073  07  12     7  99999.00  99999.00  99999.00  99999.00  -7472.86   6413.06  99999.00  99999.00       0      33      69      19
78073  07  12     5  99999.00  99999.00  99999.00  99999.00  99999.00  99999.00  99999.00  99999.00       0       5       9       1
78073  07  12     3  99999.00  99999.00  99999.00  99999.00  99999.00  99999.00  99999.00  99999.00       0       1       2       0
78073  07  12     2  99999.00  99999.00  99999.00  99999.00  99999.00  99999.00  99999.00  99999.00       0       0       0       0
78073  07  12     1  99999.00  99999.00  99999.00  99999.00  99999.00  99999.00  99999.00  99999.00       0       0       0       0
78073  08  12  9999   1002.38   1029.74  99999.00  99999.00    151.92    352.44   -146.01    182.43     879       0     875     682
78073  08  12  1000  99999.00  99999.00     23.13    266.37    197.65    330.25    149.30    328.10       0     871     859     657
78073  08  12   925  99999.00  99999.00    680.42    974.78    168.53    270.29     61.14    320.46       0     414     418     405
78073  08  12   900  99999.00  99999.00  99999.00  99999.00  99999.00  99999.00  99999.00  99999.00       0       9      16      11
78073  08  12   850  99999.00  99999.00   1439.68   1683.04    113.72    239.48    -92.82    338.70       0     889     892     690
78073  08  12   800  99999.00  99999.00  99999.00  99999.00  99999.00  99999.00  99999.00  99999.00       0      10      14       7
78073  08  12   700  99999.00  99999.00   3079.37   3317.33     19.34    157.22   -364.71    348.09       0     881     887     690
78073  08  12   600  99999.00  99999.00  99999.00  99999.00  99999.00  99999.00  99999.00  99999.00       0      13      33      26
78073  08  12   500  99999.00  99999.00   5777.53   6033.01   -147.41      8.23   -771.49    364.31       0     870     878     675
78073  08  12   400  99999.00  99999.00   3991.84  11190.76   -264.81    -91.29   -891.43    253.25       0     863     871     667
78073  08  12   300  99999.00  99999.00   9524.24   9874.40   -424.19   -234.95   -995.13     53.91       0     852     857     611
78073  08  12   250  99999.00  99999.00  10750.47  11157.75   -527.81   -331.49   -882.81   -185.61       0     849     856     228
78073  08  12   200  99999.00  99999.00  12184.73  12653.69   -646.66   -447.58   -907.93   -372.85       0     838     841     218
78073  08  12   150  99999.00  99999.00  13937.60  14479.16   -800.29   -525.01   -983.72   -511.28       0     826     837     218
78073  08  12   100  99999.00  99999.00   6797.88  26263.32   -844.45   -564.97  -1032.37   -566.29       0     807     817     210
78073  08  12    80  99999.00  99999.00  99999.00  99999.00  99999.00  99999.00  99999.00  99999.00       0      25      51      11
78073  08  12    70  99999.00  99999.00  18514.45  19016.41   -776.35   -544.87  -1137.88   -413.08       0     816     822     219
78073  08  12    60  99999.00  99999.00  99999.00  99999.00  99999.00  99999.00  99999.00  99999.00       0      24      47      18
78073  08  12    50  99999.00  99999.00  20562.64  21105.16   -725.72   -485.96  -1165.38   -312.18       0     802     803     214
78073  08  12    40  99999.00  99999.00  99999.00  99999.00  99999.00  99999.00  99999.00  99999.00       0      30      55       7
78073  08  12    30  99999.00  99999.00  23716.93  24416.65   -666.92   -402.08  -1121.55   -247.83       0     773     782     210
78073  08  12    20  99999.00  99999.00  26308.71  27114.39   -620.78   -342.14  -1111.39   -216.79       0     718     724     199
78073  08  12    15  99999.00  99999.00    524.98  55366.06  -5134.53   4101.63  99999.00  99999.00       0      71     154      40
78073  08  12    10  99999.00  99999.00  10979.70  51087.66   -568.07   -270.95  -1166.39   -205.07       0     305     331      75
78073  08  12     7  99999.00  99999.00  99999.00  99999.00   -604.42   -187.30  99999.00  99999.00       0      42      64       8
78073  08  12     5  99999.00  99999.00  99999.00  99999.00  99999.00  99999.00  99999.00  99999.00       0       3       4       0
78073  08  12     3  99999.00  99999.00  99999.00  99999.00  99999.00  99999.00  99999.00  99999.00       0       1       1       0
78073  08  12     2  99999.00  99999.00  99999.00  99999.00  99999.00  99999.00  99999.00  99999.00       0       1       1       0
78073  08  12     1  99999.00  99999.00  99999.00  99999.00  99999.00  99999.00  99999.00  99999.00       0       0       0       0
78073  09  12  9999   1000.36   1028.32  99999.00  99999.00    144.42    346.86   -140.08    173.00     782       0     778     564
78073  09  12  1000  99999.00  99999.00      8.50    251.62    202.50    320.82    140.67    335.43       0     773     762     546
78073  09  12   925  99999.00  99999.00    677.19    938.31    166.59    267.63     38.97    336.69       0     325     328     320
78073  09  12   900  99999.00  99999.00  99999.00  99999.00  99999.00  99999.00  99999.00  99999.00       0       9      15       8
78073  09  12   850  99999.00  99999.00   1421.84   1667.96    116.97    228.93    -38.92    297.68       0     786     783     565
78073  09  12   800  99999.00  99999.00  99999.00  99999.00  99999.00  99999.00  99999.00  99999.00       0      10      22      17
78073  09  12   700  99999.00  99999.00   3050.14   3310.18     18.83    156.71   -399.48    395.04       0     780     781     559
78073  09  12   600  99999.00  99999.00  99999.00  99999.00  99999.00  99999.00  99999.00  99999.00       0      21      35      21
78073  09  12   500  99999.00  99999.00   5747.01   6029.13   -145.58     10.30   -836.56    415.64       0     766     769     547
78073  09  12   400  99999.00  99999.00   3736.84  11406.88  -2328.57   1950.87   -951.23    307.93       0     759     760     540
78073  09  12   300  99999.00  99999.00   5591.81  13728.41  -2457.71   1776.01  -1006.95     86.97       0     752     753     507
78073  09  12   250  99999.00  99999.00  10708.76  11173.52   -532.91   -324.47   -822.26   -226.22       0     740     740     165
78073  09  12   200  99999.00  99999.00  12140.17  12671.05   -653.72   -438.56   -824.49   -441.09       0     733     735     153
78073  09  12   150  99999.00  99999.00  13891.17  14496.81   -795.27   -537.99   -911.15   -577.31       0     725     727     153
78073  09  12   100  99999.00  99999.00  10555.39  22562.59   -901.99   -547.15   -997.45   -623.05       0     708     715     156
78073  09  12    80  99999.00  99999.00  99999.00  99999.00  99999.00  99999.00  99999.00  99999.00       0      37      55       8
78073  09  12    70  99999.00  99999.00  18439.36  18999.04   -810.27   -528.99   -952.07   -576.23       0     702     702     151
78073  09  12    60  99999.00  99999.00  99999.00  99999.00  99999.00  99999.00  99999.00  99999.00       0      42      56       6
78073  09  12    50  99999.00  99999.00  13694.01  27780.09   -725.95   -494.47   -944.10   -490.86       0     689     690     152
78073  09  12    40  99999.00  99999.00  99999.00  99999.00   -742.09   -406.69  99999.00  99999.00       0      37      61      13
78073  09  12    30  99999.00  99999.00  23639.96  24384.08   -665.07   -407.07   -940.25   -391.37       0     658     661     149
78073  09  12    20  99999.00  99999.00  26207.35  27088.87   -629.33   -348.53   -965.33   -321.53       0     607     606     134
78073  09  12    15  99999.00  99999.00  99999.00  99999.00   -614.32   -307.72  99999.00  99999.00       0      56     113      21
78073  09  12    10  99999.00  99999.00  30398.78  32093.30   -581.32   -265.48  99999.00  99999.00       0     273     290      55
78073  09  12     7  99999.00  99999.00  99999.00  99999.00  99999.00  99999.00  99999.00  99999.00       0      35      54       7
78073  09  12     5  99999.00  99999.00  99999.00  99999.00  99999.00  99999.00  99999.00  99999.00       0       7       8       0
78073  09  12     3  99999.00  99999.00  99999.00  99999.00  99999.00  99999.00  99999.00  99999.00       0       3       5       2
78073  09  12     2  99999.00  99999.00  99999.00  99999.00  99999.00  99999.00  99999.00  99999.00       0       1       1       0
78073  09  12     1  99999.00  99999.00  99999.00  99999.00  99999.00  99999.00  99999.00  99999.00       0       0       0       0
78073  10  12  9999    998.48   1030.64  99999.00  99999.00    105.65    364.25    -92.06    131.26     880       0     872     684
78073  10  12  1000  99999.00  99999.00    -18.00    279.24    160.70    332.90     51.78    386.46       0     870     872     685
78073  10  12   925  99999.00  99999.00    617.32    999.88     93.44    308.24     11.74    333.58       0     412     422     409
78073  10  12   900  99999.00  99999.00  99999.00  99999.00  99999.00  99999.00  99999.00  99999.00       0      17      30      19
78073  10  12   850  99999.00  99999.00   1393.78   1681.42     53.00    266.24   -246.74    463.54       0     877     883     688
78073  10  12   800  99999.00  99999.00  99999.00  99999.00  99999.00  99999.00  99999.00  99999.00       0      12      26      22
78073  10  12   700  99999.00  99999.00   3016.18   3318.70    -10.85    178.63   -637.71    550.41       0     868     872     681
78073  10  12   600  99999.00  99999.00  99999.00  99999.00  99999.00  99999.00  99999.00  99999.00       0      15      31      24
78073  10  12   500  99999.00  99999.00   5685.93   6056.85   -172.46     30.94   -932.23    434.33       0     861     865     672
78073  10  12   400  99999.00  99999.00   7346.13   7803.57   -302.51    -62.15   -984.17    289.27       0     854     856     660
78073  10  12   300  99999.00  99999.00   9358.71   9958.11   -461.65   -209.53  -1040.48     78.88       0     850     852     625
78073  10  12   250  99999.00  99999.00  10563.65  11256.53   -550.40   -318.20   -879.73   -201.61       0     834     840     242
78073  10  12   200  99999.00  99999.00  11986.72  12761.20   -654.75   -441.39   -905.81   -384.53       0     823     827     235
78073  10  12   150  99999.00  99999.00  13761.20  14559.32   -800.29   -540.73   -953.63   -561.47       0     814     817     232
78073  10  12   100  99999.00  99999.00   8523.49  24435.37   -921.64   -581.08  -1052.17   -627.85       0     802     815     227
78073  10  12    80  99999.00  99999.00  99999.00  99999.00   -925.64   -534.20  99999.00  99999.00       0      31      65      11
78073  10  12    70  99999.00  99999.00  18327.14  18949.34   -853.14   -526.02  -1011.03   -568.35       0     788     790     222
78073  10  12    60  99999.00  99999.00  99999.00  99999.00   -815.49   -492.93  99999.00  99999.00       0      32      68      21
78073  10  12    50  99999.00  99999.00  20356.32  21016.56   -747.68   -491.60   -971.89   -491.17       0     774     776     220
78073  10  12    40  99999.00  99999.00  99999.00  99999.00   -760.62   -406.74  99999.00  99999.00       0      40      68      11
78073  10  12    30  99999.00  99999.00  23516.12  24288.08   -677.54   -415.94   -922.10   -431.18       0     745     746     213
78073  10  12    20  99999.00  99999.00  18185.08  34763.08   -646.08   -350.16   -972.83   -332.63       0     701     705     201
78073  10  12    15  99999.00  99999.00  27432.49  29226.61   -667.59   -269.19  99999.00  99999.00       0      65     135      33
78073  10  12    10  99999.00  99999.00  16654.85  45284.81   -599.61   -250.29  -1043.90   -209.42       0     298     320      83
78073  10  12     7  99999.00  99999.00  99999.00  99999.00  99999.00  99999.00  99999.00  99999.00       0      27      51       8
78073  10  12     5  99999.00  99999.00  99999.00  99999.00  99999.00  99999.00  99999.00  99999.00       0       3       5       0
78073  10  12     3  99999.00  99999.00  99999.00  99999.00  99999.00  99999.00  99999.00  99999.00       0       1       1       1
78073  10  12     2  99999.00  99999.00  99999.00  99999.00  99999.00  99999.00  99999.00  99999.00       0       0       1       0
78073  10  12     1  99999.00  99999.00  99999.00  99999.00  99999.00  99999.00  99999.00  99999.00       0       0       1       0
78073  11  12  9999    997.75   1034.95  99999.00  99999.00     63.77    374.33   -111.33    164.07     868       0     861     700
78073  11  12  1000  99999.00  99999.00    -17.57    306.43    120.54    333.78    -25.91    408.25       0     857     854     691
78073  11  12   925  99999.00  99999.00    630.01   1002.49     49.16    304.04    -70.82    359.26       0     414     422     415
78073  11  12   900  99999.00  99999.00  99999.00  99999.00  99999.00  99999.00  99999.00  99999.00       0      12      24      14
78073  11  12   850  99999.00  99999.00   1386.09   1695.33      1.57    277.33   -323.77    488.39       0     858     866     698
78073  11  12   800  99999.00  99999.00  99999.00  99999.00  99999.00  99999.00  99999.00  99999.00       0      15      39      32
78073  11  12   700  99999.00  99999.00    449.27   5845.55  -1996.14   2125.74   -764.25    557.79       0     860     863     699
78073  11  12   600  99999.00  99999.00  99999.00  99999.00  99999.00  99999.00  99999.00  99999.00       0       8      18      15
78073  11  12   500  99999.00  99999.00   5632.78   6083.50  -1894.46   1714.30   -923.51    353.05       0     853     861     693
78073  11  12   400  99999.00  99999.00   3918.20  11151.08   -318.71    -71.75   -997.23    232.53       0     853     859     691
78073  11  12   300  99999.00  99999.00   9291.95   9962.27   -468.71   -229.31  -1002.71      5.05       0     844     850     629
78073  11  12   250  99999.00  99999.00   6506.40  15190.08  -2436.02   1523.98   -927.57   -205.29       0     838     841     267
78073  11  12   200  99999.00  99999.00  11936.78  12725.78   -661.97   -445.61   -941.10   -379.14       0     831     834     270
78073  11  12   150  99999.00  99999.00  13734.88  14495.80   -819.27   -518.07   -998.17   -519.13       0     827     837     270
78073  11  12   100  99999.00  99999.00   6707.22  26113.38   -902.25   -599.49  -1053.86   -615.02       0     805     819     262
78073  11  12    80  99999.00  99999.00  99999.00  99999.00   -968.28   -525.24  99999.00  99999.00       0      33      67      19
78073  11  12    70  99999.00  99999.00  18251.87  18915.11   -905.80   -537.88  -1084.06   -554.74       0     793     801     260
78073  11  12    60  99999.00  99999.00  99999.00  99999.00   -892.04   -476.12  99999.00  99999.00       0      27      64      17
78073  11  12    50  99999.00  99999.00  14014.02  27125.46   -780.51   -490.71  -1050.89   -454.25       0     787     794     255
78073  11  12    40  99999.00  99999.00  99999.00  99999.00   -752.61   -433.77  99999.00  99999.00       0      40      85      22
78073  11  12    30  99999.00  99999.00  16344.09  31178.97   -708.52   -403.72  -1006.23   -368.79       0     750     754     245
78073  11  12    20  99999.00  99999.00  18198.63  34536.75  -2645.68   1607.12  -1014.20   -298.64       0     718     722     230
78073  11  12    15  99999.00  99999.00  99999.00  99999.00   -682.69   -269.77  99999.00  99999.00       0      60     141      41
78073  11  12    10  99999.00  99999.00  30039.40  31914.40   -644.72   -227.12  -1087.00   -161.32       0     331     360     118
78073  11  12     7  99999.00  99999.00  99999.00  99999.00  99999.00  99999.00  99999.00  99999.00       0      26      55      14
78073  11  12     5  99999.00  99999.00  99999.00  99999.00  99999.00  99999.00  99999.00  99999.00       0       5       8       1
78073  11  12     3  99999.00  99999.00  99999.00  99999.00  99999.00  99999.00  99999.00  99999.00       0       2       4       2
78073  11  12     2  99999.00  99999.00  99999.00  99999.00  99999.00  99999.00  99999.00  99999.00       0       2       4       2
78073  11  12     1  99999.00  99999.00  99999.00  99999.00  99999.00  99999.00  99999.00  99999.00       0       1       1       0
78073  12  12  9999   1000.21   1036.09  99999.00  99999.00     28.30    371.74   -131.38    181.82     810       0     807     635
78073  12  12  1000  99999.00  99999.00      3.35    315.59     87.67    332.59    -63.79    415.13       0     795     796     623
78073  12  12   925  99999.00  99999.00    641.68   1011.04     18.39    311.91    -89.77    356.51       0     357     363     357
78073  12  12   900  99999.00  99999.00  99999.00  99999.00  99999.00  99999.00  99999.00  99999.00       0       6      23      19
78073  12  12   850  99999.00  99999.00   1378.09   1714.93    -44.46    295.26   -393.74    513.82       0     809     810     637
78073  12  12   800  99999.00  99999.00  99999.00  99999.00  99999.00  99999.00  99999.00  99999.00       0      17      37      27
78073  12  12   700  99999.00  99999.00   2967.62   3355.82    -68.77    204.59   -757.14    510.54       0     809     811     638
78073  12  12   600  99999.00  99999.00  99999.00  99999.00  99999.00  99999.00  99999.00  99999.00       0      13      27      19
78073  12  12   500  99999.00  99999.00   2461.32   9197.52   -213.39     34.41   -864.34    286.82       0     802     806     633
78073  12  12   400  99999.00  99999.00   7221.58   7854.58   -334.03    -82.03   -938.83    172.85       0     798     802     627
78073  12  12   300  99999.00  99999.00   5373.65  13774.01   -483.76   -243.28   -984.97    -26.29       0     790     793     553
78073  12  12   250  99999.00  99999.00  10415.33  11256.05   -577.53   -339.69   -896.04   -250.32       0     781     785     230
78073  12  12   200  99999.00  99999.00  11847.29  12724.49   -697.25   -424.85   -903.37   -420.13       0     772     776     229
78073  12  12   150  99999.00  99999.00  13635.83  14511.23   -828.75   -482.07   -962.89   -518.05       0     759     763     230
78073  12  12   100  99999.00  99999.00  10598.36  22304.36   -883.99   -601.27   -997.07   -641.75       0     741     748     222
78073  12  12    80  99999.00  99999.00  99999.00  99999.00  99999.00  99999.00  99999.00  99999.00       0      23      60      15
78073  12  12    70  99999.00  99999.00  18194.66  18916.34   -924.87   -563.67  -1037.25   -624.09       0     715     720     219
78073  12  12    60  99999.00  99999.00  99999.00  99999.00   -922.97   -471.41  99999.00  99999.00       0      44      74      18
78073  12  12    50  99999.00  99999.00  20252.47  20862.43   -848.18   -461.66  -1008.50   -511.10       0     701     708     215
78073  12  12    40  99999.00  99999.00  99999.00  99999.00   -792.95   -426.23  99999.00  99999.00       0      31      69      22
78073  12  12    30  99999.00  99999.00  23381.16  24091.80   -744.94   -388.06   -982.15   -380.47       0     673     679     208
78073  12  12    20  99999.00  99999.00  25865.68  26812.12   -715.24   -317.44  -1013.49   -285.45       0     640     646     194
78073  12  12    15  99999.00  99999.00 -19160.89  72158.87   -732.25   -240.73  99999.00  99999.00       0      73     145      45
78073  12  12    10  99999.00  99999.00  15776.34  45644.58   -687.68   -196.40  -1025.15   -221.27       0     271     306      70
78073  12  12     7  99999.00  99999.00  99999.00  99999.00  99999.00  99999.00  99999.00  99999.00       0      19      36       6
78073  12  12     5  99999.00  99999.00  99999.00  99999.00  99999.00  99999.00  99999.00  99999.00       0       2       4       1
78073  12  12     3  99999.00  99999.00  99999.00  99999.00  99999.00  99999.00  99999.00  99999.00       0       1       1       0
78073  12  12     2  99999.00  99999.00  99999.00  99999.00  99999.00  99999.00  99999.00  99999.00       0       1       1       0
78073  12  12     1  99999.00  99999.00  99999.00  99999.00  99999.00  99999.00  99999.00  99999.00       0       0       2       1
