70308  01  00  9999    904.07   1096.43  99999.00  99999.00   -332.15    269.29    -85.99    137.69     980       0     962     804
70308  01  00  1000  99999.00  99999.00   -355.80    572.76   -375.66    288.06   -477.56    307.24       0     517     516     419
70308  01  00   925  99999.00  99999.00    -84.87   1341.09   -430.15    283.01   -536.46    327.78       0     679     682     675
70308  01  00   900  99999.00  99999.00  99999.00  99999.00  99999.00  99999.00  99999.00  99999.00       0      18      34      28
70308  01  00   850  99999.00  99999.00    550.56   1998.48   -435.57    243.51   -649.10    343.42       0    1071    1070     844
70308  01  00   800  99999.00  99999.00  99999.00  99999.00  99999.00  99999.00  99999.00  99999.00       0       9      29      24
70308  01  00   700  99999.00  99999.00    281.99   5202.95   -502.01    164.59   -780.16    253.76       0    1070    1069     844
70308  01  00   600  99999.00  99999.00  99999.00  99999.00  99999.00  99999.00  99999.00  99999.00       0      14      26      24
70308  01  00   500  99999.00  99999.00   4276.76   6136.40   -652.90      9.26   -878.52     49.32       0    1069    1069     825
70308  01  00   400  99999.00  99999.00   5679.19   7816.75   -704.38   -143.62   -939.29    -93.29       0    1064    1065     683
70308  01  00   300  99999.00  99999.00   7469.96   9819.80   -750.80   -298.76   -919.13   -340.85       0    1063    1064     639
70308  01  00   250  99999.00  99999.00   5973.98  13624.34   -864.29   -208.13   -996.77   -318.89       0    1062    1062     640
70308  01  00   200  99999.00  99999.00   7185.21  15295.41   -857.24   -163.40  -1060.57   -254.17       0    1060    1061     639
70308  01  00   150  99999.00  99999.00   8725.43  17515.19   -742.45   -233.53  -1098.17   -223.25       0    1051    1051     630
70308  01  00   100  99999.00  99999.00  10889.23  20681.23   -725.18   -243.26  -1134.58   -203.50       0    1042    1043     624
70308  01  00    80  99999.00  99999.00  16289.09  18272.21   -713.35   -240.55  -1113.70   -220.66       0      69     108      76
70308  01  00    70  99999.00  99999.00  17143.91  19169.51   -741.40   -231.88  -1163.75   -188.87       0    1034    1034     621
70308  01  00    60  99999.00  99999.00  99999.00  99999.00   -755.94   -214.14  99999.00  99999.00       0      41      77      50
70308  01  00    50  99999.00  99999.00  19262.42  21472.34   -781.74   -194.46  -1178.66   -182.42       0    1021    1019     614
70308  01  00    40  99999.00  99999.00  20524.53  22963.89   -783.40   -187.72  -1206.34   -183.58       0      77     122      73
70308  01  00    30  99999.00  99999.00  22338.49  25111.69   -859.02   -112.62  -1213.36   -153.16       0     986     987     604
70308  01  00    20  99999.00  99999.00  24705.28  28081.12   -907.71    -48.87  -1234.74   -125.22       0     929     929     585
70308  01  00    15  99999.00  99999.00  25822.27  30319.87   -949.07      8.29  -1285.82    -71.18       0     135     258     189
70308  01  00    10  99999.00  99999.00  20164.38  41535.30   -977.93     39.91  -1280.17    -87.37       0     559     579     404
70308  01  00     7  99999.00  99999.00  16404.27  49519.59   -963.74     12.94  -1263.50   -120.38       0     252     293     228
70308  01  00     5  99999.00  99999.00  32644.03  37659.43   -925.72    -30.16  -1220.14   -136.30       0      73     121     112
70308  01  00     3  99999.00  99999.00  99999.00  99999.00  99999.00  99999.00  99999.00  99999.00       0       5      14      12
70308  01  00     2  99999.00  99999.00  99999.00  99999.00  99999.00  99999.00  99999.00  99999.00       0       0       2       2
70308  01  00     1  99999.00  99999.00  99999.00  99999.00  99999.00  99999.00  99999.00  99999.00       0       0       0       0
70308  02  00  9999    901.25   1102.49  99999.00  99999.00   -373.62    301.74    -78.34    123.86     917       0     892     716
70308  02  00  1000  99999.00  99999.00   -368.70    598.14   -408.25    309.23   -490.04    330.88       0     534     534     389
70308  02  00   925  99999.00  99999.00   -131.61   1376.91   -404.18    273.46   -520.35    328.89       0     651     653     617
70308  02  00   900  99999.00  99999.00  99999.00  99999.00  99999.00  99999.00  99999.00  99999.00       0      19      34      24
70308  02  00   850  99999.00  99999.00  -1013.17   3569.51   -429.53    243.79   -632.16    343.80       0     981     978     760
70308  02  00   800  99999.00  99999.00  99999.00  99999.00  99999.00  99999.00  99999.00  99999.00       0      23      36      24
70308  02  00   700  99999.00  99999.00    184.72   5332.24   -483.22    153.74   -810.54    287.22       0     982     981     763
70308  02  00   600  99999.00  99999.00  99999.00  99999.00  99999.00  99999.00  99999.00  99999.00       0      22      30      22
70308  02  00   500  99999.00  99999.00   4238.66   6214.70   -645.08      9.76   -953.36    101.68       0     981     981     757
70308  02  00   400  99999.00  99999.00   5635.79   7905.47   -715.82   -124.70   -994.66    -53.62       0     981     981     656
70308  02  00   300  99999.00  99999.00   7410.94   9931.30   -748.06   -293.38   -961.77   -303.69       0     981     981     587
70308  02  00   250  99999.00  99999.00   8603.71  11087.95  -2385.16   1298.12  -1008.17   -308.69       0     981     981     588
70308  02  00   200  99999.00  99999.00  10131.56  12449.72  -2367.41   1336.03  -1095.42   -230.82       0     977     976     583
70308  02  00   150  99999.00  99999.00  12053.58  14297.82  -2341.78   1349.78  -1136.28   -199.92       0     973     972     580
70308  02  00   100  99999.00  99999.00  10705.66  20929.90   -715.19   -253.55  -1177.51   -177.67       0     965     965     573
70308  02  00    80  99999.00  99999.00  16135.81  18370.69   -732.59   -224.63  -1137.94   -179.50       0      67     108      68
70308  02  00    70  99999.00  99999.00  17112.92  19265.00   -719.77   -251.05  -1204.04   -166.04       0     950     950     567
70308  02  00    60  99999.00  99999.00  99999.00  99999.00   -710.06   -256.22  99999.00  99999.00       0      39      76      51
70308  02  00    50  99999.00  99999.00  19310.08  21492.16   -735.83   -238.31  -1218.65   -159.89       0     939     939     553
70308  02  00    40  99999.00  99999.00  99999.00  99999.00   -736.25   -237.41  -1239.22   -154.78       0      46      95      64
70308  02  00    30  99999.00  99999.00  22508.99  25004.27   -784.14   -191.70  -1241.81   -146.33       0     910     911     541
70308  02  00    20  99999.00  99999.00  24929.69  27915.29   -834.99   -125.91  -1270.44   -114.96       0     855     859     521
70308  02  00    15  99999.00  99999.00  -2081.74  57110.30   -884.57    -58.97  -1340.11    -51.79       0     119     226     156
70308  02  00    10  99999.00  99999.00  28744.06  33230.86  -2915.83   1966.61  -1327.13    -42.17       0     539     570     384
70308  02  00     7  99999.00  99999.00  30548.46  35902.86  -4021.42   3055.46  -1330.68    -13.80       0     215     268     211
70308  02  00     5  99999.00  99999.00  99999.00  99999.00   -997.10    125.86  -1311.43    -10.27       0      55     102      94
70308  02  00     3  99999.00  99999.00  99999.00  99999.00  99999.00  99999.00  99999.00  99999.00       0       0       9       9
70308  02  00     2  99999.00  99999.00  99999.00  99999.00  99999.00  99999.00  99999.00  99999.00       0       0       0       0
70308  02  00     1  99999.00  99999.00  99999.00  99999.00  99999.00  99999.00  99999.00  99999.00       0       0       0       0
70308  03  00  9999    913.67   1097.99  99999.00  99999.00   -324.56    267.40    -76.95    131.37     982       0     936     761
70308  03  00  1000  99999.00  99999.00  -4027.39   4178.81  -2143.39   2026.37   -488.00    311.80       0     664     663     534
70308  03  00   925  99999.00  99999.00    -46.27   1387.37   -413.11    267.77   -600.68    365.80       0     704     707     673
70308  03  00   900  99999.00  99999.00  99999.00  99999.00  99999.00  99999.00  99999.00  99999.00       0      21      39      29
70308  03  00   850  99999.00  99999.00   -885.75   3501.09   -393.70    214.58   -677.17    349.43       0    1067    1067     829
70308  03  00   800  99999.00  99999.00  99999.00  99999.00  99999.00  99999.00  99999.00  99999.00       0      18      33      24
70308  03  00   700  99999.00  99999.00  -1371.79   6903.17  -1802.10   1460.10   -813.07    272.93       0    1067    1067     828
70308  03  00   600  99999.00  99999.00  99999.00  99999.00  99999.00  99999.00  99999.00  99999.00       0      11      16      12
70308  03  00   500  99999.00  99999.00   4318.68   6204.12   -638.32     14.36   -973.27    135.89       0    1066    1065     820
70308  03  00   400  99999.00  99999.00   5712.92   7905.68   -708.86   -116.42   -981.74    -42.98       0    1067    1067     689
70308  03  00   300  99999.00  99999.00   7498.75   9934.03   -749.12   -274.76   -975.14   -276.86       0    1062    1062     629
70308  03  00   250  99999.00  99999.00   8705.73  11085.33  -2313.63   1240.53  -1018.61   -299.81       0    1059    1059     626
70308  03  00   200  99999.00  99999.00  10262.96  12419.60  -3025.34   1975.78  -1067.20   -254.44       0    1058    1058     624
70308  03  00   150  99999.00  99999.00  12217.57  14230.09  -3000.98   1983.58  -1095.97   -229.21       0    1057    1058     623
70308  03  00   100  99999.00  99999.00   8984.36  22689.56   -720.11   -260.03  -1141.63   -204.91       0    1047    1047     619
70308  03  00    80  99999.00  99999.00  16262.22  18382.74  -5551.35   4430.85  -1183.98   -168.78       0      85     131      85
70308  03  00    70  99999.00  99999.00  17276.41  19178.17   -718.28   -265.40  -1161.68   -197.72       0    1039    1040     617
70308  03  00    60  99999.00  99999.00  99999.00  99999.00   -749.50   -240.22  99999.00  99999.00       0      51      84      50
70308  03  00    50  99999.00  99999.00  19448.39  21419.75   -725.18   -260.54  -1180.82   -185.78       0    1024    1024     609
70308  03  00    40  99999.00  99999.00  20544.20  23137.04   -749.52   -223.08  -1240.59   -151.83       0      69     121      75
70308  03  00    30  99999.00  99999.00  22645.47  24917.31   -764.58   -219.78  -1191.10   -178.30       0    1010    1010     601
70308  03  00    20  99999.00  99999.00  25094.89  27787.93   -799.95   -170.55  -1207.32   -155.04       0     961     962     587
70308  03  00    15  99999.00  99999.00  26427.37  29932.93   -824.53   -126.85  -1254.10   -111.70       0     152     289     194
70308  03  00    10  99999.00  99999.00  29088.75  32904.03   -848.37    -67.65  -1228.97   -101.09       0     614     652     443
70308  03  00     7  99999.00  99999.00  30947.92  35654.68   -869.64    -14.04  -1225.80    -81.00       0     255     310     247
70308  03  00     5  99999.00  99999.00  32256.90  38754.18   -877.66     38.30  -1232.24    -14.24       0      87     121     113
70308  03  00     3  99999.00  99999.00  99999.00  99999.00  99999.00  99999.00  99999.00  99999.00       0       5       9       9
70308  03  00     2  99999.00  99999.00  99999.00  99999.00  99999.00  99999.00  99999.00  99999.00       0       1       2       2
70308  03  00     1  99999.00  99999.00  99999.00  99999.00  99999.00  99999.00  99999.00  99999.00       0       0       1       1
70308  04  00  9999    929.24   1086.44  99999.00  99999.00   -221.19    208.05    -87.71    142.45    1000       0     926     724
70308  04  00  1000  99999.00  99999.00   -296.92    534.80   -271.03    221.45   -371.97    252.39       0     746     745     588
70308  04  00   925  99999.00  99999.00     82.23   1286.19   -311.19    211.17   -468.16    292.52       0     690     695     661
70308  04  00   900  99999.00  99999.00  99999.00  99999.00  99999.00  99999.00  99999.00  99999.00       0      26      39      27
70308  04  00   850  99999.00  99999.00    749.35   1943.71   -331.89    181.59   -600.31    321.17       0    1040    1039     815
70308  04  00   800  99999.00  99999.00  99999.00  99999.00  99999.00  99999.00  99999.00  99999.00       0      20      31      22
70308  04  00   700  99999.00  99999.00    353.57   5301.41   -422.67    136.05   -729.29    259.51       0    1041    1040     815
70308  04  00   600  99999.00  99999.00  99999.00  99999.00  99999.00  99999.00  99999.00  99999.00       0      15      25      16
70308  04  00   500  99999.00  99999.00   4489.31   6151.31   -602.50     19.82   -915.26    133.06       0    1040    1039     810
70308  04  00   400  99999.00  99999.00   5901.41   7859.93   -688.22   -103.22   -947.41    -28.69       0    1038    1038     696
70308  04  00   300  99999.00  99999.00   7687.01   9911.45   -739.49   -263.69   -949.24   -265.12       0    1036    1036     620
70308  04  00   250  99999.00  99999.00   8883.76  11081.44   -823.24   -217.36  -1005.50   -280.82       0    1037    1036     619
70308  04  00   200  99999.00  99999.00  10444.54  12420.46  -3046.19   2001.61  -1078.53   -224.13       0    1035    1035     614
70308  04  00   150  99999.00  99999.00  12424.89  14207.25  -3034.96   2013.32  -1114.17   -202.53       0    1029    1029     611
70308  04  00   100  99999.00  99999.00   8970.80  22871.60   -700.20   -294.60  -1130.65   -216.13       0    1018    1019     606
70308  04  00    80  99999.00  99999.00  16579.65  18193.29   -702.77   -287.93  -1065.34   -251.26       0      74     116      83
70308  04  00    70  99999.00  99999.00  17556.07  19053.79   -693.67   -306.19  -1147.49   -212.93       0    1005    1005     605
70308  04  00    60  99999.00  99999.00  99999.00  99999.00   -755.89   -257.65  99999.00  99999.00       0      43      70      45
70308  04  00    50  99999.00  99999.00  19773.30  21232.74   -689.64   -312.12  -1160.43   -206.91       0     994     995     593
70308  04  00    40  99999.00  99999.00  99999.00  99999.00   -722.24   -282.56  99999.00  99999.00       0      59      93      52
70308  04  00    30  99999.00  99999.00  23053.60  24620.44   -704.15   -297.23  -1186.62   -185.34       0     966     967     582
70308  04  00    20  99999.00  99999.00  25591.63  27392.35   -726.31   -250.63  -1217.69   -146.21       0     906     906     560
70308  04  00    15  99999.00  99999.00  26778.34  29645.74  -4170.40   3141.80  -1269.07    -79.15       0     127     246     180
70308  04  00    10  99999.00  99999.00  29709.61  32434.21   -740.05   -141.61  -1213.74   -101.94       0     634     659     439
70308  04  00     7  99999.00  99999.00  31338.57  35504.25   -751.34    -55.10  -1162.42    -88.30       0     260     335     245
70308  04  00     5  99999.00  99999.00  99999.00  99999.00   -747.82      4.46  -1089.14    -83.78       0      60     116      96
70308  04  00     3  99999.00  99999.00  99999.00  99999.00  99999.00  99999.00  99999.00  99999.00       0       2       4       3
70308  04  00     2  99999.00  99999.00  99999.00  99999.00  99999.00  99999.00  99999.00  99999.00       0       0       0       0
70308  04  00     1  99999.00  99999.00  99999.00  99999.00  99999.00  99999.00  99999.00  99999.00       0       0       0       0
70308  05  00  9999    945.19   1075.03  99999.00  99999.00   -119.68    180.56    -85.21    136.67    1031       0     929     738
70308  05  00  1000  99999.00  99999.00  -1988.18   2199.70  -1815.89   1825.63   -216.31    190.01       0     870     868     711
70308  05  00   925  99999.00  99999.00    218.46   1234.26   -261.29    244.27   -308.79    224.61       0     709     713     675
70308  05  00   900  99999.00  99999.00  99999.00  99999.00  99999.00  99999.00  99999.00  99999.00       0      12      26      23
70308  05  00   850  99999.00  99999.00    855.02   1915.82   -277.64    210.76   -496.45    306.59       0    1066    1066     852
70308  05  00   800  99999.00  99999.00  99999.00  99999.00  99999.00  99999.00  99999.00  99999.00       0      21      27      21
70308  05  00   700  99999.00  99999.00  -1283.26   7015.10   -360.53    156.79   -711.42    314.10       0    1064    1063     850
70308  05  00   600  99999.00  99999.00  99999.00  99999.00  99999.00  99999.00  99999.00  99999.00       0      21      34      28
70308  05  00   500  99999.00  99999.00   4656.50   6190.94   -528.87     26.01   -874.99    140.45       0    1064    1062     849
70308  05  00   400  99999.00  99999.00   6104.13   7913.49   -634.45    -87.01   -957.81     11.19       0    1063    1063     803
70308  05  00   300  99999.00  99999.00   7913.66   9991.70   -707.51   -250.19   -886.76   -281.84       0    1060    1060     642
70308  05  00   250  99999.00  99999.00   9127.14  11164.86   -821.61   -190.53   -937.71   -324.75       0    1058    1060     640
70308  05  00   200  99999.00  99999.00  10714.89  12491.97  -2287.75   1286.57  -1069.20   -234.00       0    1058    1057     635
70308  05  00   150  99999.00  99999.00  12730.32  14263.44  -2264.31   1279.89  -1148.12   -194.12       0    1055    1053     631
70308  05  00   100  99999.00  99999.00   9224.94  22992.66  -2066.86   1059.38  -1176.24   -207.24       0    1049    1049     634
70308  05  00    80  99999.00  99999.00  16854.36  18331.68   -659.39   -341.27  -1237.58   -174.14       0      68     110      83
70308  05  00    70  99999.00  99999.00  17844.80  19139.00   -644.64   -348.12  -1184.79   -210.03       0    1036    1035     631
70308  05  00    60  99999.00  99999.00  99999.00  99999.00  99999.00  99999.00  99999.00  99999.00       0      34      60      38
70308  05  00    50  99999.00  99999.00  20045.19  21346.11   -638.56   -348.16  -1185.80   -208.52       0    1027    1026     628
70308  05  00    40  99999.00  99999.00  99999.00  99999.00   -669.88   -305.68  -1235.84   -153.80       0      50      91      73
70308  05  00    30  99999.00  99999.00  23324.80  24773.32   -650.06   -312.62  -1199.82   -186.18       0     990     988     615
70308  05  00    20  99999.00  99999.00  25863.97  27604.81   -667.61   -241.73  -1206.43   -148.63       0     947     947     598
70308  05  00    15  99999.00  99999.00  27147.02  29829.02   -698.94   -145.50  -1197.10    -98.38       0     128     237     182
70308  05  00    10  99999.00  99999.00  30088.12  32722.48  -2386.63   1615.73  -1155.74    -93.98       0     619     664     456
70308  05  00     7  99999.00  99999.00  14356.98  52758.18   -671.95     19.49  -1162.75    -21.07       0     190     252     180
70308  05  00     5  99999.00  99999.00  99999.00  99999.00  99999.00  99999.00  99999.00  99999.00       0      30      48      33
70308  05  00     3  99999.00  99999.00  99999.00  99999.00  99999.00  99999.00  99999.00  99999.00       0       6       6       3
70308  05  00     2  99999.00  99999.00  99999.00  99999.00  99999.00  99999.00  99999.00  99999.00       0       2       3       1
70308  05  00     1  99999.00  99999.00  99999.00  99999.00  99999.00  99999.00  99999.00  99999.00       0       0       1       0
70308  06  00  9999    955.64   1065.32  99999.00  99999.00    -52.58    186.58    -98.57    145.27    1017       0     900     706
70308  06  00  1000  99999.00  99999.00  -1935.88   2138.36    -69.43    175.97   -119.15    179.41       0     913     912     734
70308  06  00   925  99999.00  99999.00    267.93   1197.69   -150.91    219.41   -237.01    232.67       0     686     691     660
70308  06  00   900  99999.00  99999.00  99999.00  99999.00  99999.00  99999.00  99999.00  99999.00       0      24      36      29
70308  06  00   850  99999.00  99999.00    943.98   1879.62   -195.04    220.88   -400.94    308.74       0    1043    1040     833
70308  06  00   800  99999.00  99999.00  99999.00  99999.00  99999.00  99999.00  99999.00  99999.00       0      20      38      31
70308  06  00   700  99999.00  99999.00    480.92   5404.64  -1721.28   1586.64   -642.39    348.69       0    1044    1044     834
70308  06  00   600  99999.00  99999.00  99999.00  99999.00  99999.00  99999.00  99999.00  99999.00       0      26      44      34
70308  06  00   500  99999.00  99999.00   4863.92   6172.52   -446.51     24.13   -846.59    195.01       0    1041    1041     833
70308  06  00   400  99999.00  99999.00   6366.85   7890.85   -566.69    -82.85   -905.69     36.43       0    1041    1041     830
70308  06  00   300  99999.00  99999.00   8210.23   9982.87   -675.97   -246.01   -888.48   -242.28       0    1034    1034     632
70308  06  00   250  99999.00  99999.00   9409.84  11180.44   -789.61   -214.09   -907.26   -346.14       0    1031    1031     622
70308  06  00   200  99999.00  99999.00  10989.27  12524.91  -3033.74   2036.86  -1055.34   -258.54       0    1028    1029     621
70308  06  00   150  99999.00  99999.00  13016.25  14305.05  -3021.97   2042.03  -1132.42   -237.46       0    1025    1024     618
70308  06  00   100  99999.00  99999.00   9276.30  23294.10   -624.65   -339.41  -1153.52   -255.56       0    1022    1024     620
70308  06  00    80  99999.00  99999.00  17206.70  18317.30   -619.09   -348.97  -1132.26   -245.94       0      81     108      79
70308  06  00    70  99999.00  99999.00  18159.32  19215.32   -599.12   -359.60  -1159.14   -256.14       0    1016    1016     621
70308  06  00    60  99999.00  99999.00  99999.00  99999.00  99999.00  99999.00  99999.00  99999.00       0      35      45      33
70308  06  00    50  99999.00  99999.00  20370.97  21446.17   -583.77   -365.85  -1161.77   -252.77       0    1004    1001     613
70308  06  00    40  99999.00  99999.00  99999.00  99999.00   -606.31   -329.11  99999.00  99999.00       0      52      76      52
70308  06  00    30  99999.00  99999.00  23678.64  24917.52   -581.53   -322.21  -1164.29   -227.57       0     974     971     604
70308  06  00    20  99999.00  99999.00  26289.02  27763.10   -578.66   -246.50  -1158.24   -185.64       0     944     945     594
70308  06  00    15  99999.00  99999.00  27638.28  30054.00   -604.49   -147.29  -1245.59    -39.47       0     133     236     182
70308  06  00    10  99999.00  99999.00  21177.60  42268.08  -3620.46   2915.10  -1103.05   -116.05       0     573     633     449
70308  06  00     7  99999.00  99999.00  32007.59  36392.15   -531.28    -20.20  -1058.83    -61.99       0     150     214     162
70308  06  00     5  99999.00  99999.00  99999.00  99999.00  99999.00  99999.00  99999.00  99999.00       0      16      23      15
70308  06  00     3  99999.00  99999.00  99999.00  99999.00  99999.00  99999.00  99999.00  99999.00       0       1       1       0
70308  06  00     2  99999.00  99999.00  99999.00  99999.00  99999.00  99999.00  99999.00  99999.00       0       1       1       0
70308  06  00     1  99999.00  99999.00  99999.00  99999.00  99999.00  99999.00  99999.00  99999.00       0       0       1       0
70308  07  00  9999    965.78   1059.26  99999.00  99999.00    -13.63    195.29    -65.35     95.57    1064       0     974     768
70308  07  00  1000  99999.00  99999.00   -203.95    447.41    -24.86    181.42    -44.95    169.37       0    1011    1008     808
70308  07  00   925  99999.00  99999.00  -1713.38   3185.50   -117.73    250.19   -217.35    278.97       0     712     717     684
70308  07  00   900  99999.00  99999.00  99999.00  99999.00  99999.00  99999.00  99999.00  99999.00       0      28      49      36
70308  07  00   850  99999.00  99999.00   1037.76   1856.76   -151.09    256.43   -394.08    370.80       0    1078    1078     867
70308  07  00   800  99999.00  99999.00  99999.00  99999.00  99999.00  99999.00  99999.00  99999.00       0      25      43      34
70308  07  00   700  99999.00  99999.00    582.02   5425.46   -209.97    181.83   -630.72    406.68       0    1079    1075     861
70308  07  00   600  99999.00  99999.00  99999.00  99999.00  99999.00  99999.00  99999.00  99999.00       0      17      32      27
70308  07  00   500  99999.00  99999.00   5044.46   6205.70   -375.36     48.48   -888.40    291.92       0    1077    1075     863
70308  07  00   400  99999.00  99999.00   6584.16   7950.60   -512.79    -40.95   -966.93    149.55       0    1075    1074     862
70308  07  00   300  99999.00  99999.00   8445.83  10099.67   -639.95   -206.75   -921.89   -137.45       0    1074    1074     689
70308  07  00   250  99999.00  99999.00   9624.40  11346.40   -715.09   -264.01   -916.05   -292.41       0    1070    1070     642
70308  07  00   200  99999.00  99999.00  11193.19  12693.79   -851.78   -142.82  -1003.55   -290.51       0    1069    1069     641
70308  07  00   150  99999.00  99999.00  13258.09  14409.97   -694.75   -275.35  -1104.86   -241.94       0    1066    1066     640
70308  07  00   100  99999.00  99999.00   7968.45  24872.25   -651.82   -332.02  -1127.90   -259.58       0    1062    1062     639
70308  07  00    80  99999.00  99999.00  17507.76  18330.48   -627.82   -351.94  -1097.84   -246.68       0      68      90      69
70308  07  00    70  99999.00  99999.00  18461.30  19215.62   -611.46   -356.82  -1137.40   -254.20       0    1043    1046     636
70308  07  00    60  99999.00  99999.00  99999.00  99999.00  99999.00  99999.00  99999.00  99999.00       0      28      42      29
70308  07  00    50  99999.00  99999.00  20674.57  21438.49   -586.24   -364.36  -1150.37   -239.33       0    1030    1030     630
70308  07  00    40  99999.00  99999.00  99999.00  99999.00   -608.09   -329.33  99999.00  99999.00       0      48      83      58
70308  07  00    30  99999.00  99999.00  23993.55  24908.31   -569.79   -320.67  -1149.93   -215.85       0     999     998     617
70308  07  00    20  99999.00  99999.00  20106.01  34194.85   -546.01   -262.21  -1140.65   -179.93       0     950     950     607
70308  07  00    15  99999.00  99999.00  -1372.95  58098.93   -570.28   -171.64  -1176.09    -56.73       0     123     213     155
70308  07  00    10  99999.00  99999.00  31013.65  32902.45  -2359.09   1682.51  -1073.26   -147.34       0     596     651     460
70308  07  00     7  99999.00  99999.00  32812.27  36007.15   -463.95   -107.55  -1049.44    -90.64       0     129     191     140
70308  07  00     5  99999.00  99999.00  99999.00  99999.00  99999.00  99999.00  99999.00  99999.00       0      14      22      18
70308  07  00     3  99999.00  99999.00  99999.00  99999.00  99999.00  99999.00  99999.00  99999.00       0       2       2       2
70308  07  00     2  99999.00  99999.00  99999.00  99999.00  99999.00  99999.00  99999.00  99999.00       0       0       0       0
70308  07  00     1  99999.00  99999.00  99999.00  99999.00  99999.00  99999.00  99999.00  99999.00       0       0       0       0
70308  08  00  9999    951.83   1069.55  99999.00  99999.00     20.13    180.57    -73.73    103.27    1027       0     931     709
70308  08  00  1000  99999.00  99999.00   -260.93    496.27      0.22    178.90    -46.44    194.88       0     909     906     697
70308  08  00   925  99999.00  99999.00  -1757.81   3208.51   -119.38    258.50   -213.08    296.80       0     700     700     657
70308  08  00   900  99999.00  99999.00  99999.00  99999.00  99999.00  99999.00  99999.00  99999.00       0      27      44      34
70308  08  00   850  99999.00  99999.00    928.74   1937.34   -164.76    265.92   -444.00    427.08       0    1059    1056     816
70308  08  00   800  99999.00  99999.00  99999.00  99999.00  99999.00  99999.00  99999.00  99999.00       0       9      26      22
70308  08  00   700  99999.00  99999.00   2431.29   3569.01   -245.83    213.17   -693.62    454.66       0    1059    1055     815
70308  08  00   600  99999.00  99999.00  99999.00  99999.00  99999.00  99999.00  99999.00  99999.00       0      26      44      31
70308  08  00   500  99999.00  99999.00   4876.45   6340.21   -426.05     98.35   -934.66    338.06       0    1056    1054     815
70308  08  00   400  99999.00  99999.00   3930.74  10537.70   -556.45      5.51  -1006.27    193.73       0    1055    1054     813
70308  08  00   300  99999.00  99999.00   8206.60  10311.64   -670.11   -164.55   -960.19    -96.31       0    1051    1051     679
70308  08  00   250  99999.00  99999.00   9364.56  11586.24   -723.69   -238.17   -913.48   -282.16       0    1050    1050     623
70308  08  00   200  99999.00  99999.00  10914.63  12964.35   -845.36   -146.00  -1003.38   -298.14       0    1048    1048     623
70308  08  00   150  99999.00  99999.00  12996.32  14648.72   -777.72   -219.48  -1086.25   -275.29       0    1044    1045     620
70308  08  00   100  99999.00  99999.00   9431.31  23402.91   -716.70   -296.58  -1126.20   -279.12       0    1041    1042     620
70308  08  00    80  99999.00  99999.00  17196.21  18587.37   -684.10   -327.82  -1093.32   -293.40       0      75     100      67
70308  08  00    70  99999.00  99999.00  18241.92  19348.32   -662.29   -335.77  -1142.64   -271.80       0    1032    1031     615
70308  08  00    60  99999.00  99999.00  99999.00  99999.00  99999.00  99999.00  99999.00  99999.00       0      37      56      37
70308  08  00    50  99999.00  99999.00  20454.89  21545.57  -2082.33   1087.59  -1157.25   -257.01       0    1021    1019     611
70308  08  00    40  99999.00  99999.00  99999.00  99999.00   -644.28   -330.60  99999.00  99999.00       0      51      77      51
70308  08  00    30  99999.00  99999.00  23758.79  24984.95  -2298.43   1356.89  -1165.40   -219.20       0     988     987     592
70308  08  00    20  99999.00  99999.00  26354.76  27817.68   -601.60   -251.92  -1160.46   -191.34       0     951     951     579
70308  08  00    15  99999.00  99999.00   7582.65  49551.57   -624.73   -178.69  -1189.35   -127.59       0     124     227     158
70308  08  00    10  99999.00  99999.00  30649.16  32958.80   -569.32   -146.08  -1095.06   -190.38       0     594     635     427
70308  08  00     7  99999.00  99999.00  32403.99  36034.83   -550.01    -87.05  -1043.40   -182.88       0     171     243     190
70308  08  00     5  99999.00  99999.00  99999.00  99999.00  99999.00  99999.00  99999.00  99999.00       0      18      34      27
70308  08  00     3  99999.00  99999.00  99999.00  99999.00  99999.00  99999.00  99999.00  99999.00       0       0       2       2
70308  08  00     2  99999.00  99999.00  99999.00  99999.00  99999.00  99999.00  99999.00  99999.00       0       0       0       0
70308  08  00     1  99999.00  99999.00  99999.00  99999.00  99999.00  99999.00  99999.00  99999.00       0       0       0       0
70308  09  00  9999    936.91   1075.51  99999.00  99999.00     -5.03    178.57    -93.76    144.68     954       0     884     685
70308  09  00  1000  99999.00  99999.00   -256.56    465.96    -27.56    178.48   -144.33    236.91       0     724     723     559
70308  09  00   925  99999.00  99999.00    146.82   1245.18   -134.71    200.45   -212.68    236.96       0     642     643     613
70308  09  00   900  99999.00  99999.00  99999.00  99999.00  99999.00  99999.00  99999.00  99999.00       0      12      26      21
70308  09  00   850  99999.00  99999.00    828.83   1928.51   -214.82    217.42   -453.72    363.60       0    1002    1001     779
70308  09  00   800  99999.00  99999.00  99999.00  99999.00  99999.00  99999.00  99999.00  99999.00       0      13      28      23
70308  09  00   700  99999.00  99999.00   2335.80   3496.20   -313.45    176.39   -723.90    395.10       0    1001    1001     779
70308  09  00   600  99999.00  99999.00  99999.00  99999.00  99999.00  99999.00  99999.00  99999.00       0      24      33      25
70308  09  00   500  99999.00  99999.00   4746.41   6191.93   -509.35     68.33   -966.81    270.03       0    1002    1000     778
70308  09  00   400  99999.00  99999.00   6215.88   7932.72   -636.33    -25.41  -1033.62    124.62       0    1000     999     768
70308  09  00   300  99999.00  99999.00   8004.60  10075.44   -738.73   -181.33   -998.37   -152.01       0     997     997     606
70308  09  00   250  99999.00  99999.00   9159.25  11319.49   -796.33   -204.97   -973.99   -285.43       0     997     997     586
70308  09  00   200  99999.00  99999.00  10686.58  12711.58   -785.42   -195.26  -1043.90   -269.30       0     996     995     581
70308  09  00   150  99999.00  99999.00  12686.57  14489.57   -703.18   -280.90  -1103.38   -256.30       0     992     992     577
70308  09  00   100  99999.00  99999.00  15472.23  17010.87   -688.70   -315.38  -1133.88   -264.36       0     986     987     574
70308  09  00    80  99999.00  99999.00  16981.23  18317.55   -664.86   -354.06  -1113.25   -290.77       0      79     114      86
70308  09  00    70  99999.00  99999.00  17875.01  19262.81   -661.42   -348.82  -1139.34   -275.22       0     980     979     569
70308  09  00    60  99999.00  99999.00  99999.00  99999.00  99999.00  99999.00  99999.00  99999.00       0      35      48      30
70308  09  00    50  99999.00  99999.00  20086.08  21436.44   -651.27   -362.19  -1149.53   -274.49       0     969     969     564
70308  09  00    40  99999.00  99999.00  21336.11  22965.59   -678.96   -338.52  -1183.82   -291.38       0      72      99      62
70308  09  00    30  99999.00  99999.00  23364.46  24830.86   -652.49   -332.57  -1165.09   -248.89       0     940     940     552
70308  09  00    20  99999.00  99999.00  19260.15  34193.43   -656.09   -284.69  -1171.04   -223.76       0     884     887     528
70308  09  00    15  99999.00  99999.00  27229.37  29830.49   -696.08   -203.84  -1247.86   -135.46       0     122     224     157
70308  09  00    10  99999.00  99999.00  30124.09  32630.65   -669.01   -178.33  -1142.34   -213.66       0     586     613     423
70308  09  00     7  99999.00  99999.00  15762.36  51339.36   -663.40   -120.04  -1130.31   -182.55       0     220     268     213
70308  09  00     5  99999.00  99999.00  99999.00  99999.00   -641.29    -89.53  -1093.68   -174.48       0      48      90      79
70308  09  00     3  99999.00  99999.00  99999.00  99999.00  99999.00  99999.00  99999.00  99999.00       0       4       7       4
70308  09  00     2  99999.00  99999.00  99999.00  99999.00  99999.00  99999.00  99999.00  99999.00       0       1       2       1
70308  09  00     1  99999.00  99999.00  99999.00  99999.00  99999.00  99999.00  99999.00  99999.00       0       0       0       0
70308  10  00  9999    928.62   1080.78  99999.00  99999.00  -1703.69   1785.19    -97.05    165.87     994       0     951     755
70308  10  00  1000  99999.00  99999.00   -293.37    501.03    -99.49    176.51   -242.79    227.73       0     682     679     526
70308  10  00   925  99999.00  99999.00  -1884.78   3185.58   -179.99    168.13   -253.09    197.63       0     674     678     649
70308  10  00   900  99999.00  99999.00  99999.00  99999.00  99999.00  99999.00  99999.00  99999.00       0      20      28      19
70308  10  00   850  99999.00  99999.00   -854.15   3524.29   -270.01    182.99   -486.08    305.56       0    1042    1042     829
70308  10  00   800  99999.00  99999.00  99999.00  99999.00  99999.00  99999.00  99999.00  99999.00       0      21      31      24
70308  10  00   700  99999.00  99999.00   -602.48   6264.76   -388.37    153.91   -735.73    304.31       0    1042    1041     828
70308  10  00   600  99999.00  99999.00  99999.00  99999.00  99999.00  99999.00  99999.00  99999.00       0      16      24      22
70308  10  00   500  99999.00  99999.00   2378.14   8308.18   -587.99     43.33   -927.90    162.30       0    1038    1037     823
70308  10  00   400  99999.00  99999.00   5991.41   7868.33   -702.27    -59.55   -995.91     20.61       0    1035    1033     752
70308  10  00   300  99999.00  99999.00   7736.31   9977.91   -774.23   -217.31   -949.02   -259.62       0    1030    1030     647
70308  10  00   250  99999.00  99999.00   8885.64  11202.36   -816.53   -217.37   -933.83   -348.23       0    1026    1024     633
70308  10  00   200  99999.00  99999.00   7298.30  15648.50   -790.10   -220.22  -1033.03   -285.19       0    1024    1024     625
70308  10  00   150  99999.00  99999.00   8846.36  17849.36   -714.12   -295.56  -1082.75   -270.95       0    1021    1021     620
70308  10  00   100  99999.00  99999.00   8973.19  22945.39   -697.89   -323.01  -1106.57   -274.37       0    1014    1016     612
70308  10  00    80  99999.00  99999.00  16461.64  18316.48   -695.83   -340.51  -1069.16   -290.00       0      81     129      96
70308  10  00    70  99999.00  99999.00  17471.82  19183.86   -685.99   -342.67  -1128.74   -269.30       0    1004    1005     610
70308  10  00    60  99999.00  99999.00  99999.00  99999.00   -720.07   -316.39  -1173.09   -234.45       0      52      90      65
70308  10  00    50  99999.00  99999.00  19665.40  21353.68   -691.61   -343.85  -1144.62   -265.26       0     987     987     601
70308  10  00    40  99999.00  99999.00  21040.64  22814.72   -680.76   -348.84  -1130.08   -253.72       0      68     109      68
70308  10  00    30  99999.00  99999.00  22935.10  24712.06  -2373.34   1330.70  -1158.97   -247.81       0     954     954     585
70308  10  00    20  99999.00  99999.00  25496.99  27430.55   -702.43   -297.31  -1163.83   -232.15       0     922     924     575
70308  10  00    15  99999.00  99999.00   8959.70  46828.34   -698.22   -283.38  -1194.75   -204.75       0     147     250     179
70308  10  00    10  99999.00  99999.00  29710.83  32265.03   -713.36   -237.32  -1189.45   -191.53       0     597     629     436
70308  10  00     7  99999.00  99999.00  31762.64  34935.44   -712.77   -184.65  -1156.07   -191.75       0     232     278     220
70308  10  00     5  99999.00  99999.00  99999.00  99999.00   -717.63   -122.79  -1108.92   -189.84       0      53      95      86
70308  10  00     3  99999.00  99999.00  99999.00  99999.00  99999.00  99999.00  99999.00  99999.00       0       5       6       6
70308  10  00     2  99999.00  99999.00  99999.00  99999.00  99999.00  99999.00  99999.00  99999.00       0       0       5       4
70308  10  00     1  99999.00  99999.00  99999.00  99999.00  99999.00  99999.00  99999.00  99999.00       0       0       0       0
70308  11  00  9999    911.02   1093.78  99999.00  99999.00   -153.92    187.24    -95.42    160.66     942       0     927     758
70308  11  00  1000  99999.00  99999.00  -2529.83   2718.25   -163.37    175.51   -318.29    242.59       0     550     548     445
70308  11  00   925  99999.00  99999.00    -77.69   1380.91   -247.68    181.80   -359.24    241.24       0     654     655     624
70308  11  00   900  99999.00  99999.00  99999.00  99999.00  99999.00  99999.00  99999.00  99999.00       0      19      28      21
70308  11  00   850  99999.00  99999.00   -948.07   3544.49   -339.87    199.65   -501.94    277.82       0    1011    1009     783
70308  11  00   800  99999.00  99999.00  99999.00  99999.00  99999.00  99999.00  99999.00  99999.00       0      26      39      25
70308  11  00   700  99999.00  99999.00   -715.05   6268.83   -460.09    162.35   -783.96    297.60       0    1011    1010     786
70308  11  00   600  99999.00  99999.00  99999.00  99999.00  99999.00  99999.00  99999.00  99999.00       0      14      18      12
70308  11  00   500  99999.00  99999.00   4355.59   6190.27   -653.98     47.42   -950.08    144.56       0    1010    1008     781
70308  11  00   400  99999.00  99999.00   5744.98   7905.94   -737.77    -77.77  -1015.63      4.73       0    1007    1006     686
70308  11  00   300  99999.00  99999.00   7498.69   9973.57   -755.79   -261.39   -941.76   -288.84       0    1004    1004     621
70308  11  00   250  99999.00  99999.00   8683.53  11148.93  -2353.90   1280.30   -951.45   -345.21       0    1004    1004     618
70308  11  00   200  99999.00  99999.00   7133.10  15541.02  -3674.86   2579.54  -1049.12   -281.00       0    1001    1002     613
70308  11  00   150  99999.00  99999.00   8678.99  17727.11  -3667.11   2589.69  -1107.06   -246.54       0     998     998     608
70308  11  00   100  99999.00  99999.00   7187.37  24383.73   -740.37   -279.45  -1157.52   -222.00       0     986     986     597
70308  11  00    80  99999.00  99999.00  16532.37  18086.97   -714.35   -306.71  -1159.63   -219.55       0      84     122      92
70308  11  00    70  99999.00  99999.00  17303.45  19063.61   -733.45   -290.53  -1175.21   -218.81       0     969     969     590
70308  11  00    60  99999.00  99999.00  99999.00  99999.00   -752.86   -280.54  99999.00  99999.00       0      55      94      59
70308  11  00    50  99999.00  99999.00  19464.56  21271.88   -745.12   -284.92  -1194.20   -209.12       0     955     955     580
70308  11  00    40  99999.00  99999.00  20880.90  22688.58   -792.21   -254.49  -1264.56   -172.68       0      72     146     105
70308  11  00    30  99999.00  99999.00  22672.51  24692.71   -787.87   -239.95  -1215.23   -194.51       0     919     920     562
70308  11  00    20  99999.00  99999.00  25154.10  27479.46   -839.62   -181.90  -1233.47   -182.75       0     854     857     527
70308  11  00    15  99999.00  99999.00  26843.03  29266.43  -4146.50   3061.30  -1271.24   -147.32       0     139     252     154
70308  11  00    10  99999.00  99999.00  29159.47  32449.39   -900.83   -109.43  -1259.80   -175.12       0     535     572     383
70308  11  00     7  99999.00  99999.00  16330.11  49448.79   -898.23   -101.31  -1246.08   -189.00       0     247     290     219
70308  11  00     5  99999.00  99999.00  32639.19  37523.31   -873.03   -121.11  -1147.51   -270.67       0      87     135     118
70308  11  00     3  99999.00  99999.00  99999.00  99999.00  99999.00  99999.00  99999.00  99999.00       0       7      12       8
70308  11  00     2  99999.00  99999.00  99999.00  99999.00  99999.00  99999.00  99999.00  99999.00       0       0       3       3
70308  11  00     1  99999.00  99999.00  99999.00  99999.00  99999.00  99999.00  99999.00  99999.00       0       0       0       0
70308  12  00  9999    902.76   1092.60  99999.00  99999.00   -231.58    217.34    -89.01    145.71     905       0     897     724
70308  12  00  1000  99999.00  99999.00  -2872.59   3030.93   -257.77    220.91   -404.39    279.97       0     430     429     326
70308  12  00   925  99999.00  99999.00   -118.11   1335.93   -322.62    218.10   -414.77    254.95       0     613     615     583
70308  12  00   900  99999.00  99999.00  99999.00  99999.00  99999.00  99999.00  99999.00  99999.00       0      11      22      18
70308  12  00   850  99999.00  99999.00  -1017.80   3529.00   -395.62    225.74   -557.59    299.21       0     983     981     751
70308  12  00   800  99999.00  99999.00  99999.00  99999.00  99999.00  99999.00  99999.00  99999.00       0      17      27      18
70308  12  00   700  99999.00  99999.00   -805.71   6255.93   -497.07    169.65   -771.19    269.09       0     983     983     756
70308  12  00   600  99999.00  99999.00  99999.00  99999.00  99999.00  99999.00  99999.00  99999.00       0      16      21      14
70308  12  00   500  99999.00  99999.00   4256.12   6155.00   -677.56     37.76   -927.75     93.69       0     982     980     742
70308  12  00   400  99999.00  99999.00   5629.68   7865.64   -746.52    -99.84   -976.35    -55.71       0     980     979     644
70308  12  00   300  99999.00  99999.00   7377.99   9916.11  -2153.40   1093.68   -897.74   -349.10       0     976     976     578
70308  12  00   250  99999.00  99999.00   8557.53  11085.21   -844.26   -228.18   -956.26   -344.86       0     967     968     573
70308  12  00   200  99999.00  99999.00  10075.97  12446.93  -4219.69   3107.63  -1063.70   -249.86       0     969     969     574
70308  12  00   150  99999.00  99999.00  11999.96  14270.84  -4104.80   3026.32  -1116.10   -210.82       0     967     967     570
70308  12  00   100  99999.00  99999.00   5649.19  25713.43  -2146.69   1139.03  -1159.86   -180.54       0     960     961     568
70308  12  00    80  99999.00  99999.00  16154.42  18333.02   -809.55   -180.63  -1209.39   -118.71       0      85     120      86
70308  12  00    70  99999.00  99999.00  17022.32  19228.88   -758.91   -230.31  -1190.18   -162.14       0     948     950     560
70308  12  00    60  99999.00  99999.00  99999.00  99999.00   -787.15   -182.59  -1275.93    -97.77       0      59     105      71
70308  12  00    50  99999.00  99999.00  19194.29  21463.61   -798.03   -190.71  -1214.68   -144.40       0     936     936     556
70308  12  00    40  99999.00  99999.00  20574.18  22922.46   -837.25   -138.01  -1274.11    -76.39       0      79     128      92
70308  12  00    30  99999.00  99999.00  22379.64  24967.56   -867.98   -120.14  -1238.37   -129.45       0     912     912     548
70308  12  00    20  99999.00  99999.00  24746.77  27910.21   -948.97    -40.09  -1270.45   -101.53       0     856     858     529
70308  12  00    15  99999.00  99999.00  25756.00  30215.44  -1042.40     38.44  -1341.33    -56.49       0     134     214     157
70308  12  00    10  99999.00  99999.00  28612.36  33069.28  -1064.50     66.98  -1335.44    -56.24       0     537     566     396
70308  12  00     7  99999.00  99999.00  30262.39  35832.79  -3994.35   2910.45  -1378.53    -32.25       0     237     281     215
70308  12  00     5  99999.00  99999.00  32059.12  38234.44  -1043.92     80.12  -1276.04   -101.60       0      76     120     103
70308  12  00     3  99999.00  99999.00  99999.00  99999.00  99999.00  99999.00  99999.00  99999.00       0       7      13      11
70308  12  00     2  99999.00  99999.00  99999.00  99999.00  99999.00  99999.00  99999.00  99999.00       0       2       3       1
70308  12  00     1  99999.00  99999.00  99999.00  99999.00  99999.00  99999.00  99999.00  99999.00       0       0       1       0
