52267  01  12  9999   8818.33   9510.85  99999.00  99999.00   -301.15    161.33   -488.80    105.32     996       0     996     996
52267  01  12  1000  99999.00  99999.00  99999.00  99999.00  99999.00  99999.00  99999.00  99999.00       0       0       0       0
52267  01  12   925  99999.00  99999.00  99999.00  99999.00  99999.00  99999.00  99999.00  99999.00       0      57      57      57
52267  01  12   900  99999.00  99999.00  99999.00  99999.00  99999.00  99999.00  99999.00  99999.00       0       1       1       1
52267  01  12   850  99999.00  99999.00   1268.86   1789.78   -346.08    184.56   -584.43    167.85       0    1023    1023    1023
52267  01  12   800  99999.00  99999.00  99999.00  99999.00  99999.00  99999.00  99999.00  99999.00       0       0       0       0
52267  01  12   700  99999.00  99999.00   2786.80   3259.60   -439.46    172.06   -745.80    182.28       0    1022    1022    1022
52267  01  12   600  99999.00  99999.00   3890.07   4474.35   -467.49     71.07   -791.04    102.84       0    1022    1023    1023
52267  01  12   500  99999.00  99999.00   5126.52   5896.92   -524.49    -50.49   -841.94      6.58       0    1022    1022    1022
52267  01  12   400  99999.00  99999.00   6573.77   7569.41   -605.25   -198.21   -883.13   -145.13       0    1021    1021    1021
52267  01  12   300  99999.00  99999.00   8368.67   9582.83   -689.28   -383.76   -925.34   -345.14       0    1013    1013    1009
52267  01  12   250  99999.00  99999.00   9501.72  10761.60   -768.30   -408.06   -933.96   -404.28       0    1008    1008     582
52267  01  12   200  99999.00  99999.00  10938.10  12124.90   -836.00   -324.92   -907.16   -393.32       0    1006    1006     374
52267  01  12   150  99999.00  99999.00  12777.26  13933.70   -741.11   -377.63   -922.98   -383.46       0     998     998     368
52267  01  12   100  99999.00  99999.00  15303.52  16553.32   -752.59   -388.63   -967.16   -375.20       0     988     988     324
52267  01  12    80  99999.00  99999.00  99999.00  99999.00  99999.00  99999.00  99999.00  99999.00       0       0       0       0
52267  01  12    70  99999.00  99999.00  17476.24  18892.72   -779.73   -362.49  99999.00  99999.00       0     980     980      28
52267  01  12    60  99999.00  99999.00  99999.00  99999.00  99999.00  99999.00  99999.00  99999.00       0       0       0       0
52267  01  12    50  99999.00  99999.00  19505.75  21128.75   -790.90   -337.90  99999.00  99999.00       0     963     964      25
52267  01  12    40  99999.00  99999.00  20844.90  22627.26   -789.07   -321.19  99999.00  99999.00       0     943     945      24
52267  01  12    30  99999.00  99999.00  22586.55  24566.79   -786.59   -289.07  99999.00  99999.00       0     887     888      24
52267  01  12    20  99999.00  99999.00  25082.29  27299.65   -806.01   -219.09  99999.00  99999.00       0     743     750      21
52267  01  12    15  99999.00  99999.00  26838.06  29268.18   -804.83   -187.19  99999.00  99999.00       0     548     550      17
52267  01  12    10  99999.00  99999.00  29372.89  32021.41   -815.51   -123.71  99999.00  99999.00       0     240     240      12
52267  01  12     7  99999.00  99999.00  99999.00  99999.00  99999.00  99999.00  99999.00  99999.00       0      53      53       1
52267  01  12     5  99999.00  99999.00  99999.00  99999.00  99999.00  99999.00  99999.00  99999.00       0      12      12       0
52267  01  12     3  99999.00  99999.00  99999.00  99999.00  99999.00  99999.00  99999.00  99999.00       0       0       0       0
52267  01  12     2  99999.00  99999.00  99999.00  99999.00  99999.00  99999.00  99999.00  99999.00       0       0       0       0
52267  01  12     1  99999.00  99999.00  99999.00  99999.00  99999.00  99999.00  99999.00  99999.00       0       0       0       0
52267  02  12  9999   8756.71   9502.03  99999.00  99999.00   -283.86    279.78   -521.88    148.32     914       0     914     913
52267  02  12  1000  99999.00  99999.00  99999.00  99999.00  99999.00  99999.00  99999.00  99999.00       0       0       0       0
52267  02  12   925  99999.00  99999.00  99999.00  99999.00  99999.00  99999.00  99999.00  99999.00       0      20      20      20
52267  02  12   900  99999.00  99999.00  99999.00  99999.00  99999.00  99999.00  99999.00  99999.00       0       9       9       9
52267  02  12   850  99999.00  99999.00   1213.79   1804.55   -348.53    280.99   -600.06    158.70       0     932     932     932
52267  02  12   800  99999.00  99999.00  99999.00  99999.00  99999.00  99999.00  99999.00  99999.00       0       0       0       0
52267  02  12   700  99999.00  99999.00   2776.92   3258.72   -428.13    188.31   -749.83    175.25       0     933     933     933
52267  02  12   600  99999.00  99999.00   3908.63   4456.79   -469.61     98.71   -808.09    117.47       0     932     932     932
52267  02  12   500  99999.00  99999.00   5158.64   5878.28   -533.53    -18.37   -876.62     40.18       0     933     932     932
52267  02  12   400  99999.00  99999.00   6608.66   7563.50   -614.31   -166.83   -925.16   -102.92       0     929     929     929
52267  02  12   300  99999.00  99999.00   8397.63   9599.79   -692.66   -363.38   -954.85   -315.49       0     926     926     925
52267  02  12   250  99999.00  99999.00   9527.94  10788.30   -774.56   -394.76   -966.30   -378.54       0     925     925     553
52267  02  12   200  99999.00  99999.00  10971.41  12145.85   -870.68   -288.92   -913.52   -391.88       0     919     919     345
52267  02  12   150  99999.00  99999.00  12819.15  13949.91   -763.03   -351.55   -927.18   -382.62       0     912     912     341
52267  02  12   100  99999.00  99999.00  15345.12  16570.68   -779.72   -363.20   -955.08   -395.04       0     903     903     293
52267  02  12    80  99999.00  99999.00  99999.00  99999.00  99999.00  99999.00  99999.00  99999.00       0       0       0       0
52267  02  12    70  99999.00  99999.00  17519.39  18901.43   -815.02   -335.26  99999.00  99999.00       0     887     887      11
52267  02  12    60  99999.00  99999.00  99999.00  99999.00  99999.00  99999.00  99999.00  99999.00       0       0       0       0
52267  02  12    50  99999.00  99999.00  19534.97  21140.45   -814.01   -322.85  99999.00  99999.00       0     867     868       8
52267  02  12    40  99999.00  99999.00  20862.88  22647.88   -809.42   -307.34  99999.00  99999.00       0     852     853       7
52267  02  12    30  99999.00  99999.00  22596.00  24586.20   -796.24   -290.68  99999.00  99999.00       0     801     803       6
52267  02  12    20  99999.00  99999.00  25070.22  27322.14   -783.85   -252.85  99999.00  99999.00       0     673     673       5
52267  02  12    15  99999.00  99999.00  26868.12  29267.64   -762.56   -236.96  99999.00  99999.00       0     501     502       4
52267  02  12    10  99999.00  99999.00  29397.01  32036.29   -739.52   -206.24  99999.00  99999.00       0     223     223       2
52267  02  12     7  99999.00  99999.00  99999.00  99999.00  99999.00  99999.00  99999.00  99999.00       0      45      45       0
52267  02  12     5  99999.00  99999.00  99999.00  99999.00  99999.00  99999.00  99999.00  99999.00       0       9       9       0
52267  02  12     3  99999.00  99999.00  99999.00  99999.00  99999.00  99999.00  99999.00  99999.00       0       0       0       0
52267  02  12     2  99999.00  99999.00  99999.00  99999.00  99999.00  99999.00  99999.00  99999.00       0       0       0       0
52267  02  12     1  99999.00  99999.00  99999.00  99999.00  99999.00  99999.00  99999.00  99999.00       0       0       0       0
52267  03  12  9999   8723.25   9472.89  99999.00  99999.00   -252.10    408.98   -595.79    253.09    1006       0    1006    1006
52267  03  12  1000  99999.00  99999.00  99999.00  99999.00  99999.00  99999.00  99999.00  99999.00       0       0       0       0
52267  03  12   925  99999.00  99999.00  99999.00  99999.00  99999.00  99999.00  99999.00  99999.00       0      12      12      12
52267  03  12   900  99999.00  99999.00  99999.00  99999.00  99999.00  99999.00  99999.00  99999.00       0      14      14      14
52267  03  12   850  99999.00  99999.00   1197.03   1793.91   -317.89    387.59   -731.27    286.45       0    1023    1022    1022
52267  03  12   800  99999.00  99999.00  99999.00  99999.00  99999.00  99999.00  99999.00  99999.00       0       0       0       0
52267  03  12   700  99999.00  99999.00   2792.74   3274.90   -398.75    233.17   -785.08    240.80       0    1022    1022    1022
52267  03  12   600  99999.00  99999.00   3932.53   4493.65   -443.53    129.59   -856.21    198.59       0    1021    1020    1020
52267  03  12   500  99999.00  99999.00   5190.56   5937.56   -514.23     19.29   -931.30    123.98       0    1023    1023    1022
52267  03  12   400  99999.00  99999.00   6643.12   7656.76   -616.54   -111.10   -975.07    -16.75       0    1018    1018    1017
52267  03  12   300  99999.00  99999.00   8426.62   9741.82   -697.44   -313.56  -1007.58   -234.18       0    1010    1010    1009
52267  03  12   250  99999.00  99999.00   9544.99  10960.99   -747.08   -398.60  -1011.50   -338.66       0    1004    1004     805
52267  03  12   200  99999.00  99999.00  10979.50  12328.42   -870.90   -303.54   -988.19   -346.31       0    1002     997     361
52267  03  12   150  99999.00  99999.00  12847.13  14100.05   -751.75   -374.47   -988.34   -354.02       0    1000    1000     358
52267  03  12   100  99999.00  99999.00  15398.01  16682.97   -751.63   -404.83  -1002.02   -382.58       0     985     985     297
52267  03  12    80  99999.00  99999.00  99999.00  99999.00  99999.00  99999.00  99999.00  99999.00       0       0       0       0
52267  03  12    70  99999.00  99999.00  17610.20  18957.68   -785.45   -383.09  99999.00  99999.00       0     963     963      12
52267  03  12    60  99999.00  99999.00  99999.00  99999.00  99999.00  99999.00  99999.00  99999.00       0       0       0       0
52267  03  12    50  99999.00  99999.00  19666.74  21138.78   -789.78   -363.42  99999.00  99999.00       0     941     941       7
52267  03  12    40  99999.00  99999.00  21016.41  22612.05   -786.37   -343.33  99999.00  99999.00       0     911     911       6
52267  03  12    30  99999.00  99999.00  22761.02  24536.18   -770.32   -319.60  99999.00  99999.00       0     874     874       5
52267  03  12    20  99999.00  99999.00  25249.43  27280.91   -754.95   -272.55  99999.00  99999.00       0     745     749       2
52267  03  12    15  99999.00  99999.00  26993.71  29278.51   -758.57   -223.49  99999.00  99999.00       0     554     560       2
52267  03  12    10  99999.00  99999.00  29601.41  31983.77   -758.57   -160.01  99999.00  99999.00       0     263     263       1
52267  03  12     7  99999.00  99999.00  31723.99  34548.55   -759.00   -131.28  99999.00  99999.00       0      64      64       0
52267  03  12     5  99999.00  99999.00  99999.00  99999.00  99999.00  99999.00  99999.00  99999.00       0       9       9       0
52267  03  12     3  99999.00  99999.00  99999.00  99999.00  99999.00  99999.00  99999.00  99999.00       0       0       0       0
52267  03  12     2  99999.00  99999.00  99999.00  99999.00  99999.00  99999.00  99999.00  99999.00       0       0       0       0
52267  03  12     1  99999.00  99999.00  99999.00  99999.00  99999.00  99999.00  99999.00  99999.00       0       0       0       0
52267  04  12  9999   8690.23   9426.55  99999.00  99999.00   -160.54    502.94   -582.12    311.52     937       0     937     933
52267  04  12  1000  99999.00  99999.00  99999.00  99999.00  99999.00  99999.00  99999.00  99999.00       0       0       0       0
52267  04  12   925  99999.00  99999.00  99999.00  99999.00  99999.00  99999.00  99999.00  99999.00       0       0       0       0
52267  04  12   900  99999.00  99999.00  99999.00  99999.00  99999.00  99999.00  99999.00  99999.00       0      46      46      46
52267  04  12   850  99999.00  99999.00   1174.71   1774.95   -224.54    473.50   -706.99    321.17       0     989     988     988
52267  04  12   800  99999.00  99999.00  99999.00  99999.00  99999.00  99999.00  99999.00  99999.00       0       0       0       0
52267  04  12   700  99999.00  99999.00   2832.25   3286.33   -326.67    297.45   -745.80    275.76       0     989     988     988
52267  04  12   600  99999.00  99999.00   4011.00   4520.40   -382.94    176.74   -855.25    288.95       0     988     987     987
52267  04  12   500  99999.00  99999.00   5302.96   5985.64   -457.16     62.08   -937.99    206.57       0     989     987     987
52267  04  12   400  99999.00  99999.00   6794.85   7728.57   -566.53    -66.97   -987.12     61.08       0     981     982     982
52267  04  12   300  99999.00  99999.00   8608.43   9857.87   -675.61   -256.45  -1016.57   -162.41       0     978     978     978
52267  04  12   250  99999.00  99999.00   9728.10  11114.10   -723.54   -366.90  -1021.07   -295.67       0     972     972     944
52267  04  12   200  99999.00  99999.00  11135.31  12526.47   -853.99   -326.11  -1024.39   -326.59       0     965     965     392
52267  04  12   150  99999.00  99999.00  13001.25  14286.09   -775.35   -362.91  -1025.38   -331.06       0     960     960     358
52267  04  12   100  99999.00  99999.00  15551.33  16854.17   -745.40   -427.16  -1033.30   -373.90       0     952     952     289
52267  04  12    80  99999.00  99999.00  99999.00  99999.00  99999.00  99999.00  99999.00  99999.00       0       0       0       0
52267  04  12    70  99999.00  99999.00  17786.76  19082.88   -773.43   -418.23  99999.00  99999.00       0     934     934       3
52267  04  12    60  99999.00  99999.00  99999.00  99999.00  99999.00  99999.00  99999.00  99999.00       0       0       0       0
52267  04  12    50  99999.00  99999.00  19879.08  21207.60   -773.73   -395.73  99999.00  99999.00       0     906     907       1
52267  04  12    40  99999.00  99999.00  21260.55  22643.31   -754.45   -379.57  99999.00  99999.00       0     876     878       1
52267  04  12    30  99999.00  99999.00  23046.50  24525.14   -736.45   -342.73  99999.00  99999.00       0     840     840       1
52267  04  12    20  99999.00  99999.00  25621.15  27204.79   -725.07   -270.99  99999.00  99999.00       0     708     708       1
52267  04  12    15  99999.00  99999.00  27449.48  29149.28   -704.67   -241.59  99999.00  99999.00       0     550     554       0
52267  04  12    10  99999.00  99999.00  29986.44  31954.20   -669.34   -225.58  99999.00  99999.00       0     262     263       0
52267  04  12     7  99999.00  99999.00  32290.62  34384.74   -677.20   -192.88  99999.00  99999.00       0      74      74       0
52267  04  12     5  99999.00  99999.00  99999.00  99999.00  99999.00  99999.00  99999.00  99999.00       0      21      21       0
52267  04  12     3  99999.00  99999.00  99999.00  99999.00  99999.00  99999.00  99999.00  99999.00       0       0       0       0
52267  04  12     2  99999.00  99999.00  99999.00  99999.00  99999.00  99999.00  99999.00  99999.00       0       0       0       0
52267  04  12     1  99999.00  99999.00  99999.00  99999.00  99999.00  99999.00  99999.00  99999.00       0       0       0       0
52267  05  12  9999   8712.10   9344.26  99999.00  99999.00    -51.92    546.88   -500.36    334.96     957       0     957     950
52267  05  12  1000  99999.00  99999.00  99999.00  99999.00  99999.00  99999.00  99999.00  99999.00       0       0       0       0
52267  05  12   925  99999.00  99999.00  99999.00  99999.00  99999.00  99999.00  99999.00  99999.00       0       0       0       0
52267  05  12   900  99999.00  99999.00    938.71    943.75     41.86    480.10   -446.11    299.09       0      61      61      61
52267  05  12   850  99999.00  99999.00   1201.62   1720.62   -109.38    506.34   -658.26    365.10       0    1022    1018    1017
52267  05  12   800  99999.00  99999.00  99999.00  99999.00  99999.00  99999.00  99999.00  99999.00       0       0       0       0
52267  05  12   700  99999.00  99999.00   2886.33   3285.33   -228.80    326.80   -683.09    305.35       0    1020    1021    1020
52267  05  12   600  99999.00  99999.00   4093.60   4543.36   -293.49    190.35   -768.50    312.46       0    1022    1021    1020
52267  05  12   500  99999.00  99999.00   5431.27   6015.55   -374.30     74.62   -929.66    284.62       0    1023    1023    1022
52267  05  12   400  99999.00  99999.00   6977.51   7766.15   -499.50    -38.70   -980.82    131.46       0    1017    1018    1017
52267  05  12   300  99999.00  99999.00   8841.61   9922.93   -643.23   -202.47  -1006.84    -94.24       0    1015    1016    1015
52267  05  12   250  99999.00  99999.00   9972.86  11211.02   -699.61   -310.09  -1020.91   -225.31       0    1011    1013    1012
52267  05  12   200  99999.00  99999.00  11372.85  12677.85   -816.47   -297.47  -1019.00   -303.56       0    1006    1006     789
52267  05  12   150  99999.00  99999.00  13220.91  14496.99   -739.35   -366.27  -1020.52   -320.44       0     998     999     659
52267  05  12   100  99999.00  99999.00  15821.90  17031.02   -741.19   -436.75  -1025.21   -375.17       0     990     990     437
52267  05  12    80  99999.00  99999.00  99999.00  99999.00  99999.00  99999.00  99999.00  99999.00       0       0       0       0
52267  05  12    70  99999.00  99999.00  18103.46  19203.62   -770.77   -438.25  99999.00  99999.00       0     979     979       3
52267  05  12    60  99999.00  99999.00  99999.00  99999.00  99999.00  99999.00  99999.00  99999.00       0       0       0       0
52267  05  12    50  99999.00  99999.00  20211.03  21304.59   -735.68   -426.80  99999.00  99999.00       0     955     957       1
52267  05  12    40  99999.00  99999.00  21602.55  22740.51   -701.14   -409.06  99999.00  99999.00       0     938     939       1
52267  05  12    30  99999.00  99999.00  23406.42  24627.06   -675.86   -369.74  99999.00  99999.00       0     902     903       1
52267  05  12    20  99999.00  99999.00  25984.93  27339.73   -641.16   -322.44  99999.00  99999.00       0     800     806       1
52267  05  12    15  99999.00  99999.00  27839.00  29276.48   -625.42   -290.38  99999.00  99999.00       0     646     656       1
52267  05  12    10  99999.00  99999.00  30494.73  31974.21   -616.26   -244.62  99999.00  99999.00       0     322     327       1
52267  05  12     7  99999.00  99999.00  32753.79  34480.59   -692.86   -130.78  99999.00  99999.00       0      84      84       0
52267  05  12     5  99999.00  99999.00  99999.00  99999.00  99999.00  99999.00  99999.00  99999.00       0      13      13       0
52267  05  12     3  99999.00  99999.00  99999.00  99999.00  99999.00  99999.00  99999.00  99999.00       0       0       0       0
52267  05  12     2  99999.00  99999.00  99999.00  99999.00  99999.00  99999.00  99999.00  99999.00       0       0       0       0
52267  05  12     1  99999.00  99999.00  99999.00  99999.00  99999.00  99999.00  99999.00  99999.00       0       0       0       0
52267  06  12  9999   8748.30   9217.02  99999.00  99999.00     61.31    545.51   -392.55    370.17     913       0     913     912
52267  06  12  1000  99999.00  99999.00  99999.00  99999.00  99999.00  99999.00  99999.00  99999.00       0       0       0       0
52267  06  12   925  99999.00  99999.00  99999.00  99999.00  99999.00  99999.00  99999.00  99999.00       0       0       0       0
52267  06  12   900  99999.00  99999.00    938.84    943.52     73.68    509.52   -391.91    361.33       0      73      73      73
52267  06  12   850  99999.00  99999.00   1232.21   1628.33     15.81    495.93   -627.83    458.53       0     990     986     986
52267  06  12   800  99999.00  99999.00  99999.00  99999.00  99999.00  99999.00  99999.00  99999.00       0       0       0       0
52267  06  12   700  99999.00  99999.00   2932.44   3242.88    -97.04    301.72   -586.58    343.54       0     988     986     986
52267  06  12   600  99999.00  99999.00   4174.63   4512.67   -168.38    156.58   -607.14    304.14       0     988     987     987
52267  06  12   500  99999.00  99999.00   5564.64   5981.40   -259.32     48.96   -850.79    345.73       0     989     989     989
52267  06  12   400  99999.00  99999.00   7176.13   7729.81   -396.81    -44.61   -927.07    200.69       0     984     985     985
52267  06  12   300  99999.00  99999.00   9103.96   9902.44   -582.52   -170.08   -969.43    -19.03       0     978     979     979
52267  06  12   250  99999.00  99999.00  10254.36  11220.00   -692.07   -228.39   -989.13   -152.25       0     975     978     978
52267  06  12   200  99999.00  99999.00  11633.25  12764.61   -789.36   -246.72  -1009.59   -248.19       0     967     970     938
52267  06  12   150  99999.00  99999.00  13456.75  14652.31   -693.88   -387.76  -1026.77   -293.09       0     965     966     863
52267  06  12   100  99999.00  99999.00  16092.07  17148.67   -767.52   -426.48   -981.92   -394.28       0     953     957     421
52267  06  12    80  99999.00  99999.00  99999.00  99999.00  99999.00  99999.00  99999.00  99999.00       0       0       0       0
52267  06  12    70  99999.00  99999.00  18364.38  19312.26   -765.20   -449.48  99999.00  99999.00       0     944     947       0
52267  06  12    60  99999.00  99999.00  99999.00  99999.00  99999.00  99999.00  99999.00  99999.00       0       0       0       0
52267  06  12    50  99999.00  99999.00  20467.29  21425.01   -704.77   -438.61  99999.00  99999.00       0     921     925       0
52267  06  12    40  99999.00  99999.00  21864.54  22865.58   -667.51   -424.39  99999.00  99999.00       0     892     897       0
52267  06  12    30  99999.00  99999.00  23680.00  24755.32   -640.12   -387.76  99999.00  99999.00       0     846     851       0
52267  06  12    20  99999.00  99999.00  26272.36  27472.72   -606.56   -332.24  99999.00  99999.00       0     754     758       0
52267  06  12    15  99999.00  99999.00  28131.39  29428.59   -593.06   -290.78  99999.00  99999.00       0     585     594       0
52267  06  12    10  99999.00  99999.00  30795.61  32141.29   -612.39   -211.71  99999.00  99999.00       0     260     262       0
52267  06  12     7  99999.00  99999.00  33037.65  34686.93   -696.92    -85.88  99999.00  99999.00       0      65      65       0
52267  06  12     5  99999.00  99999.00  99999.00  99999.00  99999.00  99999.00  99999.00  99999.00       0       8       8       0
52267  06  12     3  99999.00  99999.00  99999.00  99999.00  99999.00  99999.00  99999.00  99999.00       0       0       0       0
52267  06  12     2  99999.00  99999.00  99999.00  99999.00  99999.00  99999.00  99999.00  99999.00       0       0       0       0
52267  06  12     1  99999.00  99999.00  99999.00  99999.00  99999.00  99999.00  99999.00  99999.00       0       0       0       0
52267  07  12  9999   8779.40   9161.24  99999.00  99999.00     91.31    558.83   -283.21    362.15     934       0     934     934
52267  07  12  1000  99999.00  99999.00  99999.00  99999.00  99999.00  99999.00  99999.00  99999.00       0       0       0       0
52267  07  12   925  99999.00  99999.00  99999.00  99999.00  99999.00  99999.00  99999.00  99999.00       0       0       0       0
52267  07  12   900  99999.00  99999.00    939.14    943.10     98.23    512.11   -254.49    348.15       0      83      83      83
52267  07  12   850  99999.00  99999.00   1255.83   1590.51     52.44    505.32   -567.17    509.71       0    1022    1018    1018
52267  07  12   800  99999.00  99999.00  99999.00  99999.00  99999.00  99999.00  99999.00  99999.00       0       0       0       0
52267  07  12   700  99999.00  99999.00   2957.22   3233.34    -52.34    305.98   -465.33    332.79       0    1022    1021    1021
52267  07  12   600  99999.00  99999.00   4202.56   4524.28   -139.46    180.58   -546.74    331.18       0    1020    1020    1020
52267  07  12   500  99999.00  99999.00   5594.93   6022.01   -244.55     96.61   -831.55    401.45       0    1021    1021    1021
52267  07  12   400  99999.00  99999.00   7210.11   7811.79   -377.44      9.44   -919.14    274.38       0    1019    1019    1018
52267  07  12   300  99999.00  99999.00   9136.35  10053.03   -586.48    -77.92   -970.64     70.96       0    1018    1018    1017
52267  07  12   250  99999.00  99999.00  10287.80  11421.80   -675.17   -140.81   -979.91    -74.03       0    1016    1016    1015
52267  07  12   200  99999.00  99999.00  11694.09  13006.17   -670.78   -274.90   -993.72   -205.32       0    1009    1007    1006
52267  07  12   150  99999.00  99999.00  13573.68  14872.32   -702.49   -384.85  -1063.55   -273.59       0    1004    1004     985
52267  07  12   100  99999.00  99999.00  16259.29  17285.53   -829.46   -401.78   -953.96   -418.76       0     991     990     283
52267  07  12    80  99999.00  99999.00  99999.00  99999.00  99999.00  99999.00  99999.00  99999.00       0       0       0       0
52267  07  12    70  99999.00  99999.00  18558.67  19395.91   -799.97   -424.61  99999.00  99999.00       0     978     978       2
52267  07  12    60  99999.00  99999.00  99999.00  99999.00  99999.00  99999.00  99999.00  99999.00       0       0       0       0
52267  07  12    50  99999.00  99999.00  20676.79  21494.35   -714.39   -426.15  99999.00  99999.00       0     957     959       2
52267  07  12    40  99999.00  99999.00  22077.88  22932.52   -673.16   -415.28  99999.00  99999.00       0     935     937       2
52267  07  12    30  99999.00  99999.00  23890.06  24833.50   -635.96   -383.72  99999.00  99999.00       0     892     893       2
52267  07  12    20  99999.00  99999.00  26486.63  27554.15   -593.92   -332.68  99999.00  99999.00       0     790     794       2
52267  07  12    15  99999.00  99999.00  28370.90  29493.02   -574.01   -295.97  99999.00  99999.00       0     633     637       2
52267  07  12    10  99999.00  99999.00  31095.94  32178.22   -588.21   -223.17  99999.00  99999.00       0     278     281       2
52267  07  12     7  99999.00  99999.00  33395.34  34641.78   -615.04   -160.00  99999.00  99999.00       0      66      66       0
52267  07  12     5  99999.00  99999.00  99999.00  99999.00  99999.00  99999.00  99999.00  99999.00       0      11      11       0
52267  07  12     3  99999.00  99999.00  99999.00  99999.00  99999.00  99999.00  99999.00  99999.00       0       0       0       0
52267  07  12     2  99999.00  99999.00  99999.00  99999.00  99999.00  99999.00  99999.00  99999.00       0       0       0       0
52267  07  12     1  99999.00  99999.00  99999.00  99999.00  99999.00  99999.00  99999.00  99999.00       0       0       0       0
52267  08  12  9999   8783.91   9232.59  99999.00  99999.00     48.37    545.89   -309.37    374.39     924       0     924     924
52267  08  12  1000  99999.00  99999.00  99999.00  99999.00  99999.00  99999.00  99999.00  99999.00       0       0       0       0
52267  08  12   925  99999.00  99999.00  99999.00  99999.00  99999.00  99999.00  99999.00  99999.00       0       0       0       0
52267  08  12   900  99999.00  99999.00    939.14    943.10    150.19    460.39   -282.13    304.19       0      92      92      92
52267  08  12   850  99999.00  99999.00   1267.90   1638.10     13.95    494.67   -624.02    537.22       0    1021    1017    1017
52267  08  12   800  99999.00  99999.00  99999.00  99999.00  99999.00  99999.00  99999.00  99999.00       0       0       0       0
52267  08  12   700  99999.00  99999.00   2968.39   3255.79    -84.88    295.88   -495.17    340.15       0    1022    1021    1021
52267  08  12   600  99999.00  99999.00   4209.70   4533.82   -160.63    171.77   -654.92    393.52       0    1022    1021    1021
52267  08  12   500  99999.00  99999.00   5595.55   6025.39   -269.99    100.33   -909.41    425.83       0    1022    1021    1021
52267  08  12   400  99999.00  99999.00   7193.50   7815.82   -411.21     15.99   -977.05    288.35       0    1019    1020    1020
52267  08  12   300  99999.00  99999.00   9099.52  10058.68   -615.19    -64.03  -1035.83     94.45       0    1014    1016    1016
52267  08  12   250  99999.00  99999.00  10237.97  11434.01   -684.60   -139.92  -1026.18    -62.34       0    1013    1014    1014
52267  08  12   200  99999.00  99999.00  11641.10  13017.86   -649.29   -301.65  -1037.69   -187.85       0    1011    1011    1011
52267  08  12   150  99999.00  99999.00  13522.73  14871.77   -722.60   -381.92  -1113.62   -253.10       0    1002    1003     956
52267  08  12   100  99999.00  99999.00  16191.63  17284.59   -842.96   -393.68   -933.08   -433.40       0     985     987     258
52267  08  12    80  99999.00  99999.00  99999.00  99999.00  99999.00  99999.00  99999.00  99999.00       0       0       0       0
52267  08  12    70  99999.00  99999.00  18474.96  19411.44   -794.41   -423.37  99999.00  99999.00       0     962     963       0
52267  08  12    60  99999.00  99999.00  99999.00  99999.00  99999.00  99999.00  99999.00  99999.00       0       0       0       0
52267  08  12    50  99999.00  99999.00  20586.68  21524.36   -699.77   -431.09  99999.00  99999.00       0     942     941       0
52267  08  12    40  99999.00  99999.00  21980.15  22975.67   -661.38   -419.34  99999.00  99999.00       0     914     915       0
52267  08  12    30  99999.00  99999.00  23786.45  24880.97   -629.95   -391.75  99999.00  99999.00       0     868     870       0
52267  08  12    20  99999.00  99999.00  26357.31  27617.19   -600.39   -342.51  99999.00  99999.00       0     728     730       0
52267  08  12    15  99999.00  99999.00  28203.88  29579.56   -586.60   -307.12  99999.00  99999.00       0     552     553       0
52267  08  12    10  99999.00  99999.00  30893.39  32273.51   -564.78   -278.70  99999.00  99999.00       0     271     272       0
52267  08  12     7  99999.00  99999.00  33319.54  34611.70   -570.46   -230.26  99999.00  99999.00       0      61      61       0
52267  08  12     5  99999.00  99999.00  99999.00  99999.00  99999.00  99999.00  99999.00  99999.00       0       8       8       0
52267  08  12     3  99999.00  99999.00  99999.00  99999.00  99999.00  99999.00  99999.00  99999.00       0       0       0       0
52267  08  12     2  99999.00  99999.00  99999.00  99999.00  99999.00  99999.00  99999.00  99999.00       0       0       0       0
52267  08  12     1  99999.00  99999.00  99999.00  99999.00  99999.00  99999.00  99999.00  99999.00       0       0       0       0
52267  09  12  9999   8805.60   9333.00  99999.00  99999.00    -29.94    487.14   -385.38    335.58     967       0     967     967
52267  09  12  1000  99999.00  99999.00  99999.00  99999.00  99999.00  99999.00  99999.00  99999.00       0       0       0       0
52267  09  12   925  99999.00  99999.00  99999.00  99999.00  99999.00  99999.00  99999.00  99999.00       0       1       1       1
52267  09  12   900  99999.00  99999.00  99999.00  99999.00  99999.00  99999.00  99999.00  99999.00       0      23      23      23
52267  09  12   850  99999.00  99999.00   1280.70   1718.10    -86.08    466.52   -610.60    428.24       0     989     989     989
52267  09  12   800  99999.00  99999.00  99999.00  99999.00  99999.00  99999.00  99999.00  99999.00       0       0       0       0
52267  09  12   700  99999.00  99999.00   2964.94   3279.58   -174.51    274.29   -615.86    342.46       0     990     990     990
52267  09  12   600  99999.00  99999.00   4187.13   4530.57   -223.69    148.19   -787.84    379.16       0     989     989     989
52267  09  12   500  99999.00  99999.00   5550.81   5996.13   -318.30     57.54   -913.91    307.69       0     989     988     988
52267  09  12   400  99999.00  99999.00   7119.48   7752.36   -462.67    -32.47   -975.11    171.85       0     985     984     984
52267  09  12   300  99999.00  99999.00   8990.68   9941.68   -651.49   -135.73  -1029.21    -17.97       0     980     980     980
52267  09  12   250  99999.00  99999.00  10110.98  11277.02   -738.37   -193.33  -1034.85   -151.17       0     979     978     978
52267  09  12   200  99999.00  99999.00  11474.07  12837.99   -731.12   -299.60  -1012.50   -273.06       0     974     974     945
52267  09  12   150  99999.00  99999.00  13304.43  14700.63   -716.33   -414.77  -1038.32   -340.88       0     967     967     820
52267  09  12   100  99999.00  99999.00  15941.03  17137.67   -810.04   -418.12  -1011.19   -394.27       0     949     949     240
52267  09  12    80  99999.00  99999.00  99999.00  99999.00  99999.00  99999.00  99999.00  99999.00       0       0       0       0
52267  09  12    70  99999.00  99999.00  18223.04  19274.48   -768.04   -451.12  99999.00  99999.00       0     935     935       5
52267  09  12    60  99999.00  99999.00  99999.00  99999.00  99999.00  99999.00  99999.00  99999.00       0       0       0       0
52267  09  12    50  99999.00  99999.00  20332.49  21376.61   -702.64   -447.76  99999.00  99999.00       0     918     918       4
52267  09  12    40  99999.00  99999.00  21729.58  22812.34   -674.38   -425.98  99999.00  99999.00       0     895     896       3
52267  09  12    30  99999.00  99999.00  23544.33  24694.17   -640.49   -403.25  99999.00  99999.00       0     851     852       3
52267  09  12    20  99999.00  99999.00  26125.40  27387.20   -602.13   -379.77  99999.00  99999.00       0     697     699       3
52267  09  12    15  99999.00  99999.00  27959.53  29336.53   -589.47   -355.83  99999.00  99999.00       0     539     540       2
52267  09  12    10  99999.00  99999.00  30604.05  32041.41   -569.58   -331.02  99999.00  99999.00       0     284     284       2
52267  09  12     7  99999.00  99999.00  32896.80  34513.20   -614.19   -252.27  99999.00  99999.00       0      62      62       1
52267  09  12     5  99999.00  99999.00  99999.00  99999.00  99999.00  99999.00  99999.00  99999.00       0      14      14       1
52267  09  12     3  99999.00  99999.00  99999.00  99999.00  99999.00  99999.00  99999.00  99999.00       0       0       0       0
52267  09  12     2  99999.00  99999.00  99999.00  99999.00  99999.00  99999.00  99999.00  99999.00       0       0       0       0
52267  09  12     1  99999.00  99999.00  99999.00  99999.00  99999.00  99999.00  99999.00  99999.00       0       0       0       0
52267  10  12  9999   8816.10   9425.46  99999.00  99999.00   -165.46    421.58   -433.94    269.14    1014       0    1014    1014
52267  10  12  1000  99999.00  99999.00  99999.00  99999.00  99999.00  99999.00  99999.00  99999.00       0       0       0       0
52267  10  12   925  99999.00  99999.00  99999.00  99999.00  99999.00  99999.00  99999.00  99999.00       0      11      11      11
52267  10  12   900  99999.00  99999.00  99999.00  99999.00  99999.00  99999.00  99999.00  99999.00       0       3       3       3
52267  10  12   850  99999.00  99999.00   1289.71   1772.71   -225.37    428.87   -603.65    332.35       0    1022    1022    1022
52267  10  12   800  99999.00  99999.00  99999.00  99999.00  99999.00  99999.00  99999.00  99999.00       0       0       0       0
52267  10  12   700  99999.00  99999.00   2914.46   3302.90   -279.95    250.33   -702.30    301.62       0    1023    1023    1023
52267  10  12   600  99999.00  99999.00   4084.83   4552.23   -320.15    136.57   -807.08    265.00       0    1023    1022    1022
52267  10  12   500  99999.00  99999.00   5392.76   6013.88   -396.36     22.56   -866.61    162.39       0    1023    1022    1022
52267  10  12   400  99999.00  99999.00   6913.04   7740.68   -503.16   -112.56   -915.07     14.21       0    1022    1021    1021
52267  10  12   300  99999.00  99999.00   8765.37   9845.13   -632.97   -281.37   -956.86   -201.82       0    1012    1012    1012
52267  10  12   250  99999.00  99999.00   9897.29  11100.77   -728.04   -331.92   -989.30   -302.90       0    1010    1010    1004
52267  10  12   200  99999.00  99999.00  11280.38  12564.02   -806.73   -323.97   -998.52   -336.48       0    1005    1005     724
52267  10  12   150  99999.00  99999.00  13087.74  14399.94   -721.35   -430.47  -1014.73   -364.81       0    1001    1001     632
52267  10  12   100  99999.00  99999.00  15650.89  16923.13   -728.72   -469.28   -988.50   -408.18       0     990     990     244
52267  10  12    80  99999.00  99999.00  99999.00  99999.00  99999.00  99999.00  99999.00  99999.00       0       0       0       0
52267  10  12    70  99999.00  99999.00  17914.03  19110.19   -734.15   -463.79  99999.00  99999.00       0     978     980       4
52267  10  12    60  99999.00  99999.00  99999.00  99999.00  99999.00  99999.00  99999.00  99999.00       0       0       0       0
52267  10  12    50  99999.00  99999.00  20033.31  21208.23   -728.90   -438.14  99999.00  99999.00       0     962     965       1
52267  10  12    40  99999.00  99999.00  21424.84  22634.56   -718.71   -414.63  99999.00  99999.00       0     940     946       1
52267  10  12    30  99999.00  99999.00  23208.17  24517.37   -693.49   -385.57  99999.00  99999.00       0     907     912       1
52267  10  12    20  99999.00  99999.00  25761.75  27199.11   -650.13   -361.29  99999.00  99999.00       0     774     780       1
52267  10  12    15  99999.00  99999.00  27581.79  29134.83   -632.21   -342.29  99999.00  99999.00       0     614     617       1
52267  10  12    10  99999.00  99999.00  30050.87  31953.35   -625.47   -305.55  99999.00  99999.00       0     307     309       0
52267  10  12     7  99999.00  99999.00  32491.14  34199.94   -631.70   -272.42  99999.00  99999.00       0      70      70       0
52267  10  12     5  99999.00  99999.00  99999.00  99999.00  99999.00  99999.00  99999.00  99999.00       0       7       7       0
52267  10  12     3  99999.00  99999.00  99999.00  99999.00  99999.00  99999.00  99999.00  99999.00       0       0       0       0
52267  10  12     2  99999.00  99999.00  99999.00  99999.00  99999.00  99999.00  99999.00  99999.00       0       0       0       0
52267  10  12     1  99999.00  99999.00  99999.00  99999.00  99999.00  99999.00  99999.00  99999.00       0       0       0       0
52267  11  12  9999   8794.67   9506.75  99999.00  99999.00   -285.34    327.14   -446.70    176.58     973       0     972     972
52267  11  12  1000  99999.00  99999.00  99999.00  99999.00  99999.00  99999.00  99999.00  99999.00       0       0       0       0
52267  11  12   925  99999.00  99999.00  99999.00  99999.00  99999.00  99999.00  99999.00  99999.00       0      38      38      38
52267  11  12   900  99999.00  99999.00  99999.00  99999.00  99999.00  99999.00  99999.00  99999.00       0       2       2       2
52267  11  12   850  99999.00  99999.00   1259.23   1814.95   -331.25    347.47   -545.93    218.23       0     989     989     989
52267  11  12   800  99999.00  99999.00  99999.00  99999.00  99999.00  99999.00  99999.00  99999.00       0       0       0       0
52267  11  12   700  99999.00  99999.00   2828.35   3315.91   -380.94    235.26   -706.23    234.33       0     989     988     988
52267  11  12   600  99999.00  99999.00   3961.08   4554.12   -407.00    122.80   -771.59    175.81       0     988     985     985
52267  11  12   500  99999.00  99999.00   5227.00   6005.20   -475.39      4.61   -827.15     74.05       0     988     988     988
52267  11  12   400  99999.00  99999.00   6706.77   7710.69   -560.02   -150.58   -867.93    -88.89       0     985     986     986
52267  11  12   300  99999.00  99999.00   8521.11   9774.51   -659.57   -342.65   -920.92   -296.08       0     983     984     983
52267  11  12   250  99999.00  99999.00   9647.46  10990.74   -727.99   -412.27   -954.36   -382.08       0     982     983     845
52267  11  12   200  99999.00  99999.00  11055.13  12384.49   -816.98   -367.58   -971.32   -367.12       0     977     978     380
52267  11  12   150  99999.00  99999.00  12891.18  14166.30   -736.46   -426.02   -993.94   -364.90       0     973     974     342
52267  11  12   100  99999.00  99999.00  15449.24  16694.72   -736.60   -452.80   -981.15   -377.19       0     955     956     190
52267  11  12    80  99999.00  99999.00  99999.00  99999.00  99999.00  99999.00  99999.00  99999.00       0       0       0       0
52267  11  12    70  99999.00  99999.00  17673.05  18933.65   -745.58   -437.78  99999.00  99999.00       0     947     949       3
52267  11  12    60  99999.00  99999.00  99999.00  99999.00  99999.00  99999.00  99999.00  99999.00       0       0       0       0
52267  11  12    50  99999.00  99999.00  19744.83  21082.95   -751.56   -415.44  99999.00  99999.00       0     936     937       2
52267  11  12    40  99999.00  99999.00  21115.01  22529.45   -762.93   -375.09  99999.00  99999.00       0     922     921       2
52267  11  12    30  99999.00  99999.00  22884.49  24421.81   -757.40   -329.24  99999.00  99999.00       0     881     883       2
52267  11  12    20  99999.00  99999.00  25402.88  27131.84   -746.91   -269.31  99999.00  99999.00       0     766     774       2
52267  11  12    15  99999.00  99999.00  27202.49  29085.41   -739.03   -236.71  99999.00  99999.00       0     584     588       2
52267  11  12    10  99999.00  99999.00  29773.18  31788.82   -761.56   -177.64  99999.00  99999.00       0     270     271       1
52267  11  12     7  99999.00  99999.00  99999.00  99999.00  99999.00  99999.00  99999.00  99999.00       0      60      60       0
52267  11  12     5  99999.00  99999.00  99999.00  99999.00  99999.00  99999.00  99999.00  99999.00       0       4       4       0
52267  11  12     3  99999.00  99999.00  99999.00  99999.00  99999.00  99999.00  99999.00  99999.00       0       0       0       0
52267  11  12     2  99999.00  99999.00  99999.00  99999.00  99999.00  99999.00  99999.00  99999.00       0       0       0       0
52267  11  12     1  99999.00  99999.00  99999.00  99999.00  99999.00  99999.00  99999.00  99999.00       0       0       0       0
52267  12  12  9999   8814.00   9527.04  99999.00  99999.00   -335.77    214.07   -489.87    138.21     985       0     985     985
52267  12  12  1000  99999.00  99999.00  99999.00  99999.00  99999.00  99999.00  99999.00  99999.00       0       0       0       0
52267  12  12   925  99999.00  99999.00    833.69   1086.89   -358.67    143.41   -577.93    105.47       0     102     102     102
52267  12  12   900  99999.00  99999.00  99999.00  99999.00  99999.00  99999.00  99999.00  99999.00       0       1       1       1
52267  12  12   850  99999.00  99999.00   1262.15   1814.87   -348.51    222.81   -560.45    184.75       0    1023    1023    1023
52267  12  12   800  99999.00  99999.00  99999.00  99999.00  99999.00  99999.00  99999.00  99999.00       0       0       0       0
52267  12  12   700  99999.00  99999.00   2805.43   3282.43   -426.25    201.47   -731.23    210.77       0    1023    1023    1023
52267  12  12   600  99999.00  99999.00   3924.71   4500.47   -457.53    101.55   -784.08    141.60       0    1023    1023    1023
52267  12  12   500  99999.00  99999.00   5171.92   5933.08   -512.46    -23.70   -840.86     46.54       0    1022    1022    1022
52267  12  12   400  99999.00  99999.00   6630.96   7617.36   -585.44   -183.68   -878.01   -117.33       0    1019    1019    1019
52267  12  12   300  99999.00  99999.00   8438.46   9644.58   -672.60   -374.52   -923.38   -322.18       0    1014    1014    1014
52267  12  12   250  99999.00  99999.00   9571.29  10833.33   -752.48   -416.84   -945.73   -393.37       0    1011    1010     661
52267  12  12   200  99999.00  99999.00  11004.08  12193.76   -837.50   -345.86   -941.95   -376.87       0    1006    1007     333
52267  12  12   150  99999.00  99999.00  12854.27  13967.63   -748.27   -401.11   -954.44   -378.56       0    1001    1001     315
52267  12  12   100  99999.00  99999.00  15402.87  16528.23   -754.87   -417.55   -949.37   -407.09       0     993     993     217
52267  12  12    80  99999.00  99999.00  99999.00  99999.00  99999.00  99999.00  99999.00  99999.00       0       0       0       0
52267  12  12    70  99999.00  99999.00  17592.56  18815.84   -787.39   -389.11  99999.00  99999.00       0     979     979       2
52267  12  12    60  99999.00  99999.00  99999.00  99999.00  99999.00  99999.00  99999.00  99999.00       0       0       0       0
52267  12  12    50  99999.00  99999.00  19618.53  21018.33   -799.14   -364.50  99999.00  99999.00       0     965     965       0
52267  12  12    40  99999.00  99999.00  20953.07  22498.31   -809.68   -333.04  99999.00  99999.00       0     950     950       0
52267  12  12    30  99999.00  99999.00  22682.14  24428.74   -809.82   -292.14  99999.00  99999.00       0     913     913       0
52267  12  12    20  99999.00  99999.00  25135.36  27187.48   -816.96   -219.60  99999.00  99999.00       0     779     779       0
52267  12  12    15  99999.00  99999.00  26882.45  29168.09   -840.02   -147.14  99999.00  99999.00       0     593     600       0
52267  12  12    10  99999.00  99999.00  29401.66  31921.30   -868.25    -63.77  99999.00  99999.00       0     291     291       0
52267  12  12     7  99999.00  99999.00  31422.24  34628.52   -851.97    -15.33  99999.00  99999.00       0      72      72       0
52267  12  12     5  99999.00  99999.00  99999.00  99999.00  99999.00  99999.00  99999.00  99999.00       0      10      10       0
52267  12  12     3  99999.00  99999.00  99999.00  99999.00  99999.00  99999.00  99999.00  99999.00       0       0       0       0
52267  12  12     2  99999.00  99999.00  99999.00  99999.00  99999.00  99999.00  99999.00  99999.00       0       0       0       0
52267  12  12     1  99999.00  99999.00  99999.00  99999.00  99999.00  99999.00  99999.00  99999.00       0       0       0       0
