84008  01  12  9999    998.37   1020.93  99999.00  99999.00    170.53    298.93    -57.16     93.20     212       0     212     212
84008  01  12  1000  99999.00  99999.00     -8.98    190.70    172.19    290.87    126.68    291.08       0     209     209     208
84008  01  12   925  99999.00  99999.00    673.19    855.71    131.39    259.79     61.94    273.74       0     128     127     126
84008  01  12   900  99999.00  99999.00  99999.00  99999.00  99999.00  99999.00  99999.00  99999.00       0       0       5       5
84008  01  12   850  99999.00  99999.00   1407.39   1579.95     95.03    228.59   -123.42    381.30       0     209     209     208
84008  01  12   800  99999.00  99999.00  99999.00  99999.00  99999.00  99999.00  99999.00  99999.00       0       0       4       4
84008  01  12   700  99999.00  99999.00   3054.15   3205.83     25.28    163.04   -335.26    379.82       0     208     209     208
84008  01  12   600  99999.00  99999.00  99999.00  99999.00  99999.00  99999.00  99999.00  99999.00       0       0       5       5
84008  01  12   500  99999.00  99999.00   5771.74   5923.54   -146.55     45.33  -1042.96    482.36       0     208     210     205
84008  01  12   400  99999.00  99999.00   7471.69   7660.09   -255.20    -61.64  -1016.13    118.35       0     209     209     206
84008  01  12   300  99999.00  99999.00   9546.30   9785.94   -405.02   -232.70  -1051.02   -100.74       0     209     209     208
84008  01  12   250  99999.00  99999.00  10775.62  11079.10   -497.81   -340.25  -1020.44   -267.08       0     208     208     173
84008  01  12   200  99999.00  99999.00  12225.77  12575.09   -609.70   -458.38  -1036.49   -417.05       0     209     208     172
84008  01  12   150  99999.00  99999.00  14002.09  14386.09   -760.75   -572.47  -1039.77   -600.09       0     208     208     172
84008  01  12   100  99999.00  99999.00  16355.71  16750.87   -944.13   -686.97  -1192.12   -697.24       0     207     210     146
84008  01  12    80  99999.00  99999.00  99999.00  99999.00  99999.00  99999.00  99999.00  99999.00       0       0      32      18
84008  01  12    70  99999.00  99999.00  18380.82  18721.50   -950.62   -573.82  -1155.30   -642.18       0     189     189     124
84008  01  12    60  99999.00  99999.00  99999.00  99999.00  99999.00  99999.00  99999.00  99999.00       0       0      21      15
84008  01  12    50  99999.00  99999.00  20289.55  20773.03   -925.35   -442.59  -1163.55   -636.75       0     186     188     142
84008  01  12    40  99999.00  99999.00  99999.00  99999.00  99999.00  99999.00  99999.00  99999.00       0       0      38      29
84008  01  12    30  99999.00  99999.00  23236.33  24109.81   -782.78   -384.86  -1071.69   -711.81       0     163     170     134
84008  01  12    20  99999.00  99999.00  25733.08  26834.20   -710.18   -365.90   -998.41   -731.53       0      77      90      76
84008  01  12    15  99999.00  99999.00  99999.00  99999.00  99999.00  99999.00  99999.00  99999.00       0       0      20      19
84008  01  12    10  99999.00  99999.00  99999.00  99999.00  99999.00  99999.00  99999.00  99999.00       0       5       5       5
84008  01  12     7  99999.00  99999.00  99999.00  99999.00  99999.00  99999.00  99999.00  99999.00       0       0       4       4
84008  01  12     5  99999.00  99999.00  99999.00  99999.00  99999.00  99999.00  99999.00  99999.00       0       0       0       0
84008  01  12     3  99999.00  99999.00  99999.00  99999.00  99999.00  99999.00  99999.00  99999.00       0       0       0       0
84008  01  12     2  99999.00  99999.00  99999.00  99999.00  99999.00  99999.00  99999.00  99999.00       0       0       0       0
84008  01  12     1  99999.00  99999.00  99999.00  99999.00  99999.00  99999.00  99999.00  99999.00       0       0       0       0
84008  02  12  9999    999.12   1018.68  99999.00  99999.00    177.52    305.32    -32.83     63.65     219       0     219     219
84008  02  12  1000  99999.00  99999.00     -3.20    172.36    201.37    292.45    141.07    300.19       0     219     219     219
84008  02  12   925  99999.00  99999.00    677.43    851.67    161.69    251.33     67.27    284.35       0     166     166     166
84008  02  12   900  99999.00  99999.00  99999.00  99999.00  99999.00  99999.00  99999.00  99999.00       0       0       2       2
84008  02  12   850  99999.00  99999.00   1414.08   1574.64    115.05    221.13     16.37    261.89       0     219     219     219
84008  02  12   800  99999.00  99999.00  99999.00  99999.00  99999.00  99999.00  99999.00  99999.00       0       0       0       0
84008  02  12   700  99999.00  99999.00   3058.20   3206.28     41.43    149.67   -214.80    285.72       0     219     219     219
84008  02  12   600  99999.00  99999.00  99999.00  99999.00  99999.00  99999.00  99999.00  99999.00       0       0       5       5
84008  02  12   500  99999.00  99999.00   5776.94   5927.66   -142.60     46.64   -940.13    493.87       0     217     217     200
84008  02  12   400  99999.00  99999.00   7488.87   7658.19   -235.46    -73.34  -1089.29    238.63       0     218     218     217
84008  02  12   300  99999.00  99999.00   9568.17   9788.25   -390.27   -237.87  -1086.28    -60.64       0     218     218     218
84008  02  12   250  99999.00  99999.00  10806.44  11076.68   -485.84   -347.12  -1114.51   -141.79       0     218     218     169
84008  02  12   200  99999.00  99999.00  12256.29  12573.57   -606.26   -463.10  -1071.35   -356.99       0     217     217     166
84008  02  12   150  99999.00  99999.00  14014.36  14395.60   -756.91   -595.03  -1038.85   -573.97       0     217     217     166
84008  02  12   100  99999.00  99999.00  16327.37  16772.45   -948.70   -697.90  -1188.21   -664.17       0     217     219     135
84008  02  12    80  99999.00  99999.00  99999.00  99999.00  99999.00  99999.00  99999.00  99999.00       0       0      25      17
84008  02  12    70  99999.00  99999.00  18387.20  18722.96   -985.20   -553.80  -1087.39   -691.63       0     199     202     118
84008  02  12    60  99999.00  99999.00  99999.00  99999.00  99999.00  99999.00  99999.00  99999.00       0       0      29      18
84008  02  12    50  99999.00  99999.00  20304.45  20749.53   -938.28   -447.72  -1110.30   -689.34       0     196     199     132
84008  02  12    40  99999.00  99999.00  99999.00  99999.00  99999.00  99999.00  99999.00  99999.00       0       0      36      23
84008  02  12    30  99999.00  99999.00  23263.81  24039.73   -815.31   -361.47  -1073.66   -724.10       0     175     179     130
84008  02  12    20  99999.00  99999.00  25763.45  26754.05   -754.52   -327.92   -999.24   -731.52       0      72      91      63
84008  02  12    15  99999.00  99999.00  99999.00  99999.00  99999.00  99999.00  99999.00  99999.00       0       0      14      13
84008  02  12    10  99999.00  99999.00  99999.00  99999.00  99999.00  99999.00  99999.00  99999.00       0       0       0       0
84008  02  12     7  99999.00  99999.00  99999.00  99999.00  99999.00  99999.00  99999.00  99999.00       0       0       0       0
84008  02  12     5  99999.00  99999.00  99999.00  99999.00  99999.00  99999.00  99999.00  99999.00       0       0       0       0
84008  02  12     3  99999.00  99999.00  99999.00  99999.00  99999.00  99999.00  99999.00  99999.00       0       0       0       0
84008  02  12     2  99999.00  99999.00  99999.00  99999.00  99999.00  99999.00  99999.00  99999.00       0       0       0       0
84008  02  12     1  99999.00  99999.00  99999.00  99999.00  99999.00  99999.00  99999.00  99999.00       0       0       0       0
84008  03  12  9999    999.45   1017.45  99999.00  99999.00    167.48    308.96    -24.39     48.93     215       0     215     215
84008  03  12  1000  99999.00  99999.00      0.58    161.14    205.57    297.61    151.40    298.40       0     211     209     208
84008  03  12   925  99999.00  99999.00    681.94    845.14    173.64    250.92     70.64    282.32       0     153     151     150
84008  03  12   900  99999.00  99999.00  99999.00  99999.00  99999.00  99999.00  99999.00  99999.00       0       0       1       1
84008  03  12   850  99999.00  99999.00  -6853.15   9513.41  -7196.53   7256.51      8.41    267.49       0     211     212     209
84008  03  12   800  99999.00  99999.00  99999.00  99999.00  99999.00  99999.00  99999.00  99999.00       0       0       6       5
84008  03  12   700  99999.00  99999.00  -6426.94  12319.22  -7234.40   7148.08   -190.07    260.29       0     210     211     209
84008  03  12   600  99999.00  99999.00  99999.00  99999.00  99999.00  99999.00  99999.00  99999.00       0       0       4       4
84008  03  12   500  99999.00  99999.00  -5686.45  16944.95  -7259.05   6873.47   -662.53    311.87       0     210     212     209
84008  03  12   400  99999.00  99999.00  -5219.08  19865.48  -7287.99   6696.21   -895.29    213.75       0     210     212     210
84008  03  12   300  99999.00  99999.00  -2032.09  21013.07  -6050.15   5239.81   -956.18    -22.70       0     209     211     209
84008  03  12   250  99999.00  99999.00  10783.75  11101.99   -488.43   -341.43  -1002.62   -138.98       0     209     211     168
84008  03  12   200  99999.00  99999.00  12221.98  12612.94   -611.05   -458.89  -1005.57   -343.89       0     209     211     167
84008  03  12   150  99999.00  99999.00  13983.11  14430.47   -751.42   -598.06   -997.97   -580.73       0     209     211     167
84008  03  12   100  99999.00  99999.00  16307.40  16800.48   -951.35   -677.03  -1150.13   -668.33       0     203     207     149
84008  03  12    80  99999.00  99999.00  99999.00  99999.00  99999.00  99999.00  99999.00  99999.00       0       0      17      12
84008  03  12    70  99999.00  99999.00  18344.70  18787.38   -954.53   -569.45  -1084.99   -684.07       0     187     188     129
84008  03  12    60  99999.00  99999.00  99999.00  99999.00  99999.00  99999.00  99999.00  99999.00       0       0      31      23
84008  03  12    50  99999.00  99999.00  20325.14  20770.10   -896.66   -470.30  -1140.45   -649.05       0     185     186     138
84008  03  12    40  99999.00  99999.00  99999.00  99999.00  99999.00  99999.00  99999.00  99999.00       0       0      31      24
84008  03  12    30  99999.00  99999.00  23374.04  24011.60   -777.57   -380.73  -1143.38   -634.94       0     163     165     124
84008  03  12    20  99999.00  99999.00  99999.00  99999.00   -695.52   -354.96  99999.00  99999.00       0      56      74      47
84008  03  12    15  99999.00  99999.00  99999.00  99999.00  99999.00  99999.00  99999.00  99999.00       0       0       7       7
84008  03  12    10  99999.00  99999.00  99999.00  99999.00  99999.00  99999.00  99999.00  99999.00       0       0       0       0
84008  03  12     7  99999.00  99999.00  99999.00  99999.00  99999.00  99999.00  99999.00  99999.00       0       0       0       0
84008  03  12     5  99999.00  99999.00  99999.00  99999.00  99999.00  99999.00  99999.00  99999.00       0       0       0       0
84008  03  12     3  99999.00  99999.00  99999.00  99999.00  99999.00  99999.00  99999.00  99999.00       0       0       0       0
84008  03  12     2  99999.00  99999.00  99999.00  99999.00  99999.00  99999.00  99999.00  99999.00       0       0       0       0
84008  03  12     1  99999.00  99999.00  99999.00  99999.00  99999.00  99999.00  99999.00  99999.00       0       0       0       0
84008  04  12  9999    999.94   1016.62  99999.00  99999.00    177.79    307.27    -25.40     52.24     192       0     192     192
84008  04  12  1000  99999.00  99999.00      7.33    151.21    182.45    318.17    141.93    312.33       0     190     190     190
84008  04  12   925  99999.00  99999.00    697.38    823.14    171.65    255.65     72.73    295.33       0     134     132     132
84008  04  12   900  99999.00  99999.00  99999.00  99999.00  99999.00  99999.00  99999.00  99999.00       0       0       3       3
84008  04  12   850  99999.00  99999.00  -3570.77   6433.75  -4318.84   4563.08     16.40    268.76       0     190     189     189
84008  04  12   800  99999.00  99999.00  99999.00  99999.00  99999.00  99999.00  99999.00  99999.00       0       0       3       3
84008  04  12   700  99999.00  99999.00  -2651.55   8783.01  -4335.86   4436.50   -226.81    300.11       0     190     191     191
84008  04  12   600  99999.00  99999.00  99999.00  99999.00  99999.00  99999.00  99999.00  99999.00       0       0       1       1
84008  04  12   500  99999.00  99999.00  -1146.02  12696.82  -4446.43   4236.77   -582.62    290.14       0     189     189     189
84008  04  12   400  99999.00  99999.00   -206.94  15178.02  -4514.81   4102.39   -792.45    186.51       0     188     188     188
84008  04  12   300  99999.00  99999.00    943.97  18220.85  -4612.00   3893.60  -1021.37     59.95       0     187     187     187
84008  04  12   250  99999.00  99999.00   1648.39  20038.03  -4668.50   3747.82  -1032.52   -111.64       0     187     187     154
84008  04  12   200  99999.00  99999.00  12280.37  12584.57   -595.43   -469.43  -1006.40   -327.08       0     186     187     149
84008  04  12   150  99999.00  99999.00  14038.22  14409.62   -745.37   -602.93  -1000.24   -580.12       0     186     186     149
84008  04  12   100  99999.00  99999.00   4504.64  28339.28   -936.20   -703.64  -1143.07   -694.63       0     179     181     134
84008  04  12    80  99999.00  99999.00  99999.00  99999.00  99999.00  99999.00  99999.00  99999.00       0       0      23      17
84008  04  12    70  99999.00  99999.00  18343.79  18817.43   -933.64   -593.20  -1072.17   -691.53       0     163     165     118
84008  04  12    60  99999.00  99999.00  99999.00  99999.00  99999.00  99999.00  99999.00  99999.00       0       0      20      14
84008  04  12    50  99999.00  99999.00  20322.00  20805.12   -871.39   -485.11  -1116.02   -672.86       0     160     162     121
84008  04  12    40  99999.00  99999.00  99999.00  99999.00  99999.00  99999.00  99999.00  99999.00       0       0      21      14
84008  04  12    30  99999.00  99999.00  23399.54  24056.90   -729.59   -413.03  -1023.92   -748.88       0     135     143     104
84008  04  12    20  99999.00  99999.00  99999.00  99999.00  99999.00  99999.00  99999.00  99999.00       0      48      60      35
84008  04  12    15  99999.00  99999.00  99999.00  99999.00  99999.00  99999.00  99999.00  99999.00       0       0       4       4
84008  04  12    10  99999.00  99999.00  99999.00  99999.00  99999.00  99999.00  99999.00  99999.00       0       0       0       0
84008  04  12     7  99999.00  99999.00  99999.00  99999.00  99999.00  99999.00  99999.00  99999.00       0       0       0       0
84008  04  12     5  99999.00  99999.00  99999.00  99999.00  99999.00  99999.00  99999.00  99999.00       0       0       0       0
84008  04  12     3  99999.00  99999.00  99999.00  99999.00  99999.00  99999.00  99999.00  99999.00       0       0       0       0
84008  04  12     2  99999.00  99999.00  99999.00  99999.00  99999.00  99999.00  99999.00  99999.00       0       0       0       0
84008  04  12     1  99999.00  99999.00  99999.00  99999.00  99999.00  99999.00  99999.00  99999.00       0       0       0       0
84008  05  12  9999    999.37   1019.17  99999.00  99999.00    178.89    303.57    -30.55     67.97     241       0     241     241
84008  05  12  1000  99999.00  99999.00     -0.04    176.00    184.09    299.05    126.85    306.49       0     238     237     237
84008  05  12   925  99999.00  99999.00    679.65    852.93    127.85    273.89     73.67    274.31       0     183     182     182
84008  05  12   900  99999.00  99999.00  99999.00  99999.00  99999.00  99999.00  99999.00  99999.00       0       0       4       4
84008  05  12   850  99999.00  99999.00  -3033.60   5927.40  -3836.02   4093.10    -28.94    296.86       0     237     237     237
84008  05  12   800  99999.00  99999.00  99999.00  99999.00  99999.00  99999.00  99999.00  99999.00       0       0       4       4
84008  05  12   700  99999.00  99999.00  -2048.90   8213.74  -3876.59   3999.49   -312.96    346.68       0     236     237     237
84008  05  12   600  99999.00  99999.00  99999.00  99999.00  99999.00  99999.00  99999.00  99999.00       0       0       1       1
84008  05  12   500  99999.00  99999.00   -414.34  12001.58  -3963.32   3775.00   -748.35    371.13       0     235     238     231
84008  05  12   400  99999.00  99999.00    626.04  14389.80  -4022.66   3639.22   -981.32    242.08       0     235     238     233
84008  05  12   300  99999.00  99999.00   1883.40  17330.88  -4135.40   3435.40  -1046.56     78.08       0     234     236     235
84008  05  12   250  99999.00  99999.00   2665.00  19070.92  -4197.24   3293.16  -1034.25    -83.13       0     235     236     199
84008  05  12   200  99999.00  99999.00  12290.37  12578.13   -604.44   -457.08  -1015.40   -325.88       0     235     235     195
84008  05  12   150  99999.00  99999.00  14053.06  14402.26   -747.15   -593.91  -1015.16   -578.60       0     235     236     194
84008  05  12   100  99999.00  99999.00  16366.49  16794.53   -957.71   -660.83  -1133.37   -696.81       0     234     234     144
84008  05  12    80  99999.00  99999.00  99999.00  99999.00  99999.00  99999.00  99999.00  99999.00       0       0      29      19
84008  05  12    70  99999.00  99999.00  18372.30  18828.78   -953.27   -560.99  -1113.14   -657.50       0     221     222     133
84008  05  12    60  99999.00  99999.00  99999.00  99999.00  99999.00  99999.00  99999.00  99999.00       0       0      30      20
84008  05  12    50  99999.00  99999.00  20376.65  20811.41   -840.26   -478.34  -1152.11   -669.59       0     216     219     181
84008  05  12    40  99999.00  99999.00  99999.00  99999.00  99999.00  99999.00  99999.00  99999.00       0       0      41      38
84008  05  12    30  99999.00  99999.00  23536.70  24011.30   -721.22   -406.58  -1023.94   -737.74       0     195     202     164
84008  05  12    20  99999.00  99999.00  99999.00  99999.00   -748.99   -249.67  99999.00  99999.00       0      54      67      46
84008  05  12    15  99999.00  99999.00  99999.00  99999.00  99999.00  99999.00  99999.00  99999.00       0       0       3       3
84008  05  12    10  99999.00  99999.00  99999.00  99999.00  99999.00  99999.00  99999.00  99999.00       0       1       1       1
84008  05  12     7  99999.00  99999.00  99999.00  99999.00  99999.00  99999.00  99999.00  99999.00       0       0       1       1
84008  05  12     5  99999.00  99999.00  99999.00  99999.00  99999.00  99999.00  99999.00  99999.00       0       0       0       0
84008  05  12     3  99999.00  99999.00  99999.00  99999.00  99999.00  99999.00  99999.00  99999.00       0       0       0       0
84008  05  12     2  99999.00  99999.00  99999.00  99999.00  99999.00  99999.00  99999.00  99999.00       0       0       0       0
84008  05  12     1  99999.00  99999.00  99999.00  99999.00  99999.00  99999.00  99999.00  99999.00       0       0       0       0
84008  06  12  9999   1002.59   1017.95  99999.00  99999.00    166.88    297.20    -32.66     76.66     245       0     245     245
84008  06  12  1000  99999.00  99999.00     29.05    163.09    166.62    290.82    105.84    294.36       0     242     241     241
84008  06  12   925  99999.00  99999.00    707.92    836.32    120.18    253.26     75.20    254.60       0     201     202     202
84008  06  12   900  99999.00  99999.00  99999.00  99999.00  99999.00  99999.00  99999.00  99999.00       0       0       5       5
84008  06  12   850  99999.00  99999.00   1437.72   1555.92     73.62    262.62   -142.69    382.07       0     241     241     241
84008  06  12   800  99999.00  99999.00  99999.00  99999.00  99999.00  99999.00  99999.00  99999.00       0       0       6       6
84008  06  12   700  99999.00  99999.00   3083.67   3192.15     43.00    159.28   -220.28    261.40       0     239     239     239
84008  06  12   600  99999.00  99999.00  99999.00  99999.00  99999.00  99999.00  99999.00  99999.00       0       0       2       2
84008  06  12   500  99999.00  99999.00   5798.02   5922.82   -131.56     33.32   -859.28    388.72       0     239     239     229
84008  06  12   400  99999.00  99999.00   7504.96   7656.04   -234.15    -76.11  -1056.01    249.11       0     239     239     237
84008  06  12   300  99999.00  99999.00   9584.90   9785.18   -388.79   -238.79  -1088.31     99.93       0     236     238     238
84008  06  12   250  99999.00  99999.00  10827.16  11070.04   -489.23   -342.11  -1046.69    -71.09       0     236     237     194
84008  06  12   200  99999.00  99999.00  12276.70  12571.30   -609.36   -455.16  -1014.77   -352.37       0     235     235     189
84008  06  12   150  99999.00  99999.00  14044.94  14389.22   -751.95   -586.83  -1013.63   -584.51       0     236     236     189
84008  06  12   100  99999.00  99999.00  16387.16  16766.48   -948.51   -639.03  -1164.75   -634.11       0     233     234     131
84008  06  12    80  99999.00  99999.00  99999.00  99999.00  99999.00  99999.00  99999.00  99999.00       0       0      24      12
84008  06  12    70  99999.00  99999.00   7097.19  29896.47   -922.04   -543.80  -1090.37   -680.57       0     227     228     131
84008  06  12    60  99999.00  99999.00  99999.00  99999.00  99999.00  99999.00  99999.00  99999.00       0       0      42      29
84008  06  12    50  99999.00  99999.00  20466.52  20801.68   -822.03   -485.55  -1084.84   -759.76       0     222     223     172
84008  06  12    40  99999.00  99999.00  99999.00  99999.00  99999.00  99999.00  99999.00  99999.00       0       0      33      26
84008  06  12    30  99999.00  99999.00  23580.39  24043.35   -735.35   -390.47  -1002.99   -757.35       0     182     188     142
84008  06  12    20  99999.00  99999.00  99999.00  99999.00  99999.00  99999.00  99999.00  99999.00       0      48      59      37
84008  06  12    15  99999.00  99999.00  99999.00  99999.00  99999.00  99999.00  99999.00  99999.00       0       0       3       2
84008  06  12    10  99999.00  99999.00  99999.00  99999.00  99999.00  99999.00  99999.00  99999.00       0       3       4       4
84008  06  12     7  99999.00  99999.00  99999.00  99999.00  99999.00  99999.00  99999.00  99999.00       0       0       2       2
84008  06  12     5  99999.00  99999.00  99999.00  99999.00  99999.00  99999.00  99999.00  99999.00       0       0       1       1
84008  06  12     3  99999.00  99999.00  99999.00  99999.00  99999.00  99999.00  99999.00  99999.00       0       0       0       0
84008  06  12     2  99999.00  99999.00  99999.00  99999.00  99999.00  99999.00  99999.00  99999.00       0       0       0       0
84008  06  12     1  99999.00  99999.00  99999.00  99999.00  99999.00  99999.00  99999.00  99999.00       0       0       0       0
84008  07  12  9999   1003.40   1019.24  99999.00  99999.00    136.76    294.32    -43.66     86.78     263       0     262     262
84008  07  12  1000  99999.00  99999.00     33.73    175.33    135.59    285.59     81.60    282.12       0     264     263     263
84008  07  12   925  99999.00  99999.00    704.67    843.63     90.33    249.33     64.38    241.86       0     213     212     212
84008  07  12   900  99999.00  99999.00  99999.00  99999.00  99999.00  99999.00  99999.00  99999.00       0       0       5       5
84008  07  12   850  99999.00  99999.00   1433.86   1562.62     81.16    254.56   -142.46    367.78       0     262     262     262
84008  07  12   800  99999.00  99999.00  99999.00  99999.00  99999.00  99999.00  99999.00  99999.00       0       0       4       4
84008  07  12   700  99999.00  99999.00   3078.66   3194.22     33.23    158.15   -215.47    243.53       0     262     263     263
84008  07  12   600  99999.00  99999.00  99999.00  99999.00  99999.00  99999.00  99999.00  99999.00       0       0       6       6
84008  07  12   500  99999.00  99999.00   5792.17   5916.61   -134.45     27.91   -847.14    354.06       0     262     263     255
84008  07  12   400  99999.00  99999.00   7500.20   7640.48   -237.96    -84.96  -1013.11    211.25       0     262     263     261
84008  07  12   300  99999.00  99999.00   9585.55   9751.63   -390.25   -251.65  -1045.52     44.92       0     262     264     263
84008  07  12   250  99999.00  99999.00  10825.01  11032.49   -493.74   -347.46  -1043.71    -93.31       0     263     263     208
84008  07  12   200  99999.00  99999.00  12270.48  12530.28   -612.92   -463.76   -981.90   -376.38       0     262     262     205
84008  07  12   150  99999.00  99999.00  14038.94  14337.62   -746.77   -606.61   -960.03   -633.87       0     261     261     199
84008  07  12   100  99999.00  99999.00  16408.30  16691.38   -945.99   -603.99  -1049.22   -704.22       0     255     258     163
84008  07  12    80  99999.00  99999.00  99999.00  99999.00  99999.00  99999.00  99999.00  99999.00       0       0      33      25
84008  07  12    70  99999.00  99999.00  18494.06  18765.14   -884.27   -526.19  -1099.11   -660.15       0     247     250     172
84008  07  12    60  99999.00  99999.00  99999.00  99999.00  99999.00  99999.00  99999.00  99999.00       0       0      36      23
84008  07  12    50  99999.00  99999.00  20472.05  20840.09   -821.74   -467.86  -1154.96   -662.84       0     242     244     189
84008  07  12    40  99999.00  99999.00  99999.00  99999.00  99999.00  99999.00  99999.00  99999.00       0       0      41      30
84008  07  12    30  99999.00  99999.00  23533.19  24146.51   -752.41   -372.49  -1100.15   -641.75       0     201     207     152
84008  07  12    20  99999.00  99999.00  99999.00  99999.00   -663.24   -377.28  99999.00  99999.00       0      57      65      41
84008  07  12    15  99999.00  99999.00  99999.00  99999.00  99999.00  99999.00  99999.00  99999.00       0       0       9       8
84008  07  12    10  99999.00  99999.00  99999.00  99999.00  99999.00  99999.00  99999.00  99999.00       0       3       3       3
84008  07  12     7  99999.00  99999.00  99999.00  99999.00  99999.00  99999.00  99999.00  99999.00       0       0       0       0
84008  07  12     5  99999.00  99999.00  99999.00  99999.00  99999.00  99999.00  99999.00  99999.00       0       0       0       0
84008  07  12     3  99999.00  99999.00  99999.00  99999.00  99999.00  99999.00  99999.00  99999.00       0       0       0       0
84008  07  12     2  99999.00  99999.00  99999.00  99999.00  99999.00  99999.00  99999.00  99999.00       0       0       0       0
84008  07  12     1  99999.00  99999.00  99999.00  99999.00  99999.00  99999.00  99999.00  99999.00       0       0       0       0
84008  08  12  9999   1004.05   1019.53  99999.00  99999.00    134.95    276.79    -86.96    131.08     262       0     262     261
84008  08  12  1000  99999.00  99999.00     43.84    172.48    125.25    273.69     42.70    299.38       0     257     257     256
84008  08  12   925  99999.00  99999.00    715.62    834.06     76.52    245.24      4.83    283.83       0     207     207     206
84008  08  12   900  99999.00  99999.00  99999.00  99999.00  99999.00  99999.00  99999.00  99999.00       0       0       8       8
84008  08  12   850  99999.00  99999.00   1439.11   1557.79     94.48    247.72   -210.37    413.99       0     256     256     253
84008  08  12   800  99999.00  99999.00  99999.00  99999.00  99999.00  99999.00  99999.00  99999.00       0       0       2       2
84008  08  12   700  99999.00  99999.00   3083.89   3189.49     36.54    150.90   -189.67    213.41       0     254     254     252
84008  08  12   600  99999.00  99999.00  99999.00  99999.00  99999.00  99999.00  99999.00  99999.00       0       0       6       6
84008  08  12   500  99999.00  99999.00   5788.00   5917.36   -140.83     31.25   -944.08    409.16       0     254     255     251
84008  08  12   400  99999.00  99999.00   7500.92   7636.88   -229.57    -93.73  -1000.40    172.96       0     254     255     253
84008  08  12   300  99999.00  99999.00   9590.66   9745.46   -379.18   -263.02   -957.39    -26.43       0     252     253     251
84008  08  12   250  99999.00  99999.00  10834.56  11021.40   -481.10   -362.18   -964.71   -153.39       0     252     253     204
84008  08  12   200  99999.00  99999.00  12282.77  12513.65   -605.62   -473.86   -973.86   -365.34       0     252     253     203
84008  08  12   150  99999.00  99999.00  14054.42  14317.70   -743.49   -605.85   -975.22   -616.66       0     251     252     202
84008  08  12   100  99999.00  99999.00  16427.36  16674.92   -901.05   -641.73  -1076.78   -665.42       0     245     249     145
84008  08  12    80  99999.00  99999.00  99999.00  99999.00  99999.00  99999.00  99999.00  99999.00       0       0      31      19
84008  08  12    70  99999.00  99999.00  18510.20  18759.08   -868.65   -539.25  -1046.45   -705.41       0     237     239     167
84008  08  12    60  99999.00  99999.00  99999.00  99999.00  99999.00  99999.00  99999.00  99999.00       0       0      30      21
84008  08  12    50  99999.00  99999.00  20477.11  20847.19   -832.56   -458.28  -1147.02   -669.78       0     228     234     186
84008  08  12    40  99999.00  99999.00  99999.00  99999.00  99999.00  99999.00  99999.00  99999.00       0       0      44      36
84008  08  12    30  99999.00  99999.00  23487.88  24196.96   -762.80   -380.96  -1048.31   -713.75       0     194     199     151
84008  08  12    20  99999.00  99999.00  26102.76  26861.04   -670.85   -369.65  99999.00  99999.00       0      63      72      56
84008  08  12    15  99999.00  99999.00  99999.00  99999.00  99999.00  99999.00  99999.00  99999.00       0       0      14      14
84008  08  12    10  99999.00  99999.00  99999.00  99999.00  99999.00  99999.00  99999.00  99999.00       0       0       0       0
84008  08  12     7  99999.00  99999.00  99999.00  99999.00  99999.00  99999.00  99999.00  99999.00       0       0       0       0
84008  08  12     5  99999.00  99999.00  99999.00  99999.00  99999.00  99999.00  99999.00  99999.00       0       0       0       0
84008  08  12     3  99999.00  99999.00  99999.00  99999.00  99999.00  99999.00  99999.00  99999.00       0       0       0       0
84008  08  12     2  99999.00  99999.00  99999.00  99999.00  99999.00  99999.00  99999.00  99999.00       0       0       0       0
84008  08  12     1  99999.00  99999.00  99999.00  99999.00  99999.00  99999.00  99999.00  99999.00       0       0       0       0
84008  09  12  9999   1004.54   1019.42  99999.00  99999.00    134.35    269.35    -49.99     94.73     272       0     272     272
84008  09  12  1000  99999.00  99999.00     48.05    171.17    127.55    263.27     61.04    272.36       0     270     270     270
84008  09  12   925  99999.00  99999.00    713.84    839.84     69.23    243.35     39.69    245.37       0     212     213     213
84008  09  12   900  99999.00  99999.00  99999.00  99999.00  99999.00  99999.00  99999.00  99999.00       0       0      16      16
84008  09  12   850  99999.00  99999.00  -2742.61   5654.99  -3581.74   3846.02   -243.00    446.04       0     270     270     270
84008  09  12   800  99999.00  99999.00  99999.00  99999.00  99999.00  99999.00  99999.00  99999.00       0       0       3       3
84008  09  12   700  99999.00  99999.00  -1709.19   7883.85  -3629.43   3742.41   -240.21    270.63       0     270     270     268
84008  09  12   600  99999.00  99999.00  99999.00  99999.00  99999.00  99999.00  99999.00  99999.00       0       0       8       8
84008  09  12   500  99999.00  99999.00      6.19  11584.27  -3722.31   3542.61   -886.83    375.09       0     270     270     263
84008  09  12   400  99999.00  99999.00   1089.43  13921.03  -3789.80   3396.76  -1011.48    209.28       0     270     270     268
84008  09  12   300  99999.00  99999.00   2414.37  16778.97  -3891.86   3176.50   -935.43    -42.15       0     270     270     269
84008  09  12   250  99999.00  99999.00   3209.44  18494.56  -3947.58   3035.70   -976.06   -172.90       0     270     271     213
84008  09  12   200  99999.00  99999.00  12288.71  12514.55   -602.28   -470.64   -978.98   -391.34       0     270     270     208
84008  09  12   150  99999.00  99999.00  14065.02  14319.66   -752.68   -594.04   -974.91   -630.27       0     269     269     203
84008  09  12   100  99999.00  99999.00   6740.59  26169.67   -933.44   -625.88  -1086.63   -678.27       0     269     270     143
84008  09  12    80  99999.00  99999.00  99999.00  99999.00  99999.00  99999.00  99999.00  99999.00       0       0      25      15
84008  09  12    70  99999.00  99999.00  18503.52  18756.24   -877.54   -542.02  -1034.38   -709.18       0     256     257     157
84008  09  12    60  99999.00  99999.00  99999.00  99999.00  99999.00  99999.00  99999.00  99999.00       0       0      28      16
84008  09  12    50  99999.00  99999.00  20473.50  20832.42   -830.68   -469.72  -1176.23   -637.43       0     250     251     188
84008  09  12    40  99999.00  99999.00  99999.00  99999.00  99999.00  99999.00  99999.00  99999.00       0       0      36      28
84008  09  12    30  99999.00  99999.00  23477.18  24185.30   -755.49   -391.05  -1055.02   -704.02       0     210     216     159
84008  09  12    20  99999.00  99999.00  99999.00  99999.00  99999.00  99999.00  99999.00  99999.00       0      46      57      46
84008  09  12    15  99999.00  99999.00  99999.00  99999.00  99999.00  99999.00  99999.00  99999.00       0       0       7       7
84008  09  12    10  99999.00  99999.00  99999.00  99999.00  99999.00  99999.00  99999.00  99999.00       0       2       2       2
84008  09  12     7  99999.00  99999.00  99999.00  99999.00  99999.00  99999.00  99999.00  99999.00       0       0       0       0
84008  09  12     5  99999.00  99999.00  99999.00  99999.00  99999.00  99999.00  99999.00  99999.00       0       0       0       0
84008  09  12     3  99999.00  99999.00  99999.00  99999.00  99999.00  99999.00  99999.00  99999.00       0       0       0       0
84008  09  12     2  99999.00  99999.00  99999.00  99999.00  99999.00  99999.00  99999.00  99999.00       0       0       0       0
84008  09  12     1  99999.00  99999.00  99999.00  99999.00  99999.00  99999.00  99999.00  99999.00       0       0       0       0
84008  10  12  9999   1001.81   1022.09  99999.00  99999.00    127.58    277.94    -59.06    107.14     266       0     266     266
84008  10  12  1000  99999.00  99999.00     25.72    194.92    121.67    272.75     53.33    275.33       0     266     267     267
84008  10  12   925  99999.00  99999.00    695.44    860.08     63.15    242.19     17.20    256.00       0     205     206     206
84008  10  12   900  99999.00  99999.00  99999.00  99999.00  99999.00  99999.00  99999.00  99999.00       0       0       8       8
84008  10  12   850  99999.00  99999.00  -2775.35   5685.13  -3603.42   3866.22   -351.74    517.30       0     266     267     267
84008  10  12   800  99999.00  99999.00  99999.00  99999.00  99999.00  99999.00  99999.00  99999.00       0       0       9       9
84008  10  12   700  99999.00  99999.00  -1746.34   7918.58  -3650.34   3763.02   -351.56    347.56       0     266     267     267
84008  10  12   600  99999.00  99999.00  99999.00  99999.00  99999.00  99999.00  99999.00  99999.00       0       0       7       7
84008  10  12   500  99999.00  99999.00   5775.35   5928.47   -123.79     19.49   -983.05    393.35       0     267     267     264
84008  10  12   400  99999.00  99999.00   7490.83   7646.47   -231.19    -90.67  -1027.11    226.17       0     267     267     267
84008  10  12   300  99999.00  99999.00   9563.85   9770.01   -401.79   -239.55  -1028.22     21.06       0     267     267     267
84008  10  12   250  99999.00  99999.00  10801.43  11054.51   -492.30   -346.26  -1066.80   -114.72       0     266     266     211
84008  10  12   200  99999.00  99999.00  12249.72  12550.44   -603.47   -470.03   -988.11   -401.79       0     266     266     207
84008  10  12   150  99999.00  99999.00  14031.70  14349.58   -738.28   -606.52   -985.96   -626.92       0     264     264     205
84008  10  12   100  99999.00  99999.00  16410.33  16686.81   -937.17   -654.33  -1134.09   -678.09       0     258     257     121
84008  10  12    80  99999.00  99999.00  99999.00  99999.00  99999.00  99999.00  99999.00  99999.00       0       0      26      14
84008  10  12    70  99999.00  99999.00  18438.86  18761.30   -900.50   -556.70  -1031.97   -704.85       0     257     257     129
84008  10  12    60  99999.00  99999.00  99999.00  99999.00  99999.00  99999.00  99999.00  99999.00       0       0      26      16
84008  10  12    50  99999.00  99999.00  20391.25  20825.05   -836.06   -486.02  -1162.32   -655.32       0     254     254     187
84008  10  12    40  99999.00  99999.00  99999.00  99999.00  99999.00  99999.00  99999.00  99999.00       0       0      33      26
84008  10  12    30  99999.00  99999.00  23404.88  24132.80   -791.49   -371.13  -1104.13   -666.01       0     225     231     174
84008  10  12    20  99999.00  99999.00  99999.00  99999.00   -725.71   -323.71  99999.00  99999.00       0      54      70      55
84008  10  12    15  99999.00  99999.00  99999.00  99999.00  99999.00  99999.00  99999.00  99999.00       0       0       9       8
84008  10  12    10  99999.00  99999.00  99999.00  99999.00  99999.00  99999.00  99999.00  99999.00       0       5       6       6
84008  10  12     7  99999.00  99999.00  99999.00  99999.00  99999.00  99999.00  99999.00  99999.00       0       0       2       2
84008  10  12     5  99999.00  99999.00  99999.00  99999.00  99999.00  99999.00  99999.00  99999.00       0       0       0       0
84008  10  12     3  99999.00  99999.00  99999.00  99999.00  99999.00  99999.00  99999.00  99999.00       0       0       0       0
84008  10  12     2  99999.00  99999.00  99999.00  99999.00  99999.00  99999.00  99999.00  99999.00       0       0       0       0
84008  10  12     1  99999.00  99999.00  99999.00  99999.00  99999.00  99999.00  99999.00  99999.00       0       0       0       0
84008  11  12  9999   1002.07   1020.43  99999.00  99999.00    149.59    266.35    -54.68    100.96     243       0     243     243
84008  11  12  1000  99999.00  99999.00  -3902.64   4024.32    146.87    259.07     75.01    270.37       0     234     234     234
84008  11  12   925  99999.00  99999.00  -3973.33   5405.63  -4304.24   4518.16     46.65    240.57       0     190     191     191
84008  11  12   900  99999.00  99999.00  99999.00  99999.00  99999.00  99999.00  99999.00  99999.00       0       0       7       7
84008  11  12   850  99999.00  99999.00  -3063.33   5953.95  -3847.21   4095.71   -290.68    483.08       0     234     236     234
84008  11  12   800  99999.00  99999.00  99999.00  99999.00  99999.00  99999.00  99999.00  99999.00       0       0       4       4
84008  11  12   700  99999.00  99999.00   3066.30   3196.98     39.73    153.37   -464.89    436.43       0     233     236     232
84008  11  12   600  99999.00  99999.00  99999.00  99999.00  99999.00  99999.00  99999.00  99999.00       0       0      11      11
84008  11  12   500  99999.00  99999.00   -448.33  12011.51  -3987.93   3800.31   -903.98    353.02       0     233     235     229
84008  11  12   400  99999.00  99999.00   7506.22   7629.22   -232.62    -82.38  -1052.59    224.09       0     232     234     232
84008  11  12   300  99999.00  99999.00   9588.25   9752.17   -387.63   -243.27  -1047.25    -40.69       0     233     235     233
84008  11  12   250  99999.00  99999.00   2578.58  19106.54  -4232.59   3318.65   -980.71   -274.63       0     231     232     187
84008  11  12   200  99999.00  99999.00  12290.05  12525.37   -598.34   -470.06   -943.46   -489.86       0     231     231     184
84008  11  12   150  99999.00  99999.00  14065.09  14333.17   -741.35   -604.55   -974.08   -647.08       0     229     229     183
84008  11  12   100  99999.00  99999.00 -13823.19  45049.77   -933.20   -702.56  -1109.30   -731.66       0     227     229     113
84008  11  12    80  99999.00  99999.00  99999.00  99999.00  99999.00  99999.00  99999.00  99999.00       0       0      27      11
84008  11  12    70  99999.00  99999.00   7118.15  29775.83   -904.71   -602.19  -1018.65   -731.73       0     229     229     114
84008  11  12    60  99999.00  99999.00  99999.00  99999.00  99999.00  99999.00  99999.00  99999.00       0       0      24      11
84008  11  12    50  99999.00  99999.00   8001.36  32841.96   -873.47   -465.71  -1097.02   -711.58       0     218     220     161
84008  11  12    40  99999.00  99999.00  99999.00  99999.00  99999.00  99999.00  99999.00  99999.00       0       0      36      29
84008  11  12    30  99999.00  99999.00   2195.52  44497.80   -788.76   -372.12  -1052.40   -722.88       0     182     189     148
84008  11  12    20  99999.00  99999.00  99999.00  99999.00  99999.00  99999.00  99999.00  99999.00       0      48      55      47
84008  11  12    15  99999.00  99999.00  99999.00  99999.00  99999.00  99999.00  99999.00  99999.00       0       0       9       8
84008  11  12    10  99999.00  99999.00  99999.00  99999.00  99999.00  99999.00  99999.00  99999.00       0       3       3       3
84008  11  12     7  99999.00  99999.00  99999.00  99999.00  99999.00  99999.00  99999.00  99999.00       0       0       2       2
84008  11  12     5  99999.00  99999.00  99999.00  99999.00  99999.00  99999.00  99999.00  99999.00       0       0       0       0
84008  11  12     3  99999.00  99999.00  99999.00  99999.00  99999.00  99999.00  99999.00  99999.00       0       0       0       0
84008  11  12     2  99999.00  99999.00  99999.00  99999.00  99999.00  99999.00  99999.00  99999.00       0       0       0       0
84008  11  12     1  99999.00  99999.00  99999.00  99999.00  99999.00  99999.00  99999.00  99999.00       0       0       0       0
84008  12  12  9999    999.96   1021.32  99999.00  99999.00    148.38    293.34    -44.31     87.81     218       0     218     218
84008  12  12  1000  99999.00  99999.00      4.96    192.40    153.17    279.89     83.92    294.76       0     211     211     211
84008  12  12   925  99999.00  99999.00    682.33    861.13     88.77    264.21     47.84    257.96       0     157     158     158
84008  12  12   900  99999.00  99999.00  99999.00  99999.00  99999.00  99999.00  99999.00  99999.00       0       0       6       6
84008  12  12   850  99999.00  99999.00   1416.68   1571.72     71.47    243.55   -201.75    429.21       0     211     213     212
84008  12  12   800  99999.00  99999.00  99999.00  99999.00  99999.00  99999.00  99999.00  99999.00       0       0       6       6
84008  12  12   700  99999.00  99999.00   3061.64   3198.08     26.54    163.46   -389.87    395.17       0     211     212     211
84008  12  12   600  99999.00  99999.00  99999.00  99999.00  99999.00  99999.00  99999.00  99999.00       0       0       5       5
84008  12  12   500  99999.00  99999.00   5781.36   5913.00   -150.18     50.70   -953.99    386.53       0     209     210     198
84008  12  12   400  99999.00  99999.00   7501.98   7633.14   -234.28    -76.00   -988.09     89.03       0     209     210     208
84008  12  12   300  99999.00  99999.00   9583.04   9757.16   -390.24   -243.24   -985.44   -168.48       0     209     210     208
84008  12  12   250  99999.00  99999.00  10824.01  11040.01   -490.26   -344.58   -959.79   -333.15       0     209     211     178
84008  12  12   200  99999.00  99999.00  12277.75  12533.83   -598.62   -467.70   -937.77   -511.41       0     209     212     171
84008  12  12   150  99999.00  99999.00  14057.75  14343.11   -734.46   -604.26  -1018.03   -624.79       0     208     207     170
84008  12  12   100  99999.00  99999.00    636.03  31956.99   -927.14   -710.66  -1194.11   -684.11       0     206     213     129
84008  12  12    80  99999.00  99999.00  99999.00  99999.00  99999.00  99999.00  99999.00  99999.00       0       0      39      21
84008  12  12    70  99999.00  99999.00  18404.92  18710.32   -928.26   -594.06  -1106.40   -674.40       0     210     210     130
84008  12  12    60  99999.00  99999.00  99999.00  99999.00  99999.00  99999.00  99999.00  99999.00       0       0      19      16
84008  12  12    50  99999.00  99999.00  20332.51  20745.91   -907.51   -441.91  -1166.53   -638.05       0     204     204     163
84008  12  12    40  99999.00  99999.00  99999.00  99999.00  99999.00  99999.00  99999.00  99999.00       0       0      31      26
84008  12  12    30  99999.00  99999.00  23248.93  24127.57   -785.48   -379.40  -1059.90   -722.34       0     171     179     146
84008  12  12    20  99999.00  99999.00  25741.90  26873.98   -741.59   -289.91  -1022.00   -668.00       0      63      69      65
84008  12  12    15  99999.00  99999.00  99999.00  99999.00  99999.00  99999.00  99999.00  99999.00       0       0       7       7
84008  12  12    10  99999.00  99999.00  99999.00  99999.00  99999.00  99999.00  99999.00  99999.00       0       3       3       3
84008  12  12     7  99999.00  99999.00  99999.00  99999.00  99999.00  99999.00  99999.00  99999.00       0       0       2       2
84008  12  12     5  99999.00  99999.00  99999.00  99999.00  99999.00  99999.00  99999.00  99999.00       0       0       0       0
84008  12  12     3  99999.00  99999.00  99999.00  99999.00  99999.00  99999.00  99999.00  99999.00       0       0       0       0
84008  12  12     2  99999.00  99999.00  99999.00  99999.00  99999.00  99999.00  99999.00  99999.00       0       0       0       0
84008  12  12     1  99999.00  99999.00  99999.00  99999.00  99999.00  99999.00  99999.00  99999.00       0       0       0       0
