54135  01  12  9999   9652.84  10424.08  99999.00  99999.00   -393.38    152.38   -511.65     94.47     965       0     965     965
54135  01  12  1000  99999.00  99999.00     32.15    422.87   -365.58    119.94   -481.50     59.58       0     775     775     775
54135  01  12   925  99999.00  99999.00    539.05   1071.97   -433.73    188.71   -560.16    117.60       0     651     648     648
54135  01  12   900  99999.00  99999.00  99999.00  99999.00  99999.00  99999.00  99999.00  99999.00       0       0       0       0
54135  01  12   850  99999.00  99999.00   1186.50   1706.70   -510.32    201.16   -602.81    110.23       0    1022    1021    1021
54135  01  12   800  99999.00  99999.00  99999.00  99999.00  99999.00  99999.00  99999.00  99999.00       0       0       0       0
54135  01  12   700  99999.00  99999.00   2535.53   3259.97   -542.60    124.36   -683.68     71.36       0    1022    1022    1022
54135  01  12   600  99999.00  99999.00   3547.03   4501.15   -587.18     53.62   -740.46     11.10       0    1022    1022    1022
54135  01  12   500  99999.00  99999.00   4705.75   5933.59   -631.83    -59.79   -784.40    -93.80       0    1023    1023    1023
54135  01  12   400  99999.00  99999.00   6089.57   7603.97   -669.80   -215.96   -828.64   -232.72       0    1019    1019    1018
54135  01  12   300  99999.00  99999.00   7890.02   9573.02   -715.85   -361.97   -876.42   -366.54       0    1015    1014    1000
54135  01  12   250  99999.00  99999.00   9089.66  10700.18   -826.77   -287.01   -911.59   -339.55       0    1011    1011     743
54135  01  12   200  99999.00  99999.00  10599.46  12042.70   -817.34   -256.34   -880.72   -336.88       0    1006    1004     674
54135  01  12   150  99999.00  99999.00  12490.70  13862.78   -727.60   -322.84   -884.88   -341.16       0     997     997     666
54135  01  12   100  99999.00  99999.00  15087.85  16498.45   -735.38   -327.26   -920.52   -337.20       0     993     994     658
54135  01  12    80  99999.00  99999.00  99999.00  99999.00  99999.00  99999.00  99999.00  99999.00       0       0       0       0
54135  01  12    70  99999.00  99999.00  17332.52  18847.40   -753.62   -308.66  99999.00  99999.00       0     971     976      43
54135  01  12    60  99999.00  99999.00  99999.00  99999.00  99999.00  99999.00  99999.00  99999.00       0       0       0       0
54135  01  12    50  99999.00  99999.00  19422.79  21100.63   -756.92   -291.68  99999.00  99999.00       0     929     934      37
54135  01  12    40  99999.00  99999.00  20800.17  22610.61   -748.46   -286.34  99999.00  99999.00       0     894     897      33
54135  01  12    30  99999.00  99999.00  22599.65  24547.01   -747.99   -269.19  99999.00  99999.00       0     836     842      32
54135  01  12    20  99999.00  99999.00  25097.14  27338.86   -773.87   -213.95  99999.00  99999.00       0     711     719      29
54135  01  12    15  99999.00  99999.00  26867.63  29314.67   -795.45   -175.77  99999.00  99999.00       0     496     501      14
54135  01  12    10  99999.00  99999.00  29325.07  32202.79   -802.75   -148.15  99999.00  99999.00       0     167     168       1
54135  01  12     7  99999.00  99999.00  99999.00  99999.00  99999.00  99999.00  99999.00  99999.00       0      32      32       0
54135  01  12     5  99999.00  99999.00  99999.00  99999.00  99999.00  99999.00  99999.00  99999.00       0       1       1       0
54135  01  12     3  99999.00  99999.00  99999.00  99999.00  99999.00  99999.00  99999.00  99999.00       0       0       0       0
54135  01  12     2  99999.00  99999.00  99999.00  99999.00  99999.00  99999.00  99999.00  99999.00       0       0       0       0
54135  01  12     1  99999.00  99999.00  99999.00  99999.00  99999.00  99999.00  99999.00  99999.00       0       0       0       0
54135  02  12  9999   9587.12  10434.92  99999.00  99999.00   -373.72    243.80   -555.31    183.17     871       0     871     871
54135  02  12  1000  99999.00  99999.00     40.00    398.44   -351.88    193.52   -542.68    142.88       0     584     584     584
54135  02  12   925  99999.00  99999.00    493.74   1089.78   -446.19    291.81   -602.21    181.75       0     593     592     592
54135  02  12   900  99999.00  99999.00  99999.00  99999.00  99999.00  99999.00  99999.00  99999.00       0       0       0       0
54135  02  12   850  99999.00  99999.00   1171.66   1720.90   -512.15    265.09   -625.45    149.75       0     930     930     930
54135  02  12   800  99999.00  99999.00  99999.00  99999.00  99999.00  99999.00  99999.00  99999.00       0       0       0       0
54135  02  12   700  99999.00  99999.00   2547.39   3273.27   -556.37    173.23   -732.19    123.41       0     931     930     929
54135  02  12   600  99999.00  99999.00   3555.22   4531.78   -602.96     94.84   -780.27     56.73       0     931     930     930
54135  02  12   500  99999.00  99999.00   4701.08   5989.88   -663.43     -4.51   -840.53    -27.77       0     930     929     929
54135  02  12   400  99999.00  99999.00   6070.33   7691.89   -700.89   -162.57   -874.07   -177.35       0     926     924     924
54135  02  12   300  99999.00  99999.00   7838.06   9706.22   -729.31   -339.43   -900.71   -341.03       0     920     923     907
54135  02  12   250  99999.00  99999.00   9021.32  10852.04   -827.00   -291.20   -924.39   -338.19       0     917     917     680
54135  02  12   200  99999.00  99999.00  10529.30  12189.74   -848.59   -238.99   -909.98   -320.30       0     913     914     586
54135  02  12   150  99999.00  99999.00  12428.16  13993.44   -758.70   -300.78   -907.34   -329.18       0     908     909     579
54135  02  12   100  99999.00  99999.00  15012.99  16624.83   -781.32   -296.16   -933.51   -329.79       0     890     892     546
54135  02  12    80  99999.00  99999.00  99999.00  99999.00  99999.00  99999.00  99999.00  99999.00       0       0       0       0
54135  02  12    70  99999.00  99999.00  17231.88  18980.40   -801.20   -280.28  99999.00  99999.00       0     867     874      35
54135  02  12    60  99999.00  99999.00  99999.00  99999.00  99999.00  99999.00  99999.00  99999.00       0       0       0       0
54135  02  12    50  99999.00  99999.00  19290.52  21242.44   -792.21   -278.73  99999.00  99999.00       0     842     849      34
54135  02  12    40  99999.00  99999.00  20653.21  22750.69   -770.61   -286.17  99999.00  99999.00       0     801     813      32
54135  02  12    30  99999.00  99999.00  22435.76  24680.72   -761.41   -277.33  99999.00  99999.00       0     745     761      31
54135  02  12    20  99999.00  99999.00  24924.21  27441.09   -757.60   -253.72  99999.00  99999.00       0     596     616      25
54135  02  12    15  99999.00  99999.00  26675.46  29422.26   -789.64   -200.68  99999.00  99999.00       0     430     438      20
54135  02  12    10  99999.00  99999.00  29036.27  32350.43   -800.62   -155.50  99999.00  99999.00       0     153     155       2
54135  02  12     7  99999.00  99999.00  99999.00  99999.00  99999.00  99999.00  99999.00  99999.00       0      34      34       0
54135  02  12     5  99999.00  99999.00  99999.00  99999.00  99999.00  99999.00  99999.00  99999.00       0       2       2       0
54135  02  12     3  99999.00  99999.00  99999.00  99999.00  99999.00  99999.00  99999.00  99999.00       0       0       0       0
54135  02  12     2  99999.00  99999.00  99999.00  99999.00  99999.00  99999.00  99999.00  99999.00       0       0       0       0
54135  02  12     1  99999.00  99999.00  99999.00  99999.00  99999.00  99999.00  99999.00  99999.00       0       0       0       0
54135  03  12  9999   9532.46  10390.46  99999.00  99999.00   -295.80    320.52   -546.89    267.43     960       0     960     959
54135  03  12  1000  99999.00  99999.00     53.69    362.45   -274.40    243.40   -528.60    189.48       0     353     353     353
54135  03  12   925  99999.00  99999.00    456.90   1085.22   -378.19    351.41   -618.48    264.00       0     651     651     651
54135  03  12   900  99999.00  99999.00  99999.00  99999.00  99999.00  99999.00  99999.00  99999.00       0       0       0       0
54135  03  12   850  99999.00  99999.00   1162.86   1720.50   -436.65    311.07   -617.76    214.92       0    1022    1023    1022
54135  03  12   800  99999.00  99999.00  99999.00  99999.00  99999.00  99999.00  99999.00  99999.00       0       0       0       0
54135  03  12   700  99999.00  99999.00   2603.23   3262.39   -505.71    193.29   -739.89    188.67       0    1023    1023    1022
54135  03  12   600  99999.00  99999.00   3642.54   4518.66   -553.63    105.53   -806.78    124.06       0    1022    1021    1020
54135  03  12   500  99999.00  99999.00   4818.04   5978.32   -622.52      8.56   -850.07     15.73       0    1022    1019    1018
54135  03  12   400  99999.00  99999.00   6202.14   7696.74   -693.62   -125.90   -893.36   -127.64       0    1010    1010    1009
54135  03  12   300  99999.00  99999.00   7958.80   9752.68   -727.66   -312.70   -910.66   -316.06       0    1003    1003     991
54135  03  12   250  99999.00  99999.00   9123.21  10927.17   -801.67   -310.51   -931.89   -350.25       0    1000    1000     805
54135  03  12   200  99999.00  99999.00  10624.35  12269.67   -846.66   -250.86   -922.53   -335.97       0     994     994     625
54135  03  12   150  99999.00  99999.00  12528.54  14056.74   -747.13   -326.41   -937.18   -332.02       0     987     990     611
54135  03  12   100  99999.00  99999.00  15121.16  16663.28   -742.99   -350.71   -966.33   -338.01       0     966     970     573
54135  03  12    80  99999.00  99999.00  99999.00  99999.00  99999.00  99999.00  99999.00  99999.00       0       0       0       0
54135  03  12    70  99999.00  99999.00  17375.92  18967.36   -765.14   -332.30  99999.00  99999.00       0     939     944      38
54135  03  12    60  99999.00  99999.00  99999.00  99999.00  99999.00  99999.00  99999.00  99999.00       0       0       0       0
54135  03  12    50  99999.00  99999.00  19496.15  21152.03   -764.51   -319.19  99999.00  99999.00       0     909     921      35
54135  03  12    40  99999.00  99999.00  20905.75  22605.07   -755.52   -312.60  99999.00  99999.00       0     877     889      33
54135  03  12    30  99999.00  99999.00  22713.15  24511.11   -740.42   -296.06  99999.00  99999.00       0     831     842      32
54135  03  12    20  99999.00  99999.00  25247.27  27245.03   -739.31   -258.59  99999.00  99999.00       0     715     730      26
54135  03  12    15  99999.00  99999.00  27037.26  29208.42   -725.60   -243.08  99999.00  99999.00       0     534     548      20
54135  03  12    10  99999.00  99999.00  29566.29  32037.45   -713.23   -222.43  99999.00  99999.00       0     226     228       5
54135  03  12     7  99999.00  99999.00  31770.48  34562.16   -686.58   -230.34  99999.00  99999.00       0      76      76       1
54135  03  12     5  99999.00  99999.00  99999.00  99999.00  99999.00  99999.00  99999.00  99999.00       0      16      16       0
54135  03  12     3  99999.00  99999.00  99999.00  99999.00  99999.00  99999.00  99999.00  99999.00       0       0       0       0
54135  03  12     2  99999.00  99999.00  99999.00  99999.00  99999.00  99999.00  99999.00  99999.00       0       0       0       0
54135  03  12     1  99999.00  99999.00  99999.00  99999.00  99999.00  99999.00  99999.00  99999.00       0       0       0       0
54135  04  12  9999   9493.38  10291.74  99999.00  99999.00   -191.83    413.93   -497.96    387.16     971       0     971     971
54135  04  12  1000  99999.00  99999.00  99999.00  99999.00  99999.00  99999.00  99999.00  99999.00       0      60      60      60
54135  04  12   925  99999.00  99999.00    420.44   1054.88   -273.85    442.43   -607.48    408.68       0     629     629     629
54135  04  12   900  99999.00  99999.00  99999.00  99999.00  99999.00  99999.00  99999.00  99999.00       0       0       0       0
54135  04  12   850  99999.00  99999.00   1136.28   1723.68   -353.79    417.81   -604.30    345.86       0     988     986     985
54135  04  12   800  99999.00  99999.00  99999.00  99999.00  99999.00  99999.00  99999.00  99999.00       0       0       0       0
54135  04  12   700  99999.00  99999.00   2623.46   3319.70   -443.39    287.77   -703.64    292.60       0     988     988     987
54135  04  12   600  99999.00  99999.00   3697.78   4607.14   -492.58    179.66   -829.92    270.36       0     988     984     983
54135  04  12   500  99999.00  99999.00   4906.61   6101.57   -575.35     80.57   -880.16    146.20       0     988     987     986
54135  04  12   400  99999.00  99999.00   6315.64   7867.72   -678.15    -40.59   -923.00     -9.20       0     980     979     978
54135  04  12   300  99999.00  99999.00   8068.34  10001.18   -747.19   -228.55   -956.77   -206.17       0     972     974     973
54135  04  12   250  99999.00  99999.00   9204.75  11228.55   -798.34   -285.46   -960.99   -292.23       0     968     970     873
54135  04  12   200  99999.00  99999.00  10687.74  12590.70   -877.49   -235.49   -938.40   -317.16       0     961     965     583
54135  04  12   150  99999.00  99999.00  12645.10  14306.14   -782.52   -309.96   -944.23   -326.47       0     949     952     541
54135  04  12   100  99999.00  99999.00  15292.71  16832.07   -755.00   -361.88   -965.53   -345.25       0     932     937     505
54135  04  12    80  99999.00  99999.00  99999.00  99999.00  99999.00  99999.00  99999.00  99999.00       0       0       0       0
54135  04  12    70  99999.00  99999.00  17593.20  19055.76   -765.19   -362.95  99999.00  99999.00       0     892     899      15
54135  04  12    60  99999.00  99999.00  99999.00  99999.00  99999.00  99999.00  99999.00  99999.00       0       0       0       0
54135  04  12    50  99999.00  99999.00  19742.63  21181.43   -753.22   -355.42  99999.00  99999.00       0     861     869      13
54135  04  12    40  99999.00  99999.00  21165.74  22609.22   -743.01   -339.93  99999.00  99999.00       0     841     851      13
54135  04  12    30  99999.00  99999.00  22989.76  24481.60   -722.93   -323.69  99999.00  99999.00       0     781     794      10
54135  04  12    20  99999.00  99999.00  25558.91  27183.47   -700.58   -291.14  99999.00  99999.00       0     658     672       9
54135  04  12    15  99999.00  99999.00  27410.70  29089.50   -693.50   -263.78  99999.00  99999.00       0     492     500       7
54135  04  12    10  99999.00  99999.00  29964.63  31900.83   -717.46   -198.82  99999.00  99999.00       0     223     223       3
54135  04  12     7  99999.00  99999.00  32093.63  34472.15   -686.20   -222.04  99999.00  99999.00       0      74      74       0
54135  04  12     5  99999.00  99999.00  99999.00  99999.00  99999.00  99999.00  99999.00  99999.00       0      16      16       0
54135  04  12     3  99999.00  99999.00  99999.00  99999.00  99999.00  99999.00  99999.00  99999.00       0       0       0       0
54135  04  12     2  99999.00  99999.00  99999.00  99999.00  99999.00  99999.00  99999.00  99999.00       0       0       0       0
54135  04  12     1  99999.00  99999.00  99999.00  99999.00  99999.00  99999.00  99999.00  99999.00       0       0       0       0
54135  05  12  9999   9540.05  10177.25  99999.00  99999.00    -82.88    455.56   -401.05    439.91    1023       0    1022    1021
54135  05  12  1000  99999.00  99999.00  99999.00  99999.00  99999.00  99999.00  99999.00  99999.00       0       2       2       2
54135  05  12   925  99999.00  99999.00    453.17    991.49   -138.36    454.32   -499.22    455.38       0     650     650     650
54135  05  12   900  99999.00  99999.00  99999.00  99999.00  99999.00  99999.00  99999.00  99999.00       0       0       0       0
54135  05  12   850  99999.00  99999.00   1161.68   1705.28   -201.41    408.19   -516.94    405.50       0    1021    1021    1020
54135  05  12   800  99999.00  99999.00  99999.00  99999.00  99999.00  99999.00  99999.00  99999.00       0       0       0       0
54135  05  12   700  99999.00  99999.00   2676.19   3353.35   -299.98    275.18   -632.38    356.42       0    1020    1020    1019
54135  05  12   600  99999.00  99999.00   3797.48   4652.60   -367.94    179.02   -742.38    315.18       0    1020    1019    1018
54135  05  12   500  99999.00  99999.00   5067.63   6150.51   -460.62     85.38   -833.29    225.83       0    1020    1017    1016
54135  05  12   400  99999.00  99999.00   6549.16   7922.80   -586.48    -17.56   -898.81     82.43       0    1010    1010    1009
54135  05  12   300  99999.00  99999.00   8350.50  10095.30   -708.36   -178.20   -941.04   -130.68       0    1009    1009    1008
54135  05  12   250  99999.00  99999.00   9485.25  11363.49   -757.63   -264.67   -953.67   -245.55       0    1006    1006    1001
54135  05  12   200  99999.00  99999.00  10959.49  12762.97   -857.41   -230.17   -947.32   -290.20       0    1002    1000     751
54135  05  12   150  99999.00  99999.00  12925.74  14485.02   -773.08   -303.40   -948.76   -305.56       0     990     997     656
54135  05  12   100  99999.00  99999.00  15606.57  16988.85   -746.55   -372.15   -975.95   -336.83       0     969     973     602
54135  05  12    80  99999.00  99999.00  99999.00  99999.00  99999.00  99999.00  99999.00  99999.00       0       0       0       0
54135  05  12    70  99999.00  99999.00  17933.00  19185.08   -756.36   -382.80  99999.00  99999.00       0     925     929      29
54135  05  12    60  99999.00  99999.00  99999.00  99999.00  99999.00  99999.00  99999.00  99999.00       0       0       0       0
54135  05  12    50  99999.00  99999.00  20098.38  21286.86   -719.77   -398.65  99999.00  99999.00       0     887     893      26
54135  05  12    40  99999.00  99999.00  21530.59  22700.83   -697.19   -391.43  99999.00  99999.00       0     849     856      26
54135  05  12    30  99999.00  99999.00  23374.38  24555.30   -671.24   -378.80  99999.00  99999.00       0     805     810      24
54135  05  12    20  99999.00  99999.00  25958.55  27231.15   -651.01   -346.09  99999.00  99999.00       0     697     701      19
54135  05  12    15  99999.00  99999.00  27793.42  29170.54   -637.72   -319.72  99999.00  99999.00       0     561     565      18
54135  05  12    10  99999.00  99999.00  30386.76  31923.36   -637.98   -279.54  99999.00  99999.00       0     262     263       2
54135  05  12     7  99999.00  99999.00  32581.54  34433.38   -610.43   -283.19  99999.00  99999.00       0     103     103       0
54135  05  12     5  99999.00  99999.00  99999.00  99999.00  99999.00  99999.00  99999.00  99999.00       0      24      24       0
54135  05  12     3  99999.00  99999.00  99999.00  99999.00  99999.00  99999.00  99999.00  99999.00       0       0       0       0
54135  05  12     2  99999.00  99999.00  99999.00  99999.00  99999.00  99999.00  99999.00  99999.00       0       0       0       0
54135  05  12     1  99999.00  99999.00  99999.00  99999.00  99999.00  99999.00  99999.00  99999.00       0       0       0       0
54135  06  12  9999   9559.11  10101.39  99999.00  99999.00    -10.86    481.02   -213.41    442.75     990       0     990     990
54135  06  12  1000  99999.00  99999.00  99999.00  99999.00  99999.00  99999.00  99999.00  99999.00       0       0       0       0
54135  06  12   925  99999.00  99999.00    464.65    951.85    -50.10    462.78   -304.02    459.90       0     629     629     629
54135  06  12   900  99999.00  99999.00  99999.00  99999.00  99999.00  99999.00  99999.00  99999.00       0       0       0       0
54135  06  12   850  99999.00  99999.00   1186.47   1677.39    -85.51    390.65   -304.11    384.45       0     989     989     989
54135  06  12   800  99999.00  99999.00  99999.00  99999.00  99999.00  99999.00  99999.00  99999.00       0       0       0       0
54135  06  12   700  99999.00  99999.00   2749.31   3339.11   -177.88    256.16   -486.88    364.88       0     990     990     990
54135  06  12   600  99999.00  99999.00   3926.46   4632.42   -230.23    151.97   -645.77    352.99       0     990     990     990
54135  06  12   500  99999.00  99999.00   5271.92   6118.64   -330.51     75.81   -789.48    291.24       0     989     987     987
54135  06  12   400  99999.00  99999.00   6832.43   7889.87   -470.70    -14.94   -847.23    136.65       0     984     982     982
54135  06  12   300  99999.00  99999.00   8712.35  10076.03   -635.99   -154.19   -899.85    -73.29       0     979     978     978
54135  06  12   250  99999.00  99999.00   9852.70  11384.74   -710.39   -246.59   -932.02   -195.34       0     973     978     978
54135  06  12   200  99999.00  99999.00  11282.95  12856.63   -829.37   -238.73   -970.71   -254.19       0     967     973     876
54135  06  12   150  99999.00  99999.00  13210.73  14626.61   -765.34   -308.86   -947.10   -291.90       0     960     964     722
54135  06  12   100  99999.00  99999.00  15890.88  17123.64   -746.59   -381.91   -964.63   -333.79       0     939     942     611
54135  06  12    80  99999.00  99999.00  99999.00  99999.00  99999.00  99999.00  99999.00  99999.00       0       0       0       0
54135  06  12    70  99999.00  99999.00  18206.08  19321.00   -737.43   -405.75  99999.00  99999.00       0     915     924      25
54135  06  12    60  99999.00  99999.00  99999.00  99999.00  99999.00  99999.00  99999.00  99999.00       0       0       0       0
54135  06  12    50  99999.00  99999.00  20356.72  21438.88   -684.26   -424.94  99999.00  99999.00       0     869     877      24
54135  06  12    40  99999.00  99999.00  21768.06  22881.54   -662.29   -413.41  99999.00  99999.00       0     842     851      24
54135  06  12    30  99999.00  99999.00  23603.24  24757.52   -639.91   -393.67  99999.00  99999.00       0     764     775      23
54135  06  12    20  99999.00  99999.00  26182.88  27475.64   -629.43   -339.03  99999.00  99999.00       0     649     659      19
54135  06  12    15  99999.00  99999.00  28042.54  29416.06   -629.67   -289.23  99999.00  99999.00       0     485     489      16
54135  06  12    10  99999.00  99999.00  30649.51  32198.71   -623.05   -251.05  99999.00  99999.00       0     218     220       2
54135  06  12     7  99999.00  99999.00  32886.68  34742.96   -566.71   -280.51  99999.00  99999.00       0      74      74       0
54135  06  12     5  99999.00  99999.00  99999.00  99999.00  99999.00  99999.00  99999.00  99999.00       0      15      15       0
54135  06  12     3  99999.00  99999.00  99999.00  99999.00  99999.00  99999.00  99999.00  99999.00       0       0       0       0
54135  06  12     2  99999.00  99999.00  99999.00  99999.00  99999.00  99999.00  99999.00  99999.00       0       0       0       0
54135  06  12     1  99999.00  99999.00  99999.00  99999.00  99999.00  99999.00  99999.00  99999.00       0       0       0       0
54135  07  12  9999   9575.30  10068.38  99999.00  99999.00     73.35    434.43    -40.37    397.15    1022       0    1022    1022
54135  07  12  1000  99999.00  99999.00  99999.00  99999.00  99999.00  99999.00  99999.00  99999.00       0       0       0       0
54135  07  12   925  99999.00  99999.00    489.60    925.32     55.63    399.91   -123.62    411.10       0     648     647     647
54135  07  12   900  99999.00  99999.00  99999.00  99999.00  99999.00  99999.00  99999.00  99999.00       0       0       0       0
54135  07  12   850  99999.00  99999.00   1208.17   1664.53     -6.31    359.45   -175.59    375.57       0    1022    1022    1022
54135  07  12   800  99999.00  99999.00  99999.00  99999.00  99999.00  99999.00  99999.00  99999.00       0       0       0       0
54135  07  12   700  99999.00  99999.00   2799.85   3336.49    -99.18    250.14   -402.32    381.64       0    1022    1021    1021
54135  07  12   600  99999.00  99999.00   4007.75   4636.31   -161.65    166.55   -604.54    409.10       0    1020    1020    1020
54135  07  12   500  99999.00  99999.00   5390.54   6135.02   -251.26     93.38   -759.35    364.69       0    1022    1022    1022
54135  07  12   400  99999.00  99999.00   7002.88   7923.76   -386.57     11.83   -839.74    239.30       0    1017    1018    1018
54135  07  12   300  99999.00  99999.00   8941.83  10147.47   -578.22    -92.94   -917.41     57.35       0    1009    1012    1012
54135  07  12   250  99999.00  99999.00  10102.34  11497.34   -670.70   -173.66   -940.72    -81.40       0    1004    1006    1005
54135  07  12   200  99999.00  99999.00  11515.73  13048.25   -745.49   -250.73   -973.77   -200.49       0     998    1000     999
54135  07  12   150  99999.00  99999.00  13406.08  14878.60   -756.45   -334.53  -1015.24   -254.56       0     989     993     876
54135  07  12   100  99999.00  99999.00  16108.07  17304.35   -808.97   -375.05   -990.23   -324.35       0     966     972     480
54135  07  12    80  99999.00  99999.00  99999.00  99999.00  99999.00  99999.00  99999.00  99999.00       0       0       0       0
54135  07  12    70  99999.00  99999.00  18429.01  19440.97   -767.07   -417.99  99999.00  99999.00       0     935     940       6
54135  07  12    60  99999.00  99999.00  99999.00  99999.00  99999.00  99999.00  99999.00  99999.00       0       0       0       0
54135  07  12    50  99999.00  99999.00  20580.94  21525.46   -694.01   -439.13  99999.00  99999.00       0     883     888       6
54135  07  12    40  99999.00  99999.00  22014.53  22933.61   -666.75   -425.79  99999.00  99999.00       0     855     864       6
54135  07  12    30  99999.00  99999.00  23857.34  24789.74   -644.71   -395.47  99999.00  99999.00       0     793     801       6
54135  07  12    20  99999.00  99999.00  26493.78  27442.86   -625.84   -339.52  99999.00  99999.00       0     665     672       5
54135  07  12    15  99999.00  99999.00  28378.50  29360.82   -613.04   -298.04  99999.00  99999.00       0     539     541       4
54135  07  12    10  99999.00  99999.00  30990.72  32145.72   -614.15   -252.23  99999.00  99999.00       0     276     276       3
54135  07  12     7  99999.00  99999.00  33228.72  34658.88   -612.36   -234.60  99999.00  99999.00       0      80      80       1
54135  07  12     5  99999.00  99999.00  99999.00  99999.00  99999.00  99999.00  99999.00  99999.00       0      15      15       0
54135  07  12     3  99999.00  99999.00  99999.00  99999.00  99999.00  99999.00  99999.00  99999.00       0       0       0       0
54135  07  12     2  99999.00  99999.00  99999.00  99999.00  99999.00  99999.00  99999.00  99999.00       0       0       0       0
54135  07  12     1  99999.00  99999.00  99999.00  99999.00  99999.00  99999.00  99999.00  99999.00       0       0       0       0
54135  08  12  9999   9594.81  10129.65  99999.00  99999.00     71.77    405.13    -85.95    416.97    1021       0    1021    1021
54135  08  12  1000  99999.00  99999.00  99999.00  99999.00  99999.00  99999.00  99999.00  99999.00       0       1       1       1
54135  08  12   925  99999.00  99999.00    522.46    962.62     43.19    386.51   -215.53    465.23       0     650     650     650
54135  08  12   900  99999.00  99999.00  99999.00  99999.00  99999.00  99999.00  99999.00  99999.00       0       0       0       0
54135  08  12   850  99999.00  99999.00   1246.34   1687.58    -23.44    353.12   -250.83    410.37       0    1021    1021    1020
54135  08  12   800  99999.00  99999.00  99999.00  99999.00  99999.00  99999.00  99999.00  99999.00       0       0       0       0
54135  08  12   700  99999.00  99999.00   2848.14   3334.38   -122.36    252.16   -533.61    450.75       0    1021    1021    1021
54135  08  12   600  99999.00  99999.00   4052.68   4627.36   -186.53    172.51   -747.94    479.54       0    1019    1017    1017
54135  08  12   500  99999.00  99999.00   5421.34   6128.50   -286.54    106.10   -844.28    390.40       0    1021    1020    1020
54135  08  12   400  99999.00  99999.00   7011.51   7923.15   -435.34     35.78   -916.55    273.13       0    1007    1007    1007
54135  08  12   300  99999.00  99999.00   8911.65  10168.77   -621.83    -65.27   -988.73     94.75       0    1001    1001    1001
54135  08  12   250  99999.00  99999.00  10058.80  11528.68   -690.65   -155.69   -994.62    -50.94       0     994     994     994
54135  08  12   200  99999.00  99999.00  11472.61  13085.53   -705.13   -273.01   -997.27   -184.39       0     990     989     986
54135  08  12   150  99999.00  99999.00  13373.05  14911.21   -753.30   -345.66  -1059.27   -239.31       0     979     983     895
54135  08  12   100  99999.00  99999.00  16078.79  17314.07   -829.66   -372.94   -994.04   -335.84       0     951     955     392
54135  08  12    80  99999.00  99999.00  99999.00  99999.00  99999.00  99999.00  99999.00  99999.00       0       0       0       0
54135  08  12    70  99999.00  99999.00  18411.62  19428.02   -775.72   -413.32  99999.00  99999.00       0     924     929       5
54135  08  12    60  99999.00  99999.00  99999.00  99999.00  99999.00  99999.00  99999.00  99999.00       0       0       0       0
54135  08  12    50  99999.00  99999.00  20569.80  21508.80   -704.17   -427.57  99999.00  99999.00       0     897     903       5
54135  08  12    40  99999.00  99999.00  21993.04  22925.80   -664.84   -428.80  99999.00  99999.00       0     864     871       5
54135  08  12    30  99999.00  99999.00  23831.01  24787.41   -636.74   -403.70  99999.00  99999.00       0     812     822       5
54135  08  12    20  99999.00  99999.00  26426.36  27473.00   -613.01   -357.29  99999.00  99999.00       0     709     719       3
54135  08  12    15  99999.00  99999.00  28286.92  29404.00   -599.76   -323.76  99999.00  99999.00       0     561     566       2
54135  08  12    10  99999.00  99999.00  30879.47  32185.79   -601.61   -278.09  99999.00  99999.00       0     276     278       2
54135  08  12     7  99999.00  99999.00  33147.75  34685.31   -572.07   -283.11  99999.00  99999.00       0      97      97       0
54135  08  12     5  99999.00  99999.00  99999.00  99999.00  99999.00  99999.00  99999.00  99999.00       0      17      17       0
54135  08  12     3  99999.00  99999.00  99999.00  99999.00  99999.00  99999.00  99999.00  99999.00       0       0       0       0
54135  08  12     2  99999.00  99999.00  99999.00  99999.00  99999.00  99999.00  99999.00  99999.00       0       0       0       0
54135  08  12     1  99999.00  99999.00  99999.00  99999.00  99999.00  99999.00  99999.00  99999.00       0       0       0       0
54135  09  12  9999   9627.40  10212.04  99999.00  99999.00    -75.36    420.60   -288.78    440.58     968       0     968     968
54135  09  12  1000  99999.00  99999.00    117.60    267.00    -78.07    335.81   -295.69    302.51       0      61      61      61
54135  09  12   925  99999.00  99999.00    536.21   1020.89    -97.98    426.30   -443.61    499.95       0     628     628     628
54135  09  12   900  99999.00  99999.00  99999.00  99999.00  99999.00  99999.00  99999.00  99999.00       0       0       0       0
54135  09  12   850  99999.00  99999.00   1266.53   1713.29   -166.76    382.60   -439.71    423.57       0     986     986     986
54135  09  12   800  99999.00  99999.00  99999.00  99999.00  99999.00  99999.00  99999.00  99999.00       0       0       0       0
54135  09  12   700  99999.00  99999.00   2806.64   3349.52   -257.74    268.34   -677.67    433.53       0     989     989     988
54135  09  12   600  99999.00  99999.00   3952.81   4644.49   -309.47    173.77   -792.67    380.33       0     989     989     989
54135  09  12   500  99999.00  99999.00   5253.36   6143.64   -405.11     91.33   -845.89    258.35       0     988     988     988
54135  09  12   400  99999.00  99999.00   6764.39   7925.63   -532.59    -10.35   -917.71    127.13       0     981     979     979
54135  09  12   300  99999.00  99999.00   8594.57  10118.21   -697.31   -130.19   -991.10    -48.02       0     973     972     972
54135  09  12   250  99999.00  99999.00   9722.35  11427.31   -771.66   -192.42   -997.96   -168.88       0     971     971     971
54135  09  12   200  99999.00  99999.00  11129.13  12930.21   -777.14   -259.58   -997.66   -241.90       0     971     971     913
54135  09  12   150  99999.00  99999.00  13025.05  14741.77   -727.90   -359.86  -1041.13   -258.85       0     960     962     854
54135  09  12   100  99999.00  99999.00  15743.78  17171.66   -794.92   -360.52  -1026.20   -308.96       0     936     940     605
54135  09  12    80  99999.00  99999.00  99999.00  99999.00  99999.00  99999.00  99999.00  99999.00       0       0       0       0
54135  09  12    70  99999.00  99999.00  18083.83  19325.23   -769.29   -382.65  99999.00  99999.00       0     912     918      27
54135  09  12    60  99999.00  99999.00  99999.00  99999.00  99999.00  99999.00  99999.00  99999.00       0       0       0       0
54135  09  12    50  99999.00  99999.00  20255.35  21418.75   -712.50   -398.70  99999.00  99999.00       0     875     887      24
54135  09  12    40  99999.00  99999.00  21686.06  22839.98   -678.44   -399.32  99999.00  99999.00       0     836     849      24
54135  09  12    30  99999.00  99999.00  23532.74  24700.10   -647.53   -393.49  99999.00  99999.00       0     784     797      23
54135  09  12    20  99999.00  99999.00  26133.52  27373.36   -613.14   -379.02  99999.00  99999.00       0     679     690      19
54135  09  12    15  99999.00  99999.00  27973.01  29307.05   -608.89   -351.85  99999.00  99999.00       0     522     532      15
54135  09  12    10  99999.00  99999.00  30542.11  32079.55   -602.37   -325.77  99999.00  99999.00       0     223     227       5
54135  09  12     7  99999.00  99999.00  99999.00  99999.00  99999.00  99999.00  99999.00  99999.00       0      55      55       0
54135  09  12     5  99999.00  99999.00  99999.00  99999.00  99999.00  99999.00  99999.00  99999.00       0       5       5       0
54135  09  12     3  99999.00  99999.00  99999.00  99999.00  99999.00  99999.00  99999.00  99999.00       0       0       0       0
54135  09  12     2  99999.00  99999.00  99999.00  99999.00  99999.00  99999.00  99999.00  99999.00       0       0       0       0
54135  09  12     1  99999.00  99999.00  99999.00  99999.00  99999.00  99999.00  99999.00  99999.00       0       0       0       0
54135  10  12  9999   9610.68  10325.52  99999.00  99999.00   -235.21    404.75   -481.92    429.36     962       0     962     961
54135  10  12  1000  99999.00  99999.00     64.23    349.71   -204.95    314.41   -475.87    333.17       0     339     339     339
54135  10  12   925  99999.00  99999.00    537.81   1062.09   -288.85    445.19   -574.38    440.10       0     650     648     648
54135  10  12   900  99999.00  99999.00  99999.00  99999.00  99999.00  99999.00  99999.00  99999.00       0       0       0       0
54135  10  12   850  99999.00  99999.00   1240.23   1740.87   -355.99    416.09   -559.46    354.70       0    1021    1019    1019
54135  10  12   800  99999.00  99999.00  99999.00  99999.00  99999.00  99999.00  99999.00  99999.00       0       0       0       0
54135  10  12   700  99999.00  99999.00   2679.40   3392.20   -392.70    268.50   -722.76    339.84       0    1023    1020    1020
54135  10  12   600  99999.00  99999.00   3755.33   4697.21   -432.23    170.05   -796.50    267.66       0    1019    1019    1019
54135  10  12   500  99999.00  99999.00   4986.73   6197.65   -494.06     55.06   -837.46    145.10       0    1019    1020    1020
54135  10  12   400  99999.00  99999.00   6444.57   7950.69   -579.48    -87.96   -887.30     -6.74       0    1017    1018    1018
54135  10  12   300  99999.00  99999.00   8260.88  10058.36   -674.65   -264.73   -927.57   -212.13       0    1012    1011    1011
54135  10  12   250  99999.00  99999.00   9419.33  11280.29   -761.59   -297.31   -960.21   -289.53       0    1008    1006     994
54135  10  12   200  99999.00  99999.00  10890.47  12668.87   -827.13   -267.45   -977.33   -289.49       0     999    1000     772
54135  10  12   150  99999.00  99999.00  12801.90  14438.70   -735.78   -364.14   -999.89   -297.05       0     994     997     736
54135  10  12   100  99999.00  99999.00  15449.27  16947.95   -736.67   -396.71   -999.73   -327.73       0     977     982     623
54135  10  12    80  99999.00  99999.00  99999.00  99999.00  99999.00  99999.00  99999.00  99999.00       0       0       0       0
54135  10  12    70  99999.00  99999.00  17762.95  19149.07   -738.96   -397.80  99999.00  99999.00       0     947     954      32
54135  10  12    60  99999.00  99999.00  99999.00  99999.00  99999.00  99999.00  99999.00  99999.00       0       0       0       0
54135  10  12    50  99999.00  99999.00  19922.10  21260.46   -726.42   -389.58  99999.00  99999.00       0     918     927      25
54135  10  12    40  99999.00  99999.00  21338.57  22693.01   -717.91   -371.59  99999.00  99999.00       0     889     904      23
54135  10  12    30  99999.00  99999.00  23148.02  24583.22   -687.45   -364.05  99999.00  99999.00       0     846     859      23
54135  10  12    20  99999.00  99999.00  25718.96  27266.36   -653.81   -355.49  99999.00  99999.00       0     727     737      21
54135  10  12    15  99999.00  99999.00  27574.61  29157.17   -648.90   -337.50  99999.00  99999.00       0     556     565      14
54135  10  12    10  99999.00  99999.00  30083.55  31943.91   -643.95   -320.55  99999.00  99999.00       0     224     227       5
54135  10  12     7  99999.00  99999.00  32493.85  34231.69   -633.27   -311.55  99999.00  99999.00       0      74      74       0
54135  10  12     5  99999.00  99999.00  99999.00  99999.00  99999.00  99999.00  99999.00  99999.00       0      14      14       0
54135  10  12     3  99999.00  99999.00  99999.00  99999.00  99999.00  99999.00  99999.00  99999.00       0       0       0       0
54135  10  12     2  99999.00  99999.00  99999.00  99999.00  99999.00  99999.00  99999.00  99999.00       0       0       0       0
54135  10  12     1  99999.00  99999.00  99999.00  99999.00  99999.00  99999.00  99999.00  99999.00       0       0       0       0
54135  11  12  9999   9566.74  10444.54  99999.00  99999.00   -359.94    316.50   -518.34    278.82     937       0     937     937
54135  11  12  1000  99999.00  99999.00     14.64    429.84   -344.12    267.04   -503.66    217.30       0     558     558     558
54135  11  12   925  99999.00  99999.00    502.74   1102.38   -447.96    392.16   -607.32    314.28       0     659     658     658
54135  11  12   900  99999.00  99999.00  99999.00  99999.00  99999.00  99999.00  99999.00  99999.00       0       0       0       0
54135  11  12   850  99999.00  99999.00   1192.20   1745.88   -488.39    361.45   -629.35    274.61       0     990     989     989
54135  11  12   800  99999.00  99999.00  99999.00  99999.00  99999.00  99999.00  99999.00  99999.00       0       0       0       0
54135  11  12   700  99999.00  99999.00   2589.49   3345.13   -513.65    249.07   -759.77    255.79       0     989     988     988
54135  11  12   600  99999.00  99999.00   3615.93   4639.77   -549.73    163.43   -810.43    182.57       0     989     988     988
54135  11  12   500  99999.00  99999.00   4791.75   6131.67   -589.95     36.21   -845.95     62.93       0     989     987     987
54135  11  12   400  99999.00  99999.00   6189.50   7872.38   -648.27   -123.03   -885.24    -96.12       0     985     986     986
54135  11  12   300  99999.00  99999.00   7965.24   9939.72   -686.55   -332.55   -919.30   -288.34       0     978     977     975
54135  11  12   250  99999.00  99999.00   9135.58  11112.46   -775.28   -335.72   -962.55   -323.43       0     970     970     865
54135  11  12   200  99999.00  99999.00  10638.44  12444.68   -844.26   -272.10   -955.60   -310.36       0     968     968     600
54135  11  12   150  99999.00  99999.00  12573.38  14184.14   -744.12   -354.72   -970.71   -312.03       0     963     964     581
54135  11  12   100  99999.00  99999.00  15230.27  16693.07   -736.18   -388.18   -988.57   -328.93       0     951     953     532
54135  11  12    80  99999.00  99999.00  99999.00  99999.00  99999.00  99999.00  99999.00  99999.00       0       0       0       0
54135  11  12    70  99999.00  99999.00  17527.25  18926.21   -742.21   -379.57  99999.00  99999.00       0     933     938      24
54135  11  12    60  99999.00  99999.00  99999.00  99999.00  99999.00  99999.00  99999.00  99999.00       0       0       0       0
54135  11  12    50  99999.00  99999.00  19667.01  21068.25   -744.31   -358.63  99999.00  99999.00       0     908     913      22
54135  11  12    40  99999.00  99999.00  21080.09  22507.37   -751.39   -329.95  99999.00  99999.00       0     880     886      22
54135  11  12    30  99999.00  99999.00  22879.98  24412.62   -747.72   -293.16  99999.00  99999.00       0     827     836      21
54135  11  12    20  99999.00  99999.00  25430.38  27125.98   -738.63   -255.39  99999.00  99999.00       0     705     713      21
54135  11  12    15  99999.00  99999.00  27245.24  29082.56   -746.47   -216.31  99999.00  99999.00       0     532     540      18
54135  11  12    10  99999.00  99999.00  29672.64  31956.12   -741.76   -199.72  99999.00  99999.00       0     226     227       5
54135  11  12     7  99999.00  99999.00  99999.00  99999.00  99999.00  99999.00  99999.00  99999.00       0      52      52       0
54135  11  12     5  99999.00  99999.00  99999.00  99999.00  99999.00  99999.00  99999.00  99999.00       0       5       5       0
54135  11  12     3  99999.00  99999.00  99999.00  99999.00  99999.00  99999.00  99999.00  99999.00       0       0       0       0
54135  11  12     2  99999.00  99999.00  99999.00  99999.00  99999.00  99999.00  99999.00  99999.00       0       0       0       0
54135  11  12     1  99999.00  99999.00  99999.00  99999.00  99999.00  99999.00  99999.00  99999.00       0       0       0       0
54135  12  12  9999   9621.63  10440.99  99999.00  99999.00   -379.40    180.52   -518.70    147.90     963       0     963     963
54135  12  12  1000  99999.00  99999.00     27.23    424.55   -351.38    140.62   -497.28    113.40       0     742     742     741
54135  12  12   925  99999.00  99999.00    525.49   1087.33   -442.98    234.42   -579.50    178.54       0     682     681     681
54135  12  12   900  99999.00  99999.00  99999.00  99999.00  99999.00  99999.00  99999.00  99999.00       0       0       0       0
54135  12  12   850  99999.00  99999.00   1180.46   1723.82   -501.77    239.23   -597.53    148.39       0    1021    1020    1019
54135  12  12   800  99999.00  99999.00  99999.00  99999.00  99999.00  99999.00  99999.00  99999.00       0       0       0       0
54135  12  12   700  99999.00  99999.00   2547.38   3285.62   -544.70    172.30   -711.30    134.94       0    1022    1022    1021
54135  12  12   600  99999.00  99999.00   3560.94   4545.66   -583.61     96.07   -769.05     77.31       0    1020    1020    1019
54135  12  12   500  99999.00  99999.00   4718.55   6003.63   -635.65    -11.77   -819.45    -22.29       0    1019    1021    1020
54135  12  12   400  99999.00  99999.00   6098.47   7705.63   -677.57   -171.89   -857.53   -172.09       0    1016    1013    1012
54135  12  12   300  99999.00  99999.00   7879.63   9715.87   -704.72   -361.64   -888.62   -345.98       0    1011    1012    1002
54135  12  12   250  99999.00  99999.00   9063.90  10859.34   -809.14   -316.42   -916.20   -352.32       0    1011    1012     757
54135  12  12   200  99999.00  99999.00  10572.12  12188.28   -820.09   -280.21   -908.49   -334.41       0    1005    1004     628
54135  12  12   150  99999.00  99999.00  12486.79  13963.15   -733.66   -343.42   -917.82   -335.34       0     998     995     620
54135  12  12   100  99999.00  99999.00  15106.37  16537.73   -745.40   -351.56   -946.41   -341.37       0     975     979     593
54135  12  12    80  99999.00  99999.00  99999.00  99999.00  99999.00  99999.00  99999.00  99999.00       0       0       0       0
54135  12  12    70  99999.00  99999.00  17361.80  18839.12   -777.13   -321.25  99999.00  99999.00       0     948     955      52
54135  12  12    60  99999.00  99999.00  99999.00  99999.00  99999.00  99999.00  99999.00  99999.00       0       0       0       0
54135  12  12    50  99999.00  99999.00  19459.53  21047.85   -772.93   -311.77  99999.00  99999.00       0     915     922      49
54135  12  12    40  99999.00  99999.00  20845.70  22526.42   -775.08   -288.36  99999.00  99999.00       0     889     894      45
54135  12  12    30  99999.00  99999.00  22638.01  24452.65   -771.24   -261.24  99999.00  99999.00       0     834     846      44
54135  12  12    20  99999.00  99999.00  25132.71  27237.99   -786.99   -195.63  99999.00  99999.00       0     715     724      39
54135  12  12    15  99999.00  99999.00  26912.11  29228.47   -796.82   -152.66  99999.00  99999.00       0     546     553      35
54135  12  12    10  99999.00  99999.00  29433.43  32061.31   -789.15   -135.03  99999.00  99999.00       0     234     236      15
54135  12  12     7  99999.00  99999.00  99999.00  99999.00  99999.00  99999.00  99999.00  99999.00       0      52      52       1
54135  12  12     5  99999.00  99999.00  99999.00  99999.00  99999.00  99999.00  99999.00  99999.00       0       5       5       0
54135  12  12     3  99999.00  99999.00  99999.00  99999.00  99999.00  99999.00  99999.00  99999.00       0       0       0       0
54135  12  12     2  99999.00  99999.00  99999.00  99999.00  99999.00  99999.00  99999.00  99999.00       0       0       0       0
54135  12  12     1  99999.00  99999.00  99999.00  99999.00  99999.00  99999.00  99999.00  99999.00       0       0       0       0
