91285  01  00  9999    993.82   1033.54  99999.00  99999.00    129.53    371.57   -110.74    251.42    1071       0     924     799
91285  01  00  1000  99999.00  99999.00  -1741.27   1983.29    120.03    340.83     20.35    310.99       0    1074    1075     950
91285  01  00   925  99999.00  99999.00    643.79    964.19     70.95    275.43      0.58    272.86       0     673     676     675
91285  01  00   900  99999.00  99999.00  99999.00  99999.00  99999.00  99999.00  99999.00  99999.00       0      15      30      26
91285  01  00   850  99999.00  99999.00   -607.76   3631.24     11.17    249.61   -225.29    396.43       0    1069    1070     943
91285  01  00   800  99999.00  99999.00  99999.00  99999.00  99999.00  99999.00  99999.00  99999.00       0      22      37      29
91285  01  00   700  99999.00  99999.00   2985.96   3294.36    -89.23    241.61   -750.64    488.00       0    1071    1069     936
91285  01  00   600  99999.00  99999.00  99999.00  99999.00  99999.00  99999.00  99999.00  99999.00       0      10      21      19
91285  01  00   500  99999.00  99999.00   5589.20   6082.16   -251.58     91.50   -865.30    259.34       0    1069    1069     934
91285  01  00   400  99999.00  99999.00   7207.35   7855.59   -382.34     -8.06   -942.18    153.90       0    1066    1065     928
91285  01  00   300  99999.00  99999.00   5952.30  13225.50   -544.88   -134.48  -1030.20    -18.12       0    1062    1063     923
91285  01  00   250  99999.00  99999.00   6966.61  14716.33   -614.10   -236.34  -1000.70   -175.34       0    1062    1062     700
91285  01  00   200  99999.00  99999.00   8164.74  16464.78   -680.97   -367.29   -964.86   -355.74       0    1063    1063     626
91285  01  00   150  99999.00  99999.00   9630.67  18614.95   -774.22   -506.62   -962.65   -533.89       0    1058    1056     624
91285  01  00   100  99999.00  99999.00  11595.85  21452.89   -961.10   -562.70  -1064.44   -630.64       0    1055    1055     622
91285  01  00    80  99999.00  99999.00  17365.32  18213.84   -970.80   -590.28  -1057.24   -670.96       0      90     149      96
91285  01  00    70  99999.00  99999.00  18225.60  18970.20   -971.91   -529.11  -1066.64   -614.48       0    1040    1041     610
91285  01  00    60  99999.00  99999.00  19072.93  19868.89   -941.87   -476.87  -1078.33   -542.17       0      74     165     112
91285  01  00    50  99999.00  99999.00  20250.42  20941.50   -821.15   -502.19   -998.71   -544.63       0    1029    1033     602
91285  01  00    40  99999.00  99999.00  21504.58  22301.86   -803.35   -446.11  -1004.64   -493.20       0      77     169     118
91285  01  00    30  99999.00  99999.00  23308.29  24208.53   -745.74   -408.90  -1011.94   -413.86       0    1000    1003     590
91285  01  00    20  99999.00  99999.00  25760.92  26928.64   -693.43   -360.07  -1079.82   -292.50       0     961     962     568
91285  01  00    15  99999.00  99999.00   8538.93  47046.09   -681.58   -306.82  -1182.41   -176.21       0     141     318     220
91285  01  00    10  99999.00  99999.00  29949.14  31812.38   -650.54   -245.54  -1114.03   -188.95       0     675     723     448
91285  01  00     7  99999.00  99999.00  31908.59  34538.99   -642.09   -183.45  -1048.04   -193.28       0     240     329     212
91285  01  00     5  99999.00  99999.00  99999.00  99999.00   -618.48   -167.52  99999.00  99999.00       0      36      77      50
91285  01  00     3  99999.00  99999.00  99999.00  99999.00  99999.00  99999.00  99999.00  99999.00       0       1       4       2
91285  01  00     2  99999.00  99999.00  99999.00  99999.00  99999.00  99999.00  99999.00  99999.00       0       0       0       0
91285  01  00     1  99999.00  99999.00  99999.00  99999.00  99999.00  99999.00  99999.00  99999.00       0       0       0       0
91285  02  00  9999    994.28   1035.08  99999.00  99999.00    118.50    380.22   -105.02    254.02     981       0     854     749
91285  02  00  1000  99999.00  99999.00    -35.78    313.90    116.91    335.79     10.66    311.02       0     980     979     874
91285  02  00   925  99999.00  99999.00    656.26    975.34     65.15    267.11     -7.62    271.98       0     643     645     615
91285  02  00   900  99999.00  99999.00  99999.00  99999.00  99999.00  99999.00  99999.00  99999.00       0       9      15      13
91285  02  00   850  99999.00  99999.00   1373.19   1683.51      5.04    242.52   -155.33    326.35       0     980     980     874
91285  02  00   800  99999.00  99999.00  99999.00  99999.00  99999.00  99999.00  99999.00  99999.00       0      21      43      37
91285  02  00   700  99999.00  99999.00   2979.89   3303.05    -88.55    224.53   -742.55    476.53       0     979     977     867
91285  02  00   600  99999.00  99999.00  99999.00  99999.00  99999.00  99999.00  99999.00  99999.00       0      18      29      23
91285  02  00   500  99999.00  99999.00   5585.45   6073.85   -259.75     86.21   -866.22    259.74       0     977     977     855
91285  02  00   400  99999.00  99999.00   7195.09   7848.61   -398.53     -1.21   -973.67    173.53       0     975     975     853
91285  02  00   300  99999.00  99999.00   9150.31  10040.35   -570.14   -111.02  -1039.36     -8.44       0     973     973     836
91285  02  00   250  99999.00  99999.00  10325.57  11371.85   -652.61   -201.29  -1028.12   -153.92       0     971     972     641
91285  02  00   200  99999.00  99999.00  11724.19  12920.71   -698.69   -348.77   -991.89   -331.17       0     970     970     563
91285  02  00   150  99999.00  99999.00  13526.15  14741.99   -783.74   -491.66   -981.50   -512.66       0     969     970     563
91285  02  00   100  99999.00  99999.00  11359.45  21666.37   -965.74   -551.74  -1065.06   -623.82       0     964     965     560
91285  02  00    80  99999.00  99999.00  17382.68  18201.32  -1004.25   -552.69  -1078.41   -643.17       0      84     143      96
91285  02  00    70  99999.00  99999.00  13006.12  24118.00   -967.61   -532.01  -1076.94   -602.82       0     958     958     550
91285  02  00    60  99999.00  99999.00  19095.76  19798.84   -901.75   -516.31  -1003.20   -607.20       0      66     127      83
91285  02  00    50  99999.00  99999.00  20228.27  20946.59  -2499.86   1149.70  -1025.07   -521.43       0     947     949     541
91285  02  00    40  99999.00  99999.00  21445.86  22356.78   -790.14   -463.86  -1003.49   -478.85       0      66     146     100
91285  02  00    30  99999.00  99999.00  23303.22  24184.38   -740.30   -425.06  -1037.98   -397.54       0     920     924     525
91285  02  00    20  99999.00  99999.00  18956.66  33618.14   -685.09   -363.13  -1108.76   -267.08       0     889     893     512
91285  02  00    15  99999.00  99999.00  27069.67  29002.87   -659.92   -308.56  -1147.12   -185.92       0     110     267     179
91285  02  00    10  99999.00  99999.00  30032.72  31728.68   -628.18   -243.22  -1120.20   -162.60       0     634     676     412
91285  02  00     7  99999.00  99999.00  14712.20  51330.56   -637.17   -157.89  -1049.27   -184.19       0     202     304     186
91285  02  00     5  99999.00  99999.00  99999.00  99999.00  99999.00  99999.00  99999.00  99999.00       0      22      45      32
91285  02  00     3  99999.00  99999.00  99999.00  99999.00  99999.00  99999.00  99999.00  99999.00       0       0       0       0
91285  02  00     2  99999.00  99999.00  99999.00  99999.00  99999.00  99999.00  99999.00  99999.00       0       0       0       0
91285  02  00     1  99999.00  99999.00  99999.00  99999.00  99999.00  99999.00  99999.00  99999.00       0       0       0       0
91285  03  00  9999    997.37   1034.45  99999.00  99999.00    117.63    378.03   -100.79    238.69    1076       0     941     835
91285  03  00  1000  99999.00  99999.00     -8.36    307.60    115.74    333.30     28.91    301.07       0    1077    1076     970
91285  03  00   925  99999.00  99999.00    663.96    977.40     75.46    259.18      8.97    265.89       0     710     715     684
91285  03  00   900  99999.00  99999.00  99999.00  99999.00  99999.00  99999.00  99999.00  99999.00       0      12      19      15
91285  03  00   850  99999.00  99999.00   1394.76   1682.04     18.79    225.19   -128.13    309.39       0    1078    1077     966
91285  03  00   800  99999.00  99999.00  99999.00  99999.00  99999.00  99999.00  99999.00  99999.00       0      31      54      47
91285  03  00   700  99999.00  99999.00   2995.83   3303.27    -78.89    208.15   -699.98    463.42       0    1071    1067     955
91285  03  00   600  99999.00  99999.00  99999.00  99999.00  99999.00  99999.00  99999.00  99999.00       0      14      30      23
91285  03  00   500  99999.00  99999.00   5604.40   6066.04   -230.71     50.57   -858.31    245.45       0    1074    1074     956
91285  03  00   400  99999.00  99999.00   7228.64   7820.24   -370.26    -41.10   -944.23    143.81       0    1072    1071     950
91285  03  00   300  99999.00  99999.00   9194.29   9988.57   -548.50   -152.50  -1043.82     -3.18       0    1071    1071     940
91285  03  00   250  99999.00  99999.00  10374.40  11304.40   -640.50   -233.58   -984.85   -181.09       0    1071    1070     673
91285  03  00   200  99999.00  99999.00  11775.39  12837.51   -710.75   -358.79   -958.98   -362.94       0    1069    1069     632
91285  03  00   150  99999.00  99999.00  13561.73  14659.61   -789.26   -492.62   -963.67   -524.47       0    1069    1068     631
91285  03  00   100  99999.00  99999.00  16074.89  16972.73   -940.97   -547.73  -1054.29   -597.57       0    1066    1066     631
91285  03  00    80  99999.00  99999.00  17376.78  18204.30   -965.84   -535.88  -1038.67   -624.19       0      92     152     105
91285  03  00    70  99999.00  99999.00  18256.18  18932.86   -928.32   -534.24  -1043.03   -591.71       0    1056    1056     620
91285  03  00    60  99999.00  99999.00  19129.33  19811.65   -907.24   -490.36  -1054.99   -537.43       0      67     152     106
91285  03  00    50  99999.00  99999.00  20278.35  20931.39   -802.16   -503.36   -985.22   -526.34       0    1048    1049     613
91285  03  00    40  99999.00  99999.00  21473.44  22370.44   -795.96   -421.44   -968.15   -482.75       0      83     161     110
91285  03  00    30  99999.00  99999.00  23367.37  24193.33   -718.01   -417.17  -1004.98   -393.82       0    1011    1010     589
91285  03  00    20  99999.00  99999.00  25878.42  26892.66   -661.12   -345.64  -1079.71   -259.51       0     958     957     564
91285  03  00    15  99999.00  99999.00  27191.05  29073.85   -653.25   -279.57  -1152.66   -177.42       0     126     297     203
91285  03  00    10  99999.00  99999.00  30175.85  31802.45   -588.14   -224.90  -1112.45   -132.41       0     648     692     416
91285  03  00     7  99999.00  99999.00  32047.51  34702.87   -558.80   -171.92  -1032.35   -164.27       0     166     274     167
91285  03  00     5  99999.00  99999.00  99999.00  99999.00  99999.00  99999.00  99999.00  99999.00       0      13      46      26
91285  03  00     3  99999.00  99999.00  99999.00  99999.00  99999.00  99999.00  99999.00  99999.00       0       0       0       0
91285  03  00     2  99999.00  99999.00  99999.00  99999.00  99999.00  99999.00  99999.00  99999.00       0       0       0       0
91285  03  00     1  99999.00  99999.00  99999.00  99999.00  99999.00  99999.00  99999.00  99999.00       0       0       0       0
91285  04  00  9999   1002.22   1030.90  99999.00  99999.00    137.57    361.73    -84.36    215.64    1039       0     895     784
91285  04  00  1000  99999.00  99999.00     33.34    277.54    135.96    315.00     51.37    285.01       0    1039    1037     927
91285  04  00   925  99999.00  99999.00    712.84    946.24     93.11    242.51     17.54    256.94       0     680     683     662
91285  04  00   900  99999.00  99999.00  99999.00  99999.00  99999.00  99999.00  99999.00  99999.00       0       8      18      16
91285  04  00   850  99999.00  99999.00   1434.19   1654.99     40.35    204.51    -50.05    243.47       0    1038    1035     924
91285  04  00   800  99999.00  99999.00  99999.00  99999.00  99999.00  99999.00  99999.00  99999.00       0      17      40      35
91285  04  00   700  99999.00  99999.00   3040.84   3271.84    -66.24    204.36   -720.77    454.39       0    1038    1033     918
91285  04  00   600  99999.00  99999.00  99999.00  99999.00  99999.00  99999.00  99999.00  99999.00       0      13      26      23
91285  04  00   500  99999.00  99999.00   5669.28   6026.16   -207.08     38.92   -835.64    211.00       0    1034    1035     918
91285  04  00   400  99999.00  99999.00   7306.40   7771.28   -333.82    -74.74   -934.96    126.20       0    1028    1027     911
91285  04  00   300  99999.00  99999.00   9282.17   9925.61   -519.18   -192.90  -1043.36     -4.88       0    1028    1028     901
91285  04  00   250  99999.00  99999.00  10466.66  11228.18   -619.51   -275.83   -944.27   -216.47       0    1027    1027     634
91285  04  00   200  99999.00  99999.00  11858.69  12753.53   -714.52   -382.60   -925.81   -397.81       0    1024    1023     612
91285  04  00   150  99999.00  99999.00  13610.65  14589.25   -806.37   -490.53   -950.47   -536.23       0    1020    1018     610
91285  04  00   100  99999.00  99999.00  16095.94  16941.22   -905.26   -554.38  -1008.69   -610.53       0    1012    1011     605
91285  04  00    80  99999.00  99999.00  17429.13  18142.41   -950.09   -512.93  -1020.73   -596.17       0      65     108      80
91285  04  00    70  99999.00  99999.00  18273.91  18946.87   -897.33   -517.53  -1020.09   -569.01       0    1005    1007     601
91285  04  00    60  99999.00  99999.00  99999.00  99999.00   -875.98   -477.22  -1002.42   -543.30       0      59     128      88
91285  04  00    50  99999.00  99999.00  20313.70  20968.54   -788.22   -484.50   -963.73   -517.33       0     993     993     595
91285  04  00    40  99999.00  99999.00  21555.92  22366.64   -770.42   -426.86   -970.65   -461.61       0      82     147     104
91285  04  00    30  99999.00  99999.00  23428.86  24251.82   -690.59   -409.31   -990.22   -379.18       0     950     952     575
91285  04  00    20  99999.00  99999.00  25965.78  26971.74   -625.31   -338.51  -1055.10   -252.78       0     917     919     557
91285  04  00    15  99999.00  99999.00  27333.51  29086.71   -609.36   -284.76  -1104.39   -181.71       0     133     288     213
91285  04  00    10  99999.00  99999.00  30335.22  31899.66   -539.46   -230.94  -1074.56   -146.48       0     602     660     425
91285  04  00     7  99999.00  99999.00  31876.01  35137.37   -526.25   -166.73  -1016.67   -134.19       0     157     236     140
91285  04  00     5  99999.00  99999.00  99999.00  99999.00  99999.00  99999.00  99999.00  99999.00       0      14      39      24
91285  04  00     3  99999.00  99999.00  99999.00  99999.00  99999.00  99999.00  99999.00  99999.00       0       2       3       2
91285  04  00     2  99999.00  99999.00  99999.00  99999.00  99999.00  99999.00  99999.00  99999.00       0       0       0       0
91285  04  00     1  99999.00  99999.00  99999.00  99999.00  99999.00  99999.00  99999.00  99999.00       0       0       0       0
91285  05  00  9999   1003.36   1028.44  99999.00  99999.00    146.76    372.48    -78.94    221.18    1077       0     924     793
91285  05  00  1000  99999.00  99999.00  -1716.90   1998.66    141.20    326.84     56.50    293.86       0    1078    1078     947
91285  05  00   925  99999.00  99999.00  -1626.39   3245.49     95.53    258.73     20.37    272.37       0     712     715     690
91285  05  00   900  99999.00  99999.00  99999.00  99999.00  99999.00  99999.00  99999.00  99999.00       0      10      30      29
91285  05  00   850  99999.00  99999.00   1445.33   1642.37     46.78    215.86    -70.40    277.60       0    1080    1076     940
91285  05  00   800  99999.00  99999.00  99999.00  99999.00  99999.00  99999.00  99999.00  99999.00       0      28      54      42
91285  05  00   700  99999.00  99999.00   3050.01   3275.25    -48.09    211.59   -669.41    430.75       0    1076    1075     933
91285  05  00   600  99999.00  99999.00  99999.00  99999.00  99999.00  99999.00  99999.00  99999.00       0      17      27      24
91285  05  00   500  99999.00  99999.00   5698.67   6030.11   -200.02     52.10   -818.02    219.50       0    1074    1073     931
91285  05  00   400  99999.00  99999.00   7342.52   7785.20   -316.44    -66.84   -910.09    115.31       0    1071    1071     932
91285  05  00   300  99999.00  99999.00   9340.18   9935.74   -477.55   -218.11  -1046.15     -9.59       0    1066    1066     929
91285  05  00   250  99999.00  99999.00   7008.53  14722.25   -568.93   -317.05   -955.21   -208.93       0    1064    1064     650
91285  05  00   200  99999.00  99999.00  11953.64  12735.32   -673.05   -428.73   -917.32   -414.16       0    1061    1061     642
91285  05  00   150  99999.00  99999.00  13720.86  14545.98   -803.30   -513.26   -939.06   -566.70       0    1061    1061     642
91285  05  00   100  99999.00  99999.00  11609.05  21436.81   -904.91   -535.55   -996.80   -612.80       0    1056    1057     638
91285  05  00    80  99999.00  99999.00    -80.42  35130.58   -882.73   -539.41   -979.58   -620.54       0      90     164     109
91285  05  00    70  99999.00  99999.00  18354.80  18962.60   -844.16   -534.56   -976.19   -594.47       0    1046    1049     636
91285  05  00    60  99999.00  99999.00  19236.70  19846.90   -832.41   -508.65  -1015.27   -526.75       0      71     136     105
91285  05  00    50  99999.00  99999.00  20378.52  21021.60   -754.82   -497.42   -951.04   -520.72       0    1036    1036     632
91285  05  00    40  99999.00  99999.00  21599.04  22467.24   -732.08   -447.80   -986.92   -439.12       0      63     138     105
91285  05  00    30  99999.00  99999.00  23510.97  24323.25  -2126.94   1036.74   -998.13   -358.77       0    1010    1009     616
91285  05  00    20  99999.00  99999.00  26078.68  27040.84   -601.38   -343.62  -1059.71   -240.35       0     947     947     586
91285  05  00    15  99999.00  99999.00   6426.62  49502.66   -597.40   -284.08  -1103.68   -171.28       0     114     258     181
91285  05  00    10  99999.00  99999.00  30415.73  32002.61   -530.26   -247.54  -1059.98   -165.38       0     601     643     436
91285  05  00     7  99999.00  99999.00  32103.15  35103.75   -524.52   -186.12  -1013.49   -174.33       0     127     209     138
91285  05  00     5  99999.00  99999.00  99999.00  99999.00  99999.00  99999.00  99999.00  99999.00       0      18      34      20
91285  05  00     3  99999.00  99999.00  99999.00  99999.00  99999.00  99999.00  99999.00  99999.00       0       1       2       2
91285  05  00     2  99999.00  99999.00  99999.00  99999.00  99999.00  99999.00  99999.00  99999.00       0       0       0       0
91285  05  00     1  99999.00  99999.00  99999.00  99999.00  99999.00  99999.00  99999.00  99999.00       0       0       0       0
91285  06  00  9999   1006.33   1025.53  99999.00  99999.00    179.03    354.23    -61.93    205.67    1039       0     885     752
91285  06  00  1000  99999.00  99999.00     70.50    231.42    167.05    314.05     75.79    288.07       0    1043    1042     908
91285  06  00   925  99999.00  99999.00    751.42    902.38    128.27    234.59     36.30    266.22       0     687     691     662
91285  06  00   900  99999.00  99999.00  99999.00  99999.00  99999.00  99999.00  99999.00  99999.00       0       8      20      19
91285  06  00   850  99999.00  99999.00   1473.80   1621.64     73.93    199.57    -55.91    274.33       0    1043    1040     906
91285  06  00   800  99999.00  99999.00  99999.00  99999.00  99999.00  99999.00  99999.00  99999.00       0      27      52      45
91285  06  00   700  99999.00  99999.00   3080.31   3261.27    -33.00    216.84   -632.90    381.70       0    1043    1041     902
91285  06  00   600  99999.00  99999.00  99999.00  99999.00  99999.00  99999.00  99999.00  99999.00       0       6      18      17
91285  06  00   500  99999.00  99999.00   5734.55   6033.11   -181.19     54.13   -733.40    167.92       0    1041    1040     897
91285  06  00   400  99999.00  99999.00   7387.20   7790.28   -300.92    -67.76   -863.54    101.50       0    1033    1034     897
91285  06  00   300  99999.00  99999.00   9399.73   9936.97   -455.16   -229.80   -986.30    -29.30       0    1030    1029     893
91285  06  00   250  99999.00  99999.00  10608.06  11227.98   -550.83   -326.91   -875.66   -265.22       0    1031    1029     622
91285  06  00   200  99999.00  99999.00  12030.34  12729.46   -654.78   -442.62   -854.47   -460.15       0    1027    1025     613
91285  06  00   150  99999.00  99999.00  13803.64  14537.32   -797.11   -512.83   -914.41   -575.29       0    1028    1025     613
91285  06  00   100  99999.00  99999.00  16290.92  16894.40   -879.58   -540.58   -967.20   -614.76       0    1027    1029     616
91285  06  00    80  99999.00  99999.00  17615.94  18155.70   -848.34   -557.70   -934.15   -641.47       0      90     137      83
91285  06  00    70  99999.00  99999.00  18440.93  18983.57   -810.22   -555.22   -929.94   -618.06       0    1014    1016     612
91285  06  00    60  99999.00  99999.00  99999.00  99999.00   -800.03   -511.55   -910.28   -598.16       0      51      97      69
91285  06  00    50  99999.00  99999.00  20458.37  21066.29   -729.28   -507.28   -895.98   -552.18       0    1007    1007     609
91285  06  00    40  99999.00  99999.00  21682.82  22503.02   -728.97   -430.53   -903.47   -495.47       0      62     123      89
91285  06  00    30  99999.00  99999.00  23610.92  24366.44   -644.73   -423.09   -947.26   -388.30       0     977     979     595
91285  06  00    20  99999.00  99999.00  26186.03  27079.43   -595.33   -356.17  -1015.84   -267.28       0     942     945     570
91285  06  00    15  99999.00  99999.00  27528.66  29234.10   -590.21   -298.49  -1072.58   -192.26       0     111     239     171
91285  06  00    10  99999.00  99999.00  30454.22  32078.66   -536.40   -256.68  -1059.18   -159.66       0     564     629     409
91285  06  00     7  99999.00  99999.00  32172.62  35106.14   -506.63   -224.15   -995.67   -159.99       0      94     168     104
91285  06  00     5  99999.00  99999.00  99999.00  99999.00  99999.00  99999.00  99999.00  99999.00       0       8      21      12
91285  06  00     3  99999.00  99999.00  99999.00  99999.00  99999.00  99999.00  99999.00  99999.00       0       0       0       0
91285  06  00     2  99999.00  99999.00  99999.00  99999.00  99999.00  99999.00  99999.00  99999.00       0       0       0       0
91285  06  00     1  99999.00  99999.00  99999.00  99999.00  99999.00  99999.00  99999.00  99999.00       0       0       0       0
91285  07  00  9999   1006.14   1024.38  99999.00  99999.00    179.77    359.53    -79.23    213.57    1070       0     942     792
91285  07  00  1000  99999.00  99999.00     69.42    221.46    169.95    320.55     74.92    305.92       0    1071    1069     917
91285  07  00   925  99999.00  99999.00    751.59    895.35    129.27    244.83     42.25    275.41       0     707     712     676
91285  07  00   900  99999.00  99999.00  99999.00  99999.00  99999.00  99999.00  99999.00  99999.00       0      10      25      21
91285  07  00   850  99999.00  99999.00   1474.75   1616.23     71.20    216.52    -49.16    283.12       0    1072    1066     914
91285  07  00   800  99999.00  99999.00  99999.00  99999.00  99999.00  99999.00  99999.00  99999.00       0      24      49      43
91285  07  00   700  99999.00  99999.00   3085.29   3258.09    -20.27    203.65   -644.73    435.39       0    1073    1070     912
91285  07  00   600  99999.00  99999.00  99999.00  99999.00  99999.00  99999.00  99999.00  99999.00       0      18      35      27
91285  07  00   500  99999.00  99999.00   5767.58   6009.98   -151.95     42.93   -734.70    166.98       0    1073    1071     912
91285  07  00   400  99999.00  99999.00   7447.08   7754.04   -269.07    -78.15   -831.75     81.45       0    1069    1069     913
91285  07  00   300  99999.00  99999.00   9483.13   9894.97   -429.09   -234.93   -967.86    -36.42       0    1068    1068     913
91285  07  00   250  99999.00  99999.00  10705.67  11182.07   -526.64   -334.52   -848.27   -281.15       0    1066    1067     643
91285  07  00   200  99999.00  99999.00  12137.01  12683.25   -635.83   -451.39   -851.24   -458.60       0    1064    1065     636
91285  07  00   150  99999.00  99999.00  13915.14  14488.38   -782.54   -534.02   -925.27   -575.11       0    1058    1060     632
91285  07  00   100  99999.00  99999.00  16383.78  16843.38   -869.29   -562.21   -977.18   -625.70       0    1054    1059     633
91285  07  00    80  99999.00  99999.00  17656.80  18153.24   -824.36   -561.20   -941.49   -627.57       0      89     139      93
91285  07  00    70  99999.00  99999.00  18492.11  18986.03   -786.23   -554.87   -937.13   -596.93       0    1042    1043     627
91285  07  00    60  99999.00  99999.00  99999.00  99999.00   -784.20   -527.40   -925.30   -586.54       0      50     100      74
91285  07  00    50  99999.00  99999.00  20505.58  21090.10   -726.60   -493.68   -899.33   -541.13       0    1031    1034     621
91285  07  00    40  99999.00  99999.00  99999.00  99999.00   -713.08   -446.68   -959.75   -437.03       0      46     104      77
91285  07  00    30  99999.00  99999.00  23642.29  24415.45   -658.15   -415.27   -941.92   -407.08       0    1009    1012     608
91285  07  00    20  99999.00  99999.00  26189.99  27142.19   -617.60   -347.96  -1019.28   -283.92       0     963     968     584
91285  07  00    15  99999.00  99999.00  27530.64  29290.80   -610.66   -290.50  -1131.03   -170.19       0     117     268     177
91285  07  00    10  99999.00  99999.00  30496.30  32077.66   -557.93   -262.85  -1057.52   -187.04       0     581     642     417
91285  07  00     7  99999.00  99999.00  32132.71  35114.11   -534.02   -224.78  -1046.09   -165.05       0     150     242     135
91285  07  00     5  99999.00  99999.00  99999.00  99999.00  99999.00  99999.00  99999.00  99999.00       0      16      37      24
91285  07  00     3  99999.00  99999.00  99999.00  99999.00  99999.00  99999.00  99999.00  99999.00       0       1       2       0
91285  07  00     2  99999.00  99999.00  99999.00  99999.00  99999.00  99999.00  99999.00  99999.00       0       0       1       0
91285  07  00     1  99999.00  99999.00  99999.00  99999.00  99999.00  99999.00  99999.00  99999.00       0       0       0       0
91285  08  00  9999   1005.45   1023.93  99999.00  99999.00  -1757.67   2279.37  -1860.50   1969.30    1074       0     934     793
91285  08  00  1000  99999.00  99999.00  -1726.01   1988.23    172.47    325.71     76.67    312.35       0    1075    1076     935
91285  08  00   925  99999.00  99999.00  -1627.15   3237.05    133.55    248.75     43.04    280.88       0     713     719     683
91285  08  00   900  99999.00  99999.00  99999.00  99999.00  99999.00  99999.00  99999.00  99999.00       0      14      30      26
91285  08  00   850  99999.00  99999.00   1472.54   1612.82     70.42    225.22    -60.51    298.41       0    1077    1074     931
91285  08  00   800  99999.00  99999.00  99999.00  99999.00      9.66    245.22  99999.00  99999.00       0      31      63      55
91285  08  00   700  99999.00  99999.00   3088.90   3254.26     -9.04    201.08   -648.86    450.46       0    1076    1073     923
91285  08  00   600  99999.00  99999.00  99999.00  99999.00  99999.00  99999.00  99999.00  99999.00       0      20      36      31
91285  08  00   500  99999.00  99999.00   5782.78   6001.66   -139.70     38.02   -789.67    222.17       0    1076    1074     921
91285  08  00   400  99999.00  99999.00   4364.88  10817.64   -245.97    -85.41   -865.53     98.31       0    1074    1073     922
91285  08  00   300  99999.00  99999.00   6071.83  13298.35   -411.39   -236.31  -1012.90    -10.54       0    1073    1074     924
91285  08  00   250  99999.00  99999.00  10754.82  11169.78   -509.74   -337.42   -917.46   -217.02       0    1073    1073     659
91285  08  00   200  99999.00  99999.00  12191.96  12673.16   -620.36   -456.56   -882.90   -425.70       0    1072    1072     636
91285  08  00   150  99999.00  99999.00  13964.10  14486.82   -767.30   -556.58   -927.78   -580.86       0    1068    1069     634
91285  08  00   100  99999.00  99999.00   9648.05  23509.13   -869.57   -572.81   -982.59   -635.67       0    1063    1064     632
91285  08  00    80  99999.00  99999.00  17656.41  18181.53   -826.11   -560.67   -988.23   -586.23       0      95     135      90
91285  08  00    70  99999.00  99999.00  18499.87  19003.39   -792.72   -547.56   -944.10   -594.66       0    1057    1057     630
91285  08  00    60  99999.00  99999.00  19346.61  19959.21   -797.80   -496.96   -927.50   -570.14       0      68     104      71
91285  08  00    50  99999.00  99999.00  20504.48  21117.08   -732.63   -488.91   -930.81   -517.17       0    1052    1052     628
91285  08  00    40  99999.00  99999.00  21794.83  22493.71   -733.65   -431.97   -946.20   -454.92       0      63     118      82
91285  08  00    30  99999.00  99999.00  23618.79  24451.95   -670.19   -414.23   -987.18   -379.26       0    1019    1019     609
91285  08  00    20  99999.00  99999.00  26141.86  27182.74   -625.40   -357.08  -1054.22   -273.02       0     973     974     583
91285  08  00    15  99999.00  99999.00  27409.24  29361.88   -621.11   -304.19  -1157.72   -189.32       0     100     243     164
91285  08  00    10  99999.00  99999.00  30445.84  32087.20   -561.71   -271.91  -1083.65   -189.77       0     629     680     436
91285  08  00     7  99999.00  99999.00  11394.00  55292.64   -562.18   -209.50   -985.58   -204.98       0     143     236     130
91285  08  00     5  99999.00  99999.00  99999.00  99999.00  99999.00  99999.00  99999.00  99999.00       0      23      36       9
91285  08  00     3  99999.00  99999.00  99999.00  99999.00  99999.00  99999.00  99999.00  99999.00       0       2       4       0
91285  08  00     2  99999.00  99999.00  99999.00  99999.00  99999.00  99999.00  99999.00  99999.00       0       0       0       0
91285  08  00     1  99999.00  99999.00  99999.00  99999.00  99999.00  99999.00  99999.00  99999.00       0       1       1       1
91285  09  00  9999   1003.35   1023.99  99999.00  99999.00    180.35    366.11    -73.11    208.05    1033       0     917     775
91285  09  00  1000  99999.00  99999.00     46.67    217.07    175.56    327.72     79.59    307.35       0    1038    1037     894
91285  09  00   925  99999.00  99999.00    730.43    893.75    133.45    251.89     34.72    285.40       0     682     683     651
91285  09  00   900  99999.00  99999.00  99999.00  99999.00  99999.00  99999.00  99999.00  99999.00       0       6      20      20
91285  09  00   850  99999.00  99999.00   -418.39   3468.53     75.87    222.39    -72.72    307.08       0    1037    1037     894
91285  09  00   800  99999.00  99999.00  99999.00  99999.00  99999.00  99999.00  99999.00  99999.00       0      28      59      55
91285  09  00   700  99999.00  99999.00   3077.27   3248.15    -20.37    209.79   -723.74    531.34       0    1038    1038     883
91285  09  00   600  99999.00  99999.00  99999.00  99999.00  99999.00  99999.00  99999.00  99999.00       0      23      43      33
91285  09  00   500  99999.00  99999.00   5765.30   6001.22   -139.56     35.64   -792.12    248.52       0    1035    1035     882
91285  09  00   400  99999.00  99999.00   7450.24   7745.56   -251.43    -83.79   -864.93    125.07       0    1031    1031     880
91285  09  00   300  99999.00  99999.00   9498.29   9886.61   -414.17   -235.85   -986.79     -9.75       0    1027    1025     875
91285  09  00   250  99999.00  99999.00  10728.88  11172.04   -510.67   -338.71   -899.78   -227.78       0    1026    1026     618
91285  09  00   200  99999.00  99999.00  12169.13  12671.21   -625.26   -453.30   -855.71   -447.59       0    1025    1024     605
91285  09  00   150  99999.00  99999.00  13940.83  14485.15   -767.36   -554.84   -906.40   -596.32       0    1022    1022     603
91285  09  00   100  99999.00  99999.00  16360.38  16867.50   -878.74   -583.30   -972.80   -660.68       0    1019    1020     603
91285  09  00    80  99999.00  99999.00  17566.07  18227.51   -849.14   -564.50   -952.15   -639.67       0      95     142      93
91285  09  00    70  99999.00  99999.00  18450.00  18999.60  -2456.14   1077.98   -931.46   -620.78       0    1006    1007     598
91285  09  00    60  99999.00  99999.00  99999.00  99999.00   -802.93   -501.49   -919.92   -588.36       0      54      97      65
91285  09  00    50  99999.00  99999.00  20443.02  21112.02   -741.29   -495.29   -908.22   -546.90       0     997     998     593
91285  09  00    40  99999.00  99999.00  99999.00  99999.00   -732.71   -442.43  -1006.91   -422.75       0      56     114      80
91285  09  00    30  99999.00  99999.00  23541.06  24447.42   -674.49   -416.73   -982.99   -385.39       0     969     969     577
91285  09  00    20  99999.00  99999.00  26076.07  27161.71   -625.54   -360.94  -1068.24   -261.00       0     922     922     557
91285  09  00    15  99999.00  99999.00  27363.53  29365.49   -626.79   -303.03  -1164.79   -176.83       0     114     278     187
91285  09  00    10  99999.00  99999.00  30360.78  32066.58   -563.61   -272.25  -1072.67   -182.99       0     565     616     397
91285  09  00     7  99999.00  99999.00  32297.31  34887.87  -4167.89   3317.83  -1008.25   -166.81       0     168     238     141
91285  09  00     5  99999.00  99999.00  99999.00  99999.00  99999.00  99999.00  99999.00  99999.00       0      35      59      28
91285  09  00     3  99999.00  99999.00  99999.00  99999.00  99999.00  99999.00  99999.00  99999.00       0       2       4       2
91285  09  00     2  99999.00  99999.00  99999.00  99999.00  99999.00  99999.00  99999.00  99999.00       0       2       2       2
91285  09  00     1  99999.00  99999.00  99999.00  99999.00  99999.00  99999.00  99999.00  99999.00       0       0       0       0
91285  10  00  9999   1001.64   1025.28  99999.00  99999.00    165.95    372.35    -78.30    205.62    1049       0     919     774
91285  10  00  1000  99999.00  99999.00     31.33    228.37    165.41    332.81     79.11    307.11       0    1053    1053     908
91285  10  00   925  99999.00  99999.00    715.84    903.16    121.53    260.49     44.37    278.37       0     682     688     655
91285  10  00   900  99999.00  99999.00  99999.00  99999.00  99999.00  99999.00  99999.00  99999.00       0      14      25      21
91285  10  00   850  99999.00  99999.00   1445.36   1618.76     63.53    231.65    -75.20    309.04       0    1053    1053     906
91285  10  00   800  99999.00  99999.00  99999.00  99999.00  99999.00  99999.00  99999.00  99999.00       0      25      55      49
91285  10  00   700  99999.00  99999.00   3064.46   3253.22    -17.35    200.33   -712.03    509.69       0    1051    1041     880
91285  10  00   600  99999.00  99999.00  99999.00  99999.00  99999.00  99999.00  99999.00  99999.00       0      13      27      21
91285  10  00   500  99999.00  99999.00   5733.24   6010.56   -159.74     34.42   -818.58    266.46       0    1051    1051     883
91285  10  00   400  99999.00  99999.00   7401.08   7756.88   -283.86    -74.58   -896.04    161.28       0    1047    1047     886
91285  10  00   300  99999.00  99999.00   9428.10   9900.54   -445.30   -223.54   -989.07      1.05       0    1043    1042     882
91285  10  00   250  99999.00  99999.00  10643.22  11193.06   -538.36   -324.88   -867.62   -246.98       0    1042    1041     636
91285  10  00   200  99999.00  99999.00  12067.27  12699.55   -643.05   -446.01   -853.40   -448.88       0    1039    1038     632
91285  10  00   150  99999.00  99999.00  13836.99  14509.11   -782.61   -541.41   -907.38   -593.58       0    1036    1034     628
91285  10  00   100  99999.00  99999.00  16284.63  16859.19   -896.30   -583.34   -976.27   -661.99       0    1024    1027     628
91285  10  00    80  99999.00  99999.00  17549.15  18171.59   -886.25   -563.09   -989.58   -630.78       0     107     162     108
91285  10  00    70  99999.00  99999.00  18384.61  18947.77   -848.24   -544.88   -951.01   -624.25       0    1011    1014     627
91285  10  00    60  99999.00  99999.00  19245.15  19887.63   -828.51   -506.91   -945.23   -576.23       0      69     125      96
91285  10  00    50  99999.00  99999.00  20366.29  21043.09   -762.86   -498.14   -918.35   -550.67       0     993     996     620
91285  10  00    40  99999.00  99999.00  21641.09  22416.17   -740.25   -454.53   -952.61   -460.37       0      78     135     107
91285  10  00    30  99999.00  99999.00  23459.86  24354.94   -688.64   -414.68   -975.16   -399.40       0     966     968     605
91285  10  00    20  99999.00  99999.00  25985.62  27063.10   -648.37   -351.85  -1091.27   -251.87       0     923     928     581
91285  10  00    15  99999.00  99999.00  27433.10  29076.38   -645.62   -293.78  -1184.19   -152.19       0     146     292     202
91285  10  00    10  99999.00  99999.00  30189.07  32026.51   -578.69   -263.09  -1112.66   -176.06       0     596     647     415
91285  10  00     7  99999.00  99999.00  32175.24  34847.16   -568.31   -197.75  -1016.53   -181.21       0     168     241     135
91285  10  00     5  99999.00  99999.00  99999.00  99999.00  99999.00  99999.00  99999.00  99999.00       0      25      58      34
91285  10  00     3  99999.00  99999.00  99999.00  99999.00  99999.00  99999.00  99999.00  99999.00       0       3       9       6
91285  10  00     2  99999.00  99999.00  99999.00  99999.00  99999.00  99999.00  99999.00  99999.00       0       1       1       0
91285  10  00     1  99999.00  99999.00  99999.00  99999.00  99999.00  99999.00  99999.00  99999.00       0       0       0       0
91285  11  00  9999    998.33   1029.17  99999.00  99999.00    154.04    364.88    -82.48    200.96    1002       0     909     771
91285  11  00  1000  99999.00  99999.00      1.14    263.22    150.80    331.04     67.00    308.32       0    1011    1011     872
91285  11  00   925  99999.00  99999.00    693.59    925.55    106.35    259.59     41.42    271.34       0     654     659     629
91285  11  00   900  99999.00  99999.00  99999.00  99999.00  99999.00  99999.00  99999.00  99999.00       0      12      27      18
91285  11  00   850  99999.00  99999.00   1416.54   1644.78     40.62    243.06   -115.39    332.09       0    1012    1011     870
91285  11  00   800  99999.00  99999.00  99999.00  99999.00  99999.00  99999.00  99999.00  99999.00       0      20      43      38
91285  11  00   700  99999.00  99999.00   3037.68   3270.96    -44.72    212.32   -746.00    534.52       0    1010    1005     852
91285  11  00   600  99999.00  99999.00  99999.00  99999.00  99999.00  99999.00  99999.00  99999.00       0      17      28      22
91285  11  00   500  99999.00  99999.00   2838.99   8846.19   -186.48     42.36   -871.18    309.14       0    1007    1007     839
91285  11  00   400  99999.00  99999.00   7334.23   7784.11   -306.97    -70.57   -980.07    221.97       0    1005    1004     841
91285  11  00   300  99999.00  99999.00   9344.56   9929.32   -466.74   -216.90  -1075.65     56.43       0    1007    1007     850
91285  11  00   250  99999.00  99999.00  10555.77  11219.61   -557.23   -315.31  -1005.97   -148.21       0    1004    1004     614
91285  11  00   200  99999.00  99999.00  11982.68  12721.16   -661.98   -427.02   -980.22   -349.02       0    1002    1001     600
91285  11  00   150  99999.00  99999.00   9522.16  18716.32  -2446.72   1109.00   -991.73   -526.13       0    1000     999     600
91285  11  00   100  99999.00  99999.00  16199.22  16880.70   -903.36   -596.28  -1041.71   -622.67       0     999     998     599
91285  11  00    80  99999.00  99999.00  17526.48  18095.64   -911.93   -576.05  -1043.95   -615.55       0     103     155     113
91285  11  00    70  99999.00  99999.00  18322.16  18910.52   -878.53   -554.77  -1018.43   -595.19       0     989     991     589
91285  11  00    60  99999.00  99999.00  19144.85  19861.73   -845.08   -511.60  -1041.41   -529.85       0      85     141      90
91285  11  00    50  99999.00  99999.00  20318.69  20963.09   -771.94   -505.06  -1002.31   -493.63       0     976     978     584
91285  11  00    40  99999.00  99999.00  21531.74  22382.54   -748.91   -457.07  -1032.48   -423.36       0      83     153     102
91285  11  00    30  99999.00  99999.00  23411.81  24258.29   -696.31   -417.07  -1034.06   -359.66       0     944     944     549
91285  11  00    20  99999.00  99999.00  25926.90  26968.62   -659.51   -346.07  -1087.29   -256.65       0     915     917     531
91285  11  00    15  99999.00  99999.00  27201.48  29153.16   -638.35   -294.91  -1178.83   -157.15       0     129     295     187
91285  11  00    10  99999.00  99999.00  30092.56  31975.96   -592.76   -247.28  -1127.00   -151.16       0     584     628     384
91285  11  00     7  99999.00  99999.00  32096.40  34801.20   -603.31   -173.59  -1084.32   -155.04       0     152     224     134
91285  11  00     5  99999.00  99999.00  99999.00  99999.00  99999.00  99999.00  99999.00  99999.00       0      25      54      37
91285  11  00     3  99999.00  99999.00  99999.00  99999.00  99999.00  99999.00  99999.00  99999.00       0       0       3       1
91285  11  00     2  99999.00  99999.00  99999.00  99999.00  99999.00  99999.00  99999.00  99999.00       0       0       0       0
91285  11  00     1  99999.00  99999.00  99999.00  99999.00  99999.00  99999.00  99999.00  99999.00       0       0       0       0
91285  12  00  9999    996.01   1032.01  99999.00  99999.00    138.54    366.42    -94.94    223.90    1049       0     925     792
91285  12  00  1000  99999.00  99999.00  -1756.64   2004.76    135.01    330.85     28.64    319.28       0    1052    1051     918
91285  12  00   925  99999.00  99999.00    672.85    949.57     92.23    257.83     25.65    263.25       0     684     685     651
91285  12  00   900  99999.00  99999.00  99999.00  99999.00  99999.00  99999.00  99999.00  99999.00       0      14      26      18
91285  12  00   850  99999.00  99999.00   1391.98   1663.18     23.09    243.65   -171.80    360.88       0    1048    1048     910
91285  12  00   800  99999.00  99999.00  99999.00  99999.00  99999.00  99999.00  99999.00  99999.00       0      21      45      39
91285  12  00   700  99999.00  99999.00   3004.95   3288.03    -65.05    221.15   -690.71    448.81       0    1048    1043     894
91285  12  00   600  99999.00  99999.00  99999.00  99999.00  99999.00  99999.00  99999.00  99999.00       0      16      31      26
91285  12  00   500  99999.00  99999.00   5631.36   6058.80   -218.79     63.09   -849.94    271.82       0    1047    1047     896
91285  12  00   400  99999.00  99999.00   7264.25   7819.25   -342.40    -48.28   -933.03    159.21       0    1047    1046     892
91285  12  00   300  99999.00  99999.00   5934.51  13258.83   -505.00   -185.44  -1038.14     10.06       0    1043    1043     880
91285  12  00   250  99999.00  99999.00  10447.12  11284.00   -595.51   -272.71   -972.43   -182.59       0    1043    1041     644
91285  12  00   200  99999.00  99999.00  11860.98  12805.02   -688.82   -382.10   -923.31   -390.03       0    1041    1040     624
91285  12  00   150  99999.00  99999.00  13645.27  14624.71   -790.15   -502.15   -951.32   -543.44       0    1037    1036     624
91285  12  00   100  99999.00  99999.00  11543.53  21480.25   -935.05   -576.25  -1025.62   -653.74       0    1034    1034     624
91285  12  00    80  99999.00  99999.00  17475.28  18117.88   -971.81   -566.93  -1057.70   -641.18       0     105     166     108
91285  12  00    70  99999.00  99999.00  18288.11  18905.27   -946.83   -528.27  -1049.24   -608.00       0    1026    1029     613
91285  12  00    60  99999.00  99999.00  -1929.03  40054.77   -915.83   -482.15  -1031.89   -557.29       0      71     136      94
91285  12  00    50  99999.00  99999.00  20309.24  20902.88   -799.65   -502.29   -968.23   -550.03       0    1014    1015     604
91285  12  00    40  99999.00  99999.00  21513.38  22324.70   -788.51   -443.87   -978.05   -488.69       0      89     169     119
91285  12  00    30  99999.00  99999.00  17262.78  30236.82   -720.40   -414.88  -1023.23   -385.31       0     980     983     576
91285  12  00    20  99999.00  99999.00  19178.05  33507.25   -687.87   -344.31  -1095.73   -264.97       0     933     937     551
91285  12  00    15  99999.00  99999.00  27170.15  28995.71   -671.25   -303.81  -1146.74   -186.14       0     158     324     215
91285  12  00    10  99999.00  99999.00  30039.86  31845.74   -640.41   -239.37  -1134.83   -157.91       0     649     695     433
91285  12  00     7  99999.00  99999.00  15504.10  50657.26   -624.01   -188.05  -1062.14   -166.22       0     220     317     199
91285  12  00     5  99999.00  99999.00  99999.00  99999.00   -604.44   -163.68  99999.00  99999.00       0      23      62      39
91285  12  00     3  99999.00  99999.00  99999.00  99999.00  99999.00  99999.00  99999.00  99999.00       0       0       2       2
91285  12  00     2  99999.00  99999.00  99999.00  99999.00  99999.00  99999.00  99999.00  99999.00       0       0       0       0
91285  12  00     1  99999.00  99999.00  99999.00  99999.00  99999.00  99999.00  99999.00  99999.00       0       0       0       0
