62010  01  12  9999    973.65   1053.69  99999.00  99999.00    -32.01    349.83   -171.83    318.73     427       0     424     420
62010  01  12  1000  99999.00  99999.00   -121.56    509.64    -49.18    334.58   -213.74    309.22       0     484     480     477
62010  01  12   925  99999.00  99999.00    499.95   1171.95    -86.23    283.25   -275.52    297.96       0     131     134     133
62010  01  12   900  99999.00  99999.00  99999.00  99999.00  99999.00  99999.00  99999.00  99999.00       0       0      21      21
62010  01  12   850  99999.00  99999.00   1222.12   1853.68   -183.19    280.73   -508.48    376.76       0     490     491     482
62010  01  12   800  99999.00  99999.00  99999.00  99999.00  99999.00  99999.00  99999.00  99999.00       0       0      22      22
62010  01  12   700  99999.00  99999.00   2724.09   3476.37   -255.10    206.78   -815.83    379.85       0     482     486     467
62010  01  12   600  99999.00  99999.00  99999.00  99999.00  99999.00  99999.00  99999.00  99999.00       0       0      23      22
62010  01  12   500  99999.00  99999.00   5155.63   6221.47   -416.50     30.86   -964.17    198.75       0     476     478     448
62010  01  12   400  99999.00  99999.00   6681.29   7938.17   -521.97   -103.17  -1033.76     47.80       0     475     479     431
62010  01  12   300  99999.00  99999.00   8548.02  10022.22   -618.84   -288.36  -1060.23   -198.15       0     459     464     291
62010  01  12   250  99999.00  99999.00   9715.40  11245.40   -717.23   -329.63  -1056.97   -358.57       0     454     451     272
62010  01  12   200  99999.00  99999.00  11235.12  12583.32   -874.64   -246.44  -1065.21   -461.85       0     436     443     215
62010  01  12   150  99999.00  99999.00  13139.87  14322.35   -790.67   -360.83  -1155.84   -488.76       0     416     424     201
62010  01  12   100  99999.00  99999.00  15755.43  16755.99   -818.45   -439.85  -1221.86   -551.18       0     394     429     194
62010  01  12    80  99999.00  99999.00  99999.00  99999.00  99999.00  99999.00  99999.00  99999.00       0       0      17       1
62010  01  12    70  99999.00  99999.00  18077.64  18820.68   -842.25   -405.09  99999.00  99999.00       0      83      87      17
62010  01  12    60  99999.00  99999.00  99999.00  99999.00  99999.00  99999.00  99999.00  99999.00       0       0       4       1
62010  01  12    50  99999.00  99999.00  20077.84  21006.28   -804.08   -404.36  99999.00  99999.00       0      68      74      13
62010  01  12    40  99999.00  99999.00  99999.00  99999.00  99999.00  99999.00  99999.00  99999.00       0       0      12       2
62010  01  12    30  99999.00  99999.00  99999.00  99999.00  99999.00  99999.00  99999.00  99999.00       0      29      33       5
62010  01  12    20  99999.00  99999.00  99999.00  99999.00  99999.00  99999.00  99999.00  99999.00       0      10      12       0
62010  01  12    15  99999.00  99999.00  99999.00  99999.00  99999.00  99999.00  99999.00  99999.00       0       0       0       0
62010  01  12    10  99999.00  99999.00  99999.00  99999.00  99999.00  99999.00  99999.00  99999.00       0       0       1       0
62010  01  12     7  99999.00  99999.00  99999.00  99999.00  99999.00  99999.00  99999.00  99999.00       0       0       0       0
62010  01  12     5  99999.00  99999.00  99999.00  99999.00  99999.00  99999.00  99999.00  99999.00       0       0       0       0
62010  01  12     3  99999.00  99999.00  99999.00  99999.00  99999.00  99999.00  99999.00  99999.00       0       0       0       0
62010  01  12     2  99999.00  99999.00  99999.00  99999.00  99999.00  99999.00  99999.00  99999.00       0       0       0       0
62010  01  12     1  99999.00  99999.00  99999.00  99999.00  99999.00  99999.00  99999.00  99999.00       0       0       0       0
62010  02  12  9999    974.45   1048.85  99999.00  99999.00    -66.77    419.35   -205.10    379.66     425       0     423     421
62010  02  12  1000  99999.00  99999.00   -122.37    479.91    -89.52    407.52   -276.49    366.23       0     476     474     463
62010  02  12   925  99999.00  99999.00    504.88   1149.64   -165.69    370.47   -235.01    250.75       0     126     130     127
62010  02  12   900  99999.00  99999.00  99999.00  99999.00  99999.00  99999.00  99999.00  99999.00       0       0      16      16
62010  02  12   850  99999.00  99999.00   1217.84   1830.32   -213.09    322.95   -480.12    359.64       0     502     499     486
62010  02  12   800  99999.00  99999.00  99999.00  99999.00  99999.00  99999.00  99999.00  99999.00       0       0      11      11
62010  02  12   700  99999.00  99999.00   2733.61   3439.09   -263.24    209.68   -776.34    378.18       0     490     495     460
62010  02  12   600  99999.00  99999.00  99999.00  99999.00  99999.00  99999.00  99999.00  99999.00       0       0      11      11
62010  02  12   500  99999.00  99999.00   5159.91   6180.75   -415.84     25.88   -985.46    218.74       0     489     487     439
62010  02  12   400  99999.00  99999.00   6671.68   7906.00   -520.57   -108.01  -1039.24     64.64       0     483     486     431
62010  02  12   300  99999.00  99999.00   8551.06   9979.30   -621.64   -290.32  -1049.37   -209.97       0     475     479     311
62010  02  12   250  99999.00  99999.00   9697.78  11213.98   -723.25   -321.25  -1044.05   -367.13       0     461     462     293
62010  02  12   200  99999.00  99999.00  11229.38  12551.78   -870.89   -233.09  -1107.40   -430.24       0     448     452     244
62010  02  12   150  99999.00  99999.00  13138.10  14303.90   -777.80   -358.64  -1172.71   -493.15       0     431     430     220
62010  02  12   100  99999.00  99999.00  15766.92  16744.44   -823.73   -433.97  -1209.62   -577.94       0     384     411     206
62010  02  12    80  99999.00  99999.00  99999.00  99999.00  99999.00  99999.00  99999.00  99999.00       0       0       9       2
62010  02  12    70  99999.00  99999.00  99999.00  99999.00  99999.00  99999.00  99999.00  99999.00       0      55      60       9
62010  02  12    60  99999.00  99999.00  99999.00  99999.00  99999.00  99999.00  99999.00  99999.00       0       0       8       1
62010  02  12    50  99999.00  99999.00  99999.00  99999.00  99999.00  99999.00  99999.00  99999.00       0      48      49       8
62010  02  12    40  99999.00  99999.00  99999.00  99999.00  99999.00  99999.00  99999.00  99999.00       0       0       7       1
62010  02  12    30  99999.00  99999.00  99999.00  99999.00  99999.00  99999.00  99999.00  99999.00       0      20      25       4
62010  02  12    20  99999.00  99999.00  99999.00  99999.00  99999.00  99999.00  99999.00  99999.00       0       9      16       1
62010  02  12    15  99999.00  99999.00  99999.00  99999.00  99999.00  99999.00  99999.00  99999.00       0       0       0       0
62010  02  12    10  99999.00  99999.00  99999.00  99999.00  99999.00  99999.00  99999.00  99999.00       0       0       0       0
62010  02  12     7  99999.00  99999.00  99999.00  99999.00  99999.00  99999.00  99999.00  99999.00       0       0       0       0
62010  02  12     5  99999.00  99999.00  99999.00  99999.00  99999.00  99999.00  99999.00  99999.00       0       0       0       0
62010  02  12     3  99999.00  99999.00  99999.00  99999.00  99999.00  99999.00  99999.00  99999.00       0       0       0       0
62010  02  12     2  99999.00  99999.00  99999.00  99999.00  99999.00  99999.00  99999.00  99999.00       0       0       0       0
62010  02  12     1  99999.00  99999.00  99999.00  99999.00  99999.00  99999.00  99999.00  99999.00       0       0       0       0
62010  03  12  9999    971.01   1046.25  99999.00  99999.00    -66.50    468.58   -238.21    443.03     436       0     433     430
62010  03  12  1000  99999.00  99999.00   -107.07    426.21    -98.74    470.78   -254.86    383.18       0     477     480     470
62010  03  12   925  99999.00  99999.00    492.45   1118.49   -168.93    434.79   -246.03    269.73       0     122     126     126
62010  03  12   900  99999.00  99999.00  99999.00  99999.00  99999.00  99999.00  99999.00  99999.00       0       0      32      29
62010  03  12   850  99999.00  99999.00   1213.37   1809.89   -231.51    383.61   -480.64    365.48       0     522     524     502
62010  03  12   800  99999.00  99999.00  99999.00  99999.00  99999.00  99999.00  99999.00  99999.00       0       0      24      23
62010  03  12   700  99999.00  99999.00   2747.00   3422.36   -244.10    218.38   -773.53    395.03       0     520     518     481
62010  03  12   600  99999.00  99999.00  99999.00  99999.00  99999.00  99999.00  99999.00  99999.00       0       0      19      17
62010  03  12   500  99999.00  99999.00   5204.73   6156.33   -384.16     12.32   -962.95    216.41       0     513     517     468
62010  03  12   400  99999.00  99999.00   6739.00   7870.48   -500.09   -109.73  -1004.95     38.81       0     498     503     445
62010  03  12   300  99999.00  99999.00   8623.32   9945.84   -609.24   -286.56  -1018.64   -214.16       0     483     486     306
62010  03  12   250  99999.00  99999.00   9806.92  11156.68   -723.30   -310.38  -1025.33   -360.65       0     467     474     286
62010  03  12   200  99999.00  99999.00  11293.65  12540.69   -849.53   -254.09  -1132.70   -381.74       0     449     456     233
62010  03  12   150  99999.00  99999.00  13199.23  14294.47   -778.00   -371.80  -1222.19   -426.47       0     427     426     210
62010  03  12   100  99999.00  99999.00   8166.58  24239.02   -828.87   -439.23  -1230.01   -543.97       0     386     425     191
62010  03  12    80  99999.00  99999.00  99999.00  99999.00  99999.00  99999.00  99999.00  99999.00       0       0      12       1
62010  03  12    70  99999.00  99999.00  17999.67  18928.95   -819.42   -443.10  99999.00  99999.00       0      65      69       9
62010  03  12    60  99999.00  99999.00  99999.00  99999.00  99999.00  99999.00  99999.00  99999.00       0       0       3       0
62010  03  12    50  99999.00  99999.00  99999.00  99999.00   -789.74   -419.30  99999.00  99999.00       0      58      63       8
62010  03  12    40  99999.00  99999.00  99999.00  99999.00  99999.00  99999.00  99999.00  99999.00       0       0       8       1
62010  03  12    30  99999.00  99999.00  99999.00  99999.00  99999.00  99999.00  99999.00  99999.00       0      29      35       4
62010  03  12    20  99999.00  99999.00  99999.00  99999.00  99999.00  99999.00  99999.00  99999.00       0      11      15       1
62010  03  12    15  99999.00  99999.00  99999.00  99999.00  99999.00  99999.00  99999.00  99999.00       0       0       0       0
62010  03  12    10  99999.00  99999.00  99999.00  99999.00  99999.00  99999.00  99999.00  99999.00       0       1       1       0
62010  03  12     7  99999.00  99999.00  99999.00  99999.00  99999.00  99999.00  99999.00  99999.00       0       0       0       0
62010  03  12     5  99999.00  99999.00  99999.00  99999.00  99999.00  99999.00  99999.00  99999.00       0       0       0       0
62010  03  12     3  99999.00  99999.00  99999.00  99999.00  99999.00  99999.00  99999.00  99999.00       0       0       0       0
62010  03  12     2  99999.00  99999.00  99999.00  99999.00  99999.00  99999.00  99999.00  99999.00       0       0       0       0
62010  03  12     1  99999.00  99999.00  99999.00  99999.00  99999.00  99999.00  99999.00  99999.00       0       0       0       0
62010  04  12  9999    974.69   1037.69  99999.00  99999.00    -62.01    549.63   -238.56    480.60     388       0     385     384
62010  04  12  1000  99999.00  99999.00    -69.48    352.44    -72.77    521.11   -214.46    388.06       0     408     403     403
62010  04  12   925  99999.00  99999.00    567.91   1019.47   -154.66    490.82   -333.88    384.92       0     118     125     123
62010  04  12   900  99999.00  99999.00  99999.00  99999.00  99999.00  99999.00  99999.00  99999.00       0       0      26      24
62010  04  12   850  99999.00  99999.00   1280.48   1744.16   -217.91    458.41   -498.47    402.13       0     459     467     461
62010  04  12   800  99999.00  99999.00  99999.00  99999.00  99999.00  99999.00  99999.00  99999.00       0       0      19      19
62010  04  12   700  99999.00  99999.00   2816.44   3401.92   -223.85    268.75   -784.72    452.96       0     456     456     438
62010  04  12   600  99999.00  99999.00  99999.00  99999.00  99999.00  99999.00  99999.00  99999.00       0       0      19      18
62010  04  12   500  99999.00  99999.00   5297.61   6172.05   -347.70     29.82  -1016.99    303.13       0     453     456     416
62010  04  12   400  99999.00  99999.00   6844.47   7908.87   -461.83    -95.35  -1009.71     95.37       0     447     455     412
62010  04  12   300  99999.00  99999.00   8718.69  10044.45   -587.86   -271.90  -1021.69   -169.33       0     433     437     293
62010  04  12   250  99999.00  99999.00   9912.91  11249.83   -675.94   -350.98   -975.53   -386.45       0     430     433     270
62010  04  12   200  99999.00  99999.00  11335.69  12682.45   -813.62   -328.10  -1003.81   -507.25       0     419     427     211
62010  04  12   150  99999.00  99999.00  13274.04  14369.76   -779.40   -397.56  -1141.45   -520.69       0     396     404     199
62010  04  12   100  99999.00  99999.00  15883.31  16788.11   -826.52   -452.00  -1171.30   -624.10       0     366     402     187
62010  04  12    80  99999.00  99999.00  99999.00  99999.00  99999.00  99999.00  99999.00  99999.00       0       0       9       0
62010  04  12    70  99999.00  99999.00  18016.73  19065.29   -826.75   -445.87  99999.00  99999.00       0      69      72      12
62010  04  12    60  99999.00  99999.00  99999.00  99999.00  99999.00  99999.00  99999.00  99999.00       0       0       7       2
62010  04  12    50  99999.00  99999.00  99999.00  99999.00   -778.13   -431.09  99999.00  99999.00       0      58      61      11
62010  04  12    40  99999.00  99999.00  99999.00  99999.00  99999.00  99999.00  99999.00  99999.00       0       0       5       1
62010  04  12    30  99999.00  99999.00  99999.00  99999.00  99999.00  99999.00  99999.00  99999.00       0      32      36       8
62010  04  12    20  99999.00  99999.00  99999.00  99999.00  99999.00  99999.00  99999.00  99999.00       0      13      16       4
62010  04  12    15  99999.00  99999.00  99999.00  99999.00  99999.00  99999.00  99999.00  99999.00       0       0       0       0
62010  04  12    10  99999.00  99999.00  99999.00  99999.00  99999.00  99999.00  99999.00  99999.00       0       0       0       0
62010  04  12     7  99999.00  99999.00  99999.00  99999.00  99999.00  99999.00  99999.00  99999.00       0       0       0       0
62010  04  12     5  99999.00  99999.00  99999.00  99999.00  99999.00  99999.00  99999.00  99999.00       0       0       1       0
62010  04  12     3  99999.00  99999.00  99999.00  99999.00  99999.00  99999.00  99999.00  99999.00       0       0       0       0
62010  04  12     2  99999.00  99999.00  99999.00  99999.00  99999.00  99999.00  99999.00  99999.00       0       0       0       0
62010  04  12     1  99999.00  99999.00  99999.00  99999.00  99999.00  99999.00  99999.00  99999.00       0       0       0       0
62010  05  12  9999    979.23   1032.75  99999.00  99999.00    -53.21    625.39   -303.99    591.57     417       0     413     412
62010  05  12  1000  99999.00  99999.00    -46.87    321.17    -77.40    619.44   -223.55    435.01       0     459     459     454
62010  05  12   925  99999.00  99999.00    572.04   1037.40   -139.74    557.34   -228.04    326.12       0     135     138     136
62010  05  12   900  99999.00  99999.00  99999.00  99999.00  99999.00  99999.00  99999.00  99999.00       0       0      19      19
62010  05  12   850  99999.00  99999.00   1322.56   1741.72   -147.06    467.10   -465.47    409.57       0     491     499     493
62010  05  12   800  99999.00  99999.00  99999.00  99999.00  99999.00  99999.00  99999.00  99999.00       0       0      13      13
62010  05  12   700  99999.00  99999.00   2875.25   3421.97   -157.43    264.61   -692.30    435.10       0     485     491     471
62010  05  12   600  99999.00  99999.00  99999.00  99999.00  99999.00  99999.00  99999.00  99999.00       0       0      23      19
62010  05  12   500  99999.00  99999.00   5431.56   6172.80   -273.12     10.08   -970.93    337.43       0     482     485     453
62010  05  12   400  99999.00  99999.00   7005.36   7916.64   -404.32    -99.76   -999.44    152.92       0     480     481     438
62010  05  12   300  99999.00  99999.00   8956.32  10011.24   -554.81   -264.89  -1012.57   -120.25       0     466     466     335
62010  05  12   250  99999.00  99999.00  10129.14  11268.66   -637.00   -367.24  -1001.16   -309.12       0     455     455     265
62010  05  12   200  99999.00  99999.00   5700.88  18452.08   -767.20   -397.84   -983.83   -495.55       0     437     444     224
62010  05  12   150  99999.00  99999.00  13413.92  14434.28   -821.47   -387.79  -1104.22   -512.02       0     424     434     214
62010  05  12   100  99999.00  99999.00   8424.47  24312.59   -801.46   -470.02  -1210.13   -559.85       0     400     435     200
62010  05  12    80  99999.00  99999.00  99999.00  99999.00  99999.00  99999.00  99999.00  99999.00       0       0      10       0
62010  05  12    70  99999.00  99999.00  18045.43  19273.87   -807.96   -433.08  99999.00  99999.00       0      87      91      17
62010  05  12    60  99999.00  99999.00  99999.00  99999.00  99999.00  99999.00  99999.00  99999.00       0       0       8       1
62010  05  12    50  99999.00  99999.00  20086.03  21427.39   -762.13   -400.57  99999.00  99999.00       0      76      79      17
62010  05  12    40  99999.00  99999.00  99999.00  99999.00  99999.00  99999.00  99999.00  99999.00       0       0      12       1
62010  05  12    30  99999.00  99999.00  99999.00  99999.00  99999.00  99999.00  99999.00  99999.00       0      39      42      10
62010  05  12    20  99999.00  99999.00  99999.00  99999.00  99999.00  99999.00  99999.00  99999.00       0      10      13       2
62010  05  12    15  99999.00  99999.00  99999.00  99999.00  99999.00  99999.00  99999.00  99999.00       0       0       1       0
62010  05  12    10  99999.00  99999.00  99999.00  99999.00  99999.00  99999.00  99999.00  99999.00       0       0       0       0
62010  05  12     7  99999.00  99999.00  99999.00  99999.00  99999.00  99999.00  99999.00  99999.00       0       0       0       0
62010  05  12     5  99999.00  99999.00  99999.00  99999.00  99999.00  99999.00  99999.00  99999.00       0       0       0       0
62010  05  12     3  99999.00  99999.00  99999.00  99999.00  99999.00  99999.00  99999.00  99999.00       0       0       0       0
62010  05  12     2  99999.00  99999.00  99999.00  99999.00  99999.00  99999.00  99999.00  99999.00       0       0       0       0
62010  05  12     1  99999.00  99999.00  99999.00  99999.00  99999.00  99999.00  99999.00  99999.00       0       0       0       0
62010  06  12  9999    988.49   1024.25  99999.00  99999.00     15.17    638.45   -292.24    594.56     401       0     399     396
62010  06  12  1000  99999.00  99999.00    -19.05    289.71     -3.29    635.23   -196.29    471.39       0     454     447     442
62010  06  12   925  99999.00  99999.00    685.24    945.88    -69.90    579.78   -261.20    366.52       0     110     117     116
62010  06  12   900  99999.00  99999.00  99999.00  99999.00  99999.00  99999.00  99999.00  99999.00       0       0      32      32
62010  06  12   850  99999.00  99999.00   1401.44   1714.28    -62.49    485.91   -423.93    408.75       0     462     464     454
62010  06  12   800  99999.00  99999.00  99999.00  99999.00  99999.00  99999.00  99999.00  99999.00       0       0      17      17
62010  06  12   700  99999.00  99999.00   2979.24   3425.52    -71.41    264.23   -583.96    386.60       0     455     460     441
62010  06  12   600  99999.00  99999.00  99999.00  99999.00  99999.00  99999.00  99999.00  99999.00       0       0      17      17
62010  06  12   500  99999.00  99999.00   5602.48   6176.80   -212.11      6.17   -951.08    371.68       0     449     449     418
62010  06  12   400  99999.00  99999.00   7236.26   7902.98   -347.04    -98.76   -941.05    102.95       0     445     451     411
62010  06  12   300  99999.00  99999.00   9217.70  10015.46   -528.76   -231.04  -1010.13   -116.49       0     441     443     375
62010  06  12   250  99999.00  99999.00  10397.39  11296.79   -658.54   -276.34   -986.67   -305.43       0     431     432     292
62010  06  12   200  99999.00  99999.00  11751.08  12845.72   -767.74   -329.74   -973.42   -481.18       0     412     416     220
62010  06  12   150  99999.00  99999.00  13495.42  14725.18   -788.30   -420.86  -1152.27   -478.11       0     405     405     208
62010  06  12   100  99999.00  99999.00  16080.61  17113.09   -884.41   -446.65  -1251.28   -546.04       0     378     407     207
62010  06  12    80  99999.00  99999.00  99999.00  99999.00  99999.00  99999.00  99999.00  99999.00       0       0       7       1
62010  06  12    70  99999.00  99999.00  18371.53  19204.69   -857.84   -402.92  99999.00  99999.00       0      74      77      11
62010  06  12    60  99999.00  99999.00  99999.00  99999.00  99999.00  99999.00  99999.00  99999.00       0       0       3       0
62010  06  12    50  99999.00  99999.00  20390.15  21369.23   -724.96   -416.80  99999.00  99999.00       0      64      69      10
62010  06  12    40  99999.00  99999.00  99999.00  99999.00  99999.00  99999.00  99999.00  99999.00       0       0       8       0
62010  06  12    30  99999.00  99999.00  99999.00  99999.00  99999.00  99999.00  99999.00  99999.00       0      31      32       2
62010  06  12    20  99999.00  99999.00  99999.00  99999.00  99999.00  99999.00  99999.00  99999.00       0      13      15       0
62010  06  12    15  99999.00  99999.00  99999.00  99999.00  99999.00  99999.00  99999.00  99999.00       0       0       1       0
62010  06  12    10  99999.00  99999.00  99999.00  99999.00  99999.00  99999.00  99999.00  99999.00       0       0       0       0
62010  06  12     7  99999.00  99999.00  99999.00  99999.00  99999.00  99999.00  99999.00  99999.00       0       0       0       0
62010  06  12     5  99999.00  99999.00  99999.00  99999.00  99999.00  99999.00  99999.00  99999.00       0       0       0       0
62010  06  12     3  99999.00  99999.00  99999.00  99999.00  99999.00  99999.00  99999.00  99999.00       0       0       0       0
62010  06  12     2  99999.00  99999.00  99999.00  99999.00  99999.00  99999.00  99999.00  99999.00       0       0       0       0
62010  06  12     1  99999.00  99999.00  99999.00  99999.00  99999.00  99999.00  99999.00  99999.00       0       0       0       0
62010  07  12  9999    990.44   1023.08  99999.00  99999.00     73.73    606.77   -220.05    504.63     407       0     403     401
62010  07  12  1000  99999.00  99999.00     -5.32    286.64     57.60    598.56   -112.87    416.69       0     464     461     459
62010  07  12   925  99999.00  99999.00    698.90    934.22     -4.75    515.33   -251.52    430.08       0      89     101     101
62010  07  12   900  99999.00  99999.00  99999.00  99999.00  99999.00  99999.00  99999.00  99999.00       0       0      42      41
62010  07  12   850  99999.00  99999.00   1439.83   1694.95    -23.15    447.37   -422.84    430.96       0     467     469     462
62010  07  12   800  99999.00  99999.00  99999.00  99999.00  99999.00  99999.00  99999.00  99999.00       0       0      11      11
62010  07  12   700  99999.00  99999.00   3043.58   3387.26    -22.50    236.10   -630.56    410.56       0     459     466     450
62010  07  12   600  99999.00  99999.00  99999.00  99999.00  99999.00  99999.00  99999.00  99999.00       0       0      19      17
62010  07  12   500  99999.00  99999.00   5711.01   6126.45   -205.61     47.71   -910.52    246.40       0     457     462     414
62010  07  12   400  99999.00  99999.00   7375.83   7854.63   -329.60    -58.40   -940.66      6.62       0     451     448     383
62010  07  12   300  99999.00  99999.00   9359.11  10020.79   -501.28   -168.04  -1015.75   -210.31       0     443     446     373
62010  07  12   250  99999.00  99999.00  10562.62  11334.94   -577.49   -249.41  -1026.50   -331.82       0     434     435     338
62010  07  12   200  99999.00  99999.00  11978.12  12892.04   -633.55   -376.87  -1070.38   -440.98       0     421     418     226
62010  07  12   150  99999.00  99999.00  13811.46  14712.54   -722.66   -500.78  -1125.26   -570.62       0     399     400     217
62010  07  12   100  99999.00  99999.00  16338.01  17095.57   -877.04   -527.24  -1201.03   -648.19       0     364     392     209
62010  07  12    80  99999.00  99999.00  99999.00  99999.00  99999.00  99999.00  99999.00  99999.00       0       0      12       1
62010  07  12    70  99999.00  99999.00  18427.80  19332.48   -833.57   -478.13  99999.00  99999.00       0      71      80       7
62010  07  12    60  99999.00  99999.00  99999.00  99999.00  99999.00  99999.00  99999.00  99999.00       0       0       5       0
62010  07  12    50  99999.00  99999.00  20487.70  21447.46   -723.01   -417.25  99999.00  99999.00       0      66      67       3
62010  07  12    40  99999.00  99999.00  99999.00  99999.00  99999.00  99999.00  99999.00  99999.00       0       0       8       0
62010  07  12    30  99999.00  99999.00  99999.00  99999.00  99999.00  99999.00  99999.00  99999.00       0      35      42       2
62010  07  12    20  99999.00  99999.00  99999.00  99999.00  99999.00  99999.00  99999.00  99999.00       0      22      23       0
62010  07  12    15  99999.00  99999.00  99999.00  99999.00  99999.00  99999.00  99999.00  99999.00       0       0       4       0
62010  07  12    10  99999.00  99999.00  99999.00  99999.00  99999.00  99999.00  99999.00  99999.00       0       0       0       0
62010  07  12     7  99999.00  99999.00  99999.00  99999.00  99999.00  99999.00  99999.00  99999.00       0       0       0       0
62010  07  12     5  99999.00  99999.00  99999.00  99999.00  99999.00  99999.00  99999.00  99999.00       0       0       0       0
62010  07  12     3  99999.00  99999.00  99999.00  99999.00  99999.00  99999.00  99999.00  99999.00       0       0       0       0
62010  07  12     2  99999.00  99999.00  99999.00  99999.00  99999.00  99999.00  99999.00  99999.00       0       0       0       0
62010  07  12     1  99999.00  99999.00  99999.00  99999.00  99999.00  99999.00  99999.00  99999.00       0       0       0       0
62010  08  12  9999    993.37   1020.01  99999.00  99999.00    132.44    552.92   -203.25    461.19     362       0     357     355
62010  08  12  1000  99999.00  99999.00     23.24    255.56    107.18    557.42   -140.73    474.75       0     430     420     414
62010  08  12   925  99999.00  99999.00    733.16    917.84     38.35    467.23   -211.85    417.31       0      76      77      77
62010  08  12   900  99999.00  99999.00  99999.00  99999.00  99999.00  99999.00  99999.00  99999.00       0       0      26      25
62010  08  12   850  99999.00  99999.00   1463.56   1672.12     -8.04    421.32   -351.04    403.88       0     423     418     412
62010  08  12   800  99999.00  99999.00  99999.00  99999.00  99999.00  99999.00  99999.00  99999.00       0       0      12      12
62010  08  12   700  99999.00  99999.00   3058.13   3367.61    -33.09    233.55   -610.18    401.54       0     417     421     407
62010  08  12   600  99999.00  99999.00  99999.00  99999.00  99999.00  99999.00  99999.00  99999.00       0       0      17      16
62010  08  12   500  99999.00  99999.00   5728.63   6093.31   -200.68     32.24   -903.09    276.63       0     412     411     378
62010  08  12   400  99999.00  99999.00   7388.45   7817.57   -315.61    -81.01   -980.46     68.10       0     405     412     357
62010  08  12   300  99999.00  99999.00   9384.53   9963.53   -507.03   -176.19   -976.49   -217.61       0     400     395     329
62010  08  12   250  99999.00  99999.00  10589.69  11265.29   -588.26   -253.82  -1000.64   -343.40       0     387     389     283
62010  08  12   200  99999.00  99999.00  12021.17  12796.97   -628.60   -389.92  -1041.61   -481.21       0     378     381     214
62010  08  12   150  99999.00  99999.00  13840.98  14633.82   -713.93   -513.29  -1122.37   -590.65       0     362     362     204
62010  08  12   100  99999.00  99999.00  16344.32  17043.20   -862.67   -522.71  -1188.58   -654.34       0     338     363     199
62010  08  12    80  99999.00  99999.00  99999.00  99999.00  99999.00  99999.00  99999.00  99999.00       0       0       9       1
62010  08  12    70  99999.00  99999.00  18493.38  19215.90   -779.75   -485.03  99999.00  99999.00       0      69      72      16
62010  08  12    60  99999.00  99999.00  99999.00  99999.00  99999.00  99999.00  99999.00  99999.00       0       0       6       2
62010  08  12    50  99999.00  99999.00  99999.00  99999.00  99999.00  99999.00  99999.00  99999.00       0      59      60      13
62010  08  12    40  99999.00  99999.00  99999.00  99999.00  99999.00  99999.00  99999.00  99999.00       0       0       6       1
62010  08  12    30  99999.00  99999.00  99999.00  99999.00  99999.00  99999.00  99999.00  99999.00       0      39      41       5
62010  08  12    20  99999.00  99999.00  99999.00  99999.00  99999.00  99999.00  99999.00  99999.00       0      19      22       4
62010  08  12    15  99999.00  99999.00  99999.00  99999.00  99999.00  99999.00  99999.00  99999.00       0       0       6       1
62010  08  12    10  99999.00  99999.00  99999.00  99999.00  99999.00  99999.00  99999.00  99999.00       0       0       0       0
62010  08  12     7  99999.00  99999.00  99999.00  99999.00  99999.00  99999.00  99999.00  99999.00       0       0       0       0
62010  08  12     5  99999.00  99999.00  99999.00  99999.00  99999.00  99999.00  99999.00  99999.00       0       0       0       0
62010  08  12     3  99999.00  99999.00  99999.00  99999.00  99999.00  99999.00  99999.00  99999.00       0       0       0       0
62010  08  12     2  99999.00  99999.00  99999.00  99999.00  99999.00  99999.00  99999.00  99999.00       0       0       0       0
62010  08  12     1  99999.00  99999.00  99999.00  99999.00  99999.00  99999.00  99999.00  99999.00       0       0       0       0
62010  09  12  9999    988.97   1026.05  99999.00  99999.00     93.37    553.57   -175.14    416.70     350       0     348     341
62010  09  12  1000  99999.00  99999.00    -24.64    318.32     60.39    561.27   -123.12    444.00       0     424     418     408
62010  09  12   925  99999.00  99999.00    687.11    935.27    -39.45    523.23   -159.39    370.53       0      80      88      87
62010  09  12   900  99999.00  99999.00  99999.00  99999.00  99999.00  99999.00  99999.00  99999.00       0       0      25      25
62010  09  12   850  99999.00  99999.00   1399.60   1731.52    -52.16    423.64   -337.44    408.72       0     427     425     416
62010  09  12   800  99999.00  99999.00  99999.00  99999.00  99999.00  99999.00  99999.00  99999.00       0       0      16      16
62010  09  12   700  99999.00  99999.00   2987.52   3408.00    -70.13    222.91   -619.13    451.03       0     425     431     417
62010  09  12   600  99999.00  99999.00  99999.00  99999.00  99999.00  99999.00  99999.00  99999.00       0       0      20      19
62010  09  12   500  99999.00  99999.00   5618.96   6129.20   -224.30     14.74   -842.22    267.06       0     424     420     388
62010  09  12   400  99999.00  99999.00   7239.29   7866.53   -346.18   -100.42   -881.72     49.96       0     413     414     373
62010  09  12   300  99999.00  99999.00   9210.75   9986.91   -523.88   -237.44   -924.12   -199.68       0     403     404     350
62010  09  12   250  99999.00  99999.00  10388.55  11272.23   -632.18   -307.58   -910.74   -372.66       0     387     393     269
62010  09  12   200  99999.00  99999.00  11770.02  12789.54   -735.24   -362.04   -957.27   -498.15       0     381     384     219
62010  09  12   150  99999.00  99999.00  13556.13  14622.69   -779.67   -447.63  -1086.71   -555.35       0     372     372     212
62010  09  12   100  99999.00  99999.00  16103.32  17042.80   -856.41   -462.81  -1200.00   -575.28       0     333     352     197
62010  09  12    80  99999.00  99999.00  99999.00  99999.00  99999.00  99999.00  99999.00  99999.00       0       0       5       1
62010  09  12    70  99999.00  99999.00  99999.00  99999.00  99999.00  99999.00  99999.00  99999.00       0      54      57      14
62010  09  12    60  99999.00  99999.00  99999.00  99999.00  99999.00  99999.00  99999.00  99999.00       0       0       6       3
62010  09  12    50  99999.00  99999.00  99999.00  99999.00  99999.00  99999.00  99999.00  99999.00       0      52      55      13
62010  09  12    40  99999.00  99999.00  99999.00  99999.00  99999.00  99999.00  99999.00  99999.00       0       0       5       3
62010  09  12    30  99999.00  99999.00  99999.00  99999.00  99999.00  99999.00  99999.00  99999.00       0      23      26       7
62010  09  12    20  99999.00  99999.00  99999.00  99999.00  99999.00  99999.00  99999.00  99999.00       0      14      15       6
62010  09  12    15  99999.00  99999.00  99999.00  99999.00  99999.00  99999.00  99999.00  99999.00       0       0       3       2
62010  09  12    10  99999.00  99999.00  99999.00  99999.00  99999.00  99999.00  99999.00  99999.00       0       0       0       0
62010  09  12     7  99999.00  99999.00  99999.00  99999.00  99999.00  99999.00  99999.00  99999.00       0       0       0       0
62010  09  12     5  99999.00  99999.00  99999.00  99999.00  99999.00  99999.00  99999.00  99999.00       0       0       0       0
62010  09  12     3  99999.00  99999.00  99999.00  99999.00  99999.00  99999.00  99999.00  99999.00       0       0       0       0
62010  09  12     2  99999.00  99999.00  99999.00  99999.00  99999.00  99999.00  99999.00  99999.00       0       0       0       0
62010  09  12     1  99999.00  99999.00  99999.00  99999.00  99999.00  99999.00  99999.00  99999.00       0       0       0       0
62010  10  12  9999    984.30   1032.78  99999.00  99999.00      2.66    567.86   -206.27    421.81     370       0     367     365
62010  10  12  1000  99999.00  99999.00    -45.11    360.25    -12.50    553.54   -157.99    419.09       0     424     420     415
62010  10  12   925  99999.00  99999.00    617.57   1048.49    -75.46    467.42   -218.16    392.16       0      89      95      93
62010  10  12   900  99999.00  99999.00  99999.00  99999.00  99999.00  99999.00  99999.00  99999.00       0       0      31      30
62010  10  12   850  99999.00  99999.00   1354.52   1758.80   -113.82    418.86   -375.47    404.53       0     428     429     422
62010  10  12   800  99999.00  99999.00  99999.00  99999.00  99999.00  99999.00  99999.00  99999.00       0       0       7       7
62010  10  12   700  99999.00  99999.00   2914.46   3424.70   -136.85    229.75   -617.12    421.24       0     425     429     417
62010  10  12   600  99999.00  99999.00  99999.00  99999.00  99999.00  99999.00  99999.00  99999.00       0       0      21      18
62010  10  12   500  99999.00  99999.00   5484.05   6161.21   -268.74     14.58   -872.01    261.99       0     422     424     402
62010  10  12   400  99999.00  99999.00   7079.34   7894.26   -392.43   -102.03   -918.53     96.07       0     416     420     389
62010  10  12   300  99999.00  99999.00   9008.55  10013.55   -542.54   -270.74   -945.35   -155.99       0     409     411     319
62010  10  12   250  99999.00  99999.00  10191.04  11266.84   -636.85   -362.17   -957.41   -320.57       0     396     392     267
62010  10  12   200  99999.00  99999.00  11592.76  12727.24   -740.56   -418.36   -938.31   -498.75       0     386     390     212
62010  10  12   150  99999.00  99999.00  13434.63  14463.63   -827.13   -414.57  -1053.18   -543.18       0     368     370     199
62010  10  12   100  99999.00  99999.00  15977.14  16894.54   -829.98   -461.10  -1235.18   -472.46       0     342     367     191
62010  10  12    80  99999.00  99999.00  99999.00  99999.00  99999.00  99999.00  99999.00  99999.00       0       0       4       0
62010  10  12    70  99999.00  99999.00  18118.68  19141.32   -780.70   -448.42  99999.00  99999.00       0      69      72      16
62010  10  12    60  99999.00  99999.00  99999.00  99999.00  99999.00  99999.00  99999.00  99999.00       0       0       5       1
62010  10  12    50  99999.00  99999.00  99999.00  99999.00  99999.00  99999.00  99999.00  99999.00       0      58      59      12
62010  10  12    40  99999.00  99999.00  99999.00  99999.00  99999.00  99999.00  99999.00  99999.00       0       0       2       0
62010  10  12    30  99999.00  99999.00  99999.00  99999.00  99999.00  99999.00  99999.00  99999.00       0      42      44      10
62010  10  12    20  99999.00  99999.00  99999.00  99999.00  99999.00  99999.00  99999.00  99999.00       0      20      23       7
62010  10  12    15  99999.00  99999.00  99999.00  99999.00  99999.00  99999.00  99999.00  99999.00       0       0       2       1
62010  10  12    10  99999.00  99999.00  99999.00  99999.00  99999.00  99999.00  99999.00  99999.00       0       1       1       0
62010  10  12     7  99999.00  99999.00  99999.00  99999.00  99999.00  99999.00  99999.00  99999.00       0       0       0       0
62010  10  12     5  99999.00  99999.00  99999.00  99999.00  99999.00  99999.00  99999.00  99999.00       0       0       0       0
62010  10  12     3  99999.00  99999.00  99999.00  99999.00  99999.00  99999.00  99999.00  99999.00       0       0       0       0
62010  10  12     2  99999.00  99999.00  99999.00  99999.00  99999.00  99999.00  99999.00  99999.00       0       0       0       0
62010  10  12     1  99999.00  99999.00  99999.00  99999.00  99999.00  99999.00  99999.00  99999.00       0       0       0       0
62010  11  12  9999    981.84   1038.48  99999.00  99999.00    -17.13    460.95   -250.58    435.34     414       0     409     404
62010  11  12  1000  99999.00  99999.00    -73.82    408.46    -31.86    442.14   -202.84    385.76       0     470     466     454
62010  11  12   925  99999.00  99999.00    613.35   1042.23    -98.05    397.67   -317.33    377.59       0     107     111     107
62010  11  12   900  99999.00  99999.00  99999.00  99999.00  99999.00  99999.00  99999.00  99999.00       0       0      17      17
62010  11  12   850  99999.00  99999.00   1304.81   1775.09   -140.37    340.59   -393.35    362.53       0     480     480     474
62010  11  12   800  99999.00  99999.00  99999.00  99999.00  99999.00  99999.00  99999.00  99999.00       0       0      18      18
62010  11  12   700  99999.00  99999.00   2840.59   3414.31   -181.64    207.16   -781.52    468.16       0     480     483     469
62010  11  12   600  99999.00  99999.00  99999.00  99999.00  99999.00  99999.00  99999.00  99999.00       0       0      19      17
62010  11  12   500  99999.00  99999.00   5355.57   6151.89   -322.60     15.68   -961.12    279.44       0     475     479     455
62010  11  12   400  99999.00  99999.00   6896.62   7899.94   -441.55   -104.59   -999.30    121.74       0     462     468     432
62010  11  12   300  99999.00  99999.00   8782.27  10029.43   -580.18   -272.26   -999.83   -146.15       0     446     456     323
62010  11  12   250  99999.00  99999.00   9994.11  11236.11   -657.81   -364.77   -999.70   -316.66       0     440     447     298
62010  11  12   200  99999.00  99999.00  11415.44  12667.64   -778.51   -382.15   -994.89   -474.69       0     427     428     239
62010  11  12   150  99999.00  99999.00  13267.03  14398.39   -817.36   -413.92  -1145.80   -480.28       0     406     414     229
62010  11  12   100  99999.00  99999.00  15867.83  16779.83   -834.36   -463.56  -1217.86   -526.90       0     376     406     217
62010  11  12    80  99999.00  99999.00  99999.00  99999.00  99999.00  99999.00  99999.00  99999.00       0       0      13       0
62010  11  12    70  99999.00  99999.00  18038.66  18970.58   -814.68   -455.52  99999.00  99999.00       0      77      80      18
62010  11  12    60  99999.00  99999.00  99999.00  99999.00  99999.00  99999.00  99999.00  99999.00       0       0       7       2
62010  11  12    50  99999.00  99999.00  20091.83  21090.71   -734.72   -476.12  99999.00  99999.00       0      71      71      14
62010  11  12    40  99999.00  99999.00  99999.00  99999.00  99999.00  99999.00  99999.00  99999.00       0       0       8       2
62010  11  12    30  99999.00  99999.00  99999.00  99999.00  99999.00  99999.00  99999.00  99999.00       0      37      44      13
62010  11  12    20  99999.00  99999.00  99999.00  99999.00  99999.00  99999.00  99999.00  99999.00       0      15      16       9
62010  11  12    15  99999.00  99999.00  99999.00  99999.00  99999.00  99999.00  99999.00  99999.00       0       0       5       3
62010  11  12    10  99999.00  99999.00  99999.00  99999.00  99999.00  99999.00  99999.00  99999.00       0       0       0       0
62010  11  12     7  99999.00  99999.00  99999.00  99999.00  99999.00  99999.00  99999.00  99999.00       0       0       0       0
62010  11  12     5  99999.00  99999.00  99999.00  99999.00  99999.00  99999.00  99999.00  99999.00       0       0       0       0
62010  11  12     3  99999.00  99999.00  99999.00  99999.00  99999.00  99999.00  99999.00  99999.00       0       0       0       0
62010  11  12     2  99999.00  99999.00  99999.00  99999.00  99999.00  99999.00  99999.00  99999.00       0       0       0       0
62010  11  12     1  99999.00  99999.00  99999.00  99999.00  99999.00  99999.00  99999.00  99999.00       0       0       0       0
62010  12  12  9999    977.63   1045.91  99999.00  99999.00    -45.05    396.19   -218.84    390.52     423       0     422     421
62010  12  12  1000  99999.00  99999.00   -101.01    461.07    -51.33    370.47   -208.49    327.07       0     500     495     493
62010  12  12   925  99999.00  99999.00    530.17   1125.97    -92.10    315.42   -303.56    338.92       0     129     131     130
62010  12  12   900  99999.00  99999.00  99999.00  99999.00  99999.00  99999.00  99999.00  99999.00       0       0      14      14
62010  12  12   850  99999.00  99999.00   1244.09   1821.29   -176.09    301.27   -445.33    360.71       0     495     498     493
62010  12  12   800  99999.00  99999.00  99999.00  99999.00  99999.00  99999.00  99999.00  99999.00       0       0      12      12
62010  12  12   700  99999.00  99999.00   2758.45   3443.05   -258.92    229.60   -814.30    441.38       0     495     499     488
62010  12  12   600  99999.00  99999.00  99999.00  99999.00  99999.00  99999.00  99999.00  99999.00       0       0      19      17
62010  12  12   500  99999.00  99999.00   5205.97   6195.97   -388.73     33.67   -951.57    232.11       0     485     487     459
62010  12  12   400  99999.00  99999.00   6727.78   7933.30   -505.84    -87.64  -1011.26     67.54       0     479     483     444
62010  12  12   300  99999.00  99999.00   8607.08  10033.88   -611.48   -270.08  -1019.53   -185.05       0     460     461     310
62010  12  12   250  99999.00  99999.00   9780.30  11265.66   -687.59   -338.87  -1010.95   -354.43       0     443     446     282
62010  12  12   200  99999.00  99999.00  11248.68  12651.60   -839.80   -289.60  -1033.55   -468.35       0     422     434     230
62010  12  12   150  99999.00  99999.00  13175.34  14351.82   -826.49   -352.61  -1148.30   -477.26       0     405     404     210
62010  12  12   100  99999.00  99999.00  15803.13  16758.09   -838.35   -433.83  -1231.37   -513.89       0     365     399     190
62010  12  12    80  99999.00  99999.00  99999.00  99999.00  99999.00  99999.00  99999.00  99999.00       0       0       8       0
62010  12  12    70  99999.00  99999.00  17961.20  18972.32   -830.53   -422.77  99999.00  99999.00       0      71      74      11
62010  12  12    60  99999.00  99999.00  99999.00  99999.00  99999.00  99999.00  99999.00  99999.00       0       0      14       3
62010  12  12    50  99999.00  99999.00  20036.48  21046.28   -802.36   -400.00  99999.00  99999.00       0      65      68      10
62010  12  12    40  99999.00  99999.00  99999.00  99999.00  99999.00  99999.00  99999.00  99999.00       0       0       7       0
62010  12  12    30  99999.00  99999.00  99999.00  99999.00  99999.00  99999.00  99999.00  99999.00       0      29      39       3
62010  12  12    20  99999.00  99999.00  99999.00  99999.00  99999.00  99999.00  99999.00  99999.00       0      10      12       0
62010  12  12    15  99999.00  99999.00  99999.00  99999.00  99999.00  99999.00  99999.00  99999.00       0       0       1       1
62010  12  12    10  99999.00  99999.00  99999.00  99999.00  99999.00  99999.00  99999.00  99999.00       0       0       0       0
62010  12  12     7  99999.00  99999.00  99999.00  99999.00  99999.00  99999.00  99999.00  99999.00       0       0       0       0
62010  12  12     5  99999.00  99999.00  99999.00  99999.00  99999.00  99999.00  99999.00  99999.00       0       0       0       0
62010  12  12     3  99999.00  99999.00  99999.00  99999.00  99999.00  99999.00  99999.00  99999.00       0       0       0       0
62010  12  12     2  99999.00  99999.00  99999.00  99999.00  99999.00  99999.00  99999.00  99999.00       0       0       0       0
62010  12  12     1  99999.00  99999.00  99999.00  99999.00  99999.00  99999.00  99999.00  99999.00       0       0       0       0
