59265  01  12  9999   9800.93  10332.41  99999.00  99999.00   -163.72    426.56   -245.72    382.96     982       0     982     982
59265  01  12  1000  99999.00  99999.00     -8.95    364.61   -172.19    427.21   -278.86    393.98       0     940     939     939
59265  01  12   925  99999.00  99999.00    633.90   1010.94   -227.84    427.00   -361.70    446.02       0     651     651     651
59265  01  12   900  99999.00  99999.00  99999.00  99999.00  99999.00  99999.00  99999.00  99999.00       0       0       0       0
59265  01  12   850  99999.00  99999.00   1366.81   1685.05   -113.98    287.30   -400.33    480.59       0    1023    1023    1023
59265  01  12   800  99999.00  99999.00  99999.00  99999.00  99999.00  99999.00  99999.00  99999.00       0       0       0       0
59265  01  12   700  99999.00  99999.00   2969.44   3268.84   -177.83    252.37   -718.76    552.16       0    1023    1023    1023
59265  01  12   600  99999.00  99999.00   4178.63   4545.23   -224.97    212.67   -849.21    413.43       0    1022    1022    1022
59265  01  12   500  99999.00  99999.00   5562.26   6034.34   -286.22    119.62   -843.82    223.82       0    1023    1023    1023
59265  01  12   400  99999.00  99999.00   7197.21   7796.61   -394.62     27.42   -869.59     73.01       0    1020    1020    1020
59265  01  12   300  99999.00  99999.00   9207.26   9967.70   -490.54   -150.46   -915.49   -105.25       0    1018    1018    1018
59265  01  12   250  99999.00  99999.00  10435.00  11266.96   -544.45   -277.45   -953.08   -214.48       0    1016    1016    1016
59265  01  12   200  99999.00  99999.00  11893.95  12770.19   -633.09   -403.77  -1027.41   -321.45       0    1014    1014    1013
59265  01  12   150  99999.00  99999.00  13707.47  14580.11   -791.44   -494.08  99999.00  99999.00       0    1009    1009      51
59265  01  12   100  99999.00  99999.00  16155.90  16939.86   -966.35   -555.11  99999.00  99999.00       0     984     984       0
59265  01  12    80  99999.00  99999.00  99999.00  99999.00  99999.00  99999.00  99999.00  99999.00       0       0       0       0
59265  01  12    70  99999.00  99999.00  18204.62  18975.74   -977.24   -566.36  99999.00  99999.00       0     948     949       0
59265  01  12    60  99999.00  99999.00  99999.00  99999.00  99999.00  99999.00  99999.00  99999.00       0       0       0       0
59265  01  12    50  99999.00  99999.00  20164.38  20968.74   -859.22   -485.78  99999.00  99999.00       0     901     903       0
59265  01  12    40  99999.00  99999.00  21507.44  22350.92   -771.54   -473.10  99999.00  99999.00       0     873     876       0
59265  01  12    30  99999.00  99999.00  23260.23  24180.63   -738.74   -439.46  99999.00  99999.00       0     840     843       0
59265  01  12    20  99999.00  99999.00  25718.76  26841.72   -718.59   -386.79  99999.00  99999.00       0     677     677       0
59265  01  12    15  99999.00  99999.00  27472.98  28756.86   -700.31   -357.83  99999.00  99999.00       0     444     445       0
59265  01  12    10  99999.00  99999.00  29935.74  31561.14   -694.24   -299.08  99999.00  99999.00       0     120     120       0
59265  01  12     7  99999.00  99999.00  99999.00  99999.00  99999.00  99999.00  99999.00  99999.00       0      11      11       0
59265  01  12     5  99999.00  99999.00  99999.00  99999.00  99999.00  99999.00  99999.00  99999.00       0       0       0       0
59265  01  12     3  99999.00  99999.00  99999.00  99999.00  99999.00  99999.00  99999.00  99999.00       0       0       0       0
59265  01  12     2  99999.00  99999.00  99999.00  99999.00  99999.00  99999.00  99999.00  99999.00       0       0       0       0
59265  01  12     1  99999.00  99999.00  99999.00  99999.00  99999.00  99999.00  99999.00  99999.00       0       0       0       0
59265  02  12  9999   9740.38  10340.98  99999.00  99999.00   -203.79    494.13   -217.66    405.98     875       0     875     875
59265  02  12  1000  99999.00  99999.00    -12.15    341.73   -192.14    455.26   -220.57    376.31       0     751     751     751
59265  02  12   925  99999.00  99999.00    603.97   1006.45   -240.04    481.28   -293.09    440.47       0     594     593     593
59265  02  12   900  99999.00  99999.00  99999.00  99999.00  99999.00  99999.00  99999.00  99999.00       0       0       0       0
59265  02  12   850  99999.00  99999.00   1346.61   1678.29   -114.97    321.23   -273.12    421.44       0     933     933     933
59265  02  12   800  99999.00  99999.00  99999.00  99999.00  99999.00  99999.00  99999.00  99999.00       0       0       0       0
59265  02  12   700  99999.00  99999.00   2973.23   3257.87   -125.56    214.76   -591.50    500.50       0     933     933     933
59265  02  12   600  99999.00  99999.00   4193.68   4525.12   -203.84    189.04   -863.79    485.01       0     933     933     933
59265  02  12   500  99999.00  99999.00   5583.30   6007.74   -275.34    107.46   -898.49    302.23       0     933     933     933
59265  02  12   400  99999.00  99999.00   7215.59   7770.47   -388.38     15.90   -902.37    119.91       0     931     931     931
59265  02  12   300  99999.00  99999.00   9226.65   9935.85   -494.94   -145.98   -945.04    -57.88       0     916     915     915
59265  02  12   250  99999.00  99999.00  10459.06  11230.42   -548.31   -271.35   -983.26   -168.46       0     909     909     909
59265  02  12   200  99999.00  99999.00  11919.44  12733.28   -636.04   -398.68  -1048.20   -285.84       0     907     908     907
59265  02  12   150  99999.00  99999.00  13734.38  14543.90   -781.70   -496.70  99999.00  99999.00       0     894     894      46
59265  02  12   100  99999.00  99999.00  16179.92  16915.88   -973.21   -546.25  99999.00  99999.00       0     872     872       0
59265  02  12    80  99999.00  99999.00  99999.00  99999.00  99999.00  99999.00  99999.00  99999.00       0       0       0       0
59265  02  12    70  99999.00  99999.00  18213.11  18963.83   -985.86   -568.26  99999.00  99999.00       0     824     825       0
59265  02  12    60  99999.00  99999.00  99999.00  99999.00  99999.00  99999.00  99999.00  99999.00       0       0       0       0
59265  02  12    50  99999.00  99999.00  20141.69  20973.05   -907.82   -452.66  99999.00  99999.00       0     763     762       0
59265  02  12    40  99999.00  99999.00  21465.52  22364.56   -801.94   -456.34  99999.00  99999.00       0     738     739       0
59265  02  12    30  99999.00  99999.00  23198.31  24201.39   -749.26   -437.98  99999.00  99999.00       0     709     712       0
59265  02  12    20  99999.00  99999.00  25657.95  26856.03   -709.60   -392.08  99999.00  99999.00       0     582     584       0
59265  02  12    15  99999.00  99999.00  27488.59  28688.35   -695.66   -351.38  99999.00  99999.00       0     401     401       0
59265  02  12    10  99999.00  99999.00  30104.42  31304.78   -661.61   -329.81  99999.00  99999.00       0     123     123       0
59265  02  12     7  99999.00  99999.00  99999.00  99999.00  99999.00  99999.00  99999.00  99999.00       0       8       8       0
59265  02  12     5  99999.00  99999.00  99999.00  99999.00  99999.00  99999.00  99999.00  99999.00       0       0       0       0
59265  02  12     3  99999.00  99999.00  99999.00  99999.00  99999.00  99999.00  99999.00  99999.00       0       0       0       0
59265  02  12     2  99999.00  99999.00  99999.00  99999.00  99999.00  99999.00  99999.00  99999.00       0       0       0       0
59265  02  12     1  99999.00  99999.00  99999.00  99999.00  99999.00  99999.00  99999.00  99999.00       0       0       0       0
59265  03  12  9999   9681.14  10337.06  99999.00  99999.00   -148.46    500.74   -189.69    453.27     936       0     936     936
59265  03  12  1000  99999.00  99999.00    -14.38    323.78   -130.86    436.98   -201.11    404.53       0     597     597     597
59265  03  12   925  99999.00  99999.00    576.09   1001.25   -160.56    457.68   -267.61    482.27       0     650     648     648
59265  03  12   900  99999.00  99999.00  99999.00  99999.00  99999.00  99999.00  99999.00  99999.00       0       0       0       0
59265  03  12   850  99999.00  99999.00   1326.91   1680.19    -90.78    347.46   -265.19    464.17       0    1022    1022    1022
59265  03  12   800  99999.00  99999.00  99999.00  99999.00  99999.00  99999.00  99999.00  99999.00       0       0       0       0
59265  03  12   700  99999.00  99999.00   2978.70   3265.38    -90.00    226.80   -437.17    425.27       0    1023    1023    1023
59265  03  12   600  99999.00  99999.00   4216.25   4530.41   -152.50    149.90   -773.90    494.38       0    1023    1023    1023
59265  03  12   500  99999.00  99999.00   5629.87   5995.51   -231.72     74.76   -882.49    360.23       0    1023    1023    1023
59265  03  12   400  99999.00  99999.00   7289.52   7736.16   -352.54    -17.74   -904.07    191.77       0    1019    1019    1019
59265  03  12   300  99999.00  99999.00   9307.13   9893.21   -488.71   -162.19   -941.06    -20.78       0    1010    1010    1010
59265  03  12   250  99999.00  99999.00  10526.11  11195.59   -556.82   -273.14   -983.02   -135.70       0    1005    1005    1005
59265  03  12   200  99999.00  99999.00  11970.44  12710.24   -650.06   -388.46  -1055.49   -246.21       0     995     995     993
59265  03  12   150  99999.00  99999.00  13768.06  14538.94   -804.10   -470.50   -924.20   -435.80       0     982     982      84
59265  03  12   100  99999.00  99999.00  16163.44  16966.96   -958.44   -552.36  99999.00  99999.00       0     948     948       0
59265  03  12    80  99999.00  99999.00  99999.00  99999.00  99999.00  99999.00  99999.00  99999.00       0       0       0       0
59265  03  12    70  99999.00  99999.00  18164.60  19054.52   -977.43   -567.99  99999.00  99999.00       0     889     890       0
59265  03  12    60  99999.00  99999.00  99999.00  99999.00  99999.00  99999.00  99999.00  99999.00       0       0       0       0
59265  03  12    50  99999.00  99999.00  20119.60  21049.00   -879.20   -467.00  99999.00  99999.00       0     800     800       0
59265  03  12    40  99999.00  99999.00  21480.45  22414.53   -779.11   -459.79  99999.00  99999.00       0     773     772       0
59265  03  12    30  99999.00  99999.00  23251.27  24233.47   -729.59   -434.87  99999.00  99999.00       0     744     744       0
59265  03  12    20  99999.00  99999.00  25769.20  26857.72   -698.16   -370.08  99999.00  99999.00       0     575     576       0
59265  03  12    15  99999.00  99999.00  27593.53  28741.45   -677.91   -325.35  99999.00  99999.00       0     393     393       0
59265  03  12    10  99999.00  99999.00  30263.35  31367.71   -660.72   -265.08  99999.00  99999.00       0     120     120       0
59265  03  12     7  99999.00  99999.00  99999.00  99999.00  99999.00  99999.00  99999.00  99999.00       0      16      16       0
59265  03  12     5  99999.00  99999.00  99999.00  99999.00  99999.00  99999.00  99999.00  99999.00       0       1       1       0
59265  03  12     3  99999.00  99999.00  99999.00  99999.00  99999.00  99999.00  99999.00  99999.00       0       0       0       0
59265  03  12     2  99999.00  99999.00  99999.00  99999.00  99999.00  99999.00  99999.00  99999.00       0       0       0       0
59265  03  12     1  99999.00  99999.00  99999.00  99999.00  99999.00  99999.00  99999.00  99999.00       0       0       0       0
59265  04  12  9999   9704.54  10234.46  99999.00  99999.00    -46.54    501.98    -56.98    424.46     911       0     911     911
59265  04  12  1000  99999.00  99999.00     22.26    255.18    -63.64    436.76    -82.84    365.00       0     292     292     292
59265  04  12   925  99999.00  99999.00    592.97    946.97    -60.08    453.88   -110.70    419.58       0     629     628     628
59265  04  12   900  99999.00  99999.00  99999.00  99999.00  99999.00  99999.00  99999.00  99999.00       0       0       0       0
59265  04  12   850  99999.00  99999.00   1347.06   1643.70     -7.79    325.57   -118.66    378.26       0     989     989     989
59265  04  12   800  99999.00  99999.00  99999.00  99999.00  99999.00  99999.00  99999.00  99999.00       0       0       0       0
59265  04  12   700  99999.00  99999.00   3003.90   3251.82    -40.44    211.44   -296.88    354.24       0     989     989     989
59265  04  12   600  99999.00  99999.00   4253.21   4522.01   -102.49    130.43   -537.15    386.97       0     989     989     989
59265  04  12   500  99999.00  99999.00   5674.38   5996.94   -181.71     54.57   -796.98    404.70       0     988     988     988
59265  04  12   400  99999.00  99999.00   7342.72   7750.00   -286.10    -55.70   -875.26    274.94       0     980     980     980
59265  04  12   300  99999.00  99999.00   9378.11   9908.03   -439.58   -193.94   -903.49     43.07       0     975     975     975
59265  04  12   250  99999.00  99999.00  10605.92  11209.64   -527.64   -291.60   -933.08   -104.36       0     969     969     969
59265  04  12   200  99999.00  99999.00  12050.24  12728.00   -631.61   -404.93   -998.81   -243.29       0     966     966     965
59265  04  12   150  99999.00  99999.00  13831.56  14573.04   -772.93   -503.05  99999.00  99999.00       0     953     953      39
59265  04  12   100  99999.00  99999.00  16215.19  17010.19   -931.90   -579.22  99999.00  99999.00       0     925     925       0
59265  04  12    80  99999.00  99999.00  99999.00  99999.00  99999.00  99999.00  99999.00  99999.00       0       0       0       0
59265  04  12    70  99999.00  99999.00  18237.17  19078.01   -950.10   -588.78  99999.00  99999.00       0     853     853       0
59265  04  12    60  99999.00  99999.00  99999.00  99999.00  99999.00  99999.00  99999.00  99999.00       0       0       0       0
59265  04  12    50  99999.00  99999.00  20219.86  21055.90   -860.33   -474.53  99999.00  99999.00       0     783     783       0
59265  04  12    40  99999.00  99999.00  21584.66  22425.98   -767.11   -459.79  99999.00  99999.00       0     751     751       0
59265  04  12    30  99999.00  99999.00  23369.86  24243.58   -709.09   -435.25  99999.00  99999.00       0     712     714       0
59265  04  12    20  99999.00  99999.00  25906.61  26890.49   -672.47   -361.79  99999.00  99999.00       0     577     579       0
59265  04  12    15  99999.00  99999.00  27714.56  28825.40   -647.25   -314.85  99999.00  99999.00       0     385     386       0
59265  04  12    10  99999.00  99999.00  30300.43  31597.51   -621.78   -260.46  99999.00  99999.00       0      90      90       0
59265  04  12     7  99999.00  99999.00  99999.00  99999.00  99999.00  99999.00  99999.00  99999.00       0      10      10       0
59265  04  12     5  99999.00  99999.00  99999.00  99999.00  99999.00  99999.00  99999.00  99999.00       0       0       0       0
59265  04  12     3  99999.00  99999.00  99999.00  99999.00  99999.00  99999.00  99999.00  99999.00       0       0       0       0
59265  04  12     2  99999.00  99999.00  99999.00  99999.00  99999.00  99999.00  99999.00  99999.00       0       0       0       0
59265  04  12     1  99999.00  99999.00  99999.00  99999.00  99999.00  99999.00  99999.00  99999.00       0       0       0       0
59265  05  12  9999   9756.15  10118.07  99999.00  99999.00     68.34    451.86     35.47    389.83    1001       0    1001    1001
59265  05  12  1000  99999.00  99999.00  99999.00  99999.00  99999.00  99999.00  99999.00  99999.00       0      41      41      41
59265  05  12   925  99999.00  99999.00    612.94    883.66     56.74    398.98    -36.37    394.67       0     651     651     651
59265  05  12   900  99999.00  99999.00  99999.00  99999.00  99999.00  99999.00  99999.00  99999.00       0       0       0       0
59265  05  12   850  99999.00  99999.00   1354.98   1609.26     54.25    308.53    -58.66    352.34       0    1023    1023    1023
59265  05  12   800  99999.00  99999.00  99999.00  99999.00  99999.00  99999.00  99999.00  99999.00       0       0       0       0
59265  05  12   700  99999.00  99999.00   3007.88   3242.72     11.89    191.77   -397.03    490.25       0    1023    1023    1023
59265  05  12   600  99999.00  99999.00   4272.23   4517.51    -63.67    135.17   -501.83    435.25       0    1023    1023    1023
59265  05  12   500  99999.00  99999.00   5714.48   5996.96   -133.43     50.65   -638.39    390.37       0    1023    1023    1023
59265  05  12   400  99999.00  99999.00   7408.43   7759.43   -240.54    -44.10   -747.94    279.02       0    1011    1011    1011
59265  05  12   300  99999.00  99999.00   9471.24   9942.24   -394.50   -176.70   -829.37     75.31       0    1004    1004    1003
59265  05  12   250  99999.00  99999.00  10709.92  11264.20   -487.03   -278.71   -882.81    -61.05       0     996     995     995
59265  05  12   200  99999.00  99999.00  12158.70  12807.90   -603.32   -397.52   -949.27   -218.35       0     984     984     984
59265  05  12   150  99999.00  99999.00  13935.14  14677.70   -747.48   -522.24  99999.00  99999.00       0     972     972      26
59265  05  12   100  99999.00  99999.00  16296.90  17127.90   -915.10   -615.10  99999.00  99999.00       0     934     934       0
59265  05  12    80  99999.00  99999.00  99999.00  99999.00  99999.00  99999.00  99999.00  99999.00       0       0       0       0
59265  05  12    70  99999.00  99999.00  18323.17  19176.25   -932.67   -613.23  99999.00  99999.00       0     799     799       0
59265  05  12    60  99999.00  99999.00  99999.00  99999.00  99999.00  99999.00  99999.00  99999.00       0       0       0       0
59265  05  12    50  99999.00  99999.00  20322.38  21137.78   -853.07   -481.91  99999.00  99999.00       0     667     667       0
59265  05  12    40  99999.00  99999.00  21681.97  22514.17   -758.07   -470.43  99999.00  99999.00       0     641     641       0
59265  05  12    30  99999.00  99999.00  23453.68  24348.52   -703.30   -423.82  99999.00  99999.00       0     605     606       0
59265  05  12    20  99999.00  99999.00  26025.51  26978.79   -648.82   -366.58  99999.00  99999.00       0     470     471       0
59265  05  12    15  99999.00  99999.00  27884.54  28871.78   -636.50   -320.54  99999.00  99999.00       0     294     294       0
59265  05  12    10  99999.00  99999.00  30548.81  31613.09   -618.08   -248.00  99999.00  99999.00       0      82      82       0
59265  05  12     7  99999.00  99999.00  99999.00  99999.00  99999.00  99999.00  99999.00  99999.00       0      13      13       0
59265  05  12     5  99999.00  99999.00  99999.00  99999.00  99999.00  99999.00  99999.00  99999.00       0       0       0       0
59265  05  12     3  99999.00  99999.00  99999.00  99999.00  99999.00  99999.00  99999.00  99999.00       0       0       0       0
59265  05  12     2  99999.00  99999.00  99999.00  99999.00  99999.00  99999.00  99999.00  99999.00       0       0       0       0
59265  05  12     1  99999.00  99999.00  99999.00  99999.00  99999.00  99999.00  99999.00  99999.00       0       0       0       0
59265  06  12  9999   9737.29  10074.25  99999.00  99999.00    106.53    450.57    129.39    340.59     989       0     989     989
59265  06  12  1000  99999.00  99999.00  99999.00  99999.00  99999.00  99999.00  99999.00  99999.00       0       1       1       1
59265  06  12   925  99999.00  99999.00    594.80    855.44    117.70    376.54     89.12    320.84       0     630     630     630
59265  06  12   900  99999.00  99999.00  99999.00  99999.00  99999.00  99999.00  99999.00  99999.00       0       0       0       0
59265  06  12   850  99999.00  99999.00   1326.69   1601.25    110.49    289.05     27.95    306.11       0     989     989     989
59265  06  12   800  99999.00  99999.00  99999.00  99999.00  99999.00  99999.00  99999.00  99999.00       0       0       0       0
59265  06  12   700  99999.00  99999.00   2982.61   3251.89     38.21    193.37   -192.83    332.77       0     990     990     990
59265  06  12   600  99999.00  99999.00   4257.54   4531.98    -26.27    131.41   -325.85    310.27       0     990     990     990
59265  06  12   500  99999.00  99999.00   5722.17   6006.69    -96.28     41.60   -465.93    280.95       0     990     990     990
59265  06  12   400  99999.00  99999.00   7456.34   7750.22   -196.82    -54.14   -601.34    201.82       0     981     981     981
59265  06  12   300  99999.00  99999.00   9574.91   9910.19   -349.46   -180.50   -718.61     31.03       0     976     976     976
59265  06  12   250  99999.00  99999.00  10841.49  11226.45   -451.58   -273.86   -785.31    -94.35       0     973     973     973
59265  06  12   200  99999.00  99999.00  12308.49  12776.61   -581.32   -386.68   -861.35   -250.79       0     973     973     973
59265  06  12   150  99999.00  99999.00  14076.21  14672.97   -747.95   -513.23  99999.00  99999.00       0     968     968      44
59265  06  12   100  99999.00  99999.00  16389.72  17163.60   -901.28   -638.24  99999.00  99999.00       0     945     944       0
59265  06  12    80  99999.00  99999.00  99999.00  99999.00  99999.00  99999.00  99999.00  99999.00       0       0       0       0
59265  06  12    70  99999.00  99999.00  18411.29  19231.13   -915.88   -603.16  99999.00  99999.00       0     744     744       0
59265  06  12    60  99999.00  99999.00  99999.00  99999.00  99999.00  99999.00  99999.00  99999.00       0       0       0       0
59265  06  12    50  99999.00  99999.00  20410.09  21228.97   -796.07   -510.47  99999.00  99999.00       0     588     588       0
59265  06  12    40  99999.00  99999.00  21761.33  22626.53   -732.69   -481.77  99999.00  99999.00       0     554     554       0
59265  06  12    30  99999.00  99999.00  23538.23  24467.03   -694.20   -428.88  99999.00  99999.00       0     525     527       0
59265  06  12    20  99999.00  99999.00  26082.34  27125.62   -654.90   -364.02  99999.00  99999.00       0     389     390       0
59265  06  12    15  99999.00  99999.00  27957.21  28988.01   -630.81   -331.17  99999.00  99999.00       0     228     230       0
59265  06  12    10  99999.00  99999.00  99999.00  99999.00  99999.00  99999.00  99999.00  99999.00       0      48      48       0
59265  06  12     7  99999.00  99999.00  99999.00  99999.00  99999.00  99999.00  99999.00  99999.00       0       5       5       0
59265  06  12     5  99999.00  99999.00  99999.00  99999.00  99999.00  99999.00  99999.00  99999.00       0       0       0       0
59265  06  12     3  99999.00  99999.00  99999.00  99999.00  99999.00  99999.00  99999.00  99999.00       0       0       0       0
59265  06  12     2  99999.00  99999.00  99999.00  99999.00  99999.00  99999.00  99999.00  99999.00       0       0       0       0
59265  06  12     1  99999.00  99999.00  99999.00  99999.00  99999.00  99999.00  99999.00  99999.00       0       0       0       0
59265  07  12  9999   9719.61  10082.13  99999.00  99999.00    108.13    475.21    157.96    316.00    1023       0    1023    1023
59265  07  12  1000  99999.00  99999.00  99999.00  99999.00  99999.00  99999.00  99999.00  99999.00       0       0       0       0
59265  07  12   925  99999.00  99999.00    562.75    882.43    129.16    388.24    104.18    304.58       0     651     651     651
59265  07  12   900  99999.00  99999.00  99999.00  99999.00  99999.00  99999.00  99999.00  99999.00       0       0       0       0
59265  07  12   850  99999.00  99999.00   1310.41   1619.05    126.76    288.16     68.90    268.34       0    1022    1022    1022
59265  07  12   800  99999.00  99999.00  99999.00  99999.00  99999.00  99999.00  99999.00  99999.00       0       0       0       0
59265  07  12   700  99999.00  99999.00   2970.96   3269.76     49.69    188.53   -155.38    282.86       0    1021    1021    1021
59265  07  12   600  99999.00  99999.00   4247.98   4548.34    -22.91    129.73   -393.70    343.34       0    1022    1022    1021
59265  07  12   500  99999.00  99999.00   5717.40   6017.40    -97.91     42.73   -580.10    347.38       0    1022    1022    1022
59265  07  12   400  99999.00  99999.00   7459.91   7750.67   -207.37    -46.81   -714.60    276.00       0    1020    1020    1020
59265  07  12   300  99999.00  99999.00   9586.53   9899.25   -360.70   -171.94   -822.14    105.94       0    1017    1017    1017
59265  07  12   250  99999.00  99999.00  10856.60  11211.44   -459.36   -265.80   -861.01    -39.01       0    1014    1014    1013
59265  07  12   200  99999.00  99999.00  12324.61  12761.89   -585.98   -379.22   -920.06   -205.70       0    1010    1010    1009
59265  07  12   150  99999.00  99999.00  14089.71  14664.63   -748.82   -507.14   -817.82   -486.38       0    1006    1005      69
59265  07  12   100  99999.00  99999.00  16408.24  17153.20   -907.28   -628.16  99999.00  99999.00       0     988     988       0
59265  07  12    80  99999.00  99999.00  99999.00  99999.00  99999.00  99999.00  99999.00  99999.00       0       0       0       0
59265  07  12    70  99999.00  99999.00  18484.48  19198.48   -900.65   -552.05  99999.00  99999.00       0     843     843       0
59265  07  12    60  99999.00  99999.00  99999.00  99999.00  99999.00  99999.00  99999.00  99999.00       0       0       0       0
59265  07  12    50  99999.00  99999.00  20494.23  21229.23   -775.29   -509.37  99999.00  99999.00       0     716     716       0
59265  07  12    40  99999.00  99999.00  21846.22  22631.26   -733.09   -480.61  99999.00  99999.00       0     672     672       0
59265  07  12    30  99999.00  99999.00  23614.74  24475.50   -702.81   -427.05  99999.00  99999.00       0     627     627       0
59265  07  12    20  99999.00  99999.00  26164.56  27118.68   -652.89   -371.37  99999.00  99999.00       0     465     467       0
59265  07  12    15  99999.00  99999.00  28016.60  29001.44   -629.62   -344.26  99999.00  99999.00       0     303     304       0
59265  07  12    10  99999.00  99999.00  30694.52  31659.44   -616.32   -293.16  99999.00  99999.00       0     108     108       0
59265  07  12     7  99999.00  99999.00  99999.00  99999.00  99999.00  99999.00  99999.00  99999.00       0      22      22       0
59265  07  12     5  99999.00  99999.00  99999.00  99999.00  99999.00  99999.00  99999.00  99999.00       0       2       2       0
59265  07  12     3  99999.00  99999.00  99999.00  99999.00  99999.00  99999.00  99999.00  99999.00       0       0       0       0
59265  07  12     2  99999.00  99999.00  99999.00  99999.00  99999.00  99999.00  99999.00  99999.00       0       0       0       0
59265  07  12     1  99999.00  99999.00  99999.00  99999.00  99999.00  99999.00  99999.00  99999.00       0       0       0       0
59265  08  12  9999   9710.98  10100.02  99999.00  99999.00    119.06    460.94    153.68    318.44    1022       0    1022    1022
59265  08  12  1000  99999.00  99999.00  99999.00  99999.00  99999.00  99999.00  99999.00  99999.00       0       1       1       1
59265  08  12   925  99999.00  99999.00    551.75    905.63    132.80    382.64    101.03    305.03       0     651     651     651
59265  08  12   900  99999.00  99999.00  99999.00  99999.00  99999.00  99999.00  99999.00  99999.00       0       0       0       0
59265  08  12   850  99999.00  99999.00   1307.41   1629.01    125.87    288.35     59.79    271.95       0    1022    1022    1022
59265  08  12   800  99999.00  99999.00  99999.00  99999.00  99999.00  99999.00  99999.00  99999.00       0       0       0       0
59265  08  12   700  99999.00  99999.00   2967.64   3278.32     47.72    184.04   -153.80    282.52       0    1022    1022    1022
59265  08  12   600  99999.00  99999.00   4244.83   4553.95    -26.65    126.71   -372.08    332.56       0    1023    1023    1023
59265  08  12   500  99999.00  99999.00   5715.43   6019.63   -102.10     43.94   -527.69    311.11       0    1023    1023    1023
59265  08  12   400  99999.00  99999.00   7455.26   7754.30   -200.98    -54.82   -684.20    253.48       0    1019    1019    1019
59265  08  12   300  99999.00  99999.00   9582.60   9899.40   -356.65   -180.61   -795.20     74.92       0    1013    1013    1013
59265  08  12   250  99999.00  99999.00  10853.73  11208.21   -456.83   -272.15   -851.51    -53.63       0    1013    1013    1013
59265  08  12   200  99999.00  99999.00  12325.80  12751.80   -586.04   -382.88   -917.13   -211.65       0    1008    1008    1007
59265  08  12   150  99999.00  99999.00  14094.37  14648.05   -752.26   -506.26  99999.00  99999.00       0    1005    1006      58
59265  08  12   100  99999.00  99999.00  16405.07  17142.35   -909.57   -626.61  99999.00  99999.00       0     973     974       0
59265  08  12    80  99999.00  99999.00  99999.00  99999.00  99999.00  99999.00  99999.00  99999.00       0       0       0       0
59265  08  12    70  99999.00  99999.00  18480.23  19201.91   -886.82   -547.82  99999.00  99999.00       0     824     825       0
59265  08  12    60  99999.00  99999.00  99999.00  99999.00  99999.00  99999.00  99999.00  99999.00       0       0       0       0
59265  08  12    50  99999.00  99999.00  20481.42  21256.98   -764.89   -514.81  99999.00  99999.00       0     704     705       0
59265  08  12    40  99999.00  99999.00  21827.98  22665.10   -735.89   -479.81  99999.00  99999.00       0     664     665       0
59265  08  12    30  99999.00  99999.00  23587.46  24512.66   -701.24   -436.28  99999.00  99999.00       0     625     626       0
59265  08  12    20  99999.00  99999.00  26111.21  27166.61   -667.47   -376.71  99999.00  99999.00       0     472     473       0
59265  08  12    15  99999.00  99999.00  27955.95  29040.87   -643.42   -347.86  99999.00  99999.00       0     303     304       0
59265  08  12    10  99999.00  99999.00  30547.55  31756.67   -655.19   -269.99  99999.00  99999.00       0     102     102       0
59265  08  12     7  99999.00  99999.00  99999.00  99999.00  99999.00  99999.00  99999.00  99999.00       0      17      17       0
59265  08  12     5  99999.00  99999.00  99999.00  99999.00  99999.00  99999.00  99999.00  99999.00       0       3       3       0
59265  08  12     3  99999.00  99999.00  99999.00  99999.00  99999.00  99999.00  99999.00  99999.00       0       0       0       0
59265  08  12     2  99999.00  99999.00  99999.00  99999.00  99999.00  99999.00  99999.00  99999.00       0       0       0       0
59265  08  12     1  99999.00  99999.00  99999.00  99999.00  99999.00  99999.00  99999.00  99999.00       0       0       0       0
59265  09  12  9999   9752.10  10145.22  99999.00  99999.00    121.45    434.41     43.83    386.31     953       0     953     953
59265  09  12  1000  99999.00  99999.00     55.45    200.41     60.44    422.00     31.55    360.95       0      72      72      72
59265  09  12   925  99999.00  99999.00    605.08    919.60     87.47    392.87    -15.81    372.87       0     630     630     630
59265  09  12   900  99999.00  99999.00  99999.00  99999.00  99999.00  99999.00  99999.00  99999.00       0       0       0       0
59265  09  12   850  99999.00  99999.00   1347.96   1649.88     74.71    300.43    -27.53    318.31       0     990     990     990
59265  09  12   800  99999.00  99999.00  99999.00  99999.00  99999.00  99999.00  99999.00  99999.00       0       0       0       0
59265  09  12   700  99999.00  99999.00   3003.46   3283.06     20.39    186.59   -370.15    454.13       0     989     989     989
59265  09  12   600  99999.00  99999.00   4277.42   4551.14    -42.56    124.24   -480.02    405.70       0     988     988     988
59265  09  12   500  99999.00  99999.00   5742.77   6012.41   -119.25     46.83   -630.30    368.10       0     989     989     989
59265  09  12   400  99999.00  99999.00   7470.93   7747.17   -220.34    -54.26   -763.36    266.96       0     987     987     987
59265  09  12   300  99999.00  99999.00   9573.09   9896.97   -383.85   -183.09   -878.17     82.07       0     985     985     985
59265  09  12   250  99999.00  99999.00  10825.79  11206.79   -488.53   -274.21   -919.05    -57.81       0     985     985     985
59265  09  12   200  99999.00  99999.00  12279.98  12747.62   -606.71   -390.47   -974.43   -218.07       0     983     983     983
59265  09  12   150  99999.00  99999.00  14045.19  14629.71   -752.58   -519.30  99999.00  99999.00       0     977     977      27
59265  09  12   100  99999.00  99999.00  16372.05  17103.81   -897.72   -642.72  99999.00  99999.00       0     958     958       0
59265  09  12    80  99999.00  99999.00  99999.00  99999.00  99999.00  99999.00  99999.00  99999.00       0       0       0       0
59265  09  12    70  99999.00  99999.00  18425.24  19161.44   -887.71   -566.23  99999.00  99999.00       0     888     888       0
59265  09  12    60  99999.00  99999.00  99999.00  99999.00  99999.00  99999.00  99999.00  99999.00       0       0       0       0
59265  09  12    50  99999.00  99999.00  20434.47  21191.07   -767.12   -521.12  99999.00  99999.00       0     829     828       0
59265  09  12    40  99999.00  99999.00  21782.00  22593.92   -722.92   -494.92  99999.00  99999.00       0     808     808       0
59265  09  12    30  99999.00  99999.00  23543.65  24437.29   -693.00   -450.96  99999.00  99999.00       0     768     770       0
59265  09  12    20  99999.00  99999.00  26077.10  27076.70   -659.19   -389.67  99999.00  99999.00       0     624     624       0
59265  09  12    15  99999.00  99999.00  27931.91  28941.11   -644.58   -351.18  99999.00  99999.00       0     418     420       0
59265  09  12    10  99999.00  99999.00  30496.81  31692.37   -645.13   -286.81  99999.00  99999.00       0     152     152       0
59265  09  12     7  99999.00  99999.00  99999.00  99999.00  99999.00  99999.00  99999.00  99999.00       0      27      27       0
59265  09  12     5  99999.00  99999.00  99999.00  99999.00  99999.00  99999.00  99999.00  99999.00       0       2       2       0
59265  09  12     3  99999.00  99999.00  99999.00  99999.00  99999.00  99999.00  99999.00  99999.00       0       0       0       0
59265  09  12     2  99999.00  99999.00  99999.00  99999.00  99999.00  99999.00  99999.00  99999.00       0       0       0       0
59265  09  12     1  99999.00  99999.00  99999.00  99999.00  99999.00  99999.00  99999.00  99999.00       0       0       0       0
59265  10  12  9999   9796.70  10213.94  99999.00  99999.00     50.88    441.60    -98.37    438.87     889       0     889     889
59265  10  12  1000  99999.00  99999.00     25.29    255.21     44.70    431.22   -119.88    431.52       0     611     611     611
59265  10  12   925  99999.00  99999.00    659.80    947.80     32.18    387.86   -165.71    431.17       0     650     650     650
59265  10  12   900  99999.00  99999.00  99999.00  99999.00  99999.00  99999.00  99999.00  99999.00       0       0       0       0
59265  10  12   850  99999.00  99999.00   1406.16   1654.44     22.14    298.26   -191.25    408.63       0    1022    1022    1022
59265  10  12   800  99999.00  99999.00  99999.00  99999.00  99999.00  99999.00  99999.00  99999.00       0       0       0       0
59265  10  12   700  99999.00  99999.00   3045.54   3277.98    -10.83    189.33   -461.46    482.70       0    1022    1022    1022
59265  10  12   600  99999.00  99999.00   4305.88   4545.76    -66.95    123.25   -620.45    473.59       0    1023    1023    1023
59265  10  12   500  99999.00  99999.00   5752.83   6011.79   -139.87     44.09   -781.57    430.31       0    1023    1023    1023
59265  10  12   400  99999.00  99999.00   7454.86   7755.22   -240.40    -60.64   -862.00    279.56       0    1016    1016    1016
59265  10  12   300  99999.00  99999.00   9533.05   9904.57   -393.70   -203.98   -914.32     39.20       0    1010    1010    1009
59265  10  12   250  99999.00  99999.00  10777.12  11206.36   -493.34   -300.02   -945.54   -104.10       0    1009    1009    1008
59265  10  12   200  99999.00  99999.00  12224.91  12734.67   -614.40   -409.32  -1014.33   -244.53       0    1005    1005    1005
59265  10  12   150  99999.00  99999.00  13983.40  14602.48   -760.20   -534.84  99999.00  99999.00       0    1002    1002       6
59265  10  12   100  99999.00  99999.00  16295.17  17063.41   -933.49   -634.69  99999.00  99999.00       0     994     994       0
59265  10  12    80  99999.00  99999.00  99999.00  99999.00  99999.00  99999.00  99999.00  99999.00       0       0       0       0
59265  10  12    70  99999.00  99999.00  18323.04  19112.04   -922.04   -569.12  99999.00  99999.00       0     940     939       0
59265  10  12    60  99999.00  99999.00  99999.00  99999.00  99999.00  99999.00  99999.00  99999.00       0       0       0       0
59265  10  12    50  99999.00  99999.00  20311.77  21139.41   -777.60   -523.56  99999.00  99999.00       0     906     906       0
59265  10  12    40  99999.00  99999.00  21659.25  22537.77   -730.50   -492.18  99999.00  99999.00       0     890     891       0
59265  10  12    30  99999.00  99999.00  23415.63  24383.19   -703.32   -446.52  99999.00  99999.00       0     860     862       0
59265  10  12    20  99999.00  99999.00  25931.05  27024.37   -661.16   -394.28  99999.00  99999.00       0     678     683       0
59265  10  12    15  99999.00  99999.00  27731.93  28933.25   -650.15   -358.07  99999.00  99999.00       0     483     484       0
59265  10  12    10  99999.00  99999.00  30379.02  31546.86   -633.11   -308.27  99999.00  99999.00       0     171     173       0
59265  10  12     7  99999.00  99999.00  99999.00  99999.00  99999.00  99999.00  99999.00  99999.00       0      26      26       0
59265  10  12     5  99999.00  99999.00  99999.00  99999.00  99999.00  99999.00  99999.00  99999.00       0       1       1       0
59265  10  12     3  99999.00  99999.00  99999.00  99999.00  99999.00  99999.00  99999.00  99999.00       0       0       0       0
59265  10  12     2  99999.00  99999.00  99999.00  99999.00  99999.00  99999.00  99999.00  99999.00       0       0       0       0
59265  10  12     1  99999.00  99999.00  99999.00  99999.00  99999.00  99999.00  99999.00  99999.00       0       0       0       0
59265  11  12  9999   9815.21  10273.85  99999.00  99999.00    -27.24    424.08   -183.16    423.44     923       0     923     923
59265  11  12  1000  99999.00  99999.00     -6.84    326.88    -29.50    423.86   -201.07    423.89       0     889     889     889
59265  11  12   925  99999.00  99999.00    664.98    977.46    -66.60    402.96   -289.95    460.65       0     659     659     659
59265  11  12   900  99999.00  99999.00  99999.00  99999.00  99999.00  99999.00  99999.00  99999.00       0       0       0       0
59265  11  12   850  99999.00  99999.00   1408.00   1670.80    -48.73    304.79   -399.97    518.03       0     989     989     989
59265  11  12   800  99999.00  99999.00  99999.00  99999.00  99999.00  99999.00  99999.00  99999.00       0       0       0       0
59265  11  12   700  99999.00  99999.00   3032.49   3275.49    -81.75    212.13   -641.35    562.25       0     989     989     989
59265  11  12   600  99999.00  99999.00   4263.32   4552.64   -138.35    163.33   -851.17    561.23       0     990     990     990
59265  11  12   500  99999.00  99999.00   5668.92   6040.92   -206.25     75.75   -911.47    416.09       0     990     990     990
59265  11  12   400  99999.00  99999.00   7322.43   7807.47   -303.31    -33.43   -929.37    239.31       0     990     990     990
59265  11  12   300  99999.00  99999.00   9355.97   9975.77   -432.51   -189.63   -942.61     -2.77       0     983     983     983
59265  11  12   250  99999.00  99999.00  10587.94  11277.94   -509.72   -302.48   -967.25   -142.61       0     979     979     979
59265  11  12   200  99999.00  99999.00  12041.32  12789.88   -614.08   -424.00  -1026.14   -279.50       0     974     975     975
59265  11  12   150  99999.00  99999.00  13825.29  14623.53   -770.81   -531.17  99999.00  99999.00       0     966     968      10
59265  11  12   100  99999.00  99999.00  16196.13  17023.89   -944.70   -611.10  99999.00  99999.00       0     956     958       0
59265  11  12    80  99999.00  99999.00  99999.00  99999.00  99999.00  99999.00  99999.00  99999.00       0       0       0       0
59265  11  12    70  99999.00  99999.00  18244.06  19043.74   -956.02   -569.26  99999.00  99999.00       0     914     914       0
59265  11  12    60  99999.00  99999.00  99999.00  99999.00  99999.00  99999.00  99999.00  99999.00       0       0       0       0
59265  11  12    50  99999.00  99999.00  20238.61  21039.61   -821.70   -487.86  99999.00  99999.00       0     871     871       0
59265  11  12    40  99999.00  99999.00  21598.04  22421.60   -747.50   -477.50  99999.00  99999.00       0     855     856       0
59265  11  12    30  99999.00  99999.00  23368.55  24252.23   -704.52   -448.80  99999.00  99999.00       0     826     827       0
59265  11  12    20  99999.00  99999.00  25886.41  26882.53   -686.78   -381.62  99999.00  99999.00       0     677     678       0
59265  11  12    15  99999.00  99999.00  27691.54  28778.38   -683.87   -329.87  99999.00  99999.00       0     483     485       0
59265  11  12    10  99999.00  99999.00  30235.12  31531.12   -686.62   -249.70  99999.00  99999.00       0     175     176       0
59265  11  12     7  99999.00  99999.00  99999.00  99999.00  99999.00  99999.00  99999.00  99999.00       0      33      33       0
59265  11  12     5  99999.00  99999.00  99999.00  99999.00  99999.00  99999.00  99999.00  99999.00       0       1       1       0
59265  11  12     3  99999.00  99999.00  99999.00  99999.00  99999.00  99999.00  99999.00  99999.00       0       0       0       0
59265  11  12     2  99999.00  99999.00  99999.00  99999.00  99999.00  99999.00  99999.00  99999.00       0       0       0       0
59265  11  12     1  99999.00  99999.00  99999.00  99999.00  99999.00  99999.00  99999.00  99999.00       0       0       0       0
59265  12  12  9999   9834.02  10308.62  99999.00  99999.00    -91.05    398.55   -256.40    401.68     990       0     990     990
59265  12  12  1000  99999.00  99999.00    -14.29    370.31   -105.08    415.00   -296.91    428.13       0     997     997     997
59265  12  12   925  99999.00  99999.00    667.24    997.72   -145.81    392.63   -389.25    474.51       0     682     681     681
59265  12  12   900  99999.00  99999.00  99999.00  99999.00  99999.00  99999.00  99999.00  99999.00       0       0       0       0
59265  12  12   850  99999.00  99999.00   1402.55   1677.11   -107.61    296.43   -510.28    549.92       0    1023    1023    1023
59265  12  12   800  99999.00  99999.00  99999.00  99999.00  99999.00  99999.00  99999.00  99999.00       0       0       0       0
59265  12  12   700  99999.00  99999.00   2998.88   3274.28   -155.99    241.21   -731.79    564.57       0    1021    1021    1021
59265  12  12   600  99999.00  99999.00   4218.37   4547.89   -175.56    183.60   -888.48    447.48       0    1020    1020    1020
59265  12  12   500  99999.00  99999.00   5617.66   6030.82   -238.70     86.14   -889.53    277.35       0    1019    1019    1019
59265  12  12   400  99999.00  99999.00   7257.30   7795.26   -346.45    -13.57   -901.11    111.33       0    1017    1017    1017
59265  12  12   300  99999.00  99999.00   9286.50   9951.18   -449.49   -188.61   -914.75    -96.95       0    1017    1017    1017
59265  12  12   250  99999.00  99999.00  10526.02  11238.94   -518.25   -305.61   -952.24   -211.12       0    1015    1015    1015
59265  12  12   200  99999.00  99999.00  11988.16  12736.12   -620.99   -423.23  -1018.27   -330.07       0    1012    1012    1012
59265  12  12   150  99999.00  99999.00  13788.66  14551.02   -769.79   -528.47  99999.00  99999.00       0    1009    1009      13
59265  12  12   100  99999.00  99999.00  16192.60  16939.84   -953.18   -578.18  99999.00  99999.00       0     992     992       0
59265  12  12    80  99999.00  99999.00  99999.00  99999.00  99999.00  99999.00  99999.00  99999.00       0       0       0       0
59265  12  12    70  99999.00  99999.00  18230.52  18979.20   -960.13   -580.57  99999.00  99999.00       0     965     965       0
59265  12  12    60  99999.00  99999.00  99999.00  99999.00  99999.00  99999.00  99999.00  99999.00       0       0       0       0
59265  12  12    50  99999.00  99999.00  20198.40  20974.56   -851.76   -481.08  99999.00  99999.00       0     910     910       0
59265  12  12    40  99999.00  99999.00  21549.37  22355.29   -768.54   -470.10  99999.00  99999.00       0     897     897       0
59265  12  12    30  99999.00  99999.00  23314.97  24178.85   -745.00   -426.16  99999.00  99999.00       0     882     883       0
59265  12  12    20  99999.00  99999.00  25799.45  26818.37   -723.20   -372.08  99999.00  99999.00       0     731     732       0
59265  12  12    15  99999.00  99999.00  27570.07  28734.19   -713.82   -319.98  99999.00  99999.00       0     499     500       0
59265  12  12    10  99999.00  99999.00  30147.55  31413.19   -737.23   -219.31  99999.00  99999.00       0     166     166       0
59265  12  12     7  99999.00  99999.00  99999.00  99999.00  99999.00  99999.00  99999.00  99999.00       0      30      30       0
59265  12  12     5  99999.00  99999.00  99999.00  99999.00  99999.00  99999.00  99999.00  99999.00       0       1       1       0
59265  12  12     3  99999.00  99999.00  99999.00  99999.00  99999.00  99999.00  99999.00  99999.00       0       0       0       0
59265  12  12     2  99999.00  99999.00  99999.00  99999.00  99999.00  99999.00  99999.00  99999.00       0       0       0       0
59265  12  12     1  99999.00  99999.00  99999.00  99999.00  99999.00  99999.00  99999.00  99999.00       0       0       0       0
