72649  01  12  9999    924.84   1037.64  99999.00  99999.00   -608.88    372.48    -93.35    147.97     984       0     970     836
72649  01  12  1000  99999.00  99999.00  99999.00  99999.00  99999.00  99999.00  99999.00  99999.00       0      22      22      20
72649  01  12   925  99999.00  99999.00  -1775.02   3253.82   -578.48    384.64   -683.10    396.18       0     675     680     667
72649  01  12   900  99999.00  99999.00  99999.00  99999.00  99999.00  99999.00  99999.00  99999.00       0      26      57      44
72649  01  12   850  99999.00  99999.00   -527.32   3329.36   -578.27    415.57   -749.23    415.25       0    1065    1066     857
72649  01  12   800  99999.00  99999.00  99999.00  99999.00  99999.00  99999.00  99999.00  99999.00       0      17      27      20
72649  01  12   700  99999.00  99999.00   2468.35   3350.35   -546.33    293.79   -880.39    408.77       0    1065    1064     854
72649  01  12   600  99999.00  99999.00  99999.00  99999.00  99999.00  99999.00  99999.00  99999.00       0      21      33      28
72649  01  12   500  99999.00  99999.00   4702.26   6117.42   -615.77     73.27   -964.75    210.29       0    1060    1060     842
72649  01  12   400  99999.00  99999.00   6100.04   7865.12   -671.18    -89.42  -1020.41     59.95       0    1057    1057     772
72649  01  12   300  99999.00  99999.00   7880.43   9934.83   -702.93   -305.01   -978.05   -240.77       0    1051    1051     624
72649  01  12   250  99999.00  99999.00   9069.43  11098.87   -816.42   -274.26  -1020.11   -309.35       0    1045    1044     617
72649  01  12   200  99999.00  99999.00  10593.88  12429.04   -895.43   -191.39  -1087.80   -292.68       0    1044    1044     616
72649  01  12   150  99999.00  99999.00  12506.23  14212.63   -787.49   -283.97  -1148.31   -273.87       0    1031    1031     609
72649  01  12   100  99999.00  99999.00  15098.49  16802.97   -796.15   -337.63  -1208.15   -287.39       0    1014    1014     603
72649  01  12    80  99999.00  99999.00  16382.33  18246.29   -826.33   -339.01  -1262.74   -260.86       0      81     130      89
72649  01  12    70  99999.00  99999.00  17308.79  19094.75   -828.69   -342.45  -1224.59   -309.59       0     991     992     595
72649  01  12    60  99999.00  99999.00  99999.00  99999.00   -858.42   -310.26  -1288.36   -260.68       0      48     117      83
72649  01  12    50  99999.00  99999.00  19298.64  21329.28   -859.37   -328.01  -1248.33   -309.69       0     960     961     584
72649  01  12    40  99999.00  99999.00  20435.65  22834.69   -891.73   -306.85  -1217.61   -324.33       0      69     156     112
72649  01  12    30  99999.00  99999.00  22230.92  24802.88   -910.46   -280.58  -1266.10   -312.58       0     897     899     563
72649  01  12    20  99999.00  99999.00  24520.28  27607.88   -955.77   -217.41  -1299.51   -286.71       0     786     791     516
72649  01  12    15  99999.00  99999.00  25913.47  29584.87  -5583.80   4297.24  -1314.03   -255.99       0      92     263     198
72649  01  12    10  99999.00  99999.00  28458.71  32535.11  -1034.55    -45.63  -1350.23   -205.67       0     295     339     258
72649  01  12     7  99999.00  99999.00  99999.00  99999.00   -946.96    -50.32  -1376.53   -102.01       0      49      85      75
72649  01  12     5  99999.00  99999.00  99999.00  99999.00  99999.00  99999.00  99999.00  99999.00       0       0       7       7
72649  01  12     3  99999.00  99999.00  99999.00  99999.00  99999.00  99999.00  99999.00  99999.00       0       0       0       0
72649  01  12     2  99999.00  99999.00  99999.00  99999.00  99999.00  99999.00  99999.00  99999.00       0       0       0       0
72649  01  12     1  99999.00  99999.00  99999.00  99999.00  99999.00  99999.00  99999.00  99999.00       0       0       0       0
72649  02  12  9999    930.56   1033.76  99999.00  99999.00   -604.88    401.32    -82.38    136.38     893       0     887     762
72649  02  12  1000  99999.00  99999.00  99999.00  99999.00  99999.00  99999.00  99999.00  99999.00       0      15      16      11
72649  02  12   925  99999.00  99999.00    395.26   1129.78   -564.10    406.58   -685.72    417.20       0     639     646     608
72649  02  12   900  99999.00  99999.00  99999.00  99999.00  99999.00  99999.00  99999.00  99999.00       0      12      35      32
72649  02  12   850  99999.00  99999.00   1073.35   1772.11   -562.68    413.88   -779.38    439.94       0     965     965     768
72649  02  12   800  99999.00  99999.00  99999.00  99999.00  99999.00  99999.00  99999.00  99999.00       0       9      17      13
72649  02  12   700  99999.00  99999.00   2490.26   3353.90   -524.52    271.08   -871.82    392.86       0     966     966     766
72649  02  12   600  99999.00  99999.00  99999.00  99999.00  99999.00  99999.00  99999.00  99999.00       0      19      35      29
72649  02  12   500  99999.00  99999.00   2342.47   8466.31   -605.16     58.44   -959.90    190.78       0     963     962     757
72649  02  12   400  99999.00  99999.00   3567.38  10379.66   -663.65   -104.45   -965.85     -1.65       0     957     958     683
72649  02  12   300  99999.00  99999.00   5087.14  12698.62   -708.78   -310.98   -964.85   -265.97       0     955     954     563
72649  02  12   250  99999.00  99999.00   6027.82  14102.74   -829.11   -270.99   -966.20   -364.40       0     948     948     561
72649  02  12   200  99999.00  99999.00   7193.79  15784.47   -896.14   -188.50  -1068.76   -307.84       0     943     943     561
72649  02  12   150  99999.00  99999.00   8686.41  17991.09   -771.66   -291.30  -1133.60   -282.80       0     937     936     557
72649  02  12   100  99999.00  99999.00  10729.44  21134.40   -777.53   -343.49  -1179.53   -307.49       0     918     918     547
72649  02  12    80  99999.00  99999.00  16459.38  18277.38   -833.75   -321.83  -1208.40   -292.56       0      71     105      71
72649  02  12    70  99999.00  99999.00  17380.05  19053.21   -805.94   -352.94  -1190.11   -335.83       0     910     909     541
72649  02  12    60  99999.00  99999.00  99999.00  99999.00   -863.00   -306.68  -1192.14   -325.98       0      44      88      65
72649  02  12    50  99999.00  99999.00  19413.37  21253.93   -839.25   -334.53  -1208.05   -338.17       0     892     892     537
72649  02  12    40  99999.00  99999.00  20682.71  22735.07   -812.26   -353.62  -1225.19   -321.95       0      64     122      96
72649  02  12    30  99999.00  99999.00  22473.99  24626.43   -866.38   -309.82  -1224.44   -341.96       0     822     824     504
72649  02  12    20  99999.00  99999.00  24836.53  27372.73   -877.34   -275.66  -1238.01   -337.17       0     727     731     459
72649  02  12    15  99999.00  99999.00  26466.78  29149.26   -862.72   -260.32  -1235.28   -323.88       0     100     240     175
72649  02  12    10  99999.00  99999.00  28889.74  32198.38  -3557.27   2448.85  -1243.62   -322.26       0     320     362     259
72649  02  12     7  99999.00  99999.00  99999.00  99999.00   -862.83   -123.75  99999.00  99999.00       0      34      85      58
72649  02  12     5  99999.00  99999.00  99999.00  99999.00  99999.00  99999.00  99999.00  99999.00       0       0       1       1
72649  02  12     3  99999.00  99999.00  99999.00  99999.00  99999.00  99999.00  99999.00  99999.00       0       0       0       0
72649  02  12     2  99999.00  99999.00  99999.00  99999.00  99999.00  99999.00  99999.00  99999.00       0       0       0       0
72649  02  12     1  99999.00  99999.00  99999.00  99999.00  99999.00  99999.00  99999.00  99999.00       0       0       0       0
72649  03  12  9999    928.58   1033.34  99999.00  99999.00   -462.37    382.91   -110.44    168.80    1005       0    1004     866
72649  03  12  1000  99999.00  99999.00  99999.00  99999.00  99999.00  99999.00  99999.00  99999.00       0       8       7       7
72649  03  12   925  99999.00  99999.00    399.03   1138.11   -513.01    458.87   -626.53    461.39       0     707     710     673
72649  03  12   900  99999.00  99999.00  99999.00  99999.00  99999.00  99999.00  99999.00  99999.00       0      20      50      42
72649  03  12   850  99999.00  99999.00   1082.35   1787.11   -516.84    441.96   -801.45    540.03       0    1067    1067     869
72649  03  12   800  99999.00  99999.00  99999.00  99999.00  99999.00  99999.00  99999.00  99999.00       0      19      31      24
72649  03  12   700  99999.00  99999.00    525.99   5356.71   -472.57    283.67   -873.44    458.80       0    1067    1068     867
72649  03  12   600  99999.00  99999.00  99999.00  99999.00  99999.00  99999.00  99999.00  99999.00       0      18      39      32
72649  03  12   500  99999.00  99999.00   2544.07   8390.11   -556.90     64.34   -970.59    246.69       0    1063    1061     859
72649  03  12   400  99999.00  99999.00   6253.68   7882.32   -638.59    -84.43  -1003.80     65.40       0    1058    1058     812
72649  03  12   300  99999.00  99999.00   8042.22   9967.50   -701.05   -295.93   -957.31   -245.71       0    1054    1054     629
72649  03  12   250  99999.00  99999.00   9215.14  11147.02   -820.62   -283.26   -965.66   -355.34       0    1049    1049     627
72649  03  12   200  99999.00  99999.00  10743.90  12456.54   -931.40   -182.36  -1068.58   -313.18       0    1045    1045     624
72649  03  12   150  99999.00  99999.00  12707.65  14176.93   -781.98   -295.98  -1134.34   -279.22       0    1040    1040     621
72649  03  12   100  99999.00  99999.00  11083.21  20932.57   -761.18   -361.58  -1188.57   -292.77       0    1024    1024     615
72649  03  12    80  99999.00  99999.00  16649.03  18205.19   -786.62   -359.90  -1201.61   -283.13       0      84     116      79
72649  03  12    70  99999.00  99999.00  17688.31  18892.39   -780.96   -374.88  -1212.88   -307.00       0    1015    1015     610
72649  03  12    60  99999.00  99999.00  99999.00  99999.00   -804.79   -368.23  -1205.16   -322.68       0      60     116      85
72649  03  12    50  99999.00  99999.00  19801.06  21018.82   -779.34   -384.42  -1219.83   -316.71       0     996     996     602
72649  03  12    40  99999.00  99999.00  20983.07  22555.55   -776.46   -403.14  -1220.77   -335.89       0      64     130      92
72649  03  12    30  99999.00  99999.00  22877.40  24374.28   -790.50   -366.42  -1249.55   -300.23       0     966     967     593
72649  03  12    20  99999.00  99999.00  25288.61  27085.01  -2466.63   1314.69  -1273.22   -288.74       0     907     909     559
72649  03  12    15  99999.00  99999.00  26586.05  29095.25   -806.53   -301.93  -1322.67   -240.39       0     126     293     226
72649  03  12    10  99999.00  99999.00  29332.20  31892.76   -776.47   -251.59  -1293.29   -257.45       0     547     591     379
72649  03  12     7  99999.00  99999.00  31070.93  34762.13   -745.23   -204.75  -1271.54   -255.98       0     114     200     119
72649  03  12     5  99999.00  99999.00  99999.00  99999.00  99999.00  99999.00  99999.00  99999.00       0       7      10       4
72649  03  12     3  99999.00  99999.00  99999.00  99999.00  99999.00  99999.00  99999.00  99999.00       0       2       3       1
72649  03  12     2  99999.00  99999.00  99999.00  99999.00  99999.00  99999.00  99999.00  99999.00       0       0       0       0
72649  03  12     1  99999.00  99999.00  99999.00  99999.00  99999.00  99999.00  99999.00  99999.00       0       0       0       0
72649  04  12  9999    931.69   1025.65  99999.00  99999.00   -298.95    358.05   -152.94    233.82     975       0     970     833
72649  04  12  1000  99999.00  99999.00  99999.00  99999.00  99999.00  99999.00  99999.00  99999.00       0       0       0       0
72649  04  12   925  99999.00  99999.00    380.30   1136.06   -352.80    428.52   -483.42    403.74       0     687     686     650
72649  04  12   900  99999.00  99999.00  99999.00  99999.00  99999.00  99999.00  99999.00  99999.00       0      13      33      29
72649  04  12   850  99999.00  99999.00   1084.45   1804.45   -402.32    432.40   -632.41    481.07       0    1037    1036     836
72649  04  12   800  99999.00  99999.00  99999.00  99999.00  99999.00  99999.00  99999.00  99999.00       0      11      27      24
72649  04  12   700  99999.00  99999.00   2572.90   3404.86   -408.83    296.41   -907.12    548.00       0    1040    1039     837
72649  04  12   600  99999.00  99999.00  99999.00  99999.00  99999.00  99999.00  99999.00  99999.00       0      14      41      36
72649  04  12   500  99999.00  99999.00   4925.38   6175.54   -504.72     73.20   -948.71    271.93       0    1037    1036     833
72649  04  12   400  99999.00  99999.00   6384.12   7929.36   -596.65    -68.65  -1011.73    117.95       0    1034    1034     806
72649  04  12   300  99999.00  99999.00   8189.58  10040.82   -680.45   -273.17   -972.41   -192.05       0    1028    1028     611
72649  04  12   250  99999.00  99999.00   9352.84  11248.48   -766.91   -316.67   -963.99   -336.75       0    1024    1024     611
72649  04  12   200  99999.00  99999.00  10875.20  12566.36   -923.56   -205.48  -1046.11   -336.19       0    1023    1023     611
72649  04  12   150  99999.00  99999.00  12854.01  14254.53   -782.38   -308.26  -1141.69   -278.53       0    1014    1014     604
72649  04  12   100  99999.00  99999.00  15532.28  16749.44   -754.08   -375.00  -1211.11   -288.55       0    1006    1005     599
72649  04  12    80  99999.00  99999.00  17009.95  18031.99   -743.38   -400.90  -1227.21   -265.05       0      92     133      96
72649  04  12    70  99999.00  99999.00  17838.20  18951.56   -751.24   -406.00  -1240.23   -298.47       0     994     993     599
72649  04  12    60  99999.00  99999.00  99999.00  99999.00   -767.25   -404.49  -1248.89   -304.97       0      60     101      69
72649  04  12    50  99999.00  99999.00  19986.71  21047.15   -745.54   -410.50  -1244.21   -306.89       0     980     980     592
72649  04  12    40  99999.00  99999.00  21168.45  22598.49   -758.33   -388.25  -1276.61   -315.65       0      70     147     104
72649  04  12    30  99999.00  99999.00  23145.67  24352.75   -735.73   -385.69  -1239.66   -306.30       0     952     952     580
72649  04  12    20  99999.00  99999.00  25610.18  27062.78   -730.43   -344.75  -1260.34   -282.94       0     906     908     563
72649  04  12    15  99999.00  99999.00  26816.85  29242.89   -754.51   -276.43  -1297.78   -254.26       0     131     305     234
72649  04  12    10  99999.00  99999.00  29639.76  32006.88   -702.68   -222.80  -1213.19   -299.15       0     523     573     356
72649  04  12     7  99999.00  99999.00  31459.72  34871.68   -689.51   -133.91  -1249.87   -216.43       0      93     160      91
72649  04  12     5  99999.00  99999.00  99999.00  99999.00  99999.00  99999.00  99999.00  99999.00       0       8      11       2
72649  04  12     3  99999.00  99999.00  99999.00  99999.00  99999.00  99999.00  99999.00  99999.00       0       1       1       0
72649  04  12     2  99999.00  99999.00  99999.00  99999.00  99999.00  99999.00  99999.00  99999.00       0       1       1       0
72649  04  12     1  99999.00  99999.00  99999.00  99999.00  99999.00  99999.00  99999.00  99999.00       0       0       1       0
72649  05  12  9999    938.41   1018.57  99999.00  99999.00   -211.54    399.14   -140.75    209.17     996       0     992     847
72649  05  12  1000  99999.00  99999.00  99999.00  99999.00  99999.00  99999.00  99999.00  99999.00       0       0       0       0
72649  05  12   925  99999.00  99999.00    431.58   1104.90   -223.76    437.68   -389.39    444.25       0     698     698     662
72649  05  12   900  99999.00  99999.00  99999.00  99999.00  99999.00  99999.00  99999.00  99999.00       0      16      27      17
72649  05  12   850  99999.00  99999.00   1146.81   1797.09   -265.42    417.38   -510.44    486.88       0    1062    1061     850
72649  05  12   800  99999.00  99999.00  99999.00  99999.00  99999.00  99999.00  99999.00  99999.00       0      14      27      20
72649  05  12   700  99999.00  99999.00   2666.59   3428.47   -310.20    290.04   -823.31    565.69       0    1062    1060     846
72649  05  12   600  99999.00  99999.00  99999.00  99999.00  99999.00  99999.00  99999.00  99999.00       0      24      49      41
72649  05  12   500  99999.00  99999.00   5086.13   6224.93   -424.93     86.99   -971.83    352.49       0    1059    1060     849
72649  05  12   400  99999.00  99999.00   6584.12   8001.92   -540.18    -29.58  -1027.06    180.26       0    1053    1054     841
72649  05  12   300  99999.00  99999.00   5591.87  12950.75   -655.32   -217.08  -1008.78    -93.30       0    1049    1049     667
72649  05  12   250  99999.00  99999.00   6553.91  14390.99   -716.36   -315.68   -964.66   -293.02       0    1044    1044     627
72649  05  12   200  99999.00  99999.00   7730.62  16066.54   -879.70   -259.06   -996.44   -386.84       0    1044    1044     628
72649  05  12   150  99999.00  99999.00   9238.95  18199.47   -827.85   -293.97  -1112.06   -320.06       0    1040    1039     626
72649  05  12   100  99999.00  99999.00  11332.33  21238.09   -765.62   -391.34  -1192.77   -314.85       0    1032    1033     623
72649  05  12    80  99999.00  99999.00  17061.99  18316.47   -752.75   -427.79  -1274.38   -263.14       0      98     146     103
72649  05  12    70  99999.00  99999.00  18027.18  19081.38   -745.37   -423.65  -1224.32   -317.96       0    1023    1023     624
72649  05  12    60  99999.00  99999.00  99999.00  99999.00   -742.34   -415.94  -1239.50   -318.26       0      51     102      72
72649  05  12    50  99999.00  99999.00  20181.17  21170.33   -710.62   -429.22  -1252.41   -291.21       0    1015    1015     621
72649  05  12    40  99999.00  99999.00  21389.96  22635.56   -685.35   -439.83  -1281.75   -268.23       0      71     136     104
72649  05  12    30  99999.00  99999.00  23380.33  24488.77   -675.16   -393.76  -1272.00   -257.40       0     983     983     608
72649  05  12    20  99999.00  99999.00  25894.06  27229.90   -653.12   -341.48  -1275.25   -231.01       0     925     926     583
72649  05  12    15  99999.00  99999.00   8056.92  47939.64   -643.95   -299.79  -1253.91   -251.07       0     133     316     237
72649  05  12    10  99999.00  99999.00  30080.05  32229.13   -584.61   -233.85  -1187.61   -245.49       0     484     541     354
72649  05  12     7  99999.00  99999.00  99999.00  99999.00   -550.18   -177.34  -1190.50   -207.94       0      55     119      76
72649  05  12     5  99999.00  99999.00  99999.00  99999.00  99999.00  99999.00  99999.00  99999.00       0       4       6       1
72649  05  12     3  99999.00  99999.00  99999.00  99999.00  99999.00  99999.00  99999.00  99999.00       0       1       1       0
72649  05  12     2  99999.00  99999.00  99999.00  99999.00  99999.00  99999.00  99999.00  99999.00       0       1       1       0
72649  05  12     1  99999.00  99999.00  99999.00  99999.00  99999.00  99999.00  99999.00  99999.00       0       0       1       0
72649  06  12  9999    943.41   1012.53  99999.00  99999.00   -116.44    409.52   -119.63    170.05     956       0     950     820
72649  06  12  1000  99999.00  99999.00  99999.00  99999.00  99999.00  99999.00  99999.00  99999.00       0       0       0       0
72649  06  12   925  99999.00  99999.00    481.84   1062.52   -104.79    431.13   -237.38    428.38       0     665     667     639
72649  06  12   900  99999.00  99999.00  99999.00  99999.00  99999.00  99999.00  99999.00  99999.00       0      16      31      28
72649  06  12   850  99999.00  99999.00   1205.11   1774.39   -151.81    402.23   -346.46    445.42       0    1019    1018     824
72649  06  12   800  99999.00  99999.00  99999.00  99999.00  99999.00  99999.00  99999.00  99999.00       0      23      32      20
72649  06  12   700  99999.00  99999.00   2762.20   3425.20   -214.77    286.23   -696.54    537.18       0    1017    1016     822
72649  06  12   600  99999.00  99999.00  99999.00  99999.00  99999.00  99999.00  99999.00  99999.00       0      23      42      35
72649  06  12   500  99999.00  99999.00   5269.34   6222.26   -330.18     79.98   -914.80    359.60       0    1013    1009     815
72649  06  12   400  99999.00  99999.00   6825.08   8000.00   -459.53    -19.49   -995.32    210.56       0    1007    1006     812
72649  06  12   300  99999.00  99999.00   8703.63  10191.39   -608.20   -176.08  -1032.78     -9.18       0    1001    1000     729
72649  06  12   250  99999.00  99999.00   9846.94  11497.54   -670.95   -290.19   -952.21   -239.65       0     995     994     599
72649  06  12   200  99999.00  99999.00  11290.94  12940.22   -802.71   -304.47   -954.05   -394.85       0     991     991     598
72649  06  12   150  99999.00  99999.00  13244.47  14633.59   -857.16   -285.36  -1051.30   -388.42       0     990     991     599
72649  06  12   100  99999.00  99999.00  15974.86  17008.54   -791.09   -394.49  -1141.63   -383.95       0     987     989     598
72649  06  12    80  99999.00  99999.00  17344.80  18384.72   -768.83   -422.75  -1168.47   -376.59       0      88     141     102
72649  06  12    70  99999.00  99999.00  18282.86  19167.62   -735.22   -436.30  -1187.92   -352.60       0     972     972     591
72649  06  12    60  99999.00  99999.00  99999.00  99999.00   -724.20   -430.92  -1243.16   -270.56       0      41      88      63
72649  06  12    50  99999.00  99999.00  20404.21  21300.01   -684.54   -433.14  -1207.91   -314.99       0     968     965     585
72649  06  12    40  99999.00  99999.00  21549.28  22863.88   -659.47   -420.43  -1245.54   -252.90       0      69     143     108
72649  06  12    30  99999.00  99999.00  23616.15  24659.55   -632.81   -388.13  -1215.14   -279.74       0     928     929     570
72649  06  12    20  99999.00  99999.00  26176.28  27420.44   -601.67   -329.63  -1215.65   -244.73       0     890     888     556
72649  06  12    15  99999.00  99999.00   8763.48  47773.80   -583.98   -289.86  -1229.84   -195.92       0     141     289     217
72649  06  12    10  99999.00  99999.00  19762.42  42926.98   -526.57   -233.53  -1109.24   -262.16       0     465     523     358
72649  06  12     7  99999.00  99999.00  99999.00  99999.00   -670.08    -13.92  99999.00  99999.00       0      52      97      50
72649  06  12     5  99999.00  99999.00  99999.00  99999.00  99999.00  99999.00  99999.00  99999.00       0       5       6       2
72649  06  12     3  99999.00  99999.00  99999.00  99999.00  99999.00  99999.00  99999.00  99999.00       0       0       0       0
72649  06  12     2  99999.00  99999.00  99999.00  99999.00  99999.00  99999.00  99999.00  99999.00       0       0       0       0
72649  06  12     1  99999.00  99999.00  99999.00  99999.00  99999.00  99999.00  99999.00  99999.00       0       0       0       0
72649  07  12  9999    950.16   1008.72  99999.00  99999.00    -63.15    407.37    -90.40    133.28     995       0     986     844
72649  07  12  1000  99999.00  99999.00  99999.00  99999.00  99999.00  99999.00  99999.00  99999.00       0       0       0       0
72649  07  12   925  99999.00  99999.00    557.14   1024.54    -52.94    432.70   -168.82    422.18       0     692     697     661
72649  07  12   900  99999.00  99999.00  99999.00  99999.00  99999.00  99999.00  99999.00  99999.00       0      17      26      18
72649  07  12   850  99999.00  99999.00   1290.79   1741.15   -113.76    417.00   -288.41    439.63       0    1060    1058     854
72649  07  12   800  99999.00  99999.00  99999.00  99999.00  99999.00  99999.00  99999.00  99999.00       0      21      44      30
72649  07  12   700  99999.00  99999.00   2873.75   3398.03   -155.43    280.29   -648.40    520.28       0    1054    1052     850
72649  07  12   600  99999.00  99999.00  99999.00  99999.00  99999.00  99999.00  99999.00  99999.00       0      30      60      52
72649  07  12   500  99999.00  99999.00   5435.67   6188.91   -268.26     65.22   -929.91    385.41       0    1056    1055     850
72649  07  12   400  99999.00  99999.00   7026.84   7962.84   -400.88    -28.16  -1023.67    248.69       0    1049    1048     845
72649  07  12   300  99999.00  99999.00   8943.69  10158.81   -574.90   -159.58  -1095.99     57.69       0    1044    1043     814
72649  07  12   250  99999.00  99999.00  10098.00  11479.92   -646.54   -267.22  -1063.88   -124.88       0    1038    1037     621
72649  07  12   200  99999.00  99999.00  11511.70  12981.70   -733.12   -341.80  -1046.17   -295.81       0    1033    1033     618
72649  07  12   150  99999.00  99999.00  13434.15  14708.55   -851.60   -322.76  -1124.60   -349.16       0    1028    1028     615
72649  07  12   100  99999.00  99999.00  16196.91  17002.47   -816.25   -396.01  -1177.51   -367.87       0    1020    1022     612
72649  07  12    80  99999.00  99999.00  17610.62  18293.18   -762.03   -435.39  -1185.45   -355.41       0     102     160     115
72649  07  12    70  99999.00  99999.00  18508.60  19149.52   -726.96   -440.04  -1206.61   -337.69       0    1012    1012     608
72649  07  12    60  99999.00  99999.00  99999.00  99999.00   -716.28   -427.68  -1205.18   -299.66       0      59     118      83
72649  07  12    50  99999.00  99999.00  20633.34  21291.54   -671.61   -425.13  -1220.73   -300.93       0    1000    1000     604
72649  07  12    40  99999.00  99999.00  21870.26  22788.74   -653.13   -411.93  -1226.65   -306.97       0      64     138     104
72649  07  12    30  99999.00  99999.00  23855.56  24674.68   -607.10   -388.10  -1221.60   -262.32       0     982     981     598
72649  07  12    20  99999.00  99999.00  26444.28  27435.36   -575.27   -338.39  -1211.02   -245.74       0     939     939     580
72649  07  12    15  99999.00  99999.00  27711.30  29659.74   -558.34   -300.58  -1175.33   -259.49       0     132     285     212
72649  07  12    10  99999.00  99999.00  30584.69  32595.41   -521.72   -241.88  -1141.62   -238.14       0     498     554     382
72649  07  12     7  99999.00  99999.00  32433.43  35566.39   -543.97   -153.97  99999.00  99999.00       0      63     107      57
72649  07  12     5  99999.00  99999.00  99999.00  99999.00  99999.00  99999.00  99999.00  99999.00       0       7      14       7
72649  07  12     3  99999.00  99999.00  99999.00  99999.00  99999.00  99999.00  99999.00  99999.00       0       3       3       0
72649  07  12     2  99999.00  99999.00  99999.00  99999.00  99999.00  99999.00  99999.00  99999.00       0       0       2       0
72649  07  12     1  99999.00  99999.00  99999.00  99999.00  99999.00  99999.00  99999.00  99999.00       0       0       0       0
72649  08  12  9999    951.03   1010.07  99999.00  99999.00    -81.99    401.01    -73.54    105.98     994       0     983     830
72649  08  12  1000  99999.00  99999.00  99999.00  99999.00  99999.00  99999.00  99999.00  99999.00       0       0       0       0
72649  08  12   925  99999.00  99999.00    568.97   1032.29    -40.31    402.97   -171.74    417.46       0     688     690     652
72649  08  12   900  99999.00  99999.00  99999.00  99999.00  99999.00  99999.00  99999.00  99999.00       0      11      26      23
72649  08  12   850  99999.00  99999.00   1300.68   1741.68   -119.80    407.84   -365.10    495.66       0    1053    1052     839
72649  08  12   800  99999.00  99999.00  99999.00  99999.00  99999.00  99999.00  99999.00  99999.00       0      28      46      34
72649  08  12   700  99999.00  99999.00   2890.45   3385.81   -147.54    265.38   -682.00    543.32       0    1052    1050     839
72649  08  12   600  99999.00  99999.00  99999.00  99999.00  99999.00  99999.00  99999.00  99999.00       0      26      52      43
72649  08  12   500  99999.00  99999.00   5455.32   6168.72   -269.80     63.08   -948.88    400.28       0    1049    1042     832
72649  08  12   400  99999.00  99999.00   7048.61   7937.21   -404.53    -31.09  -1033.31    253.33       0    1042    1041     832
72649  08  12   300  99999.00  99999.00   8967.51  10125.51   -569.06   -172.82  -1085.44     55.88       0    1036    1034     783
72649  08  12   250  99999.00  99999.00  10123.45  11441.05   -650.72   -272.24  -1031.01   -151.17       0    1031    1030     612
72649  08  12   200  99999.00  99999.00  11529.17  12945.53   -737.61   -342.93   -997.59   -337.71       0    1026    1026     606
72649  08  12   150  99999.00  99999.00  13432.34  14691.62   -822.94   -350.98  -1094.38   -372.70       0    1023    1023     604
72649  08  12   100  99999.00  99999.00  16164.48  17012.76   -816.45   -403.89  -1141.83   -399.27       0    1020    1022     601
72649  08  12    80  99999.00  99999.00  17576.66  18317.42   -775.25   -427.25  -1186.45   -345.13       0      82     134      94
72649  08  12    70  99999.00  99999.00  18478.49  19151.09   -733.70   -435.74  -1180.77   -350.25       0    1012    1014     598
72649  08  12    60  99999.00  99999.00  99999.00  99999.00   -725.59   -413.47  -1238.65   -292.81       0      55     108      74
72649  08  12    50  99999.00  99999.00  20614.05  21277.41   -674.38   -431.38  -1202.11   -313.75       0     995     996     590
72649  08  12    40  99999.00  99999.00  21836.84  22809.68   -657.84   -407.04  -1286.35   -242.59       0      78     133      92
72649  08  12    30  99999.00  99999.00  23829.60  24654.48   -620.76   -385.92  -1226.10   -264.66       0     977     978     583
72649  08  12    20  99999.00  99999.00  26399.91  27417.15   -590.51   -342.83  -1220.15   -242.87       0     924     927     557
72649  08  12    15  99999.00  99999.00  27692.45  29647.73   -581.34   -307.74  -1227.95   -222.95       0     122     271     192
72649  08  12    10  99999.00  99999.00  30458.02  32586.46   -547.54   -257.86  -1163.11   -241.03       0     512     570     368
72649  08  12     7  99999.00  99999.00  99999.00  99999.00   -531.47   -202.19  99999.00  99999.00       0      48      89      45
72649  08  12     5  99999.00  99999.00  99999.00  99999.00  99999.00  99999.00  99999.00  99999.00       0       8       9       1
72649  08  12     3  99999.00  99999.00  99999.00  99999.00  99999.00  99999.00  99999.00  99999.00       0       2       2       0
72649  08  12     2  99999.00  99999.00  99999.00  99999.00  99999.00  99999.00  99999.00  99999.00       0       0       1       0
72649  08  12     1  99999.00  99999.00  99999.00  99999.00  99999.00  99999.00  99999.00  99999.00       0       0       0       0
72649  09  12  9999    942.65   1018.37  99999.00  99999.00   -200.27    427.33   -110.45    153.07     934       0     923     780
72649  09  12  1000  99999.00  99999.00  99999.00  99999.00  99999.00  99999.00  99999.00  99999.00       0       0       0       0
72649  09  12   925  99999.00  99999.00    488.77   1094.05   -202.12    476.48   -294.31    439.61       0     648     649     610
72649  09  12   900  99999.00  99999.00  99999.00  99999.00  99999.00  99999.00  99999.00  99999.00       0      17      32      26
72649  09  12   850  99999.00  99999.00   1207.84   1792.72   -257.60    465.40   -507.84    538.80       0    1001    1000     794
72649  09  12   800  99999.00  99999.00  99999.00  99999.00  99999.00  99999.00  99999.00  99999.00       0      15      35      28
72649  09  12   700  99999.00  99999.00   2735.11   3454.75   -269.95    320.57   -744.85    530.99       0     998     998     794
72649  09  12   600  99999.00  99999.00  99999.00  99999.00  99999.00  99999.00  99999.00  99999.00       0      24      41      28
72649  09  12   500  99999.00  99999.00   5186.04   6288.00   -380.72    112.84   -915.13    341.99       0     994     993     783
72649  09  12   400  99999.00  99999.00   6712.80   8084.04   -495.36     -1.08  -1002.41    202.15       0     991     991     783
72649  09  12   300  99999.00  99999.00   8576.60  10274.00   -618.00   -184.68  -1044.78    -17.34       0     982     982     653
72649  09  12   250  99999.00  99999.00   9733.84  11558.20   -684.89   -286.85   -969.70   -238.30       0     978     978     569
72649  09  12   200  99999.00  99999.00  11187.91  12994.03   -807.22   -289.18   -994.61   -353.57       0     974     974     568
72649  09  12   150  99999.00  99999.00  13111.73  14718.77   -810.34   -352.78  -1096.68   -362.04       0     967     967     564
72649  09  12   100  99999.00  99999.00  15829.47  17066.55   -821.94   -389.46  -1161.86   -368.42       0     959     959     560
72649  09  12    80  99999.00  99999.00  -1574.78  36472.66   -780.86   -426.14  -1166.97   -355.65       0      77     136      85
72649  09  12    70  99999.00  99999.00  18157.23  19190.19   -750.67   -430.63  -1201.00   -336.52       0     953     953     559
72649  09  12    60  99999.00  99999.00  19097.65  20113.93   -721.73   -448.73  -1265.66   -259.34       0      75     128      82
72649  09  12    50  99999.00  99999.00  20302.46  21283.34   -710.68   -430.72  -1229.23   -305.71       0     939     939     553
72649  09  12    40  99999.00  99999.00  21515.24  22778.12   -718.32   -391.44  -1253.61   -277.53       0      76     146     104
72649  09  12    30  99999.00  99999.00  23505.91  24602.35   -676.07   -381.11  -1255.41   -263.01       0     923     924     548
72649  09  12    20  99999.00  99999.00  26030.83  27344.71   -652.64   -339.92  -1264.32   -241.56       0     886     887     533
72649  09  12    15  99999.00  99999.00  27325.22  29519.54   -636.04   -319.60  -1286.10   -219.18       0     135     290     213
72649  09  12    10  99999.00  99999.00  30184.03  32312.23   -610.43   -271.91  -1215.05   -246.29       0     520     592     385
72649  09  12     7  99999.00  99999.00  31645.24  35380.60   -619.83   -201.75  99999.00  99999.00       0      73     112      53
72649  09  12     5  99999.00  99999.00  99999.00  99999.00  99999.00  99999.00  99999.00  99999.00       0       6       7       1
72649  09  12     3  99999.00  99999.00  99999.00  99999.00  99999.00  99999.00  99999.00  99999.00       0       2       4       1
72649  09  12     2  99999.00  99999.00  99999.00  99999.00  99999.00  99999.00  99999.00  99999.00       0       1       2       0
72649  09  12     1  99999.00  99999.00  99999.00  99999.00  99999.00  99999.00  99999.00  99999.00       0       0       2       0
72649  10  12  9999    932.24   1028.24  99999.00  99999.00   -288.00    387.00   -107.53    161.99     972       0     962     820
72649  10  12  1000  99999.00  99999.00  99999.00  99999.00  99999.00  99999.00  99999.00  99999.00       0       4       4       4
72649  10  12   925  99999.00  99999.00  -1755.25   3273.11   -342.70    481.46   -415.31    428.17       0     677     683     646
72649  10  12   900  99999.00  99999.00  99999.00  99999.00  99999.00  99999.00  99999.00  99999.00       0      16      30      25
72649  10  12   850  99999.00  99999.00   1099.14   1838.70   -377.47    461.33   -648.82    556.34       0    1043    1042     830
72649  10  12   800  99999.00  99999.00  99999.00  99999.00  99999.00  99999.00  99999.00  99999.00       0      11      30      30
72649  10  12   700  99999.00  99999.00   2575.48   3484.12   -379.60    326.36   -807.39    516.93       0    1041    1041     830
72649  10  12   600  99999.00  99999.00  99999.00  99999.00  99999.00  99999.00  99999.00  99999.00       0      23      40      32
72649  10  12   500  99999.00  99999.00   4934.95   6313.75   -482.62    123.62   -929.95    302.21       0    1041    1040     829
72649  10  12   400  99999.00  99999.00   6405.34   8105.02   -579.56     -8.96   -976.74    135.66       0    1038    1038     821
72649  10  12   300  99999.00  99999.00   5494.04  12961.52   -662.58   -217.14   -964.15   -138.19       0    1034    1034     657
72649  10  12   250  99999.00  99999.00   6459.68  14400.32   -740.87   -281.87   -940.85   -306.17       0    1029    1026     633
72649  10  12   200  99999.00  99999.00   5952.77  17729.93   -863.56   -245.92   -976.41   -381.09       0    1024    1023     633
72649  10  12   150  99999.00  99999.00   9145.76  18228.92   -819.51   -325.23  -1071.66   -361.86       0    1021    1021     632
72649  10  12   100  99999.00  99999.00   9169.56  23238.84   -824.78   -374.18  -1143.67   -367.39       0    1012    1013     632
72649  10  12    80  99999.00  99999.00  16976.42  18233.06   -796.60   -402.04  -1199.93   -330.89       0      93     148     115
72649  10  12    70  99999.00  99999.00  17891.57  19072.13   -769.88   -428.48  -1187.84   -340.88       0    1005    1004     629
72649  10  12    60  99999.00  99999.00  99999.00  99999.00   -768.49   -423.13  -1231.79   -311.75       0      51     119      94
72649  10  12    50  99999.00  99999.00  20025.07  21148.03   -738.29   -444.53  -1210.51   -322.27       0     990     990     623
72649  10  12    40  99999.00  99999.00  21307.89  22567.41   -743.22   -424.02  -1261.69   -280.57       0      82     162     128
72649  10  12    30  99999.00  99999.00  23187.38  24417.86   -744.43   -395.35  -1244.14   -290.38       0     950     950     613
72649  10  12    20  99999.00  99999.00  25640.18  27119.30   -743.32   -355.48  -1269.39   -271.95       0     903     907     595
72649  10  12    15  99999.00  99999.00  26922.09  29211.45   -787.71   -285.75  -1283.28   -275.16       0     143     305     235
72649  10  12    10  99999.00  99999.00  29668.17  31985.37   -754.01   -260.69  -1258.98   -291.42       0     587     636     448
72649  10  12     7  99999.00  99999.00  30943.72  34990.36   -760.69   -206.05  -1276.00   -274.12       0     100     174     104
72649  10  12     5  99999.00  99999.00  99999.00  99999.00  99999.00  99999.00  99999.00  99999.00       0       8      13       5
72649  10  12     3  99999.00  99999.00  99999.00  99999.00  99999.00  99999.00  99999.00  99999.00       0       1       1       1
72649  10  12     2  99999.00  99999.00  99999.00  99999.00  99999.00  99999.00  99999.00  99999.00       0       0       0       0
72649  10  12     1  99999.00  99999.00  99999.00  99999.00  99999.00  99999.00  99999.00  99999.00       0       0       0       0
72649  11  12  9999    926.85   1033.65  99999.00  99999.00   -375.28    338.36   -118.54    175.46     945       0     943     810
72649  11  12  1000  99999.00  99999.00  99999.00  99999.00  99999.00  99999.00  99999.00  99999.00       0      15      15      14
72649  11  12   925  99999.00  99999.00    361.70   1167.14   -439.35    431.37   -507.39    381.09       0     658     663     621
72649  11  12   900  99999.00  99999.00  99999.00  99999.00  99999.00  99999.00  99999.00  99999.00       0      24      51      43
72649  11  12   850  99999.00  99999.00   1042.86   1833.78   -450.71    421.09   -689.98    463.34       0    1007    1007     814
72649  11  12   800  99999.00  99999.00  99999.00  99999.00  99999.00  99999.00  99999.00  99999.00       0      11      20      14
72649  11  12   700  99999.00  99999.00   2513.73   3426.45   -432.55    286.25   -853.78    462.98       0    1006    1006     814
72649  11  12   600  99999.00  99999.00  99999.00  99999.00  99999.00  99999.00  99999.00  99999.00       0      16      37      32
72649  11  12   500  99999.00  99999.00   4836.12   6203.40   -542.62     95.42   -984.26    286.66       0    1004    1004     812
72649  11  12   400  99999.00  99999.00   6276.10   7967.98   -627.29    -44.69  -1032.21    124.95       0    1001     999     780
72649  11  12   300  99999.00  99999.00   8073.29  10089.29   -693.10   -248.62   -969.29   -192.29       0     997     997     609
72649  11  12   250  99999.00  99999.00   9237.30  11304.54   -783.19   -275.95   -962.91   -327.63       0     989     989     606
72649  11  12   200  99999.00  99999.00  10737.38  12661.82   -892.41   -219.45  -1024.69   -358.45       0     985     985     604
72649  11  12   150  99999.00  99999.00  12693.95  14368.55   -818.06   -303.26  -1102.04   -335.84       0     975     975     595
72649  11  12   100  99999.00  99999.00  15390.95  16796.51   -811.11   -359.43  -1172.02   -329.98       0     967     967     589
72649  11  12    80  99999.00  99999.00  16716.30  18223.86   -811.95   -382.47  -1229.12   -281.48       0      74     117      84
72649  11  12    70  99999.00  99999.00  17700.22  18958.54   -775.27   -415.51  -1191.53   -338.45       0     949     950     581
72649  11  12    60  99999.00  99999.00  99999.00  99999.00   -791.12   -422.96  -1148.17   -357.49       0      55     109      83
72649  11  12    50  99999.00  99999.00  19805.09  21058.25   -770.62   -426.34  -1213.64   -332.96       0     927     928     569
72649  11  12    40  99999.00  99999.00  99999.00  99999.00   -798.45   -403.41  -1216.86   -342.78       0      56     138     102
72649  11  12    30  99999.00  99999.00  22900.32  24355.80   -788.93   -396.41  -1234.29   -320.13       0     871     872     550
72649  11  12    20  99999.00  99999.00  25291.19  27051.23   -823.22   -344.30  -1246.41   -311.49       0     797     796     516
72649  11  12    15  99999.00  99999.00  26149.31  29349.11   -870.92   -274.04  -1282.33   -263.53       0      72     239     197
72649  11  12    10  99999.00  99999.00  29202.28  31892.56   -829.93   -277.33  -1254.11   -319.43       0     414     463     355
72649  11  12     7  99999.00  99999.00  99999.00  99999.00   -812.00   -248.60  -1267.80   -318.48       0      58     107      84
72649  11  12     5  99999.00  99999.00  99999.00  99999.00  99999.00  99999.00  99999.00  99999.00       0       2       9       6
72649  11  12     3  99999.00  99999.00  99999.00  99999.00  99999.00  99999.00  99999.00  99999.00       0       0       0       0
72649  11  12     2  99999.00  99999.00  99999.00  99999.00  99999.00  99999.00  99999.00  99999.00       0       0       0       0
72649  11  12     1  99999.00  99999.00  99999.00  99999.00  99999.00  99999.00  99999.00  99999.00       0       0       0       0
72649  12  12  9999    931.52   1031.48  99999.00  99999.00   -564.75    378.93    -93.51    143.97     926       0     912     759
72649  12  12  1000  99999.00  99999.00  99999.00  99999.00  99999.00  99999.00  99999.00  99999.00       0      15      15      12
72649  12  12   925  99999.00  99999.00    408.99   1108.11   -525.86    390.82   -574.24    350.12       0     625     629     591
72649  12  12   900  99999.00  99999.00  99999.00  99999.00  99999.00  99999.00  99999.00  99999.00       0      17      43      35
72649  12  12   850  99999.00  99999.00   1069.75   1771.63   -535.45    403.67   -681.87    384.33       0     990     990     776
72649  12  12   800  99999.00  99999.00  99999.00  99999.00  99999.00  99999.00  99999.00  99999.00       0      21      35      27
72649  12  12   700  99999.00  99999.00   2490.61   3361.69   -525.89    295.87   -837.97    393.11       0     988     988     774
72649  12  12   600  99999.00  99999.00  99999.00  99999.00  99999.00  99999.00  99999.00  99999.00       0      19      33      27
72649  12  12   500  99999.00  99999.00   4719.69   6155.73   -605.38     87.26   -938.76    212.64       0     988     988     766
72649  12  12   400  99999.00  99999.00   6120.58   7915.66   -668.58    -67.74   -979.19     39.13       0     983     983     701
72649  12  12   300  99999.00  99999.00   7894.59  10011.27   -704.18   -282.02   -972.49   -232.33       0     978     976     581
72649  12  12   250  99999.00  99999.00   9071.30  11198.54   -804.74   -270.98   -973.06   -343.66       0     972     972     577
72649  12  12   200  99999.00  99999.00  10586.15  12540.95   -891.01   -202.69  -1052.60   -330.08       0     967     965     573
72649  12  12   150  99999.00  99999.00  12514.04  14296.40   -804.90   -287.10  -1129.11   -302.67       0     961     961     570
72649  12  12   100  99999.00  99999.00  15145.98  16823.46   -793.66   -349.42  -1186.61   -311.69       0     942     942     558
72649  12  12    80  99999.00  99999.00  16574.09  18167.69   -802.26   -354.42  -1143.87   -362.31       0      84     123      88
72649  12  12    70  99999.00  99999.00  17387.54  19078.46   -806.79   -366.39  -1206.12   -325.20       0     932     932     559
72649  12  12    60  99999.00  99999.00  18362.44  20012.32   -820.11   -362.07  -1224.18   -306.42       0      64     109      82
72649  12  12    50  99999.00  99999.00  19400.18  21283.70   -835.45   -351.85  -1220.36   -329.36       0     923     922     552
72649  12  12    40  99999.00  99999.00  20510.43  22852.71   -865.66   -325.66  -1269.91   -304.63       0      81     144      98
72649  12  12    30  99999.00  99999.00  22396.17  24694.53   -880.05   -312.69  -1222.71   -349.35       0     846     850     518
72649  12  12    20  99999.00  99999.00  24718.75  27464.71   -899.60   -284.12  -1233.63   -350.43       0     758     761     477
72649  12  12    15  99999.00  99999.00  26176.30  29319.58  -4256.53   3005.51  -1257.41   -339.77       0     108     244     181
72649  12  12    10  99999.00  99999.00  28566.88  32395.60   -993.65   -148.85  -1290.18   -310.38       0     280     327     245
72649  12  12     7  99999.00  99999.00  99999.00  99999.00   -999.32    -46.16  99999.00  99999.00       0      26      65      55
72649  12  12     5  99999.00  99999.00  99999.00  99999.00  99999.00  99999.00  99999.00  99999.00       0       1       5       5
72649  12  12     3  99999.00  99999.00  99999.00  99999.00  99999.00  99999.00  99999.00  99999.00       0       0       0       0
72649  12  12     2  99999.00  99999.00  99999.00  99999.00  99999.00  99999.00  99999.00  99999.00       0       0       0       0
72649  12  12     1  99999.00  99999.00  99999.00  99999.00  99999.00  99999.00  99999.00  99999.00       0       0       0       0
