62053  01  12  9999    987.87   1048.11  99999.00  99999.00     36.59    301.43   -154.23    293.61     195       0     191     190
62053  01  12  1000  99999.00  99999.00    -25.68    408.24     12.53    283.37   -126.17    274.51       0     233     233     233
62053  01  12   925  99999.00  99999.00    473.27   1169.99   -133.92    331.80   -333.51    388.41       0      95      98      96
62053  01  12   900  99999.00  99999.00  99999.00  99999.00  99999.00  99999.00  99999.00  99999.00       0       0       6       6
62053  01  12   850  99999.00  99999.00   1227.55   1820.47   -185.54    286.90   -447.55    368.45       0     271     275     267
62053  01  12   800  99999.00  99999.00  99999.00  99999.00  99999.00  99999.00  99999.00  99999.00       0       0       8       8
62053  01  12   700  99999.00  99999.00   2737.90   3443.38   -262.68    228.72   -757.06    369.50       0     272     272     267
62053  01  12   600  99999.00  99999.00  99999.00  99999.00  99999.00  99999.00  99999.00  99999.00       0       0       4       3
62053  01  12   500  99999.00  99999.00   5136.34   6230.02   -430.39     54.05   -970.44    199.56       0     267     271     257
62053  01  12   400  99999.00  99999.00   6644.24   7969.88   -529.75    -81.79  -1056.89     85.39       0     262     265     250
62053  01  12   300  99999.00  99999.00   8526.39  10041.27   -625.01   -268.85  -1084.87   -144.07       0     248     244     146
62053  01  12   250  99999.00  99999.00   9696.22  11276.02   -721.41   -309.93  -1071.65   -312.29       0     255     253     146
62053  01  12   200  99999.00  99999.00  11173.52  12660.20   -845.50   -271.54  -1174.56   -349.92       0     245     245      90
62053  01  12   150  99999.00  99999.00  13055.64  14420.76   -775.83   -382.23  -1160.20   -506.08       0     231     233      85
62053  01  12   100  99999.00  99999.00  15766.02  16769.46   -843.22   -430.66  -1197.35   -586.79       0     208     226      88
62053  01  12    80  99999.00  99999.00  99999.00  99999.00  99999.00  99999.00  99999.00  99999.00       0       0       1       0
62053  01  12    70  99999.00  99999.00  99999.00  99999.00  99999.00  99999.00  99999.00  99999.00       0      43      42      10
62053  01  12    60  99999.00  99999.00  99999.00  99999.00  99999.00  99999.00  99999.00  99999.00       0       0       3       0
62053  01  12    50  99999.00  99999.00  99999.00  99999.00  99999.00  99999.00  99999.00  99999.00       0      38      41      11
62053  01  12    40  99999.00  99999.00  99999.00  99999.00  99999.00  99999.00  99999.00  99999.00       0       0       4       1
62053  01  12    30  99999.00  99999.00  99999.00  99999.00  99999.00  99999.00  99999.00  99999.00       0      27      29       5
62053  01  12    20  99999.00  99999.00  99999.00  99999.00  99999.00  99999.00  99999.00  99999.00       0      11      11       0
62053  01  12    15  99999.00  99999.00  99999.00  99999.00  99999.00  99999.00  99999.00  99999.00       0       0       0       0
62053  01  12    10  99999.00  99999.00  99999.00  99999.00  99999.00  99999.00  99999.00  99999.00       0       0       0       0
62053  01  12     7  99999.00  99999.00  99999.00  99999.00  99999.00  99999.00  99999.00  99999.00       0       0       0       0
62053  01  12     5  99999.00  99999.00  99999.00  99999.00  99999.00  99999.00  99999.00  99999.00       0       0       0       0
62053  01  12     3  99999.00  99999.00  99999.00  99999.00  99999.00  99999.00  99999.00  99999.00       0       0       0       0
62053  01  12     2  99999.00  99999.00  99999.00  99999.00  99999.00  99999.00  99999.00  99999.00       0       0       0       0
62053  01  12     1  99999.00  99999.00  99999.00  99999.00  99999.00  99999.00  99999.00  99999.00       0       0       0       0
62053  02  12  9999    987.00   1045.08  99999.00  99999.00     17.62    314.86   -130.17    281.67     157       0     156     155
62053  02  12  1000  99999.00  99999.00    -23.05    377.39      0.15    285.75   -146.12    263.80       0     178     172     172
62053  02  12   925  99999.00  99999.00    528.58   1073.14   -200.53    406.55   -443.69    473.35       0      81      87      87
62053  02  12   900  99999.00  99999.00  99999.00  99999.00  99999.00  99999.00  99999.00  99999.00       0       0       5       5
62053  02  12   850  99999.00  99999.00   1237.20   1765.92   -224.68    327.92   -442.60    347.36       0     261     263     259
62053  02  12   800  99999.00  99999.00  99999.00  99999.00  99999.00  99999.00  99999.00  99999.00       0       0       6       6
62053  02  12   700  99999.00  99999.00   2746.26   3379.98   -267.47    208.45   -776.56    384.92       0     261     259     256
62053  02  12   600  99999.00  99999.00  99999.00  99999.00  99999.00  99999.00  99999.00  99999.00       0       0       6       5
62053  02  12   500  99999.00  99999.00   5183.66   6106.58   -411.51     23.73  -1008.34    242.18       0     260     254     246
62053  02  12   400  99999.00  99999.00   6712.87   7821.91   -517.69   -102.25  -1070.02     80.18       0     253     254     245
62053  02  12   300  99999.00  99999.00   8524.09   9977.77   -631.26   -268.74  -1066.12   -179.32       0     248     246     160
62053  02  12   250  99999.00  99999.00   9763.36  11131.00   -739.21   -292.33  -1098.46   -281.50       0     245     243     158
62053  02  12   200  99999.00  99999.00  11240.43  12528.39   -835.19   -248.03  -1140.65   -385.01       0     238     238     107
62053  02  12   150  99999.00  99999.00  13121.16  14314.56   -770.92   -371.44  -1204.16   -439.28       0     229     226     100
62053  02  12   100  99999.00  99999.00  15752.94  16719.90   -849.60   -424.32  -1242.41   -544.97       0     218     227      90
62053  02  12    80  99999.00  99999.00  99999.00  99999.00  99999.00  99999.00  99999.00  99999.00       0       0       4       0
62053  02  12    70  99999.00  99999.00  99999.00  99999.00  99999.00  99999.00  99999.00  99999.00       0      24      24       5
62053  02  12    60  99999.00  99999.00  99999.00  99999.00  99999.00  99999.00  99999.00  99999.00       0       0       4       1
62053  02  12    50  99999.00  99999.00  99999.00  99999.00  99999.00  99999.00  99999.00  99999.00       0      20      21       3
62053  02  12    40  99999.00  99999.00  99999.00  99999.00  99999.00  99999.00  99999.00  99999.00       0       0       1       0
62053  02  12    30  99999.00  99999.00  99999.00  99999.00  99999.00  99999.00  99999.00  99999.00       0      13      15       1
62053  02  12    20  99999.00  99999.00  99999.00  99999.00  99999.00  99999.00  99999.00  99999.00       0       2       3       0
62053  02  12    15  99999.00  99999.00  99999.00  99999.00  99999.00  99999.00  99999.00  99999.00       0       0       1       0
62053  02  12    10  99999.00  99999.00  99999.00  99999.00  99999.00  99999.00  99999.00  99999.00       0       0       0       0
62053  02  12     7  99999.00  99999.00  99999.00  99999.00  99999.00  99999.00  99999.00  99999.00       0       0       0       0
62053  02  12     5  99999.00  99999.00  99999.00  99999.00  99999.00  99999.00  99999.00  99999.00       0       0       0       0
62053  02  12     3  99999.00  99999.00  99999.00  99999.00  99999.00  99999.00  99999.00  99999.00       0       0       0       0
62053  02  12     2  99999.00  99999.00  99999.00  99999.00  99999.00  99999.00  99999.00  99999.00       0       0       0       0
62053  02  12     1  99999.00  99999.00  99999.00  99999.00  99999.00  99999.00  99999.00  99999.00       0       0       0       0
62053  03  12  9999    991.26   1040.34  99999.00  99999.00    -23.67    406.65   -182.99    381.73     153       0     150     149
62053  03  12  1000  99999.00  99999.00     -9.53    352.27    -52.93    382.19   -181.80    311.76       0     196     194     193
62053  03  12   925  99999.00  99999.00    499.36   1097.92   -221.47    472.61   -437.42    420.46       0      92      94      90
62053  03  12   900  99999.00  99999.00  99999.00  99999.00  99999.00  99999.00  99999.00  99999.00       0       0       8       8
62053  03  12   850  99999.00  99999.00   1261.92   1755.84   -255.48    409.08   -551.83    426.89       0     269     269     265
62053  03  12   800  99999.00  99999.00  99999.00  99999.00  99999.00  99999.00  99999.00  99999.00       0       0       8       8
62053  03  12   700  99999.00  99999.00   2777.74   3392.38   -265.74    250.50   -830.16    453.48       0     263     259     248
62053  03  12   600  99999.00  99999.00  99999.00  99999.00  99999.00  99999.00  99999.00  99999.00       0       0       5       5
62053  03  12   500  99999.00  99999.00   5159.65   6209.05   -385.22     25.18  -1042.83    292.29       0     262     260     249
62053  03  12   400  99999.00  99999.00   6736.00   7885.84   -496.40   -100.04  -1061.04    110.16       0     251     258     247
62053  03  12   300  99999.00  99999.00   8597.70  10007.46   -611.51   -275.87  -1131.30    -94.38       0     253     248     154
62053  03  12   250  99999.00  99999.00   9760.94  11245.70   -712.10   -318.98  -1136.59   -255.91       0     247     246     142
62053  03  12   200  99999.00  99999.00  11265.28  12608.08   -832.14   -268.86  -1217.72   -360.92       0     241     242      87
62053  03  12   150  99999.00  99999.00  13152.95  14374.67   -774.16   -380.80  -1349.79   -325.23       0     223     224      75
62053  03  12   100  99999.00  99999.00  15766.36  16799.32   -839.98   -445.90  -1268.29   -547.93       0     204     217      76
62053  03  12    80  99999.00  99999.00  99999.00  99999.00  99999.00  99999.00  99999.00  99999.00       0       0       2       0
62053  03  12    70  99999.00  99999.00  99999.00  99999.00  99999.00  99999.00  99999.00  99999.00       0      37      35       6
62053  03  12    60  99999.00  99999.00  99999.00  99999.00  99999.00  99999.00  99999.00  99999.00       0       0       3       1
62053  03  12    50  99999.00  99999.00  99999.00  99999.00  99999.00  99999.00  99999.00  99999.00       0      28      29       3
62053  03  12    40  99999.00  99999.00  99999.00  99999.00  99999.00  99999.00  99999.00  99999.00       0       0       4       0
62053  03  12    30  99999.00  99999.00  99999.00  99999.00  99999.00  99999.00  99999.00  99999.00       0      21      20       1
62053  03  12    20  99999.00  99999.00  99999.00  99999.00  99999.00  99999.00  99999.00  99999.00       0       8       7       1
62053  03  12    15  99999.00  99999.00  99999.00  99999.00  99999.00  99999.00  99999.00  99999.00       0       0       0       0
62053  03  12    10  99999.00  99999.00  99999.00  99999.00  99999.00  99999.00  99999.00  99999.00       0       0       0       0
62053  03  12     7  99999.00  99999.00  99999.00  99999.00  99999.00  99999.00  99999.00  99999.00       0       0       0       0
62053  03  12     5  99999.00  99999.00  99999.00  99999.00  99999.00  99999.00  99999.00  99999.00       0       0       0       0
62053  03  12     3  99999.00  99999.00  99999.00  99999.00  99999.00  99999.00  99999.00  99999.00       0       0       0       0
62053  03  12     2  99999.00  99999.00  99999.00  99999.00  99999.00  99999.00  99999.00  99999.00       0       0       0       0
62053  03  12     1  99999.00  99999.00  99999.00  99999.00  99999.00  99999.00  99999.00  99999.00       0       0       0       0
62053  04  12  9999    986.79   1039.71  99999.00  99999.00    -56.75    509.65   -246.79    487.37     133       0     133     132
62053  04  12  1000  99999.00  99999.00      6.99    318.75    -79.26    478.98   -209.83    371.69       0     149     144     143
62053  04  12   925  99999.00  99999.00    582.21   1014.45   -118.27    430.37   -484.22    496.90       0      72      74      73
62053  04  12   900  99999.00  99999.00  99999.00  99999.00  99999.00  99999.00  99999.00  99999.00       0       0       7       7
62053  04  12   850  99999.00  99999.00   1285.16   1748.24   -218.69    456.31   -518.37    414.75       0     239     238     233
62053  04  12   800  99999.00  99999.00  99999.00  99999.00  99999.00  99999.00  99999.00  99999.00       0       0       5       5
62053  04  12   700  99999.00  99999.00   2809.62   3417.90   -213.62    265.90   -785.53    488.51       0     235     238     230
62053  04  12   600  99999.00  99999.00  99999.00  99999.00  99999.00  99999.00  99999.00  99999.00       0       0       6       6
62053  04  12   500  99999.00  99999.00   5281.70   6201.38   -329.03     18.13  -1013.27    348.13       0     234     231     224
62053  04  12   400  99999.00  99999.00   6811.68   7952.88   -459.70    -91.54  -1065.20    176.56       0     237     234     226
62053  04  12   300  99999.00  99999.00   8716.41  10063.41   -589.68   -266.52  -1069.93    -86.29       0     229     228     160
62053  04  12   250  99999.00  99999.00   9907.45  11287.21   -665.93   -356.33  -1029.17   -302.09       0     225     214     136
62053  04  12   200  99999.00  99999.00  11361.33  12684.81   -813.53   -333.29  -1118.15   -399.59       0     221     217      89
62053  04  12   150  99999.00  99999.00  13231.47  14441.79   -788.65   -385.45  -1150.43   -497.15       0     202     201      85
62053  04  12   100  99999.00  99999.00  15787.06  16911.58   -818.41   -453.85  -1254.04   -539.20       0     191     204      84
62053  04  12    80  99999.00  99999.00  99999.00  99999.00  99999.00  99999.00  99999.00  99999.00       0       0       1       1
62053  04  12    70  99999.00  99999.00  99999.00  99999.00  99999.00  99999.00  99999.00  99999.00       0      27      28      12
62053  04  12    60  99999.00  99999.00  99999.00  99999.00  99999.00  99999.00  99999.00  99999.00       0       0       3       1
62053  04  12    50  99999.00  99999.00  99999.00  99999.00  99999.00  99999.00  99999.00  99999.00       0      23      25       9
62053  04  12    40  99999.00  99999.00  99999.00  99999.00  99999.00  99999.00  99999.00  99999.00       0       0       1       1
62053  04  12    30  99999.00  99999.00  99999.00  99999.00  99999.00  99999.00  99999.00  99999.00       0      15      15       8
62053  04  12    20  99999.00  99999.00  99999.00  99999.00  99999.00  99999.00  99999.00  99999.00       0       4       7       4
62053  04  12    15  99999.00  99999.00  99999.00  99999.00  99999.00  99999.00  99999.00  99999.00       0       0       1       0
62053  04  12    10  99999.00  99999.00  99999.00  99999.00  99999.00  99999.00  99999.00  99999.00       0       0       0       0
62053  04  12     7  99999.00  99999.00  99999.00  99999.00  99999.00  99999.00  99999.00  99999.00       0       0       0       0
62053  04  12     5  99999.00  99999.00  99999.00  99999.00  99999.00  99999.00  99999.00  99999.00       0       0       0       0
62053  04  12     3  99999.00  99999.00  99999.00  99999.00  99999.00  99999.00  99999.00  99999.00       0       0       0       0
62053  04  12     2  99999.00  99999.00  99999.00  99999.00  99999.00  99999.00  99999.00  99999.00       0       0       0       0
62053  04  12     1  99999.00  99999.00  99999.00  99999.00  99999.00  99999.00  99999.00  99999.00       0       0       0       0
62053  05  12  9999    991.78   1034.50  99999.00  99999.00     -7.50    511.26   -262.74    501.66     131       0     127     126
62053  05  12  1000  99999.00  99999.00     28.78    283.18    -27.15    482.25   -203.66    416.38       0     154     148     146
62053  05  12   925  99999.00  99999.00    545.56   1040.80    -89.06    476.74   -378.58    430.82       0      73      75      73
62053  05  12   900  99999.00  99999.00  99999.00  99999.00  99999.00  99999.00  99999.00  99999.00       0       0       6       6
62053  05  12   850  99999.00  99999.00   1326.98   1730.66   -148.95    467.97   -508.18    452.90       0     244     249     243
62053  05  12   800  99999.00  99999.00  99999.00  99999.00  99999.00  99999.00  99999.00  99999.00       0       0       8       6
62053  05  12   700  99999.00  99999.00   2881.11   3417.39   -147.60    269.88   -751.18    507.74       0     247     248     236
62053  05  12   600  99999.00  99999.00  99999.00  99999.00  99999.00  99999.00  99999.00  99999.00       0       0       1       1
62053  05  12   500  99999.00  99999.00   5468.51   6154.91   -263.67     10.05   -965.64    374.52       0     238     236     230
62053  05  12   400  99999.00  99999.00   7051.97   7891.61   -406.97    -90.41   -979.17    158.91       0     234     232     228
62053  05  12   300  99999.00  99999.00   8958.80  10043.60   -586.31   -222.11  -1019.41    -88.21       0     233     234     189
62053  05  12   250  99999.00  99999.00  10141.76  11291.84   -652.42   -340.30  -1025.37   -277.41       0     225     221     153
62053  05  12   200  99999.00  99999.00  11575.21  12717.97   -778.92   -371.64  -1107.32   -399.80       0     214     217     106
62053  05  12   150  99999.00  99999.00  13107.94  14767.18   -822.57   -379.17  -1221.40   -466.00       0     197     199     102
62053  05  12   100  99999.00  99999.00  15986.63  16932.95   -846.51   -435.27  -1302.33   -523.65       0     195     196      93
62053  05  12    80  99999.00  99999.00  99999.00  99999.00  99999.00  99999.00  99999.00  99999.00       0       0       2       2
62053  05  12    70  99999.00  99999.00  99999.00  99999.00  99999.00  99999.00  99999.00  99999.00       0      26      26      19
62053  05  12    60  99999.00  99999.00  99999.00  99999.00  99999.00  99999.00  99999.00  99999.00       0       0       4       1
62053  05  12    50  99999.00  99999.00  99999.00  99999.00  99999.00  99999.00  99999.00  99999.00       0      23      21      15
62053  05  12    40  99999.00  99999.00  99999.00  99999.00  99999.00  99999.00  99999.00  99999.00       0       0       1       1
62053  05  12    30  99999.00  99999.00  99999.00  99999.00  99999.00  99999.00  99999.00  99999.00       0      14      15      12
62053  05  12    20  99999.00  99999.00  99999.00  99999.00  99999.00  99999.00  99999.00  99999.00       0       3       4       2
62053  05  12    15  99999.00  99999.00  99999.00  99999.00  99999.00  99999.00  99999.00  99999.00       0       0       2       1
62053  05  12    10  99999.00  99999.00  99999.00  99999.00  99999.00  99999.00  99999.00  99999.00       0       0       0       0
62053  05  12     7  99999.00  99999.00  99999.00  99999.00  99999.00  99999.00  99999.00  99999.00       0       0       0       0
62053  05  12     5  99999.00  99999.00  99999.00  99999.00  99999.00  99999.00  99999.00  99999.00       0       0       0       0
62053  05  12     3  99999.00  99999.00  99999.00  99999.00  99999.00  99999.00  99999.00  99999.00       0       0       0       0
62053  05  12     2  99999.00  99999.00  99999.00  99999.00  99999.00  99999.00  99999.00  99999.00       0       0       0       0
62053  05  12     1  99999.00  99999.00  99999.00  99999.00  99999.00  99999.00  99999.00  99999.00       0       0       0       0
62053  06  12  9999    996.13   1029.01  99999.00  99999.00     38.37    523.77   -240.60    467.76     125       0     123     123
62053  06  12  1000  99999.00  99999.00     51.01    253.09     36.97    473.53   -147.94    437.78       0     163     164     163
62053  06  12   925  99999.00  99999.00  99999.00  99999.00  99999.00  99999.00  99999.00  99999.00       0      43      48      47
62053  06  12   900  99999.00  99999.00  99999.00  99999.00  99999.00  99999.00  99999.00  99999.00       0       0       7       7
62053  06  12   850  99999.00  99999.00   1414.61   1685.33    -84.70    458.06   -485.85    465.03       0     224     225     220
62053  06  12   800  99999.00  99999.00  99999.00  99999.00  99999.00  99999.00  99999.00  99999.00       0       0       5       5
62053  06  12   700  99999.00  99999.00   2959.38   3409.98    -82.43    259.81   -667.89    444.51       0     218     220     215
62053  06  12   600  99999.00  99999.00  99999.00  99999.00  99999.00  99999.00  99999.00  99999.00       0       0       0       0
62053  06  12   500  99999.00  99999.00   5580.61   6167.53   -232.17     33.75   -981.78    335.82       0     214     209     202
62053  06  12   400  99999.00  99999.00   7151.83   7957.27   -380.78    -56.42  -1039.99    149.09       0     209     206     198
62053  06  12   300  99999.00  99999.00   9142.91  10066.79   -578.76   -165.96  -1112.41    -83.65       0     200     198     186
62053  06  12   250  99999.00  99999.00  10263.65  11419.49   -703.09   -201.01  -1103.50   -265.54       0     198     194     162
62053  06  12   200  99999.00  99999.00  11610.09  12988.65   -758.30   -305.42  -1208.37   -346.77       0     190     190     108
62053  06  12   150  99999.00  99999.00  13396.81  14884.69   -755.43   -445.23  -1285.32   -431.04       0     173     171     101
62053  06  12   100  99999.00  99999.00  16091.23  17138.47   -939.70   -404.26  -1350.63   -505.35       0     165     178      92
62053  06  12    80  99999.00  99999.00  99999.00  99999.00  99999.00  99999.00  99999.00  99999.00       0       0       1       1
62053  06  12    70  99999.00  99999.00  99999.00  99999.00  99999.00  99999.00  99999.00  99999.00       0      37      37      18
62053  06  12    60  99999.00  99999.00  99999.00  99999.00  99999.00  99999.00  99999.00  99999.00       0       0       4       1
62053  06  12    50  99999.00  99999.00  99999.00  99999.00  99999.00  99999.00  99999.00  99999.00       0      32      31      15
62053  06  12    40  99999.00  99999.00  99999.00  99999.00  99999.00  99999.00  99999.00  99999.00       0       0       1       1
62053  06  12    30  99999.00  99999.00  99999.00  99999.00  99999.00  99999.00  99999.00  99999.00       0      21      24      10
62053  06  12    20  99999.00  99999.00  99999.00  99999.00  99999.00  99999.00  99999.00  99999.00       0       7       7       4
62053  06  12    15  99999.00  99999.00  99999.00  99999.00  99999.00  99999.00  99999.00  99999.00       0       0       1       1
62053  06  12    10  99999.00  99999.00  99999.00  99999.00  99999.00  99999.00  99999.00  99999.00       0       0       0       0
62053  06  12     7  99999.00  99999.00  99999.00  99999.00  99999.00  99999.00  99999.00  99999.00       0       0       0       0
62053  06  12     5  99999.00  99999.00  99999.00  99999.00  99999.00  99999.00  99999.00  99999.00       0       0       0       0
62053  06  12     3  99999.00  99999.00  99999.00  99999.00  99999.00  99999.00  99999.00  99999.00       0       0       0       0
62053  06  12     2  99999.00  99999.00  99999.00  99999.00  99999.00  99999.00  99999.00  99999.00       0       0       0       0
62053  06  12     1  99999.00  99999.00  99999.00  99999.00  99999.00  99999.00  99999.00  99999.00       0       0       0       0
62053  07  12  9999    998.62   1025.14  99999.00  99999.00    146.41    431.77   -123.09    298.35     109       0     107     107
62053  07  12  1000  99999.00  99999.00     56.91    232.95    133.17    403.53    -87.48    448.68       0     136     130     129
62053  07  12   925  99999.00  99999.00  99999.00  99999.00  99999.00  99999.00  99999.00  99999.00       0      26      30      30
62053  07  12   900  99999.00  99999.00  99999.00  99999.00  99999.00  99999.00  99999.00  99999.00       0       0       7       7
62053  07  12   850  99999.00  99999.00   1438.26   1662.42    -34.36    418.52   -480.78    493.02       0     191     189     186
62053  07  12   800  99999.00  99999.00  99999.00  99999.00  99999.00  99999.00  99999.00  99999.00       0       0       6       6
62053  07  12   700  99999.00  99999.00   2998.41   3379.29    -30.79    234.41   -710.12    447.88       0     189     190     169
62053  07  12   600  99999.00  99999.00  99999.00  99999.00  99999.00  99999.00  99999.00  99999.00       0       0       5       4
62053  07  12   500  99999.00  99999.00   5674.57   6120.61   -195.73     58.79  -1042.88    292.60       0     187     188     171
62053  07  12   400  99999.00  99999.00   7356.01   7850.17   -331.91    -24.71  -1125.54    108.78       0     181     181     159
62053  07  12   300  99999.00  99999.00   9358.36  10033.72   -509.72   -120.56  -1168.66    -53.14       0     177     174     150
62053  07  12   250  99999.00  99999.00  10550.81  11371.61   -550.20   -242.04  -1144.34   -233.90       0     173     173     139
62053  07  12   200  99999.00  99999.00  11979.06  12937.86   -593.68   -397.72  -1243.66   -307.54       0     169     166      90
62053  07  12   150  99999.00  99999.00  13865.09  14715.65   -719.86   -501.46  -1220.76   -532.20       0     161     153      81
62053  07  12   100  99999.00  99999.00  16391.85  17080.29   -886.71   -538.71  -1384.89   -510.93       0     150     173      87
62053  07  12    80  99999.00  99999.00  99999.00  99999.00  99999.00  99999.00  99999.00  99999.00       0       0       2       1
62053  07  12    70  99999.00  99999.00  99999.00  99999.00  99999.00  99999.00  99999.00  99999.00       0      30      32       8
62053  07  12    60  99999.00  99999.00  99999.00  99999.00  99999.00  99999.00  99999.00  99999.00       0       0       5       1
62053  07  12    50  99999.00  99999.00  99999.00  99999.00  99999.00  99999.00  99999.00  99999.00       0      25      25       3
62053  07  12    40  99999.00  99999.00  99999.00  99999.00  99999.00  99999.00  99999.00  99999.00       0       0       0       0
62053  07  12    30  99999.00  99999.00  99999.00  99999.00  99999.00  99999.00  99999.00  99999.00       0      18      18       3
62053  07  12    20  99999.00  99999.00  99999.00  99999.00  99999.00  99999.00  99999.00  99999.00       0      14      14       2
62053  07  12    15  99999.00  99999.00  99999.00  99999.00  99999.00  99999.00  99999.00  99999.00       0       0       2       0
62053  07  12    10  99999.00  99999.00  99999.00  99999.00  99999.00  99999.00  99999.00  99999.00       0       0       0       0
62053  07  12     7  99999.00  99999.00  99999.00  99999.00  99999.00  99999.00  99999.00  99999.00       0       0       0       0
62053  07  12     5  99999.00  99999.00  99999.00  99999.00  99999.00  99999.00  99999.00  99999.00       0       0       0       0
62053  07  12     3  99999.00  99999.00  99999.00  99999.00  99999.00  99999.00  99999.00  99999.00       0       0       0       0
62053  07  12     2  99999.00  99999.00  99999.00  99999.00  99999.00  99999.00  99999.00  99999.00       0       0       0       0
62053  07  12     1  99999.00  99999.00  99999.00  99999.00  99999.00  99999.00  99999.00  99999.00       0       0       0       0
62053  08  12  9999   1000.46   1023.74  99999.00  99999.00    185.81    408.65   -125.03    316.57      73       0      71      71
62053  08  12  1000  99999.00  99999.00     64.61    224.93    162.39    394.11     -2.55    370.17       0     111     110     107
62053  08  12   925  99999.00  99999.00  99999.00  99999.00  99999.00  99999.00  99999.00  99999.00       0      17      18      17
62053  08  12   900  99999.00  99999.00  99999.00  99999.00  99999.00  99999.00  99999.00  99999.00       0       0       9       9
62053  08  12   850  99999.00  99999.00   1433.46   1664.82    -11.26    393.38   -396.80    452.08       0     174     172     167
62053  08  12   800  99999.00  99999.00  99999.00  99999.00  99999.00  99999.00  99999.00  99999.00       0       0       7       7
62053  08  12   700  99999.00  99999.00   3010.63   3368.23    -28.29    228.87   -743.94    500.22       0     172     175     165
62053  08  12   600  99999.00  99999.00  99999.00  99999.00  99999.00  99999.00  99999.00  99999.00       0       0       6       5
62053  08  12   500  99999.00  99999.00   5714.38   6074.62   -209.87     61.93  -1092.15    355.89       0     171     171     161
62053  08  12   400  99999.00  99999.00   7364.03   7822.79   -319.73    -54.41  -1121.18    135.94       0     167     164     145
62053  08  12   300  99999.00  99999.00   9397.48   9964.72   -458.92   -178.48  -1189.72    -33.04       0     164     166     143
62053  08  12   250  99999.00  99999.00  10631.00  11263.76   -528.57   -268.29  -1180.28   -184.40       0     160     161     134
62053  08  12   200  99999.00  99999.00  12072.30  12799.26   -622.35   -371.55  -1240.19   -326.27       0     154     154      82
62053  08  12   150  99999.00  99999.00  13912.53  14627.61   -717.98   -513.38  -1272.95   -491.03       0     147     149      72
62053  08  12   100  99999.00  99999.00  16382.43  17049.15   -887.13   -523.05  -1349.25   -552.09       0     140     150      72
62053  08  12    80  99999.00  99999.00  99999.00  99999.00  99999.00  99999.00  99999.00  99999.00       0       0       1       0
62053  08  12    70  99999.00  99999.00  99999.00  99999.00  99999.00  99999.00  99999.00  99999.00       0      28      29       3
62053  08  12    60  99999.00  99999.00  99999.00  99999.00  99999.00  99999.00  99999.00  99999.00       0       0       0       0
62053  08  12    50  99999.00  99999.00  99999.00  99999.00  99999.00  99999.00  99999.00  99999.00       0      24      23       1
62053  08  12    40  99999.00  99999.00  99999.00  99999.00  99999.00  99999.00  99999.00  99999.00       0       0       2       1
62053  08  12    30  99999.00  99999.00  99999.00  99999.00  99999.00  99999.00  99999.00  99999.00       0      19      19       2
62053  08  12    20  99999.00  99999.00  99999.00  99999.00  99999.00  99999.00  99999.00  99999.00       0      11      12       1
62053  08  12    15  99999.00  99999.00  99999.00  99999.00  99999.00  99999.00  99999.00  99999.00       0       0       0       0
62053  08  12    10  99999.00  99999.00  99999.00  99999.00  99999.00  99999.00  99999.00  99999.00       0       0       0       0
62053  08  12     7  99999.00  99999.00  99999.00  99999.00  99999.00  99999.00  99999.00  99999.00       0       0       0       0
62053  08  12     5  99999.00  99999.00  99999.00  99999.00  99999.00  99999.00  99999.00  99999.00       0       0       0       0
62053  08  12     3  99999.00  99999.00  99999.00  99999.00  99999.00  99999.00  99999.00  99999.00       0       0       0       0
62053  08  12     2  99999.00  99999.00  99999.00  99999.00  99999.00  99999.00  99999.00  99999.00       0       0       0       0
62053  08  12     1  99999.00  99999.00  99999.00  99999.00  99999.00  99999.00  99999.00  99999.00       0       0       0       0
62053  09  12  9999   1001.96   1025.48  99999.00  99999.00    159.22    421.90   -185.49    392.43     108       0     105     103
62053  09  12  1000  99999.00  99999.00     56.07    256.47    143.51    394.31    -90.62    416.14       0     166     165     164
62053  09  12   925  99999.00  99999.00  99999.00  99999.00  99999.00  99999.00  99999.00  99999.00       0      33      34      33
62053  09  12   900  99999.00  99999.00  99999.00  99999.00  99999.00  99999.00  99999.00  99999.00       0       0      12      12
62053  09  12   850  99999.00  99999.00   1429.05   1685.25    -51.20    406.72   -412.39    468.77       0     194     198     194
62053  09  12   800  99999.00  99999.00  99999.00  99999.00  99999.00  99999.00  99999.00  99999.00       0       0       6       6
62053  09  12   700  99999.00  99999.00   2983.23   3388.47    -67.01    226.51   -706.94    512.38       0     190     187     183
62053  09  12   600  99999.00  99999.00  99999.00  99999.00  99999.00  99999.00  99999.00  99999.00       0       0       5       5
62053  09  12   500  99999.00  99999.00  -1257.81  12827.79   -240.52     51.20   -988.28    349.36       0     183     186     182
62053  09  12   400  99999.00  99999.00   7220.34   7886.10   -372.93    -59.25  -1058.27    164.89       0     184     182     177
62053  09  12   300  99999.00  99999.00   9190.77  10030.65   -562.56   -171.24  -1069.13   -102.65       0     180     179     173
62053  09  12   250  99999.00  99999.00  10350.92  11341.04   -697.53   -202.41  -1127.31   -208.95       0     179     177     139
62053  09  12   200  99999.00  99999.00  11717.81  12901.73   -712.62   -345.30  -1164.37   -361.69       0     173     170      92
62053  09  12   150  99999.00  99999.00  13525.44  14737.20   -751.49   -468.77  -1229.44   -462.40       0     171     171      91
62053  09  12   100  99999.00  99999.00  16077.05  17131.49   -877.25   -470.09  -1323.09   -500.25       0     157     173      86
62053  09  12    80  99999.00  99999.00  99999.00  99999.00  99999.00  99999.00  99999.00  99999.00       0       0       1       0
62053  09  12    70  99999.00  99999.00  99999.00  99999.00  99999.00  99999.00  99999.00  99999.00       0      18      19       8
62053  09  12    60  99999.00  99999.00  99999.00  99999.00  99999.00  99999.00  99999.00  99999.00       0       0       3       2
62053  09  12    50  99999.00  99999.00  99999.00  99999.00  99999.00  99999.00  99999.00  99999.00       0      16      17       6
62053  09  12    40  99999.00  99999.00  99999.00  99999.00  99999.00  99999.00  99999.00  99999.00       0       0       1       1
62053  09  12    30  99999.00  99999.00  99999.00  99999.00  99999.00  99999.00  99999.00  99999.00       0      10      11       3
62053  09  12    20  99999.00  99999.00  99999.00  99999.00  99999.00  99999.00  99999.00  99999.00       0       3       6       1
62053  09  12    15  99999.00  99999.00  99999.00  99999.00  99999.00  99999.00  99999.00  99999.00       0       0       2       1
62053  09  12    10  99999.00  99999.00  99999.00  99999.00  99999.00  99999.00  99999.00  99999.00       0       0       1       1
62053  09  12     7  99999.00  99999.00  99999.00  99999.00  99999.00  99999.00  99999.00  99999.00       0       0       0       0
62053  09  12     5  99999.00  99999.00  99999.00  99999.00  99999.00  99999.00  99999.00  99999.00       0       0       0       0
62053  09  12     3  99999.00  99999.00  99999.00  99999.00  99999.00  99999.00  99999.00  99999.00       0       0       0       0
62053  09  12     2  99999.00  99999.00  99999.00  99999.00  99999.00  99999.00  99999.00  99999.00       0       0       0       0
62053  09  12     1  99999.00  99999.00  99999.00  99999.00  99999.00  99999.00  99999.00  99999.00       0       0       0       0
62053  10  12  9999    997.02   1033.74  99999.00  99999.00     63.01    467.17   -167.37    365.67     153       0     150     149
62053  10  12  1000  99999.00  99999.00     27.88    318.28     36.17    451.01   -129.21    390.87       0     193     187     184
62053  10  12   925  99999.00  99999.00  99999.00  99999.00   -204.49    567.95   -276.51    460.29       0      54      63      62
62053  10  12   900  99999.00  99999.00  99999.00  99999.00  99999.00  99999.00  99999.00  99999.00       0       0       6       6
62053  10  12   850  99999.00  99999.00   1383.45   1739.73   -100.38    376.98   -289.24    338.24       0     213     213     212
62053  10  12   800  99999.00  99999.00  99999.00  99999.00  99999.00  99999.00  99999.00  99999.00       0       0       8       8
62053  10  12   700  99999.00  99999.00   2926.76   3410.00   -145.82    228.82   -604.14    394.50       0     211     210     203
62053  10  12   600  99999.00  99999.00  99999.00  99999.00  99999.00  99999.00  99999.00  99999.00       0       0       5       5
62053  10  12   500  99999.00  99999.00   5490.27   6147.27   -269.86      9.62   -894.53    271.75       0     204     205     201
62053  10  12   400  99999.00  99999.00   7069.40   7889.12   -393.43   -109.99   -892.12     53.60       0     203     200     197
62053  10  12   300  99999.00  99999.00   9005.87  10002.23   -547.26   -268.86   -977.45   -157.73       0     200     198     162
62053  10  12   250  99999.00  99999.00  10203.67  11235.91   -645.28   -344.20   -976.47   -327.03       0     193     195     146
62053  10  12   200  99999.00  99999.00  11587.43  12722.27   -783.06   -349.38  -1045.83   -405.51       0     196     193     103
62053  10  12   150  99999.00  99999.00  13344.62  14545.22   -813.28   -413.68  -1211.97   -406.41       0     187     188      95
62053  10  12   100  99999.00  99999.00  15923.45  16963.73   -812.36   -477.44  -1292.80   -427.72       0     175     200      99
62053  10  12    80  99999.00  99999.00  99999.00  99999.00  99999.00  99999.00  99999.00  99999.00       0       0       4       2
62053  10  12    70  99999.00  99999.00  99999.00  99999.00  99999.00  99999.00  99999.00  99999.00       0      35      37      12
62053  10  12    60  99999.00  99999.00  99999.00  99999.00  99999.00  99999.00  99999.00  99999.00       0       0       0       0
62053  10  12    50  99999.00  99999.00  99999.00  99999.00  99999.00  99999.00  99999.00  99999.00       0      31      30       9
62053  10  12    40  99999.00  99999.00  99999.00  99999.00  99999.00  99999.00  99999.00  99999.00       0       0       5       0
62053  10  12    30  99999.00  99999.00  99999.00  99999.00  99999.00  99999.00  99999.00  99999.00       0      27      28       8
62053  10  12    20  99999.00  99999.00  99999.00  99999.00  99999.00  99999.00  99999.00  99999.00       0      15      16       5
62053  10  12    15  99999.00  99999.00  99999.00  99999.00  99999.00  99999.00  99999.00  99999.00       0       0       0       0
62053  10  12    10  99999.00  99999.00  99999.00  99999.00  99999.00  99999.00  99999.00  99999.00       0       0       0       0
62053  10  12     7  99999.00  99999.00  99999.00  99999.00  99999.00  99999.00  99999.00  99999.00       0       0       0       0
62053  10  12     5  99999.00  99999.00  99999.00  99999.00  99999.00  99999.00  99999.00  99999.00       0       0       0       0
62053  10  12     3  99999.00  99999.00  99999.00  99999.00  99999.00  99999.00  99999.00  99999.00       0       0       0       0
62053  10  12     2  99999.00  99999.00  99999.00  99999.00  99999.00  99999.00  99999.00  99999.00       0       0       1       1
62053  10  12     1  99999.00  99999.00  99999.00  99999.00  99999.00  99999.00  99999.00  99999.00       0       0       0       0
62053  11  12  9999    991.88   1040.36  99999.00  99999.00     57.04    386.68   -170.70    354.42     148       0     145     145
62053  11  12  1000  99999.00  99999.00     -5.29    364.55     48.07    348.19    -86.02    289.58       0     179     180     177
62053  11  12   925  99999.00  99999.00    479.85   1169.49   -108.07    379.97   -481.02    596.70       0      64      65      64
62053  11  12   900  99999.00  99999.00  99999.00  99999.00  99999.00  99999.00  99999.00  99999.00       0       0       9       9
62053  11  12   850  99999.00  99999.00   1311.15   1764.63   -111.21    298.11   -482.66    450.58       0     216     211     208
62053  11  12   800  99999.00  99999.00  99999.00  99999.00  99999.00  99999.00  99999.00  99999.00       0       0       9       9
62053  11  12   700  99999.00  99999.00   2858.70   3390.90   -164.51    191.77   -699.84    401.16       0     209     211     205
62053  11  12   600  99999.00  99999.00  99999.00  99999.00  99999.00  99999.00  99999.00  99999.00       0       0       3       3
62053  11  12   500  99999.00  99999.00   5365.66   6140.02   -328.22     23.02   -919.68    257.40       0     208     204     201
62053  11  12   400  99999.00  99999.00   6951.62   7843.34   -453.42    -94.26   -996.56    114.76       0     207     204     202
62053  11  12   300  99999.00  99999.00   8822.67   9985.35   -607.36   -245.68  -1047.40   -111.64       0     197     200     153
62053  11  12   250  99999.00  99999.00   9955.87  11266.63   -663.33   -346.29  -1029.29   -292.37       0     200     196     131
62053  11  12   200  99999.00  99999.00  11438.78  12652.46   -777.53   -367.49  -1141.71   -340.71       0     194     192      87
62053  11  12   150  99999.00  99999.00  13317.34  14373.58   -824.49   -405.69  -1199.90   -419.54       0     185     184      79
62053  11  12   100  99999.00  99999.00  15877.29  16781.49   -827.61   -473.01  -1311.12   -397.08       0     180     189      80
62053  11  12    80  99999.00  99999.00  99999.00  99999.00  99999.00  99999.00  99999.00  99999.00       0       0       2       1
62053  11  12    70  99999.00  99999.00  99999.00  99999.00  99999.00  99999.00  99999.00  99999.00       0      34      34       8
62053  11  12    60  99999.00  99999.00  99999.00  99999.00  99999.00  99999.00  99999.00  99999.00       0       0       2       2
62053  11  12    50  99999.00  99999.00  99999.00  99999.00  99999.00  99999.00  99999.00  99999.00       0      33      34       8
62053  11  12    40  99999.00  99999.00  99999.00  99999.00  99999.00  99999.00  99999.00  99999.00       0       0       7       2
62053  11  12    30  99999.00  99999.00  99999.00  99999.00  99999.00  99999.00  99999.00  99999.00       0      25      28       7
62053  11  12    20  99999.00  99999.00  99999.00  99999.00  99999.00  99999.00  99999.00  99999.00       0      12      16       5
62053  11  12    15  99999.00  99999.00  99999.00  99999.00  99999.00  99999.00  99999.00  99999.00       0       0       1       0
62053  11  12    10  99999.00  99999.00  99999.00  99999.00  99999.00  99999.00  99999.00  99999.00       0       0       1       1
62053  11  12     7  99999.00  99999.00  99999.00  99999.00  99999.00  99999.00  99999.00  99999.00       0       0       0       0
62053  11  12     5  99999.00  99999.00  99999.00  99999.00  99999.00  99999.00  99999.00  99999.00       0       0       0       0
62053  11  12     3  99999.00  99999.00  99999.00  99999.00  99999.00  99999.00  99999.00  99999.00       0       0       0       0
62053  11  12     2  99999.00  99999.00  99999.00  99999.00  99999.00  99999.00  99999.00  99999.00       0       0       0       0
62053  11  12     1  99999.00  99999.00  99999.00  99999.00  99999.00  99999.00  99999.00  99999.00       0       0       0       0
62053  12  12  9999    987.65   1046.09  99999.00  99999.00     42.86    322.70   -220.70    379.54     146       0     146     144
62053  12  12  1000  99999.00  99999.00    -30.44    399.88     28.54    298.66   -165.45    323.91       0     190     182     182
62053  12  12   925  99999.00  99999.00  99999.00  99999.00  99999.00  99999.00  99999.00  99999.00       0      57      60      60
62053  12  12   900  99999.00  99999.00  99999.00  99999.00  99999.00  99999.00  99999.00  99999.00       0       0       6       6
62053  12  12   850  99999.00  99999.00   1261.36   1788.04   -154.15    286.01   -427.33    374.63       0     221     224     220
62053  12  12   800  99999.00  99999.00  99999.00  99999.00  99999.00  99999.00  99999.00  99999.00       0       0      11      11
62053  12  12   700  99999.00  99999.00   2775.75   3420.03   -235.91    223.93   -755.23    398.93       0     220     220     209
62053  12  12   600  99999.00  99999.00  99999.00  99999.00  99999.00  99999.00  99999.00  99999.00       0       0       7       7
62053  12  12   500  99999.00  99999.00   5206.48   6195.76   -377.87     28.69  -1000.96    279.92       0     214     219     216
62053  12  12   400  99999.00  99999.00   6740.68   7933.96   -510.13    -77.05  -1035.81    116.55       0     209     212     206
62053  12  12   300  99999.00  99999.00   8623.46  10030.46   -632.45   -235.13  -1130.11    -63.55       0     207     208     160
62053  12  12   250  99999.00  99999.00   9793.84  11283.64   -705.77   -310.25  -1156.27   -207.19       0     206     209     147
62053  12  12   200  99999.00  99999.00  11165.02  12768.94   -810.75   -315.27  -1119.13   -397.45       0     205     205     105
62053  12  12   150  99999.00  99999.00  13105.42  14442.46   -806.92   -381.28  -1229.16   -402.36       0     180     180      92
62053  12  12   100  99999.00  99999.00  15779.00  16785.44   -835.35   -451.71  -1272.92   -470.24       0     167     185      90
62053  12  12    80  99999.00  99999.00  99999.00  99999.00  99999.00  99999.00  99999.00  99999.00       0       0       1       0
62053  12  12    70  99999.00  99999.00  99999.00  99999.00  99999.00  99999.00  99999.00  99999.00       0      23      23       9
62053  12  12    60  99999.00  99999.00  99999.00  99999.00  99999.00  99999.00  99999.00  99999.00       0       0       4       1
62053  12  12    50  99999.00  99999.00  99999.00  99999.00  99999.00  99999.00  99999.00  99999.00       0      19      19       7
62053  12  12    40  99999.00  99999.00  99999.00  99999.00  99999.00  99999.00  99999.00  99999.00       0       0       0       0
62053  12  12    30  99999.00  99999.00  99999.00  99999.00  99999.00  99999.00  99999.00  99999.00       0      13      14       2
62053  12  12    20  99999.00  99999.00  99999.00  99999.00  99999.00  99999.00  99999.00  99999.00       0       5       8       0
62053  12  12    15  99999.00  99999.00  99999.00  99999.00  99999.00  99999.00  99999.00  99999.00       0       0       0       0
62053  12  12    10  99999.00  99999.00  99999.00  99999.00  99999.00  99999.00  99999.00  99999.00       0       0       0       0
62053  12  12     7  99999.00  99999.00  99999.00  99999.00  99999.00  99999.00  99999.00  99999.00       0       0       0       0
62053  12  12     5  99999.00  99999.00  99999.00  99999.00  99999.00  99999.00  99999.00  99999.00       0       0       0       0
62053  12  12     3  99999.00  99999.00  99999.00  99999.00  99999.00  99999.00  99999.00  99999.00       0       0       0       0
62053  12  12     2  99999.00  99999.00  99999.00  99999.00  99999.00  99999.00  99999.00  99999.00       0       0       0       0
62053  12  12     1  99999.00  99999.00  99999.00  99999.00  99999.00  99999.00  99999.00  99999.00       0       0       0       0
