98223  01  00  9999   1000.08   1027.44  99999.00  99999.00    100.93    341.77    -66.08    128.56     411       0     406     406
98223  01  00  1000  99999.00  99999.00      5.86    241.90    125.64    341.52    -13.83    345.33       0     417     415     412
98223  01  00   925  99999.00  99999.00    684.90    914.94     95.40    315.24    -42.64    293.12       0     300     303     302
98223  01  00   900  99999.00  99999.00  99999.00  99999.00  99999.00  99999.00  99999.00  99999.00       0       0       7       7
98223  01  00   850  99999.00  99999.00   1414.63   1635.07     38.05    279.97   -135.34    319.70       0     415     416     415
98223  01  00   800  99999.00  99999.00  99999.00  99999.00  99999.00  99999.00  99999.00  99999.00       0       0      10      10
98223  01  00   700  99999.00  99999.00   3012.21   3286.65    -80.01    253.47   -791.37    620.91       0     415     416     409
98223  01  00   600  99999.00  99999.00  99999.00  99999.00  99999.00  99999.00  99999.00  99999.00       0       0      18      18
98223  01  00   500  99999.00  99999.00   5687.99   6041.63   -169.06     61.70   -990.65    411.91       0     399     395     386
98223  01  00   400  99999.00  99999.00   7374.64   7787.44   -275.57    -40.13   -993.96    215.04       0     402     407     404
98223  01  00   300  99999.00  99999.00   9473.52   9909.00   -408.98   -207.98   -990.47    -17.15       0     390     399     395
98223  01  00   250  99999.00  99999.00  10732.86  11184.18   -503.15   -317.03   -905.46   -209.22       0     378     390     243
98223  01  00   200  99999.00  99999.00  12166.84  12709.00   -618.84   -442.80   -879.88   -419.68       0     385     398     220
98223  01  00   150  99999.00  99999.00  13894.27  14567.71   -776.12   -564.92   -993.27   -566.31       0     383     386     156
98223  01  00   100  99999.00  99999.00  16205.47  16978.75   -956.22   -649.98  -1132.78   -686.86       0     365     395     150
98223  01  00    80  99999.00  99999.00  99999.00  99999.00  99999.00  99999.00  99999.00  99999.00       0       0      60      25
98223  01  00    70  99999.00  99999.00  18167.06  19068.62  -3760.67   2161.81  -1264.76   -494.96       0     338     351     116
98223  01  00    60  99999.00  99999.00  99999.00  99999.00 -15518.61  12810.75  99999.00  99999.00       0       0      73      31
98223  01  00    50  99999.00  99999.00  20036.43  21176.07  -3721.96   2341.88  -1277.83   -392.35       0     333     343     114
98223  01  00    40  99999.00  99999.00  99999.00  99999.00 -21671.03  17799.01  99999.00  99999.00       0       0      99      45
98223  01  00    30  99999.00  99999.00  22874.49  24676.05  -6969.53   5591.71  -1248.89   -419.33       0     296     304     112
98223  01  00    20  99999.00  99999.00  25481.97  27250.53 -11612.06   9859.30  -1199.43   -404.91       0     168     190      63
98223  01  00    15  99999.00  99999.00  99999.00  99999.00  99999.00  99999.00  99999.00  99999.00       0       0      27       0
98223  01  00    10  99999.00  99999.00  99999.00  99999.00  99999.00  99999.00  99999.00  99999.00       0       0       0       0
98223  01  00     7  99999.00  99999.00  99999.00  99999.00  99999.00  99999.00  99999.00  99999.00       0       0       0       0
98223  01  00     5  99999.00  99999.00  99999.00  99999.00  99999.00  99999.00  99999.00  99999.00       0       0       0       0
98223  01  00     3  99999.00  99999.00  99999.00  99999.00  99999.00  99999.00  99999.00  99999.00       0       0       0       0
98223  01  00     2  99999.00  99999.00  99999.00  99999.00  99999.00  99999.00  99999.00  99999.00       0       1       2       1
98223  01  00     1  99999.00  99999.00  99999.00  99999.00  99999.00  99999.00  99999.00  99999.00       0       0       0       0
98223  02  00  9999    998.37   1028.61  99999.00  99999.00    120.75    333.27    -71.23    136.01     373       0     366     366
98223  02  00  1000  99999.00  99999.00     -9.92    252.64    146.97    326.25    -14.70    354.30       0     376     378     377
98223  02  00   925  99999.00  99999.00    685.93    912.73    113.54    301.58    -55.01    304.27       0     260     261     261
98223  02  00   900  99999.00  99999.00  99999.00  99999.00  99999.00  99999.00  99999.00  99999.00       0       0       4       4
98223  02  00   850  99999.00  99999.00   1404.41   1644.65     57.07    271.27   -154.42    335.66       0     369     368     366
98223  02  00   800  99999.00  99999.00  99999.00  99999.00  99999.00  99999.00  99999.00  99999.00       0       0       8       8
98223  02  00   700  99999.00  99999.00   3025.36   3275.32    -70.24    238.40   -748.86    576.78       0     369     369     367
98223  02  00   600  99999.00  99999.00  99999.00  99999.00  99999.00  99999.00  99999.00  99999.00       0       0      18      18
98223  02  00   500  99999.00  99999.00   5712.87   6011.79   -185.51     67.69  -1017.01    420.11       0     365     366     360
98223  02  00   400  99999.00  99999.00   7408.82   7745.54   -272.05    -49.93  -1045.78    243.14       0     369     362     361
98223  02  00   300  99999.00  99999.00   9493.10   9874.10   -382.54   -234.22  -1007.91    -41.43       0     356     346     346
98223  02  00   250  99999.00  99999.00  10752.01  11151.25   -476.95   -340.75  -1024.19   -172.07       0     356     343     196
98223  02  00   200  99999.00  99999.00  12208.94  12653.42   -604.74   -454.26   -973.30   -383.50       0     357     346     179
98223  02  00   150  99999.00  99999.00  13981.02  14471.82   -756.52   -582.40  -1059.76   -535.48       0     352     342     154
98223  02  00   100  99999.00  99999.00  16284.89  16888.97   -954.08   -655.40  -1189.85   -663.77       0     342     349     154
98223  02  00    80  99999.00  99999.00  99999.00  99999.00  99999.00  99999.00  99999.00  99999.00       0       0      47      27
98223  02  00    70  99999.00  99999.00  18242.94  18960.18  -3773.47   2169.41  -1214.36   -591.20       0     345     348     145
98223  02  00    60  99999.00  99999.00  99999.00  99999.00 -17944.55  14758.93  99999.00  99999.00       0       0      64      31
98223  02  00    50  99999.00  99999.00  20189.34  20985.18  -5987.94   4493.22  -1260.23   -428.87       0     332     341     146
98223  02  00    40  99999.00  99999.00  99999.00  99999.00 -17574.35  14700.73  99999.00  99999.00       0       0      90      52
98223  02  00    30  99999.00  99999.00  23121.33  24390.81  -6414.91   5083.01  -1110.67   -565.87       0     280     289     104
98223  02  00    20  99999.00  99999.00  25547.57  27131.33 -11583.55   9844.25  99999.00  99999.00       0     163     191      60
98223  02  00    15  99999.00  99999.00  99999.00  99999.00  99999.00  99999.00  99999.00  99999.00       0       0      25       1
98223  02  00    10  99999.00  99999.00  99999.00  99999.00  99999.00  99999.00  99999.00  99999.00       0       0       1       0
98223  02  00     7  99999.00  99999.00  99999.00  99999.00  99999.00  99999.00  99999.00  99999.00       0       0       0       0
98223  02  00     5  99999.00  99999.00  99999.00  99999.00  99999.00  99999.00  99999.00  99999.00       0       0       1       1
98223  02  00     3  99999.00  99999.00  99999.00  99999.00  99999.00  99999.00  99999.00  99999.00       0       0       0       0
98223  02  00     2  99999.00  99999.00  99999.00  99999.00  99999.00  99999.00  99999.00  99999.00       0       0       0       0
98223  02  00     1  99999.00  99999.00  99999.00  99999.00  99999.00  99999.00  99999.00  99999.00       0       0       0       0
98223  03  00  9999    999.16   1026.52  99999.00  99999.00    141.15    363.39    -65.63    147.25     424       0     422     420
98223  03  00  1000  99999.00  99999.00      0.08    233.60    175.99    327.91    -51.75    422.49       0     444     438     436
98223  03  00   925  99999.00  99999.00    681.09    910.89    134.40    307.92    -13.95    295.05       0     326     321     321
98223  03  00   900  99999.00  99999.00  99999.00  99999.00  99999.00  99999.00  99999.00  99999.00       0       0       9       9
98223  03  00   850  99999.00  99999.00   1419.31   1633.87     81.64    269.68   -134.37    341.91       0     441     434     431
98223  03  00   800  99999.00  99999.00  99999.00  99999.00  99999.00  99999.00  99999.00  99999.00       0       0      10      10
98223  03  00   700  99999.00  99999.00   3044.35   3274.99    -36.77    224.47   -642.00    502.20       0     428     424     419
98223  03  00   600  99999.00  99999.00  99999.00  99999.00  99999.00  99999.00  99999.00  99999.00       0       0      11      11
98223  03  00   500  99999.00  99999.00   1209.81  10465.29   -147.49     34.31   -979.15    401.57       0     424     420     412
98223  03  00   400  99999.00  99999.00   7432.92   7746.12   -259.97    -66.29  -1010.91    236.49       0     421     419     416
98223  03  00   300  99999.00  99999.00   9517.10   9870.62   -397.40   -223.04   -961.45    -57.25       0     417     413     409
98223  03  00   250  99999.00  99999.00  10753.55  11167.79   -490.69   -327.85   -946.02   -213.06       0     415     404     267
98223  03  00   200  99999.00  99999.00   5725.25  19048.01   -603.17   -451.97   -953.88   -385.92       0     409     401     248
98223  03  00   150  99999.00  99999.00  13982.97  14498.01   -754.32   -573.96  -1034.02   -556.66       0     406     399     227
98223  03  00   100  99999.00  99999.00  16319.79  16899.39   -934.98   -656.70  -1193.95   -636.19       0     391     398     226
98223  03  00    80  99999.00  99999.00  99999.00  99999.00 -15062.28  12265.80  99999.00  99999.00       0       0      62      37
98223  03  00    70  99999.00  99999.00  18280.65  18977.25   -956.73   -589.29  -1221.39   -566.67       0     398     397     202
98223  03  00    60  99999.00  99999.00  99999.00  99999.00 -16351.45  13479.95  99999.00  99999.00       0       0      91      46
98223  03  00    50  99999.00  99999.00  20170.02  21060.78  -5691.44   4219.24  -1204.08   -472.68       0     378     382     190
98223  03  00    40  99999.00  99999.00  99999.00  99999.00 -20617.85  17061.91  -1187.28   -469.80       0       0     103      69
98223  03  00    30  99999.00  99999.00  23144.74  24481.18  -5900.93   4629.91  -1147.57   -521.29       0     335     346     169
98223  03  00    20  99999.00  99999.00  25585.16  27293.72  -8308.52   6955.72  -1010.73   -591.09       0     197     220      92
98223  03  00    15  99999.00  99999.00  99999.00  99999.00  99999.00  99999.00  99999.00  99999.00       0       0      27       3
98223  03  00    10  99999.00  99999.00  99999.00  99999.00  99999.00  99999.00  99999.00  99999.00       0       0       0       0
98223  03  00     7  99999.00  99999.00  99999.00  99999.00  99999.00  99999.00  99999.00  99999.00       0       0       0       0
98223  03  00     5  99999.00  99999.00  99999.00  99999.00  99999.00  99999.00  99999.00  99999.00       0       0       0       0
98223  03  00     3  99999.00  99999.00  99999.00  99999.00  99999.00  99999.00  99999.00  99999.00       0       0       0       0
98223  03  00     2  99999.00  99999.00  99999.00  99999.00  99999.00  99999.00  99999.00  99999.00       0       0       1       0
98223  03  00     1  99999.00  99999.00  99999.00  99999.00  99999.00  99999.00  99999.00  99999.00       0       0       0       0
98223  04  00  9999   1000.82   1021.82  99999.00  99999.00    197.55    355.59    -70.90    165.50     405       0     402     402
98223  04  00  1000  99999.00  99999.00     14.38    193.18    200.48    331.52     41.76    368.76       0     407     407     407
98223  04  00   925  99999.00  99999.00    694.31    879.35    162.34    302.74    -71.99    369.97       0     305     304     302
98223  04  00   900  99999.00  99999.00  99999.00  99999.00  99999.00  99999.00  99999.00  99999.00       0       0       3       3
98223  04  00   850  99999.00  99999.00   1426.90   1612.18    114.26    260.42   -128.27    363.13       0     401     402     401
98223  04  00   800  99999.00  99999.00  99999.00  99999.00  99999.00  99999.00  99999.00  99999.00       0       0      14      14
98223  04  00   700  99999.00  99999.00   3057.36   3261.00     10.10    196.94   -556.00    479.72       0     399     402     393
98223  04  00   600  99999.00  99999.00  99999.00  99999.00  99999.00  99999.00  99999.00  99999.00       0       0      19      19
98223  04  00   500  99999.00  99999.00   5755.29   6006.57   -139.91     39.37   -914.32    414.44       0     388     391     389
98223  04  00   400  99999.00  99999.00   7452.28   7745.68   -243.89    -74.45   -959.95    250.73       0     391     393     388
98223  04  00   300  99999.00  99999.00   9536.48   9875.00   -381.86   -232.34   -991.16     10.72       0     392     395     388
98223  04  00   250  99999.00  99999.00  10783.01  11166.41   -479.11   -332.23   -974.33   -148.37       0     382     383     254
98223  04  00   200  99999.00  99999.00  12243.21  12668.85   -590.85   -459.09   -946.78   -365.26       0     383     378     213
98223  04  00   150  99999.00  99999.00  14009.05  14504.53   -737.16   -593.52   -964.46   -592.46       0     378     375     198
98223  04  00   100  99999.00  99999.00  16347.16  16898.20   -920.58   -674.34  -1106.00   -700.40       0     362     387     188
98223  04  00    80  99999.00  99999.00  99999.00  99999.00  99999.00  99999.00  99999.00  99999.00       0       0      50      27
98223  04  00    70  99999.00  99999.00  18318.50  18969.86   -948.35   -597.83  -1145.45   -614.93       0     359     368     162
98223  04  00    60  99999.00  99999.00  99999.00  99999.00 -18901.48  15515.00  99999.00  99999.00       0       0      76      34
98223  04  00    50  99999.00  99999.00  20217.98  21055.82  -5862.20   4394.80  -1322.47   -364.63       0     342     357     155
98223  04  00    40  99999.00  99999.00  99999.00  99999.00 -19134.88  15940.40  99999.00  99999.00       0       0      75      35
98223  04  00    30  99999.00  99999.00  23229.97  24439.93  -9315.17   7787.11  -1114.61   -544.25       0     289     302     133
98223  04  00    20  99999.00  99999.00  25675.15  27265.51 -11107.37   9478.63  99999.00  99999.00       0     150     179      59
98223  04  00    15  99999.00  99999.00  99999.00  99999.00  99999.00  99999.00  99999.00  99999.00       0       0      22       9
98223  04  00    10  99999.00  99999.00  99999.00  99999.00  99999.00  99999.00  99999.00  99999.00       0       1       3       1
98223  04  00     7  99999.00  99999.00  99999.00  99999.00  99999.00  99999.00  99999.00  99999.00       0       0       0       0
98223  04  00     5  99999.00  99999.00  99999.00  99999.00  99999.00  99999.00  99999.00  99999.00       0       0       0       0
98223  04  00     3  99999.00  99999.00  99999.00  99999.00  99999.00  99999.00  99999.00  99999.00       0       0       0       0
98223  04  00     2  99999.00  99999.00  99999.00  99999.00  99999.00  99999.00  99999.00  99999.00       0       0       0       0
98223  04  00     1  99999.00  99999.00  99999.00  99999.00  99999.00  99999.00  99999.00  99999.00       0       0       0       0
98223  05  00  9999    998.18   1020.26  99999.00  99999.00    191.84    382.64    -68.94    156.54     402       0     396     396
98223  05  00  1000  99999.00  99999.00    -17.14    188.78    210.33    341.97    105.78    335.70       0     389     388     386
98223  05  00   925  99999.00  99999.00    665.37    874.17    168.33    310.65      6.82    338.14       0     314     313     313
98223  05  00   900  99999.00  99999.00  99999.00  99999.00  99999.00  99999.00  99999.00  99999.00       0       0       7       7
98223  05  00   850  99999.00  99999.00   1394.16   1617.96    122.40    267.60    -20.81    289.63       0     386     385     384
98223  05  00   800  99999.00  99999.00  99999.00  99999.00  99999.00  99999.00  99999.00  99999.00       0       0       3       3
98223  05  00   700  99999.00  99999.00   3028.81   3272.53     39.15    179.43   -351.84    381.24       0     381     383     379
98223  05  00   600  99999.00  99999.00  99999.00  99999.00  99999.00  99999.00  99999.00  99999.00       0       0      10      10
98223  05  00   500  99999.00  99999.00   5747.69   6010.37   -110.25     18.15   -660.82    341.06       0     372     372     367
98223  05  00   400  99999.00  99999.00   7477.91   7726.43   -220.56    -78.24   -730.72    201.32       0     369     372     368
98223  05  00   300  99999.00  99999.00   9587.38   9851.14   -379.56   -210.60   -857.28     14.64       0     366     368     365
98223  05  00   250  99999.00  99999.00  10829.98  11158.18   -478.62   -312.30   -871.13   -151.25       0     365     368     286
98223  05  00   200  99999.00  99999.00  12276.84  12687.24   -598.30   -435.58   -858.37   -379.21       0     362     359     204
98223  05  00   150  99999.00  99999.00  14051.47  14523.91   -747.17   -568.85   -944.81   -561.41       0     360     358     198
98223  05  00   100  99999.00  99999.00  16381.57  16945.33   -906.91   -671.23  -1093.18   -660.10       0     333     367     175
98223  05  00    80  99999.00  99999.00  99999.00  99999.00  99999.00  99999.00  99999.00  99999.00       0       0      48      26
98223  05  00    70  99999.00  99999.00  18333.07  19055.47   -954.38   -577.70  -1199.76   -527.40       0     349     360     173
98223  05  00    60  99999.00  99999.00  99999.00  99999.00 -14367.70  11859.14  99999.00  99999.00       0       0      69      31
98223  05  00    50  99999.00  99999.00  20236.52  21155.36  -5783.80   4335.08  -1374.18   -306.90       0     325     340     165
98223  05  00    40  99999.00  99999.00  99999.00  99999.00 -17986.77  15062.07  99999.00  99999.00       0       0     107      60
98223  05  00    30  99999.00  99999.00  23274.71  24552.59  -6302.90   5036.62  -1245.13   -373.09       0     277     299     142
98223  05  00    20  99999.00  99999.00  25691.68  27421.24 -10440.87   8936.25   -959.95   -602.47       0     144     170      78
98223  05  00    15  99999.00  99999.00  99999.00  99999.00  99999.00  99999.00  99999.00  99999.00       0       0      22       7
98223  05  00    10  99999.00  99999.00  99999.00  99999.00  99999.00  99999.00  99999.00  99999.00       0       0       1       0
98223  05  00     7  99999.00  99999.00  99999.00  99999.00  99999.00  99999.00  99999.00  99999.00       0       0       0       0
98223  05  00     5  99999.00  99999.00  99999.00  99999.00  99999.00  99999.00  99999.00  99999.00       0       0       0       0
98223  05  00     3  99999.00  99999.00  99999.00  99999.00  99999.00  99999.00  99999.00  99999.00       0       0       3       3
98223  05  00     2  99999.00  99999.00  99999.00  99999.00  99999.00  99999.00  99999.00  99999.00       0       0       0       0
98223  05  00     1  99999.00  99999.00  99999.00  99999.00  99999.00  99999.00  99999.00  99999.00       0       0       0       0
98223  06  00  9999    992.61   1023.09  99999.00  99999.00    198.53    373.01    -50.83    122.21     382       0     380     380
98223  06  00  1000  99999.00  99999.00    -52.37    197.83    207.29    345.29    125.29    327.61       0     381     377     376
98223  06  00   925  99999.00  99999.00    617.10    895.38    174.31    301.39     80.25    286.53       0     343     343     343
98223  06  00   900  99999.00  99999.00  99999.00  99999.00  99999.00  99999.00  99999.00  99999.00       0       0       2       2
98223  06  00   850  99999.00  99999.00   1338.07   1644.19    129.26    265.70     32.96    253.52       0     389     386     385
98223  06  00   800  99999.00  99999.00  99999.00  99999.00  99999.00  99999.00  99999.00  99999.00       0       0       6       6
98223  06  00   700  99999.00  99999.00   2975.48   3301.28     51.98    178.70   -202.36    271.16       0     386     387     386
98223  06  00   600  99999.00  99999.00  99999.00  99999.00  99999.00  99999.00  99999.00  99999.00       0       0       5       5
98223  06  00   500  99999.00  99999.00   5713.53   6028.77   -103.33     22.55   -564.65    280.27       0     384     385     384
98223  06  00   400  99999.00  99999.00   7451.67   7747.59   -213.27    -67.59   -748.82    233.38       0     382     381     380
98223  06  00   300  99999.00  99999.00   9591.23   9858.11   -367.02   -205.50   -878.65     48.35       0     379     379     378
98223  06  00   250  99999.00  99999.00  10862.76  11146.32   -467.82   -305.22   -898.25   -117.05       0     381     386     360
98223  06  00   200  99999.00  99999.00  12339.96  12657.36   -586.92   -431.52   -910.78   -316.18       0     381     379     252
98223  06  00   150  99999.00  99999.00  14110.88  14504.72   -737.44   -578.92   -946.58   -546.62       0     373     375     254
98223  06  00   100  99999.00  99999.00  16443.71  16922.39   -919.94   -649.58  -1077.57   -654.57       0     348     378     228
98223  06  00    80  99999.00  99999.00  99999.00  99999.00  99999.00  99999.00  99999.00  99999.00       0       0      50      22
98223  06  00    70  99999.00  99999.00  18442.59  19022.67  -3583.18   2070.38  -1223.71   -454.75       0     373     389     202
98223  06  00    60  99999.00  99999.00  99999.00  99999.00  99999.00  99999.00  99999.00  99999.00       0       0      58      33
98223  06  00    50  99999.00  99999.00  20372.53  21141.13  -5773.96   4349.60  -1378.00   -287.92       0     356     368     189
98223  06  00    40  99999.00  99999.00  99999.00  99999.00 -15549.60  13104.24  99999.00  99999.00       0       0      88      50
98223  06  00    30  99999.00  99999.00  23342.22  24612.90  -5138.33   3952.63  -1222.72   -388.36       0     311     312     158
98223  06  00    20  99999.00  99999.00  25828.24  27433.00  -8729.40   7404.24   -965.34   -593.70       0     178     198      92
98223  06  00    15  99999.00  99999.00  99999.00  99999.00  99999.00  99999.00  99999.00  99999.00       0       0      30      13
98223  06  00    10  99999.00  99999.00  99999.00  99999.00  99999.00  99999.00  99999.00  99999.00       0       0       2       0
98223  06  00     7  99999.00  99999.00  99999.00  99999.00  99999.00  99999.00  99999.00  99999.00       0       0       0       0
98223  06  00     5  99999.00  99999.00  99999.00  99999.00  99999.00  99999.00  99999.00  99999.00       0       0       0       0
98223  06  00     3  99999.00  99999.00  99999.00  99999.00  99999.00  99999.00  99999.00  99999.00       0       0       1       1
98223  06  00     2  99999.00  99999.00  99999.00  99999.00  99999.00  99999.00  99999.00  99999.00       0       0       0       0
98223  06  00     1  99999.00  99999.00  99999.00  99999.00  99999.00  99999.00  99999.00  99999.00       0       0       0       0
98223  07  00  9999    991.00   1023.52  99999.00  99999.00    199.07    355.79   -130.85    188.11     367       0     365     365
98223  07  00  1000  99999.00  99999.00    -68.93    205.39    206.94    333.66    106.88    348.68       0     378     375     375
98223  07  00   925  99999.00  99999.00    594.44    908.60    175.94    293.90     30.47    333.11       0     326     324     324
98223  07  00   900  99999.00  99999.00  99999.00  99999.00  99999.00  99999.00  99999.00  99999.00       0       0       7       7
98223  07  00   850  99999.00  99999.00   1316.83   1654.03    128.89    262.33    -24.50    310.30       0     388     388     387
98223  07  00   800  99999.00  99999.00  99999.00  99999.00  99999.00  99999.00  99999.00  99999.00       0       0       5       5
98223  07  00   700  99999.00  99999.00   2953.30   3310.06     49.76    176.72   -211.20    290.28       0     387     387     387
98223  07  00   600  99999.00  99999.00  99999.00  99999.00  99999.00  99999.00  99999.00  99999.00       0       0       8       8
98223  07  00   500  99999.00  99999.00   5692.64   6032.36   -109.64     24.52   -511.45    255.47       0     372     373     371
98223  07  00   400  99999.00  99999.00   7438.77   7742.49   -223.53    -63.33   -664.45    178.31       0     378     377     376
98223  07  00   300  99999.00  99999.00   9585.85   9840.97   -384.86   -191.30   -884.16     80.52       0     370     377     374
98223  07  00   250  99999.00  99999.00   4395.85  17476.93   -488.43   -286.95   -929.47    -66.91       0     371     375     317
98223  07  00   200  99999.00  99999.00  12306.80  12663.68   -606.08   -416.48   -914.30   -293.30       0     372     377     229
98223  07  00   150  99999.00  99999.00  14055.76  14533.60   -755.86   -563.02   -968.40   -518.28       0     370     368     217
98223  07  00   100  99999.00  99999.00  16406.37  16925.85   -966.17   -587.33  -1120.31   -582.35       0     355     382     212
98223  07  00    80  99999.00  99999.00  99999.00  99999.00  99999.00  99999.00  99999.00  99999.00       0       0      52      27
98223  07  00    70  99999.00  99999.00  18432.60  19065.84   -880.32   -509.40  -1328.52   -331.08       0     372     375     172
98223  07  00    60  99999.00  99999.00  99999.00  99999.00  99999.00  99999.00  99999.00  99999.00       0       0      56      34
98223  07  00    50  99999.00  99999.00  20368.20  21216.84  -3620.99   2316.73  -1382.55   -270.63       0     357     360     162
98223  07  00    40  99999.00  99999.00  99999.00  99999.00 -15467.79  13039.05  99999.00  99999.00       0       0      89      55
98223  07  00    30  99999.00  99999.00  23392.54  24645.94  -5132.75   3938.05  -1215.04   -379.24       0     304     313     146
98223  07  00    20  99999.00  99999.00  25821.20  27492.44  -8751.86   7399.78  -1034.38   -529.18       0     179     197      87
98223  07  00    15  99999.00  99999.00  99999.00  99999.00  99999.00  99999.00  99999.00  99999.00       0       0      38      11
98223  07  00    10  99999.00  99999.00  99999.00  99999.00  99999.00  99999.00  99999.00  99999.00       0       0       1       1
98223  07  00     7  99999.00  99999.00  99999.00  99999.00  99999.00  99999.00  99999.00  99999.00       0       0       0       0
98223  07  00     5  99999.00  99999.00  99999.00  99999.00  99999.00  99999.00  99999.00  99999.00       0       0       0       0
98223  07  00     3  99999.00  99999.00  99999.00  99999.00  99999.00  99999.00  99999.00  99999.00       0       0       1       1
98223  07  00     2  99999.00  99999.00  99999.00  99999.00  99999.00  99999.00  99999.00  99999.00       0       0       0       0
98223  07  00     1  99999.00  99999.00  99999.00  99999.00  99999.00  99999.00  99999.00  99999.00       0       0       0       0
98223  08  00  9999    987.52   1026.16  99999.00  99999.00    197.08    342.40    -41.44     85.28     434       0     429     428
98223  08  00  1000  99999.00  99999.00    -84.86    216.82    199.26    329.10    125.21    330.89       0     388     391     389
98223  08  00   925  99999.00  99999.00    565.53    931.29    167.89    293.89     16.82    351.38       0     332     333     333
98223  08  00   900  99999.00  99999.00  99999.00  99999.00  99999.00  99999.00  99999.00  99999.00       0       0       8       8
98223  08  00   850  99999.00  99999.00   1286.88   1669.92    120.15    262.83     -1.88    295.60       0     406     403     399
98223  08  00   800  99999.00  99999.00  99999.00  99999.00  99999.00  99999.00  99999.00  99999.00       0       0      11      11
98223  08  00   700  99999.00  99999.00   2917.46   3329.90     40.90    179.26   -183.53    275.23       0     406     407     405
98223  08  00   600  99999.00  99999.00  99999.00  99999.00  99999.00  99999.00  99999.00  99999.00       0       0      10      10
98223  08  00   500  99999.00  99999.00   5664.83   6044.99   -120.45     36.15   -449.99    224.17       0     397     406     399
98223  08  00   400  99999.00  99999.00   7416.59   7749.71   -228.27    -55.35   -686.54    224.86       0     394     395     388
98223  08  00   300  99999.00  99999.00   9564.97   9851.17   -381.93   -189.93   -860.96     86.32       0     389     392     391
98223  08  00   250  99999.00  99999.00  10840.40  11136.08   -489.00   -284.28   -879.20    -76.28       0     382     388     336
98223  08  00   200  99999.00  99999.00  12311.81  12649.85   -616.70   -404.30   -861.60   -306.60       0     384     385     227
98223  08  00   150  99999.00  99999.00  14057.43  14522.67   -759.17   -561.41   -976.31   -488.75       0     380     381     199
98223  08  00   100  99999.00  99999.00  16381.52  16934.12   -973.21   -584.17  -1123.62   -571.98       0     363     403     196
98223  08  00    80  99999.00  99999.00  99999.00  99999.00  99999.00  99999.00  99999.00  99999.00       0       0      47      24
98223  08  00    70  99999.00  99999.00  18417.93  19077.45  -4376.65   2910.59  -1407.76   -285.28       0     407     417     168
98223  08  00    60  99999.00  99999.00  99999.00  99999.00 -16673.67  13879.89  99999.00  99999.00       0       0      63      35
98223  08  00    50  99999.00  99999.00  20394.17  21190.49  -3529.27   2226.41  -1345.65   -371.49       0     378     383     155
98223  08  00    40  99999.00  99999.00  99999.00  99999.00 -20809.50  17218.74  -1368.54   -271.14       0       0     101      61
98223  08  00    30  99999.00  99999.00  23397.17  24623.81  -8584.54   7120.94  -1279.74   -321.90       0     287     308     127
98223  08  00    20  99999.00  99999.00  25866.97  27450.85  -4924.28   3841.48  -1205.33   -336.89       0     156     170      71
98223  08  00    15  99999.00  99999.00  99999.00  99999.00  99999.00  99999.00  99999.00  99999.00       0       0      33       8
98223  08  00    10  99999.00  99999.00  99999.00  99999.00  99999.00  99999.00  99999.00  99999.00       0       0       0       0
98223  08  00     7  99999.00  99999.00  99999.00  99999.00  99999.00  99999.00  99999.00  99999.00       0       0       0       0
98223  08  00     5  99999.00  99999.00  99999.00  99999.00  99999.00  99999.00  99999.00  99999.00       0       0       0       0
98223  08  00     3  99999.00  99999.00  99999.00  99999.00  99999.00  99999.00  99999.00  99999.00       0       0       0       0
98223  08  00     2  99999.00  99999.00  99999.00  99999.00  99999.00  99999.00  99999.00  99999.00       0       0       0       0
98223  08  00     1  99999.00  99999.00  99999.00  99999.00  99999.00  99999.00  99999.00  99999.00       0       0       0       0
98223  09  00  9999    992.26   1023.94  99999.00  99999.00    197.18    338.06    -47.54     90.34     411       0     405     405
98223  09  00  1000  99999.00  99999.00    -50.21    203.83    198.81    326.37     95.44    348.16       0     397     395     394
98223  09  00   925  99999.00  99999.00    618.56    902.96    169.63    292.99      0.59    349.19       0     315     319     319
98223  09  00   900  99999.00  99999.00  99999.00  99999.00  99999.00  99999.00  99999.00  99999.00       0       0       2       2
98223  09  00   850  99999.00  99999.00   1332.13   1654.69    114.82    265.42    -30.55    310.13       0     401     399     399
98223  09  00   800  99999.00  99999.00  99999.00  99999.00  99999.00  99999.00  99999.00  99999.00       0       0       6       6
98223  09  00   700  99999.00  99999.00   2969.98   3303.58     37.41    178.77   -280.55    352.33       0     404     401     399
98223  09  00   600  99999.00  99999.00  99999.00  99999.00  99999.00  99999.00  99999.00  99999.00       0       0       9       9
98223  09  00   500  99999.00  99999.00   5696.41   6034.93   -112.03     25.13   -613.78    338.06       0     381     389     387
98223  09  00   400  99999.00  99999.00   7433.59   7750.03   -217.39    -72.67   -735.63    236.01       0     386     391     389
98223  09  00   300  99999.00  99999.00   9560.66   9862.70   -379.65   -203.13   -867.72     63.84       0     381     387     384
98223  09  00   250  99999.00  99999.00  10837.54  11139.58   -480.89   -304.49   -900.77    -91.13       0     381     378     315
98223  09  00   200  99999.00  99999.00  12304.23  12651.03  -3449.69   2367.67   -913.34   -295.46       0     379     383     216
98223  09  00   150  99999.00  99999.00  14078.30  14487.62   -758.02   -566.98   -948.02   -538.94       0     371     371     192
98223  09  00   100  99999.00  99999.00  16404.74  16892.78   -946.76   -626.96  -1097.40   -628.32       0     364     394     189
98223  09  00    80  99999.00  99999.00  99999.00  99999.00  99999.00  99999.00  99999.00  99999.00       0       0      40      18
98223  09  00    70  99999.00  99999.00  18416.70  19028.70   -864.46   -542.26  -1351.02   -346.62       0     374     379     154
98223  09  00    60  99999.00  99999.00  99999.00  99999.00  -7596.75   5992.17  99999.00  99999.00       0       0      68      37
98223  09  00    50  99999.00  99999.00  20380.24  21134.56  -6468.54   4996.74  -1334.99   -403.07       0     350     360     152
98223  09  00    40  99999.00  99999.00  99999.00  99999.00 -15656.77  13184.63  99999.00  99999.00       0       0     101      59
98223  09  00    30  99999.00  99999.00  23370.38  24564.26  -3885.13   2728.79  -1199.46   -434.10       0     284     295     136
98223  09  00    20  99999.00  99999.00  25837.96  27318.52 -12472.09  10660.43  -1105.52   -476.96       0     165     187      68
98223  09  00    15  99999.00  99999.00  99999.00  99999.00  99999.00  99999.00  99999.00  99999.00       0       0      19       3
98223  09  00    10  99999.00  99999.00  99999.00  99999.00  99999.00  99999.00  99999.00  99999.00       0       0       1       0
98223  09  00     7  99999.00  99999.00  99999.00  99999.00  99999.00  99999.00  99999.00  99999.00       0       0       0       0
98223  09  00     5  99999.00  99999.00  99999.00  99999.00  99999.00  99999.00  99999.00  99999.00       0       0       0       0
98223  09  00     3  99999.00  99999.00  99999.00  99999.00  99999.00  99999.00  99999.00  99999.00       0       0       0       0
98223  09  00     2  99999.00  99999.00  99999.00  99999.00  99999.00  99999.00  99999.00  99999.00       0       0       1       0
98223  09  00     1  99999.00  99999.00  99999.00  99999.00  99999.00  99999.00  99999.00  99999.00       0       0       0       0
98223  10  00  9999    994.77   1025.25  99999.00  99999.00    189.94    338.38    -67.84    128.72     413       0     409     409
98223  10  00  1000  99999.00  99999.00    -41.60    230.08    189.95    330.95     39.13    363.97       0     376     375     375
98223  10  00   925  99999.00  99999.00    614.37    937.89    141.40    318.40    -15.95    329.65       0     330     334     334
98223  10  00   900  99999.00  99999.00  99999.00  99999.00  99999.00  99999.00  99999.00  99999.00       0       0       2       2
98223  10  00   850  99999.00  99999.00   1349.21   1667.45     91.85    282.53    -66.75    311.49       0     375     380     379
98223  10  00   800  99999.00  99999.00  99999.00  99999.00  99999.00  99999.00  99999.00  99999.00       0       0       9       9
98223  10  00   700  99999.00  99999.00   2972.16   3326.88     31.85    183.17   -434.23    432.53       0     380     384     381
98223  10  00   600  99999.00  99999.00  99999.00  99999.00  99999.00  99999.00  99999.00  99999.00       0       0       8       8
98223  10  00   500  99999.00  99999.00   5700.75   6056.79   -119.88     34.20   -882.06    474.30       0     375     378     376
98223  10  00   400  99999.00  99999.00   7446.55   7759.15   -224.73    -73.41  -1018.76    367.00       0     373     371     369
98223  10  00   300  99999.00  99999.00   9576.64   9858.28   -391.75   -208.99  -1072.20    144.00       0     370     372     369
98223  10  00   250  99999.00  99999.00  10842.17  11136.17   -492.85   -306.49  -1033.98    -26.82       0     372     375     247
98223  10  00   200  99999.00  99999.00  12311.56  12637.96   -616.50   -427.14   -970.74   -277.74       0     368     374     180
98223  10  00   150  99999.00  99999.00  14069.95  14482.63   -756.91   -576.67  -1024.90   -495.10       0     364     365     158
98223  10  00   100  99999.00  99999.00  16381.32  16882.80   -935.70   -677.34  -1218.96   -567.48       0     354     381     156
98223  10  00    80  99999.00  99999.00  99999.00  99999.00 -15076.29  12326.55  99999.00  99999.00       0       0      62      20
98223  10  00    70  99999.00  99999.00  18369.36  18979.80  -4912.03   3351.05  -1212.14   -455.66       0     349     362     120
98223  10  00    60  99999.00  99999.00  99999.00  99999.00 -16490.76  13672.08  99999.00  99999.00       0       0      77      29
98223  10  00    50  99999.00  99999.00  20294.46  21098.22  -4950.32   3552.52  -1386.97   -280.81       0     339     348     114
98223  10  00    40  99999.00  99999.00  99999.00  99999.00 -19883.33  16513.27  99999.00  99999.00       0       0      69      36
98223  10  00    30  99999.00  99999.00  23320.57  24448.21  -3447.48   2277.60  -1214.18   -417.38       0     289     306      95
98223  10  00    20  99999.00  99999.00  25734.71  27243.95  -9090.87   7646.85  99999.00  99999.00       0     164     182      47
98223  10  00    15  99999.00  99999.00  99999.00  99999.00  99999.00  99999.00  99999.00  99999.00       0       0      16       2
98223  10  00    10  99999.00  99999.00  99999.00  99999.00  99999.00  99999.00  99999.00  99999.00       0       0       1       1
98223  10  00     7  99999.00  99999.00  99999.00  99999.00  99999.00  99999.00  99999.00  99999.00       0       0       0       0
98223  10  00     5  99999.00  99999.00  99999.00  99999.00  99999.00  99999.00  99999.00  99999.00       0       0       0       0
98223  10  00     3  99999.00  99999.00  99999.00  99999.00  99999.00  99999.00  99999.00  99999.00       0       0       1       0
98223  10  00     2  99999.00  99999.00  99999.00  99999.00  99999.00  99999.00  99999.00  99999.00       0       0       0       0
98223  10  00     1  99999.00  99999.00  99999.00  99999.00  99999.00  99999.00  99999.00  99999.00       0       0       0       0
98223  11  00  9999    998.95   1024.27  99999.00  99999.00    166.21    347.65    -64.76    131.08     401       0     398     398
98223  11  00  1000  99999.00  99999.00      2.68    208.96    182.12    333.92     27.13    366.73       0     395     392     391
98223  11  00   925  99999.00  99999.00    671.59    900.91    150.20    306.68     14.65    301.09       0     290     293     293
98223  11  00   900  99999.00  99999.00  99999.00  99999.00  99999.00  99999.00  99999.00  99999.00       0       0       7       7
98223  11  00   850  99999.00  99999.00   1411.14   1628.10     93.80    278.48    -84.88    329.60       0     398     395     393
98223  11  00   800  99999.00  99999.00  99999.00  99999.00  99999.00  99999.00  99999.00  99999.00       0       0       7       7
98223  11  00   700  99999.00  99999.00   3031.92   3289.92     21.00    186.36   -417.83    428.05       0     393     394     391
98223  11  00   600  99999.00  99999.00  99999.00  99999.00  99999.00  99999.00  99999.00  99999.00       0       0      20      20
98223  11  00   500  99999.00  99999.00    995.64  10687.56  -3084.39   2931.69   -827.55    436.29       0     387     394     391
98223  11  00   400  99999.00  99999.00   7450.46   7754.42   -233.44    -75.76   -940.73    312.67       0     386     388     386
98223  11  00   300  99999.00  99999.00   9550.63   9875.71   -380.36   -225.92  -1003.51     67.73       0     382     380     377
98223  11  00   250  99999.00  99999.00  10809.77  11156.81   -478.68   -328.80   -977.31    -99.99       0     380     380     254
98223  11  00   200  99999.00  99999.00  12271.44  12660.60   -599.47   -454.99   -958.13   -328.13       0     384     381     204
98223  11  00   150  99999.00  99999.00  14045.21  14478.29   -749.41   -593.89  -1047.10   -508.66       0     377     379     179
98223  11  00   100  99999.00  99999.00   4628.68  28306.48  -4860.90   3142.86  -1198.84   -617.92       0     363     379     172
98223  11  00    80  99999.00  99999.00  99999.00  99999.00  99999.00  99999.00  99999.00  99999.00       0       0      53      21
98223  11  00    70  99999.00  99999.00   8940.60  28163.40  -7660.08   5886.12  -1187.68   -518.92       0     320     332     105
98223  11  00    60  99999.00  99999.00  99999.00  99999.00 -19785.26  16249.78  99999.00  99999.00       0       0      69      25
98223  11  00    50  99999.00  99999.00  10083.55  31026.43  -7059.94   5537.78  -1342.65   -312.93       0     309     315      98
98223  11  00    40  99999.00  99999.00  99999.00  99999.00 -19274.16  16058.52  99999.00  99999.00       0       0      83      34
98223  11  00    30  99999.00  99999.00  23181.48  24523.92  -8070.81   6648.87  -1188.69   -436.17       0     263     280      88
98223  11  00    20  99999.00  99999.00  25550.23  27343.87 -13647.96  11641.32  99999.00  99999.00       0     146     174      44
98223  11  00    15  99999.00  99999.00  99999.00  99999.00  99999.00  99999.00  99999.00  99999.00       0       0      23       4
98223  11  00    10  99999.00  99999.00  99999.00  99999.00  99999.00  99999.00  99999.00  99999.00       0       0       1       0
98223  11  00     7  99999.00  99999.00  99999.00  99999.00  99999.00  99999.00  99999.00  99999.00       0       0       1       1
98223  11  00     5  99999.00  99999.00  99999.00  99999.00  99999.00  99999.00  99999.00  99999.00       0       0       0       0
98223  11  00     3  99999.00  99999.00  99999.00  99999.00  99999.00  99999.00  99999.00  99999.00       0       0       0       0
98223  11  00     2  99999.00  99999.00  99999.00  99999.00  99999.00  99999.00  99999.00  99999.00       0       0       0       0
98223  11  00     1  99999.00  99999.00  99999.00  99999.00  99999.00  99999.00  99999.00  99999.00       0       0       0       0
98223  12  00  9999    999.10   1026.70  99999.00  99999.00    126.13    351.61    -70.04    142.00     449       0     446     445
98223  12  00  1000  99999.00  99999.00     -3.44    234.28    143.53    345.97    -33.21    383.31       0     456     451     450
98223  12  00   925  99999.00  99999.00    675.66    912.18    109.52    322.40    -35.80    307.76       0     329     330     330
98223  12  00   900  99999.00  99999.00  99999.00  99999.00  99999.00  99999.00  99999.00  99999.00       0       0       5       5
98223  12  00   850  99999.00  99999.00   1407.51   1637.91     60.46    287.62   -126.39    339.81       0     453     451     450
98223  12  00   800  99999.00  99999.00  99999.00  99999.00  99999.00  99999.00  99999.00  99999.00       0       0      15      15
98223  12  00   700  99999.00  99999.00   3023.49   3288.33    -21.38    207.10   -626.63    585.49       0     450     455     444
98223  12  00   600  99999.00  99999.00  99999.00  99999.00  99999.00  99999.00  99999.00  99999.00       0       0      32      32
98223  12  00   500  99999.00  99999.00   5714.10   6032.70   -149.38     44.42   -987.57    509.91       0     444     448     442
98223  12  00   400  99999.00  99999.00   7432.38   7752.18   -240.55    -68.35  -1033.41    321.39       0     434     433     432
98223  12  00   300  99999.00  99999.00   9523.15   9881.59   -388.10   -223.22  -1019.00     35.32       0     431     427     423
98223  12  00   250  99999.00  99999.00  10777.27  11163.91   -488.48   -326.00   -919.06   -184.66       0     424     425     247
98223  12  00   200  99999.00  99999.00  12230.98  12670.30   -608.98   -448.42   -928.38   -369.54       0     420     428     225
98223  12  00   150  99999.00  99999.00  13993.48  14498.08   -759.87   -585.27   -998.55   -562.71       0     415     415     168
98223  12  00   100  99999.00  99999.00  16303.99  16897.39   -951.91   -671.47  -1166.12   -665.84       0     392     419     167
98223  12  00    80  99999.00  99999.00  99999.00  99999.00  99999.00  99999.00  99999.00  99999.00       0       0      41      17
98223  12  00    70  99999.00  99999.00  18250.57  18982.21   -958.19   -572.15  -1129.57   -585.49       0     363     366      90
98223  12  00    60  99999.00  99999.00  99999.00  99999.00 -18574.72  15276.44  99999.00  99999.00       0       0      79      24
98223  12  00    50  99999.00  99999.00  20144.70  21094.74  -3627.63   2272.65  -1233.64   -412.36       0     354     363      90
98223  12  00    40  99999.00  99999.00  99999.00  99999.00 -23428.09  19074.23  99999.00  99999.00       0       0      89      39
98223  12  00    30  99999.00  99999.00  23065.27  24556.27  -5153.85   3919.35  -1064.63   -596.03       0     300     312      84
98223  12  00    20  99999.00  99999.00  25444.06  27361.78  -6640.78   5400.26  99999.00  99999.00       0     154     178      45
98223  12  00    15  99999.00  99999.00  99999.00  99999.00  99999.00  99999.00  99999.00  99999.00       0       0      18       4
98223  12  00    10  99999.00  99999.00  99999.00  99999.00  99999.00  99999.00  99999.00  99999.00       0       0       0       0
98223  12  00     7  99999.00  99999.00  99999.00  99999.00  99999.00  99999.00  99999.00  99999.00       0       0       0       0
98223  12  00     5  99999.00  99999.00  99999.00  99999.00  99999.00  99999.00  99999.00  99999.00       0       0       0       0
98223  12  00     3  99999.00  99999.00  99999.00  99999.00  99999.00  99999.00  99999.00  99999.00       0       0       0       0
98223  12  00     2  99999.00  99999.00  99999.00  99999.00  99999.00  99999.00  99999.00  99999.00       0       0       0       0
98223  12  00     1  99999.00  99999.00  99999.00  99999.00  99999.00  99999.00  99999.00  99999.00       0       0       0       0
