43371  01  12  9999    993.93   1010.73  99999.00  99999.00    241.88    357.20    -59.78    223.18     568       0     564     562
43371  01  12  1000  99999.00  99999.00     18.25    146.41    237.48    354.24     82.87    347.59       0     590     585     578
43371  01  12   925  99999.00  99999.00    681.12    849.72    130.75    329.71    -47.73    386.07       0     342     346     344
43371  01  12   900  99999.00  99999.00  99999.00  99999.00  99999.00  99999.00  99999.00  99999.00       0       0      15      15
43371  01  12   850  99999.00  99999.00   1402.03   1594.39     69.93    296.37   -185.22    413.58       0     647     647     642
43371  01  12   800  99999.00  99999.00  99999.00  99999.00  99999.00  99999.00  99999.00  99999.00       0       0      16      15
43371  01  12   700  99999.00  99999.00   3000.35   3277.31    -22.83    235.17   -527.86    463.70       0     637     638     438
43371  01  12   600  99999.00  99999.00  99999.00  99999.00    -95.80    168.68   -511.20    327.00       0       0     525     289
43371  01  12   500  99999.00  99999.00   5630.71   6095.11   -174.80     81.76   -627.94    264.62       0     625     622     287
43371  01  12   400  99999.00  99999.00   7292.49   7879.65   -295.92     -4.68   -714.48    143.76       0     610     601     206
43371  01  12   300  99999.00  99999.00   9288.35  10108.79   -474.38   -135.50   -809.13    -41.85       0     603     603     153
43371  01  12   250  99999.00  99999.00  10488.16  11450.92   -590.10   -226.50   -839.51   -204.83       0     592     593     103
43371  01  12   200  99999.00  99999.00  11874.29  13015.13   -725.85   -339.45   -959.51   -332.15       0     574     577      70
43371  01  12   150  99999.00  99999.00  13522.62  14952.42   -884.68   -464.92  99999.00  99999.00       0     555     562      28
43371  01  12   100  99999.00  99999.00  15674.49  17525.25  -1013.60   -561.56  99999.00  99999.00       0     516     530      25
43371  01  12    80  99999.00  99999.00  99999.00  99999.00  99999.00  99999.00  99999.00  99999.00       0       0      35       5
43371  01  12    70  99999.00  99999.00  10788.89  26402.93  -1057.78   -391.06  99999.00  99999.00       0     494     496      26
43371  01  12    60  99999.00  99999.00  99999.00  99999.00  99999.00  99999.00  99999.00  99999.00       0       0      19       1
43371  01  12    50  99999.00  99999.00  19527.45  21814.41   -979.05   -295.77  99999.00  99999.00       0     442     447      22
43371  01  12    40  99999.00  99999.00  99999.00  99999.00  99999.00  99999.00  99999.00  99999.00       0       0      37       3
43371  01  12    30  99999.00  99999.00  22435.31  25286.51   -873.68   -233.48  99999.00  99999.00       0     297     305      18
43371  01  12    20  99999.00  99999.00  24844.50  27996.06   -791.74   -238.66  99999.00  99999.00       0     177     187      17
43371  01  12    15  99999.00  99999.00  99999.00  99999.00  99999.00  99999.00  99999.00  99999.00       0       0      37       8
43371  01  12    10  99999.00  99999.00  99999.00  99999.00  99999.00  99999.00  99999.00  99999.00       0      37      54      16
43371  01  12     7  99999.00  99999.00  99999.00  99999.00  99999.00  99999.00  99999.00  99999.00       0       1      11       8
43371  01  12     5  99999.00  99999.00  99999.00  99999.00  99999.00  99999.00  99999.00  99999.00       0       0       5       3
43371  01  12     3  99999.00  99999.00  99999.00  99999.00  99999.00  99999.00  99999.00  99999.00       0       0       1       1
43371  01  12     2  99999.00  99999.00  99999.00  99999.00  99999.00  99999.00  99999.00  99999.00       0       0       0       0
43371  01  12     1  99999.00  99999.00  99999.00  99999.00  99999.00  99999.00  99999.00  99999.00       0       0       0       0
43371  02  12  9999    992.16   1011.48  99999.00  99999.00    237.47    371.51    -61.22    224.74     533       0     522     521
43371  02  12  1000  99999.00  99999.00     19.27    139.63    233.83    368.35    102.61    339.49       0     542     527     522
43371  02  12   925  99999.00  99999.00    677.45    844.73    130.16    333.80    -41.00    391.96       0     353     363     362
43371  02  12   900  99999.00  99999.00  99999.00  99999.00  99999.00  99999.00  99999.00  99999.00       0       0       9       9
43371  02  12   850  99999.00  99999.00   1389.77   1601.57     78.87    298.71   -175.63    422.33       0     637     637     630
43371  02  12   800  99999.00  99999.00  99999.00  99999.00  99999.00  99999.00  99999.00  99999.00       0       0      12      12
43371  02  12   700  99999.00  99999.00   2989.76   3286.16    -18.67    234.17   -548.47    470.57       0     633     633     450
43371  02  12   600  99999.00  99999.00  99999.00  99999.00    -87.72    165.48   -555.12    346.68       0       0     550     280
43371  02  12   500  99999.00  99999.00   5634.90   6090.42   -170.60     79.12   -628.99    244.97       0     615     620     253
43371  02  12   400  99999.00  99999.00   7292.94   7878.78   -291.94    -10.06   -713.78    123.46       0     611     602     186
43371  02  12   300  99999.00  99999.00   9289.95  10109.55   -472.84   -133.24   -801.63    -57.39       0     606     606     124
43371  02  12   250  99999.00  99999.00  10482.29  11456.45   -588.08   -225.20   -899.60   -151.88       0     588     589      82
43371  02  12   200  99999.00  99999.00  11871.76  13022.20   -730.09   -326.29  99999.00  99999.00       0     577     584      44
43371  02  12   150  99999.00  99999.00  13535.17  14948.77   -897.64   -439.48  99999.00  99999.00       0     557     567       2
43371  02  12   100  99999.00  99999.00  15687.98  17538.98  -1013.37   -563.97  99999.00  99999.00       0     512     524       3
43371  02  12    80  99999.00  99999.00  99999.00  99999.00  99999.00  99999.00  99999.00  99999.00       0       0      38       0
43371  02  12    70  99999.00  99999.00  17605.77  19725.33  -1037.82   -415.74  99999.00  99999.00       0     495     507       2
43371  02  12    60  99999.00  99999.00  99999.00  99999.00  99999.00  99999.00  99999.00  99999.00       0       0      23       0
43371  02  12    50  99999.00  99999.00  19571.04  21781.32   -942.52   -333.64  99999.00  99999.00       0     441     446       2
43371  02  12    40  99999.00  99999.00  99999.00  99999.00  99999.00  99999.00  99999.00  99999.00       0       0      33       2
43371  02  12    30  99999.00  99999.00  22508.17  25232.53   -872.63   -234.23  99999.00  99999.00       0     314     322       2
43371  02  12    20  99999.00  99999.00  24885.85  28039.69   -846.53   -176.57  99999.00  99999.00       0     206     224       0
43371  02  12    15  99999.00  99999.00  99999.00  99999.00  99999.00  99999.00  99999.00  99999.00       0       0      33       1
43371  02  12    10  99999.00  99999.00  99999.00  99999.00  99999.00  99999.00  99999.00  99999.00       0      39      50       2
43371  02  12     7  99999.00  99999.00  99999.00  99999.00  99999.00  99999.00  99999.00  99999.00       0      14      16      12
43371  02  12     5  99999.00  99999.00  99999.00  99999.00  99999.00  99999.00  99999.00  99999.00       0      10      13      10
43371  02  12     3  99999.00  99999.00  99999.00  99999.00  99999.00  99999.00  99999.00  99999.00       0       0       7       4
43371  02  12     2  99999.00  99999.00  99999.00  99999.00  99999.00  99999.00  99999.00  99999.00       0       0       7       2
43371  02  12     1  99999.00  99999.00  99999.00  99999.00  99999.00  99999.00  99999.00  99999.00       0       0       0       0
43371  03  12  9999    990.46   1011.58  99999.00  99999.00    249.52    374.56    -45.38    198.82     522       0     505     505
43371  03  12  1000  99999.00  99999.00     14.27    136.79    233.13    382.05    117.68    347.84       0     500     494     492
43371  03  12   925  99999.00  99999.00    662.54    850.94    134.24    347.24    -26.75    405.85       0     388     391     387
43371  03  12   900  99999.00  99999.00  99999.00  99999.00  99999.00  99999.00  99999.00  99999.00       0       0      13      13
43371  03  12   850  99999.00  99999.00   1394.96   1593.80     74.39    323.99   -122.40    409.08       0     701     700     699
43371  03  12   800  99999.00  99999.00  99999.00  99999.00  99999.00  99999.00  99999.00  99999.00       0       0       6       6
43371  03  12   700  99999.00  99999.00   2998.26   3281.94    -23.07    242.37   -495.32    445.60       0     690     689     570
43371  03  12   600  99999.00  99999.00  99999.00  99999.00    -93.18    171.90   -544.34    331.54       0       0     591     348
43371  03  12   500  99999.00  99999.00   5626.30   6108.34   -182.97     94.71   -650.73    258.87       0     667     667     302
43371  03  12   400  99999.00  99999.00   7282.89   7899.69   -293.32     -7.84   -660.88     81.92       0     655     634     252
43371  03  12   300  99999.00  99999.00   9275.65  10134.13   -482.50   -123.46   -783.01    -76.21       0     643     642     170
43371  03  12   250  99999.00  99999.00  10457.15  11491.79   -603.80   -207.20   -864.85   -181.93       0     633     639     135
43371  03  12   200  99999.00  99999.00  11840.75  13060.07   -741.26   -314.78   -922.23   -367.35       0     620     629      86
43371  03  12   150  99999.00  99999.00  13499.66  14996.06   -889.37   -445.85  99999.00  99999.00       0     595     603       3
43371  03  12   100  99999.00  99999.00  15689.12  17550.80  -1022.41   -557.29  99999.00  99999.00       0     547     553       2
43371  03  12    80  99999.00  99999.00  99999.00  99999.00  99999.00  99999.00  99999.00  99999.00       0       0      37       0
43371  03  12    70  99999.00  99999.00  17596.23  19781.19  -1018.59   -419.31  99999.00  99999.00       0     511     515       0
43371  03  12    60  99999.00  99999.00  99999.00  99999.00  99999.00  99999.00  99999.00  99999.00       0       0      28       0
43371  03  12    50  99999.00  99999.00  19599.77  21815.81   -941.51   -310.91  99999.00  99999.00       0     438     443       0
43371  03  12    40  99999.00  99999.00  99999.00  99999.00  99999.00  99999.00  99999.00  99999.00       0       0      24       0
43371  03  12    30  99999.00  99999.00  22632.49  25202.53   -859.34   -219.62  99999.00  99999.00       0     307     316       0
43371  03  12    20  99999.00  99999.00  25051.54  27971.38   -814.76   -180.80  99999.00  99999.00       0     178     184       0
43371  03  12    15  99999.00  99999.00  99999.00  99999.00  99999.00  99999.00  99999.00  99999.00       0       0      26       0
43371  03  12    10  99999.00  99999.00  99999.00  99999.00  99999.00  99999.00  99999.00  99999.00       0      22      40       0
43371  03  12     7  99999.00  99999.00  99999.00  99999.00  99999.00  99999.00  99999.00  99999.00       0       0       1       0
43371  03  12     5  99999.00  99999.00  99999.00  99999.00  99999.00  99999.00  99999.00  99999.00       0       0       2       0
43371  03  12     3  99999.00  99999.00  99999.00  99999.00  99999.00  99999.00  99999.00  99999.00       0       0       0       0
43371  03  12     2  99999.00  99999.00  99999.00  99999.00  99999.00  99999.00  99999.00  99999.00       0       0       0       0
43371  03  12     1  99999.00  99999.00  99999.00  99999.00  99999.00  99999.00  99999.00  99999.00       0       0       0       0
43371  04  12  9999    989.13   1010.61  99999.00  99999.00    207.95    409.79   -108.61    228.95     460       0     436     433
43371  04  12  1000  99999.00  99999.00     24.32    116.36    180.51    423.87    176.40    317.40       0     370     349     333
43371  04  12   925  99999.00  99999.00    667.13    836.09  -2592.19   3034.85     31.94    381.74       0     379     380     379
43371  04  12   900  99999.00  99999.00  99999.00  99999.00  99999.00  99999.00  99999.00  99999.00       0       0      22      22
43371  04  12   850  99999.00  99999.00   1395.76   1581.76     81.27    329.55    -50.23    378.05       0     683     681     679
43371  04  12   800  99999.00  99999.00  99999.00  99999.00  99999.00  99999.00  99999.00  99999.00       0       0       6       6
43371  04  12   700  99999.00  99999.00   2991.80   3286.64    -16.48    240.92   -344.79    381.81       0     677     671     645
43371  04  12   600  99999.00  99999.00  99999.00  99999.00    -95.84    176.56   -462.52    327.68       0       0     589     503
43371  04  12   500  99999.00  99999.00   5610.75   6127.71   -177.68     97.72   -561.14    243.34       0     659     663     468
43371  04  12   400  99999.00  99999.00   3662.60  11477.84  -2260.64   1943.56   -668.50    146.06       0     645     626     360
43371  04  12   300  99999.00  99999.00   5222.17  14154.49  -2649.29   2030.35   -737.35    -57.07       0     631     623     262
43371  04  12   250  99999.00  99999.00   6094.12  15827.56   -599.53   -194.65   -824.78   -159.74       0     608     610     194
43371  04  12   200  99999.00  99999.00  11824.36  13125.16   -745.72   -296.08   -947.79   -278.67       0     587     603     111
43371  04  12   150  99999.00  99999.00  13470.18  15073.38   -902.96   -428.24  99999.00  99999.00       0     571     586       2
43371  04  12   100  99999.00  99999.00  15599.37  17677.41  -1045.37   -549.29  99999.00  99999.00       0     530     543       2
43371  04  12    80  99999.00  99999.00  99999.00  99999.00  99999.00  99999.00  99999.00  99999.00       0       0      27       0
43371  04  12    70  99999.00  99999.00  17521.29  19882.53  -1050.70   -396.46  99999.00  99999.00       0     509     512       3
43371  04  12    60  99999.00  99999.00  99999.00  99999.00  99999.00  99999.00  99999.00  99999.00       0       0      26       0
43371  04  12    50  99999.00  99999.00  11774.00  29536.64  -3014.84   1721.80  99999.00  99999.00       0     440     446       1
43371  04  12    40  99999.00  99999.00  99999.00  99999.00  99999.00  99999.00  99999.00  99999.00       0       0      30       0
43371  04  12    30  99999.00  99999.00  22419.23  25457.15   -878.69   -192.77  99999.00  99999.00       0     298     311       0
43371  04  12    20  99999.00  99999.00  24840.16  28198.72   -808.00   -172.96  99999.00  99999.00       0     169     178       0
43371  04  12    15  99999.00  99999.00  99999.00  99999.00  99999.00  99999.00  99999.00  99999.00       0       0      24       1
43371  04  12    10  99999.00  99999.00  99999.00  99999.00  99999.00  99999.00  99999.00  99999.00       0      28      44       0
43371  04  12     7  99999.00  99999.00  99999.00  99999.00  99999.00  99999.00  99999.00  99999.00       0       0       6       0
43371  04  12     5  99999.00  99999.00  99999.00  99999.00  99999.00  99999.00  99999.00  99999.00       0       0       5       0
43371  04  12     3  99999.00  99999.00  99999.00  99999.00  99999.00  99999.00  99999.00  99999.00       0       0       0       0
43371  04  12     2  99999.00  99999.00  99999.00  99999.00  99999.00  99999.00  99999.00  99999.00       0       0       0       0
43371  04  12     1  99999.00  99999.00  99999.00  99999.00  99999.00  99999.00  99999.00  99999.00       0       0       0       0
43371  05  12  9999    988.85   1009.61  99999.00  99999.00    175.66    430.54    -75.25    181.07     505       0     498     496
43371  05  12  1000  99999.00  99999.00     29.81    107.57    166.84    432.88    145.81    345.85       0     301     300     287
43371  05  12   925  99999.00  99999.00    660.47    831.23    125.54    357.98      0.92    401.00       0     418     419     419
43371  05  12   900  99999.00  99999.00  99999.00  99999.00  99999.00  99999.00  99999.00  99999.00       0       0      19      19
43371  05  12   850  99999.00  99999.00   1380.38   1583.18     81.60    324.00   -109.98    418.86       0     712     713     705
43371  05  12   800  99999.00  99999.00  99999.00  99999.00  99999.00  99999.00  99999.00  99999.00       0       0      12      12
43371  05  12   700  99999.00  99999.00   2978.39   3286.67    -11.73    242.31   -275.18    334.18       0     702     699     674
43371  05  12   600  99999.00  99999.00  99999.00  99999.00    -87.53    166.99   -434.93    318.79       0       0     582     538
43371  05  12   500  99999.00  99999.00   5628.90   6097.62   -165.77     85.63   -557.25    272.55       0     679     686     555
43371  05  12   400  99999.00  99999.00   7299.18   7887.30   -264.22    -17.98   -612.91    130.61       0     658     638     444
43371  05  12   300  99999.00  99999.00   9335.26  10100.02   -451.17   -124.41   -721.37    -47.57       0     648     647     340
43371  05  12   250  99999.00  99999.00  10541.80  11446.12   -571.95   -209.07   -782.15   -182.75       0     635     638     257
43371  05  12   200  99999.00  99999.00  11941.88  13022.48   -721.23   -309.87   -925.67   -297.11       0     619     626     148
43371  05  12   150  99999.00  99999.00  13605.07  14957.47   -891.51   -440.55  99999.00  99999.00       0     602     614      22
43371  05  12   100  99999.00  99999.00  15703.17  17589.69  -1037.63   -550.31  99999.00  99999.00       0     555     565      19
43371  05  12    80  99999.00  99999.00  99999.00  99999.00  99999.00  99999.00  99999.00  99999.00       0       0      40       3
43371  05  12    70  99999.00  99999.00  17630.44  19782.76  -1062.12   -377.52  99999.00  99999.00       0     515     525      17
43371  05  12    60  99999.00  99999.00  99999.00  99999.00  99999.00  99999.00  99999.00  99999.00       0       0      36       3
43371  05  12    50  99999.00  99999.00  19595.55  21843.39   -955.45   -294.49  99999.00  99999.00       0     451     462      15
43371  05  12    40  99999.00  99999.00  99999.00  99999.00  99999.00  99999.00  99999.00  99999.00       0       0      39       2
43371  05  12    30  99999.00  99999.00  22597.83  25244.55   -863.59   -211.03  99999.00  99999.00       0     320     327      13
43371  05  12    20  99999.00  99999.00  25159.76  27922.76   -781.31   -194.87  99999.00  99999.00       0     203     216      12
43371  05  12    15  99999.00  99999.00  99999.00  99999.00  99999.00  99999.00  99999.00  99999.00       0       0      28       3
43371  05  12    10  99999.00  99999.00  99999.00  99999.00   -656.86   -180.34  99999.00  99999.00       0      52      65       8
43371  05  12     7  99999.00  99999.00  99999.00  99999.00  99999.00  99999.00  99999.00  99999.00       0       0      16       2
43371  05  12     5  99999.00  99999.00  99999.00  99999.00  99999.00  99999.00  99999.00  99999.00       0       0      11       0
43371  05  12     3  99999.00  99999.00  99999.00  99999.00  99999.00  99999.00  99999.00  99999.00       0       0       0       0
43371  05  12     2  99999.00  99999.00  99999.00  99999.00  99999.00  99999.00  99999.00  99999.00       0       0       0       0
43371  05  12     1  99999.00  99999.00  99999.00  99999.00  99999.00  99999.00  99999.00  99999.00       0       0       0       0
43371  06  12  9999    988.96   1011.64  99999.00  99999.00    165.08    406.76    -80.85    163.47     468       0     467     466
43371  06  12  1000  99999.00  99999.00     21.40    122.56    160.42    404.50     96.57    385.77       0     417     414     404
43371  06  12   925  99999.00  99999.00    657.75    836.31    120.33    335.61     38.13    354.81       0     413     421     421
43371  06  12   900  99999.00  99999.00  99999.00  99999.00  99999.00  99999.00  99999.00  99999.00       0       0       9       9
43371  06  12   850  99999.00  99999.00   1379.39   1582.19     70.23    303.99    -76.98    366.30       0     718     706     705
43371  06  12   800  99999.00  99999.00  99999.00  99999.00  99999.00  99999.00  99999.00  99999.00       0       0      11      11
43371  06  12   700  99999.00  99999.00   2975.17   3272.41    -20.88    233.04   -333.77    381.67       0     709     712     692
43371  06  12   600  99999.00  99999.00  99999.00  99999.00    -89.32    168.08   -458.04    339.84       0       0     586     555
43371  06  12   500  99999.00  99999.00   5613.07   6096.43   -170.73     89.91   -542.01    275.91       0     687     684     616
43371  06  12   400  99999.00  99999.00   7278.26   7889.18   -276.22     -9.22   -609.82    136.58       0     674     665     541
43371  06  12   300  99999.00  99999.00   9301.52  10113.92   -450.17   -127.97   -747.80    -26.12       0     663     660     414
43371  06  12   250  99999.00  99999.00  10507.30  11460.94   -575.14   -205.90   -838.05   -143.37       0     641     640     313
43371  06  12   200  99999.00  99999.00  11883.19  13061.59   -718.04   -310.04   -945.92   -280.52       0     626     624     156
43371  06  12   150  99999.00  99999.00  13549.53  15003.69   -889.07   -435.11  99999.00  99999.00       0     608     608      29
43371  06  12   100  99999.00  99999.00  15695.69  17604.77  -1060.74   -500.10  99999.00  99999.00       0     549     570      29
43371  06  12    80  99999.00  99999.00  99999.00  99999.00  99999.00  99999.00  99999.00  99999.00       0       0      37       3
43371  06  12    70  99999.00  99999.00  17619.03  19826.31  -1029.71   -374.99  99999.00  99999.00       0     528     536      26
43371  06  12    60  99999.00  99999.00  99999.00  99999.00  99999.00  99999.00  99999.00  99999.00       0       0      27       3
43371  06  12    50  99999.00  99999.00  19559.11  21949.63   -953.60   -295.88  99999.00  99999.00       0     458     471      27
43371  06  12    40  99999.00  99999.00  99999.00  99999.00  99999.00  99999.00  99999.00  99999.00       0       0      32       5
43371  06  12    30  99999.00  99999.00  22524.80  25401.32   -873.23   -200.51  99999.00  99999.00       0     320     337      20
43371  06  12    20  99999.00  99999.00  25036.98  28096.38   -765.81   -216.57  99999.00  99999.00       0     193     203      14
43371  06  12    15  99999.00  99999.00  99999.00  99999.00  99999.00  99999.00  99999.00  99999.00       0       0      18       1
43371  06  12    10  99999.00  99999.00  99999.00  99999.00   -717.91   -130.15  99999.00  99999.00       0      56      68      10
43371  06  12     7  99999.00  99999.00  99999.00  99999.00  99999.00  99999.00  99999.00  99999.00       0       0      11       4
43371  06  12     5  99999.00  99999.00  99999.00  99999.00  99999.00  99999.00  99999.00  99999.00       0       0      30       1
43371  06  12     3  99999.00  99999.00  99999.00  99999.00  99999.00  99999.00  99999.00  99999.00       0       0       1       0
43371  06  12     2  99999.00  99999.00  99999.00  99999.00  99999.00  99999.00  99999.00  99999.00       0       0       0       0
43371  06  12     1  99999.00  99999.00  99999.00  99999.00  99999.00  99999.00  99999.00  99999.00       0       0       0       0
43371  07  12  9999    991.51   1010.11  99999.00  99999.00    175.96    388.48    -65.66    152.74     520       0     517     516
43371  07  12  1000  99999.00  99999.00     23.35    121.03    171.56    386.24    161.22    312.30       0     548     541     529
43371  07  12   925  99999.00  99999.00    674.45    827.69    120.71    328.31     35.81    349.97       0     468     470     467
43371  07  12   900  99999.00  99999.00  99999.00  99999.00  99999.00  99999.00  99999.00  99999.00       0       0      15      15
43371  07  12   850  99999.00  99999.00   1390.90   1575.34     77.80    287.56    -64.81    346.79       0     769     760     753
43371  07  12   800  99999.00  99999.00  99999.00  99999.00  99999.00  99999.00  99999.00  99999.00       0       0      24      24
43371  07  12   700  99999.00  99999.00   2987.00   3261.80    -12.01    220.19   -335.13    377.19       0     754     748     731
43371  07  12   600  99999.00  99999.00  99999.00  99999.00    -87.26    160.42   -390.53    295.63       0       0     649     618
43371  07  12   500  99999.00  99999.00   5624.20   6081.04   -164.63     77.05   -457.04    201.04       0     741     741     662
43371  07  12   400  99999.00  99999.00   7288.95   7864.35   -278.76    -18.00   -579.40     93.56       0     720     713     596
43371  07  12   300  99999.00  99999.00   9312.90  10074.06   -458.91   -136.83   -674.17   -114.49       0     696     693     465
43371  07  12   250  99999.00  99999.00  10515.16  11417.44   -581.94   -220.02   -787.42   -195.34       0     681     683     325
43371  07  12   200  99999.00  99999.00  11894.57  13003.37   -724.99   -320.59   -967.31   -256.07       0     683     687     170
43371  07  12   150  99999.00  99999.00  13546.32  14943.96   -904.77   -436.41  99999.00  99999.00       0     663     666      46
43371  07  12   100  99999.00  99999.00  15753.70  17496.94  -1016.95   -492.19  99999.00  99999.00       0     602     626      44
43371  07  12    80  99999.00  99999.00  99999.00  99999.00  99999.00  99999.00  99999.00  99999.00       0       0      28       5
43371  07  12    70  99999.00  99999.00  17775.17  19699.61   -942.85   -397.45  99999.00  99999.00       0     574     579      41
43371  07  12    60  99999.00  99999.00  99999.00  99999.00  99999.00  99999.00  99999.00  99999.00       0       0      25       3
43371  07  12    50  99999.00  99999.00  19763.03  21808.43   -896.28   -318.24  99999.00  99999.00       0     503     505      37
43371  07  12    40  99999.00  99999.00  99999.00  99999.00  99999.00  99999.00  99999.00  99999.00       0       0      27       4
43371  07  12    30  99999.00  99999.00  22741.84  25284.76   -855.26   -214.82  99999.00  99999.00       0     351     359      35
43371  07  12    20  99999.00  99999.00  25180.10  28040.42   -796.42   -189.70  99999.00  99999.00       0     215     234      26
43371  07  12    15  99999.00  99999.00  99999.00  99999.00  99999.00  99999.00  99999.00  99999.00       0       0      27       5
43371  07  12    10  99999.00  99999.00  99999.00  99999.00   -702.90   -154.74  99999.00  99999.00       0      56      77      16
43371  07  12     7  99999.00  99999.00  99999.00  99999.00  99999.00  99999.00  99999.00  99999.00       0       0      11       5
43371  07  12     5  99999.00  99999.00  99999.00  99999.00  99999.00  99999.00  99999.00  99999.00       0       0      17       3
43371  07  12     3  99999.00  99999.00  99999.00  99999.00  99999.00  99999.00  99999.00  99999.00       0       0       0       0
43371  07  12     2  99999.00  99999.00  99999.00  99999.00  99999.00  99999.00  99999.00  99999.00       0       0       0       0
43371  07  12     1  99999.00  99999.00  99999.00  99999.00  99999.00  99999.00  99999.00  99999.00       0       0       0       0
43371  08  12  9999    992.69   1009.73  99999.00  99999.00    187.52    378.44    -63.04    155.48     501       0     497     497
43371  08  12  1000  99999.00  99999.00     19.95    126.39    188.25    373.29    159.54    309.66       0     565     559     549
43371  08  12   925  99999.00  99999.00    670.10    839.78    126.69    325.53     31.06    345.94       0     408     412     409
43371  08  12   900  99999.00  99999.00  99999.00  99999.00  99999.00  99999.00  99999.00  99999.00       0       0       9       9
43371  08  12   850  99999.00  99999.00   1393.30   1578.58     82.13    287.93    -84.09    362.43       0     720     718     714
43371  08  12   800  99999.00  99999.00  99999.00  99999.00  99999.00  99999.00  99999.00  99999.00       0       0      19      19
43371  08  12   700  99999.00  99999.00   2990.67   3265.47     -6.63    217.65   -315.11    359.77       0     706     701     680
43371  08  12   600  99999.00  99999.00  99999.00  99999.00    -77.14    153.62   -406.47    294.45       0       0     604     570
43371  08  12   500  99999.00  99999.00   5639.52   6074.52   -166.60     80.60   -486.69    215.55       0     691     695     611
43371  08  12   400  99999.00  99999.00   7301.31   7867.59   -274.83    -16.23   -556.75     72.77       0     674     656     518
43371  08  12   300  99999.00  99999.00   9318.85  10087.33   -458.81   -133.49   -711.43    -77.47       0     647     650     376
43371  08  12   250  99999.00  99999.00  10525.71  11428.11   -572.41   -223.81   -747.47   -214.91       0     634     635     244
43371  08  12   200  99999.00  99999.00  11919.96  12998.16   -716.16   -322.68   -922.23   -289.47       0     628     631     142
43371  08  12   150  99999.00  99999.00  13578.30  14938.02   -878.02   -454.30  99999.00  99999.00       0     608     613      56
43371  08  12   100  99999.00  99999.00  15797.59  17474.35  -1012.40   -496.88  99999.00  99999.00       0     558     574      49
43371  08  12    80  99999.00  99999.00  99999.00  99999.00  99999.00  99999.00  99999.00  99999.00       0       0      34       3
43371  08  12    70  99999.00  99999.00  17796.75  19709.67   -933.70   -403.30  99999.00  99999.00       0     529     531      43
43371  08  12    60  99999.00  99999.00  99999.00  99999.00  99999.00  99999.00  99999.00  99999.00       0       0      22       3
43371  08  12    50  99999.00  99999.00  19724.45  21887.69   -913.34   -303.38  99999.00  99999.00       0     473     472      42
43371  08  12    40  99999.00  99999.00  99999.00  99999.00  99999.00  99999.00  99999.00  99999.00       0       0      33       7
43371  08  12    30  99999.00  99999.00  22800.16  25215.40   -870.67   -208.15  99999.00  99999.00       0     299     310      38
43371  08  12    20  99999.00  99999.00  25215.39  27949.95   -790.52   -217.40  99999.00  99999.00       0     183     192      28
43371  08  12    15  99999.00  99999.00  99999.00  99999.00  99999.00  99999.00  99999.00  99999.00       0       0      28       6
43371  08  12    10  99999.00  99999.00  99999.00  99999.00   -781.96   -121.36  99999.00  99999.00       0      51      70      20
43371  08  12     7  99999.00  99999.00  99999.00  99999.00  99999.00  99999.00  99999.00  99999.00       0       0      11       5
43371  08  12     5  99999.00  99999.00  99999.00  99999.00  99999.00  99999.00  99999.00  99999.00       0       0       9       1
43371  08  12     3  99999.00  99999.00  99999.00  99999.00  99999.00  99999.00  99999.00  99999.00       0       0       0       0
43371  08  12     2  99999.00  99999.00  99999.00  99999.00  99999.00  99999.00  99999.00  99999.00       0       0       0       0
43371  08  12     1  99999.00  99999.00  99999.00  99999.00  99999.00  99999.00  99999.00  99999.00       0       0       0       0
43371  09  12  9999    991.39   1010.59  99999.00  99999.00    190.80    380.16   -103.20    199.44     475       0     473     472
43371  09  12  1000  99999.00  99999.00     21.93    123.93    191.34    374.82    167.84    303.44       0     487     475     466
43371  09  12   925  99999.00  99999.00    673.19    833.99    121.68    335.28      8.45    356.45       0     386     391     387
43371  09  12   900  99999.00  99999.00  99999.00  99999.00  99999.00  99999.00  99999.00  99999.00       0       0       6       6
43371  09  12   850  99999.00  99999.00  -1169.18   4107.34  -2173.68   2520.00   -108.83    374.77       0     683     680     677
43371  09  12   800  99999.00  99999.00  99999.00  99999.00  99999.00  99999.00  99999.00  99999.00       0       0      11      11
43371  09  12   700  99999.00  99999.00   2995.11   3260.91    -10.26    219.66   -349.87    389.81       0     667     666     650
43371  09  12   600  99999.00  99999.00  99999.00  99999.00    -87.72    162.12   -443.93    324.67       0       0     571     530
43371  09  12   500  99999.00  99999.00   5636.13   6077.25   -171.73     83.87   -469.03    195.65       0     658     652     580
43371  09  12   400  99999.00  99999.00   7294.28   7870.88   -283.10     -6.74   -550.30     57.50       0     643     636     500
43371  09  12   300  99999.00  99999.00   9314.80  10087.84   -457.26   -136.50   -651.75   -143.67       0     631     628     345
43371  09  12   250  99999.00  99999.00  10512.91  11436.55   -582.11   -219.59   -761.83   -221.47       0     619     620     222
43371  09  12   200  99999.00  99999.00  11893.38  13016.46   -739.73   -312.05   -888.21   -343.77       0     604     608     109
43371  09  12   150  99999.00  99999.00  13526.74  14977.30   -903.65   -442.37  99999.00  99999.00       0     583     581      33
43371  09  12   100  99999.00  99999.00  15775.49  17482.49  -1014.80   -490.76  99999.00  99999.00       0     507     527      36
43371  09  12    80  99999.00  99999.00  99999.00  99999.00  99999.00  99999.00  99999.00  99999.00       0       0      29       6
43371  09  12    70  99999.00  99999.00  10869.91  26503.75   -964.54   -385.66  99999.00  99999.00       0     495     502      30
43371  09  12    60  99999.00  99999.00  99999.00  99999.00  99999.00  99999.00  99999.00  99999.00       0       0      19       2
43371  09  12    50  99999.00  99999.00  19663.54  21922.90   -922.15   -307.03  99999.00  99999.00       0     432     441      29
43371  09  12    40  99999.00  99999.00  99999.00  99999.00  99999.00  99999.00  99999.00  99999.00       0       0      25       2
43371  09  12    30  99999.00  99999.00  11571.51  36180.75   -876.64   -210.40  99999.00  99999.00       0     279     289      24
43371  09  12    20  99999.00  99999.00   9308.24  43421.72   -824.41   -180.01  99999.00  99999.00       0     167     177      18
43371  09  12    15  99999.00  99999.00  99999.00  99999.00  99999.00  99999.00  99999.00  99999.00       0       0      23       6
43371  09  12    10  99999.00  99999.00  99999.00  99999.00   -735.05   -175.01  99999.00  99999.00       0      51      65      15
43371  09  12     7  99999.00  99999.00  99999.00  99999.00  99999.00  99999.00  99999.00  99999.00       0       0      14       9
43371  09  12     5  99999.00  99999.00  99999.00  99999.00  99999.00  99999.00  99999.00  99999.00       0       0      10       1
43371  09  12     3  99999.00  99999.00  99999.00  99999.00  99999.00  99999.00  99999.00  99999.00       0       1       2       0
43371  09  12     2  99999.00  99999.00  99999.00  99999.00  99999.00  99999.00  99999.00  99999.00       0       0       1       0
43371  09  12     1  99999.00  99999.00  99999.00  99999.00  99999.00  99999.00  99999.00  99999.00       0       0       2       0
43371  10  12  9999    992.13   1010.61  99999.00  99999.00    177.60    386.52    -91.20    175.68     573       0     573     572
43371  10  12  1000  99999.00  99999.00     16.13    133.01    178.03    380.83    152.50    321.82       0     601     601     595
43371  10  12   925  99999.00  99999.00    672.80    835.16    131.04    321.60     -3.05    370.87       0     486     493     490
43371  10  12   900  99999.00  99999.00  99999.00  99999.00  99999.00  99999.00  99999.00  99999.00       0       0      13      13
43371  10  12   850  99999.00  99999.00   1393.20   1579.92     77.34    295.62   -110.45    389.35       0     789     787     782
43371  10  12   800  99999.00  99999.00  99999.00  99999.00  99999.00  99999.00  99999.00  99999.00       0       0      16      16
43371  10  12   700  99999.00  99999.00   2987.19   3267.51  -1836.49   2016.23   -347.70    393.18       0     789     787     767
43371  10  12   600  99999.00  99999.00  99999.00  99999.00    -87.93    156.15   -402.91    303.41       0       0     669     635
43371  10  12   500  99999.00  99999.00   5624.89   6082.45   -169.80     82.80   -515.69    245.83       0     763     768     705
43371  10  12   400  99999.00  99999.00   7287.98   7873.34   -276.00    -14.04   -581.65     97.91       0     746     734     603
43371  10  12   300  99999.00  99999.00   9304.95  10097.07   -460.29   -134.73   -712.73    -78.77       0     729     721     466
43371  10  12   250  99999.00  99999.00  10496.97  11445.81   -588.92   -218.96   -817.23   -184.59       0     710     706     345
43371  10  12   200  99999.00  99999.00  11889.12  13011.12   -739.40   -319.76   -980.53   -271.09       0     692     697     189
43371  10  12   150  99999.00  99999.00  13541.00  14941.64   -909.62   -446.90  99999.00  99999.00       0     651     657      39
43371  10  12   100  99999.00  99999.00  15747.54  17468.22  -1027.63   -524.95  99999.00  99999.00       0     562     576      36
43371  10  12    80  99999.00  99999.00  99999.00  99999.00  99999.00  99999.00  99999.00  99999.00       0       0      27       3
43371  10  12    70  99999.00  99999.00  17688.74  19702.22  -1014.05   -380.69  99999.00  99999.00       0     534     541      32
43371  10  12    60  99999.00  99999.00  99999.00  99999.00  99999.00  99999.00  99999.00  99999.00       0       0      32       5
43371  10  12    50  99999.00  99999.00  19600.96  21852.04   -956.63   -294.83  99999.00  99999.00       0     463     471      28
43371  10  12    40  99999.00  99999.00  99999.00  99999.00  99999.00  99999.00  99999.00  99999.00       0       0      34       1
43371  10  12    30  99999.00  99999.00  22587.61  25250.89   -890.17   -213.49  99999.00  99999.00       0     298     310      18
43371  10  12    20  99999.00  99999.00  24934.65  28046.49   -842.15   -175.07  99999.00  99999.00       0     175     188      14
43371  10  12    15  99999.00  99999.00  99999.00  99999.00  99999.00  99999.00  99999.00  99999.00       0       0      27       6
43371  10  12    10  99999.00  99999.00  99999.00  99999.00  -7883.52   6694.56  99999.00  99999.00       0      50      62       9
43371  10  12     7  99999.00  99999.00  99999.00  99999.00  99999.00  99999.00  99999.00  99999.00       0       0      17       9
43371  10  12     5  99999.00  99999.00  99999.00  99999.00  99999.00  99999.00  99999.00  99999.00       0       0       9       1
43371  10  12     3  99999.00  99999.00  99999.00  99999.00  99999.00  99999.00  99999.00  99999.00       0       0       0       0
43371  10  12     2  99999.00  99999.00  99999.00  99999.00  99999.00  99999.00  99999.00  99999.00       0       0       0       0
43371  10  12     1  99999.00  99999.00  99999.00  99999.00  99999.00  99999.00  99999.00  99999.00       0       0       0       0
43371  11  12  9999    992.55   1010.55  99999.00  99999.00    178.43    393.23    -87.94    183.26     609       0     609     608
43371  11  12  1000  99999.00  99999.00     19.60    133.12    175.75    388.63    129.04    341.56       0     622     624     616
43371  11  12   925  99999.00  99999.00    664.24    843.52    122.21    331.97     -6.58    378.62       0     506     511     508
43371  11  12   900  99999.00  99999.00  99999.00  99999.00  99999.00  99999.00  99999.00  99999.00       0       0      12      12
43371  11  12   850  99999.00  99999.00   1384.22   1593.02     74.45    295.61   -122.24    395.92       0     787     782     776
43371  11  12   800  99999.00  99999.00  99999.00  99999.00  99999.00  99999.00  99999.00  99999.00       0       0      18      18
43371  11  12   700  99999.00  99999.00   2975.63   3281.75    -24.51    224.37   -391.29    432.75       0     780     773     720
43371  11  12   600  99999.00  99999.00  99999.00  99999.00    -88.05    151.71   -472.53    372.51       0       0     663     595
43371  11  12   500  99999.00  99999.00   5606.66   6097.46   -173.53     80.27   -530.23    259.85       0     749     753     615
43371  11  12   400  99999.00  99999.00   7257.79   7892.11   -285.41    -12.53   -604.10    126.10       0     731     720     531
43371  11  12   300  99999.00  99999.00   9273.92  10106.84   -463.60   -139.24   -732.07    -54.19       0     719     716     438
43371  11  12   250  99999.00  99999.00  10469.03  11449.07   -585.94   -230.14   -826.62   -176.70       0     703     703     332
43371  11  12   200  99999.00  99999.00  11842.99  13026.43   -737.49   -330.81   -978.49   -292.09       0     690     696     189
43371  11  12   150  99999.00  99999.00  13488.63  14966.07   -906.88   -455.08  99999.00  99999.00       0     657     666      35
43371  11  12   100  99999.00  99999.00  15675.13  17503.57  -1046.07   -540.75  99999.00  99999.00       0     570     585      30
43371  11  12    80  99999.00  99999.00  99999.00  99999.00  99999.00  99999.00  99999.00  99999.00       0       0      41       3
43371  11  12    70  99999.00  99999.00  10795.11  26415.15  -1039.64   -385.88  99999.00  99999.00       0     493     499      26
43371  11  12    60  99999.00  99999.00  99999.00  99999.00  99999.00  99999.00  99999.00  99999.00       0       0      27       0
43371  11  12    50  99999.00  99999.00  19577.42  21793.58   -949.70   -316.58  99999.00  99999.00       0     429     436      25
43371  11  12    40  99999.00  99999.00  99999.00  99999.00  99999.00  99999.00  99999.00  99999.00       0       0      32       6
43371  11  12    30  99999.00  99999.00  22483.63  25267.75   -897.23   -218.15  99999.00  99999.00       0     311     323      22
43371  11  12    20  99999.00  99999.00  24887.13  27992.97  -4568.06   3445.06  99999.00  99999.00       0     194     203      18
43371  11  12    15  99999.00  99999.00  99999.00  99999.00  99999.00  99999.00  99999.00  99999.00       0       0      30       3
43371  11  12    10  99999.00  99999.00  99999.00  99999.00  99999.00  99999.00  99999.00  99999.00       0      35      49       6
43371  11  12     7  99999.00  99999.00  99999.00  99999.00  99999.00  99999.00  99999.00  99999.00       0       0       8       3
43371  11  12     5  99999.00  99999.00  99999.00  99999.00  99999.00  99999.00  99999.00  99999.00       0       0       6       0
43371  11  12     3  99999.00  99999.00  99999.00  99999.00  99999.00  99999.00  99999.00  99999.00       0       0       1       0
43371  11  12     2  99999.00  99999.00  99999.00  99999.00  99999.00  99999.00  99999.00  99999.00       0       0       0       0
43371  11  12     1  99999.00  99999.00  99999.00  99999.00  99999.00  99999.00  99999.00  99999.00       0       0       0       0
43371  12  12  9999    993.48   1010.88  99999.00  99999.00    217.31    373.91    -74.57    207.91     562       0     562     559
43371  12  12  1000  99999.00  99999.00     15.56    145.64    214.44    369.36    111.94    338.86       0     589     583     580
43371  12  12   925  99999.00  99999.00  -2469.22   3943.46  -2839.96   3246.44    -53.31    401.85       0     406     407     406
43371  12  12   900  99999.00  99999.00  99999.00  99999.00  99999.00  99999.00  99999.00  99999.00       0       0       8       8
43371  12  12   850  99999.00  99999.00   1389.44   1602.44     59.19    308.31   -181.34    432.70       0     664     661     651
43371  12  12   800  99999.00  99999.00  99999.00  99999.00  99999.00  99999.00  99999.00  99999.00       0       0       8       8
43371  12  12   700  99999.00  99999.00   2980.55   3291.59    -20.13    228.75   -464.18    470.98       0     655     652     564
43371  12  12   600  99999.00  99999.00  99999.00  99999.00    -96.52    166.04   -517.07    372.73       0       0     559     439
43371  12  12   500  99999.00  99999.00   5613.40   6110.68   -179.76     90.00   -603.69    289.59       0     642     641     429
43371  12  12   400  99999.00  99999.00   7262.91   7910.43   -293.58     -6.06   -637.42    113.90       0     625     615     353
43371  12  12   300  99999.00  99999.00   9285.39  10117.35   -474.07   -129.91   -722.42    -85.70       0     605     605     261
43371  12  12   250  99999.00  99999.00  10461.71  11481.59   -592.08   -221.52   -838.44   -186.96       0     605     607     206
43371  12  12   200  99999.00  99999.00  11857.99  13036.75   -728.55   -333.87   -939.89   -327.29       0     576     579     112
43371  12  12   150  99999.00  99999.00  13508.14  14975.26   -883.90   -463.66  99999.00  99999.00       0     556     560      33
43371  12  12   100  99999.00  99999.00  15647.48  17574.92  -1032.25   -553.93  99999.00  99999.00       0     500     507      34
43371  12  12    80  99999.00  99999.00  99999.00  99999.00  99999.00  99999.00  99999.00  99999.00       0       0      33       4
43371  12  12    70  99999.00  99999.00  17585.72  19756.52  -1064.76   -384.60  99999.00  99999.00       0     474     482      29
43371  12  12    60  99999.00  99999.00  99999.00  99999.00  99999.00  99999.00  99999.00  99999.00       0       0      27       3
43371  12  12    50  99999.00  99999.00  19439.47  21938.83  -1004.70   -271.14  99999.00  99999.00       0     411     416      25
43371  12  12    40  99999.00  99999.00  99999.00  99999.00  99999.00  99999.00  99999.00  99999.00       0       0      34       4
43371  12  12    30  99999.00  99999.00  22325.56  25432.12   -935.32   -168.88  99999.00  99999.00       0     293     298      19
43371  12  12    20  99999.00  99999.00  24715.43  28165.67   -870.02   -156.38  99999.00  99999.00       0     183     191      16
43371  12  12    15  99999.00  99999.00  99999.00  99999.00  99999.00  99999.00  99999.00  99999.00       0       0      30       3
43371  12  12    10  99999.00  99999.00  99999.00  99999.00  99999.00  99999.00  99999.00  99999.00       0      42      59       5
43371  12  12     7  99999.00  99999.00  99999.00  99999.00  99999.00  99999.00  99999.00  99999.00       0       0       8       3
43371  12  12     5  99999.00  99999.00  99999.00  99999.00  99999.00  99999.00  99999.00  99999.00       0       0       9       1
43371  12  12     3  99999.00  99999.00  99999.00  99999.00  99999.00  99999.00  99999.00  99999.00       0       0       0       0
43371  12  12     2  99999.00  99999.00  99999.00  99999.00  99999.00  99999.00  99999.00  99999.00       0       0       0       0
43371  12  12     1  99999.00  99999.00  99999.00  99999.00  99999.00  99999.00  99999.00  99999.00       0       0       0       0
