61641  01  12  9999   1000.67   1022.87  99999.00  99999.00     81.73    362.17   -285.71    513.01     962       0     951     949
61641  01  12  1000  99999.00  99999.00     39.32    218.96     52.62    357.78   -317.87    464.17       0     989     987     982
61641  01  12   925  99999.00  99999.00    715.78    888.94     28.36    405.64   -465.53    349.15       0     607     607     600
61641  01  12   900  99999.00  99999.00  99999.00  99999.00  99999.00  99999.00  99999.00  99999.00       0       0       6       5
61641  01  12   850  99999.00  99999.00  -2314.44   5308.80  -3217.64   3528.28   -590.14    449.78       0     987     984     922
61641  01  12   800  99999.00  99999.00  99999.00  99999.00  99999.00  99999.00  99999.00  99999.00       0       0       5       5
61641  01  12   700  99999.00  99999.00  -1914.46   8140.22  -3816.88   3904.40   -764.08    531.08       0     985     980     936
61641  01  12   600  99999.00  99999.00  99999.00  99999.00  99999.00  99999.00  99999.00  99999.00       0       0      14      13
61641  01  12   500  99999.00  99999.00   -305.88  11891.64  -3936.81   3679.59  -1079.39    518.77       0     971     973     962
61641  01  12   400  99999.00  99999.00   1631.27  13359.23  -3498.44   3037.36  -1104.52    363.80       0     966     970     961
61641  01  12   300  99999.00  99999.00   4190.16  14966.16  -3012.86   2274.70  -1060.54     51.26       0     955     960     946
61641  01  12   250  99999.00  99999.00   5091.89  16553.45  -3082.86   2158.98  -1142.51    -80.39       0     955     958      66
61641  01  12   200  99999.00  99999.00   6124.60  18433.48  -3175.52   2035.24  99999.00  99999.00       0     948     948      57
61641  01  12   150  99999.00  99999.00   5855.70  22219.98  -3854.32   2479.28  99999.00  99999.00       0     937     940      58
61641  01  12   100  99999.00  99999.00   7311.80  25550.24  -3918.67   2358.17  99999.00  99999.00       0     912     938      57
61641  01  12    80  99999.00  99999.00  99999.00  99999.00 -10932.69   8787.27  99999.00  99999.00       0       0      62       3
61641  01  12    70  99999.00  99999.00   7889.10  29039.70  -4207.65   2629.83  99999.00  99999.00       0     787     790      49
61641  01  12    60  99999.00  99999.00  99999.00  99999.00 -15416.58  12718.14  99999.00  99999.00       0       0      74       5
61641  01  12    50  99999.00  99999.00   8584.38  32284.50  -7626.89   6005.59  99999.00  99999.00       0     717     732      46
61641  01  12    40  99999.00  99999.00  99999.00  99999.00 -14912.83  12491.93  99999.00  99999.00       0       0      80       4
61641  01  12    30  99999.00  99999.00   8328.52  38724.28  -6971.59   5583.29  99999.00  99999.00       0     530     562      40
61641  01  12    20  99999.00  99999.00  25816.77  26757.09  -5789.13   4577.55  99999.00  99999.00       0     326     359      29
61641  01  12    15  99999.00  99999.00  99999.00  99999.00 -27257.97  21726.27  99999.00  99999.00       0       0      67       4
61641  01  12    10  99999.00  99999.00  30421.68  31148.64   -640.84   -310.96  99999.00  99999.00       0      64      80       7
61641  01  12     7  99999.00  99999.00  99999.00  99999.00  99999.00  99999.00  99999.00  99999.00       0       0       9       1
61641  01  12     5  99999.00  99999.00  99999.00  99999.00  99999.00  99999.00  99999.00  99999.00       0       0       0       0
61641  01  12     3  99999.00  99999.00  99999.00  99999.00  99999.00  99999.00  99999.00  99999.00       0       0       0       0
61641  01  12     2  99999.00  99999.00  99999.00  99999.00  99999.00  99999.00  99999.00  99999.00       0       0       0       0
61641  01  12     1  99999.00  99999.00  99999.00  99999.00  99999.00  99999.00  99999.00  99999.00       0       0       0       0
61641  02  12  9999   1000.95   1020.99  99999.00  99999.00     86.90    351.74   -250.91    428.05     893       0     883     883
61641  02  12  1000  99999.00  99999.00     39.60    204.72     31.68    376.20   -281.88    478.92       0     917     914     909
61641  02  12   925  99999.00  99999.00    721.46    875.78     53.44    415.24   -517.17    385.23       0     568     574     563
61641  02  12   900  99999.00  99999.00  99999.00  99999.00  99999.00  99999.00  99999.00  99999.00       0       0       7       7
61641  02  12   850  99999.00  99999.00  -1724.29   4736.03  -2682.54   3033.30   -553.66    425.66       0     917     917     872
61641  02  12   800  99999.00  99999.00  99999.00  99999.00  99999.00  99999.00  99999.00  99999.00       0       0       7       7
61641  02  12   700  99999.00  99999.00  -1417.72   7667.00  -3421.31   3525.01   -663.79    481.49       0     906     909     871
61641  02  12   600  99999.00  99999.00  99999.00  99999.00  99999.00  99999.00  99999.00  99999.00       0       0      18      16
61641  02  12   500  99999.00  99999.00   1338.07  10307.95  -2905.58   2686.66  -1068.54    474.66       0     900     905     891
61641  02  12   400  99999.00  99999.00   2542.64  12482.84  -2996.30   2559.58  -1078.77    322.83       0     898     897     882
61641  02  12   300  99999.00  99999.00   5637.99  13571.67  -2304.57   1599.87  -1012.97      1.99       0     884     884     873
61641  02  12   250  99999.00  99999.00   4856.42  16802.78  -3192.89   2274.67  99999.00  99999.00       0     880     881      58
61641  02  12   200  99999.00  99999.00   7780.62  16848.54  -2477.42   1361.74  99999.00  99999.00       0     877     876      50
61641  02  12   150  99999.00  99999.00   7110.93  21037.17  -3375.27   2013.45  99999.00  99999.00       0     865     867      50
61641  02  12   100  99999.00  99999.00   8674.56  24254.52  -3453.81   1895.79  99999.00  99999.00       0     835     861      49
61641  02  12    80  99999.00  99999.00  99999.00  99999.00  99999.00  99999.00  99999.00  99999.00       0       0      58       3
61641  02  12    70  99999.00  99999.00   9416.48  27574.16  -5778.66   4107.30  99999.00  99999.00       0     713     722      47
61641  02  12    60  99999.00  99999.00  99999.00  99999.00 -20802.99  16919.01  99999.00  99999.00       0       0      69       4
61641  02  12    50  99999.00  99999.00  13236.29  27780.41  -6117.82   4595.30  99999.00  99999.00       0     637     650      45
61641  02  12    40  99999.00  99999.00  99999.00  99999.00 -14211.80  11893.24  99999.00  99999.00       0       0      71       5
61641  02  12    30  99999.00  99999.00  14459.82  32807.82  -7773.05   6314.35  99999.00  99999.00       0     487     508      37
61641  02  12    20  99999.00  99999.00  25811.68  26738.56  -8925.44   7476.88  99999.00  99999.00       0     297     320      27
61641  02  12    15  99999.00  99999.00  99999.00  99999.00 -19865.30  16719.70  99999.00  99999.00       0       0      70       3
61641  02  12    10  99999.00  99999.00  30032.01  31642.41   -645.56   -256.40  99999.00  99999.00       0      61      85      12
61641  02  12     7  99999.00  99999.00  99999.00  99999.00  99999.00  99999.00  99999.00  99999.00       0       0      15       6
61641  02  12     5  99999.00  99999.00  99999.00  99999.00  99999.00  99999.00  99999.00  99999.00       0       0       0       0
61641  02  12     3  99999.00  99999.00  99999.00  99999.00  99999.00  99999.00  99999.00  99999.00       0       0       0       0
61641  02  12     2  99999.00  99999.00  99999.00  99999.00  99999.00  99999.00  99999.00  99999.00       0       0       0       0
61641  02  12     1  99999.00  99999.00  99999.00  99999.00  99999.00  99999.00  99999.00  99999.00       0       0       0       0
61641  03  12  9999   1000.56   1019.52  99999.00  99999.00  -1561.05   1992.51  -1919.24   2043.52     967       0     952     951
61641  03  12  1000  99999.00  99999.00     35.12    194.00     43.91    366.71   -162.20    421.24       0    1003    1000     996
61641  03  12   925  99999.00  99999.00    723.87    861.15     63.81    436.05   -497.48    398.56       0     616     628     597
61641  03  12   900  99999.00  99999.00  99999.00  99999.00  99999.00  99999.00  99999.00  99999.00       0       0      13      12
61641  03  12   850  99999.00  99999.00  -2894.74   5860.10  -3714.25   4053.11   -513.68    420.28       0     996     993     969
61641  03  12   800  99999.00  99999.00  99999.00  99999.00  99999.00  99999.00  99999.00  99999.00       0       0       6       6
61641  03  12   700  99999.00  99999.00  -1217.94   7479.42  -3268.41   3383.43   -585.80    431.20       0     989     992     972
61641  03  12   600  99999.00  99999.00  99999.00  99999.00  99999.00  99999.00  99999.00  99999.00       0       0      26      24
61641  03  12   500  99999.00  99999.00    560.05  11075.53  -3393.25   3177.71  -1112.85    474.63       0     982     984     966
61641  03  12   400  99999.00  99999.00   1675.61  13348.49  -3473.48   3038.20  -1110.56    305.68       0     977     980     962
61641  03  12   300  99999.00  99999.00   3004.09  16170.61  -3585.73   2858.87  -1087.58     37.42       0     961     971     957
61641  03  12   250  99999.00  99999.00   5114.99  16603.67  -3658.22   2741.38  -1125.08    -80.84       0     954     965      76
61641  03  12   200  99999.00  99999.00   3632.59  20923.51  -4245.05   3083.23  99999.00  99999.00       0     962     957      55
61641  03  12   150  99999.00  99999.00   5912.25  22256.49  -3845.67   2458.89  99999.00  99999.00       0     943     947      55
61641  03  12   100  99999.00  99999.00   8983.86  23995.14  -3940.32   2343.72  99999.00  99999.00       0     901     932      54
61641  03  12    80  99999.00  99999.00  99999.00  99999.00 -12293.74   9947.90  99999.00  99999.00       0       0      72       3
61641  03  12    70  99999.00  99999.00  12408.45  24699.33  -5635.68   3981.00  99999.00  99999.00       0     781     794      48
61641  03  12    60  99999.00  99999.00  99999.00  99999.00 -17217.30  14187.18  99999.00  99999.00       0       0      93       3
61641  03  12    50  99999.00  99999.00  13585.58  27482.54  -5878.78   4381.58  99999.00  99999.00       0     699     710      45
61641  03  12    40  99999.00  99999.00  99999.00  99999.00 -20192.48  16671.76  99999.00  99999.00       0       0      91       6
61641  03  12    30  99999.00  99999.00  14733.41  32616.29  -6024.35   4716.25  99999.00  99999.00       0     514     527      33
61641  03  12    20  99999.00  99999.00  13597.11  38832.99  -9046.02   7619.70  99999.00  99999.00       0     299     321      21
61641  03  12    15  99999.00  99999.00  99999.00  99999.00 -22509.25  18707.27  99999.00  99999.00       0       0      73       4
61641  03  12    10  99999.00  99999.00  99999.00  99999.00  -7283.54   6158.38  99999.00  99999.00       0      50      73      11
61641  03  12     7  99999.00  99999.00  99999.00  99999.00  99999.00  99999.00  99999.00  99999.00       0       0       6       3
61641  03  12     5  99999.00  99999.00  99999.00  99999.00  99999.00  99999.00  99999.00  99999.00       0       0       0       0
61641  03  12     3  99999.00  99999.00  99999.00  99999.00  99999.00  99999.00  99999.00  99999.00       0       0       0       0
61641  03  12     2  99999.00  99999.00  99999.00  99999.00  99999.00  99999.00  99999.00  99999.00       0       0       0       0
61641  03  12     1  99999.00  99999.00  99999.00  99999.00  99999.00  99999.00  99999.00  99999.00       0       0       0       0
61641  04  12  9999   1000.59   1018.47  99999.00  99999.00    125.19    337.59   -121.01    241.75     934       0     926     923
61641  04  12  1000  99999.00  99999.00     34.43    185.51     88.94    324.74     18.86    295.94       0     956     954     951
61641  04  12   925  99999.00  99999.00    721.11    855.99     84.77    441.65   -448.56    390.60       0     584     587     568
61641  04  12   900  99999.00  99999.00  99999.00  99999.00  99999.00  99999.00  99999.00  99999.00       0       0      20      20
61641  04  12   850  99999.00  99999.00   -731.21   3766.99  -1777.17   2211.87   -442.05    408.51       0     947     949     931
61641  04  12   800  99999.00  99999.00  99999.00  99999.00  99999.00  99999.00  99999.00  99999.00       0       0       4       4
61641  04  12   700  99999.00  99999.00   -470.63   6777.01  -2695.48   2851.76   -436.08    349.92       0     952     954     950
61641  04  12   600  99999.00  99999.00  99999.00  99999.00  99999.00  99999.00  99999.00  99999.00       0       0      12      11
61641  04  12   500  99999.00  99999.00   2759.94   8974.38  -2016.85   1858.31   -943.70    370.42       0     942     948     938
61641  04  12   400  99999.00  99999.00   4126.46  11017.10  -2109.32   1738.12   -974.93    193.15       0     940     941     930
61641  04  12   300  99999.00  99999.00   5794.67  13526.39  -2235.28   1563.08   -971.52    -34.56       0     935     936     925
61641  04  12   250  99999.00  99999.00   6790.70  15044.42  -2317.77   1451.91  -1091.36    -80.00       0     929     931      85
61641  04  12   200  99999.00  99999.00   7959.53  16813.25  -2418.36   1318.92  99999.00  99999.00       0     925     924      57
61641  04  12   150  99999.00  99999.00   9371.85  18973.89  -2529.49   1166.39  99999.00  99999.00       0     917     920      57
61641  04  12   100  99999.00  99999.00  11168.87  21920.03  -2631.39   1058.73  99999.00  99999.00       0     882     905      56
61641  04  12    80  99999.00  99999.00  99999.00  99999.00 -13532.20  11019.20  99999.00  99999.00       0       0      78      10
61641  04  12    70  99999.00  99999.00  18313.96  18913.00   -910.92   -590.76  99999.00  99999.00       0     792     801      54
61641  04  12    60  99999.00  99999.00  99999.00  99999.00 -14527.77  11991.63  99999.00  99999.00       0       0      84       6
61641  04  12    50  99999.00  99999.00  20281.92  20941.44  -3601.79   2237.65  99999.00  99999.00       0     722     738      53
61641  04  12    40  99999.00  99999.00  99999.00  99999.00 -22172.95  18156.53  99999.00  99999.00       0       0      94       3
61641  04  12    30  99999.00  99999.00  23384.45  24198.53  -5956.09   4682.63  99999.00  99999.00       0     543     564      45
61641  04  12    20  99999.00  99999.00  25961.04  26834.76  -6891.07   5665.49  99999.00  99999.00       0     309     327      34
61641  04  12    15  99999.00  99999.00  99999.00  99999.00 -21133.55  17715.13  99999.00  99999.00       0       0      84       7
61641  04  12    10  99999.00  99999.00  99999.00  99999.00   -588.55   -239.59  99999.00  99999.00       0      57      76      22
61641  04  12     7  99999.00  99999.00  99999.00  99999.00  99999.00  99999.00  99999.00  99999.00       0       0      10       6
61641  04  12     5  99999.00  99999.00  99999.00  99999.00  99999.00  99999.00  99999.00  99999.00       0       0       0       0
61641  04  12     3  99999.00  99999.00  99999.00  99999.00  99999.00  99999.00  99999.00  99999.00       0       0       0       0
61641  04  12     2  99999.00  99999.00  99999.00  99999.00  99999.00  99999.00  99999.00  99999.00       0       0       0       0
61641  04  12     1  99999.00  99999.00  99999.00  99999.00  99999.00  99999.00  99999.00  99999.00       0       0       0       0
61641  05  12  9999   1001.43   1018.47  99999.00  99999.00    143.79    344.31    -94.83    213.93     970       0     961     960
61641  05  12  1000  99999.00  99999.00     42.64    185.68    110.15    325.55     50.12    292.52       0    1010    1007    1005
61641  05  12   925  99999.00  99999.00    723.89    867.17    137.71    405.19   -428.79    427.17       0     633     640     618
61641  05  12   900  99999.00  99999.00  99999.00  99999.00  99999.00  99999.00  99999.00  99999.00       0       0      11      11
61641  05  12   850  99999.00  99999.00   1470.71   1606.19    141.80    330.32   -326.60    352.24       0    1005    1002     997
61641  05  12   800  99999.00  99999.00  99999.00  99999.00  99999.00  99999.00  99999.00  99999.00       0       0       4       4
61641  05  12   700  99999.00  99999.00   3116.83   3272.11     41.32    172.36   -323.58    275.94       0     998     999     996
61641  05  12   600  99999.00  99999.00  99999.00  99999.00  99999.00  99999.00  99999.00  99999.00       0       0      13      13
61641  05  12   500  99999.00  99999.00   5801.92   6001.84   -158.27     31.45   -895.08    391.32       0     992     992     981
61641  05  12   400  99999.00  99999.00   7493.93   7732.61   -248.22    -85.98   -972.60    189.48       0     991     990     985
61641  05  12   300  99999.00  99999.00   9558.69   9861.81   -398.25   -242.61  -1019.01    -24.09       0     978     974     970
61641  05  12   250  99999.00  99999.00  10802.56  11140.12   -492.89   -346.73  -1046.90   -152.78       0     973     970      92
61641  05  12   200  99999.00  99999.00  12247.85  12637.49  -2158.33   1064.87  99999.00  99999.00       0     966     968      56
61641  05  12   150  99999.00  99999.00  14008.31  14454.83   -757.57   -588.73  99999.00  99999.00       0     958     954      58
61641  05  12   100  99999.00  99999.00  16360.69  16843.69   -930.24   -626.28  99999.00  99999.00       0     912     936      58
61641  05  12    80  99999.00  99999.00  99999.00  99999.00 -13144.57  10697.15  99999.00  99999.00       0       0      83       7
61641  05  12    70  99999.00  99999.00   9784.96  27358.00  -6083.57   4427.71  99999.00  99999.00       0     765     776      50
61641  05  12    60  99999.00  99999.00  99999.00  99999.00 -11717.49   9622.23  99999.00  99999.00       0       0      80       5
61641  05  12    50  99999.00  99999.00  20341.32  20960.52  -6822.42   5310.42  99999.00  99999.00       0     665     678      47
61641  05  12    40  99999.00  99999.00  99999.00  99999.00 -17486.95  14640.29  99999.00  99999.00       0       0      91       5
61641  05  12    30  99999.00  99999.00  23441.73  24252.57  -7186.58   5833.90  99999.00  99999.00       0     498     525      43
61641  05  12    20  99999.00  99999.00  26033.35  26885.47  -6663.63   5471.61  99999.00  99999.00       0     321     351      34
61641  05  12    15  99999.00  99999.00  99999.00  99999.00 -24290.22  19958.46  99999.00  99999.00       0       0      78       6
61641  05  12    10  99999.00  99999.00  99999.00  99999.00   -539.93   -253.25  99999.00  99999.00       0      42      63      37
61641  05  12     7  99999.00  99999.00  99999.00  99999.00  99999.00  99999.00  99999.00  99999.00       0       0       6       2
61641  05  12     5  99999.00  99999.00  99999.00  99999.00  99999.00  99999.00  99999.00  99999.00       0       0       0       0
61641  05  12     3  99999.00  99999.00  99999.00  99999.00  99999.00  99999.00  99999.00  99999.00       0       0       0       0
61641  05  12     2  99999.00  99999.00  99999.00  99999.00  99999.00  99999.00  99999.00  99999.00       0       0       0       0
61641  05  12     1  99999.00  99999.00  99999.00  99999.00  99999.00  99999.00  99999.00  99999.00       0       0       0       0
61641  06  12  9999   1001.54   1020.02  99999.00  99999.00    179.94    353.82    -79.17    195.63     929       0     921     920
61641  06  12  1000  99999.00  99999.00     41.26    203.38    151.28    333.20     93.32    301.64       0     954     954     950
61641  06  12   925  99999.00  99999.00    723.60    881.04     87.38    419.42   -395.84    546.76       0     592     600     594
61641  06  12   900  99999.00  99999.00  99999.00  99999.00  99999.00  99999.00  99999.00  99999.00       0       0       9       9
61641  06  12   850  99999.00  99999.00   -720.37   3785.99  -1780.96   2216.72   -312.08    418.24       0     946     947     945
61641  06  12   800  99999.00  99999.00  99999.00  99999.00  99999.00  99999.00  99999.00  99999.00       0       0      10      10
61641  06  12   700  99999.00  99999.00    607.57   5768.77  -1873.31   2074.33   -268.53    242.43       0     943     946     943
61641  06  12   600  99999.00  99999.00  99999.00  99999.00  99999.00  99999.00  99999.00  99999.00       0       0      14      14
61641  06  12   500  99999.00  99999.00   5813.24   6004.16   -174.27     32.85   -803.28    393.00       0     937     939     925
61641  06  12   400  99999.00  99999.00   7507.15   7732.63   -233.87    -94.67  -1009.89    274.59       0     939     935     927
61641  06  12   300  99999.00  99999.00   9582.37   9857.65   -374.78   -258.62  -1028.14      6.14       0     925     927     919
61641  06  12   250  99999.00  99999.00  10830.09  11135.01   -473.54   -361.46   -987.54   -169.62       0     914     915      77
61641  06  12   200  99999.00  99999.00   7961.12  16899.92  -2426.46   1330.86  99999.00  99999.00       0     910     914      55
61641  06  12   150  99999.00  99999.00   9373.91  19059.11  -2548.46   1181.14  99999.00  99999.00       0     904     902      55
61641  06  12   100  99999.00  99999.00  11122.38  22050.18  -2666.12   1103.44  99999.00  99999.00       0     856     868      52
61641  06  12    80  99999.00  99999.00  99999.00  99999.00 -12143.98   9873.14  99999.00  99999.00       0       0      74       6
61641  06  12    70  99999.00  99999.00  12105.79  25171.27  -4384.94   2866.42  99999.00  99999.00       0     695     707      45
61641  06  12    60  99999.00  99999.00  99999.00  99999.00 -15853.35  13169.37  99999.00  99999.00       0       0      70       5
61641  06  12    50  99999.00  99999.00  13362.66  27953.34  -5089.36   3714.32  99999.00  99999.00       0     639     650      45
61641  06  12    40  99999.00  99999.00  99999.00  99999.00 -17308.46  14493.34  99999.00  99999.00       0       0      93       4
61641  06  12    30  99999.00  99999.00  14693.21  32979.29  -5607.47   4360.45  99999.00  99999.00       0     496     515      32
61641  06  12    20  99999.00  99999.00  26098.39  26935.87  -5942.95   4796.21  99999.00  99999.00       0     310     337      23
61641  06  12    15  99999.00  99999.00  99999.00  99999.00 -19967.25  16849.71  99999.00  99999.00       0       0      78       4
61641  06  12    10  99999.00  99999.00  99999.00  99999.00   -576.18   -251.46  99999.00  99999.00       0      44      66      25
61641  06  12     7  99999.00  99999.00  99999.00  99999.00  99999.00  99999.00  99999.00  99999.00       0       0       3       1
61641  06  12     5  99999.00  99999.00  99999.00  99999.00  99999.00  99999.00  99999.00  99999.00       0       0       0       0
61641  06  12     3  99999.00  99999.00  99999.00  99999.00  99999.00  99999.00  99999.00  99999.00       0       0       0       0
61641  06  12     2  99999.00  99999.00  99999.00  99999.00  99999.00  99999.00  99999.00  99999.00       0       0       0       0
61641  06  12     1  99999.00  99999.00  99999.00  99999.00  99999.00  99999.00  99999.00  99999.00       0       0       0       0
61641  07  12  9999   1000.31   1020.83  99999.00  99999.00    204.97    354.49    -68.33    186.07     926       0     921     920
61641  07  12  1000  99999.00  99999.00     31.76    210.32    191.75    324.23     98.98    317.38       0     955     952     949
61641  07  12   925  99999.00  99999.00    710.21    892.85     91.04    346.04   -124.97    430.03       0     575     580     580
61641  07  12   900  99999.00  99999.00  99999.00  99999.00  99999.00  99999.00  99999.00  99999.00       0       0      23      23
61641  07  12   850  99999.00  99999.00   1445.64   1629.48     58.22    350.78   -258.98    447.22       0     947     950     946
61641  07  12   800  99999.00  99999.00  99999.00  99999.00  99999.00  99999.00  99999.00  99999.00       0       0      14      14
61641  07  12   700  99999.00  99999.00   3093.35   3284.27     11.91    204.99   -259.18    262.22       0     954     949     948
61641  07  12   600  99999.00  99999.00  99999.00  99999.00  99999.00  99999.00  99999.00  99999.00       0       0      13      13
61641  07  12   500  99999.00  99999.00   5797.78   5999.86   -165.04     25.40   -652.68    313.44       0     942     945     942
61641  07  12   400  99999.00  99999.00   7500.92   7719.68   -228.24    -99.72   -862.48    245.96       0     940     941     934
61641  07  12   300  99999.00  99999.00   9575.97   9847.77   -373.99   -254.11   -915.72     -0.72       0     936     936     933
61641  07  12   250  99999.00  99999.00  10825.67  11125.67   -473.93   -355.97   -919.06   -158.86       0     931     928     112
61641  07  12   200  99999.00  99999.00  12275.96  12623.60   -594.69   -478.53  99999.00  99999.00       0     920     923      60
61641  07  12   150  99999.00  99999.00   9376.04  19047.56  -2549.98   1181.30  -1028.99   -568.19       0     906     901      61
61641  07  12   100  99999.00  99999.00  11136.87  22024.83   -905.91   -626.07  -1032.15   -751.35       0     862     879      61
61641  07  12    80  99999.00  99999.00  99999.00  99999.00 -14169.86  11671.78  99999.00  99999.00       0       0      71       3
61641  07  12    70  99999.00  99999.00  12261.56  25053.32  -6206.00   4648.60  99999.00  99999.00       0     726     736      50
61641  07  12    60  99999.00  99999.00  99999.00  99999.00 -15501.68  12906.40  99999.00  99999.00       0       0      88       1
61641  07  12    50  99999.00  99999.00  13546.68  27844.92  -5494.57   4105.79  99999.00  99999.00       0     667     683      45
61641  07  12    40  99999.00  99999.00  99999.00  99999.00 -19925.32  16525.40  99999.00  99999.00       0       0      94       5
61641  07  12    30  99999.00  99999.00  23515.25  24369.17  -6691.33   5378.87  99999.00  99999.00       0     499     525      37
61641  07  12    20  99999.00  99999.00  26156.93  26933.93  -8705.35   7324.01  99999.00  99999.00       0     324     348      28
61641  07  12    15  99999.00  99999.00  99999.00  99999.00 -22932.23  19005.37  99999.00  99999.00       0       0      70       8
61641  07  12    10  99999.00  99999.00  99999.00  99999.00  -6814.06   5707.10  99999.00  99999.00       0      57      84      16
61641  07  12     7  99999.00  99999.00  99999.00  99999.00  99999.00  99999.00  99999.00  99999.00       0       0      13       8
61641  07  12     5  99999.00  99999.00  99999.00  99999.00  99999.00  99999.00  99999.00  99999.00       0       0       2       0
61641  07  12     3  99999.00  99999.00  99999.00  99999.00  99999.00  99999.00  99999.00  99999.00       0       0       0       0
61641  07  12     2  99999.00  99999.00  99999.00  99999.00  99999.00  99999.00  99999.00  99999.00       0       0       0       0
61641  07  12     1  99999.00  99999.00  99999.00  99999.00  99999.00  99999.00  99999.00  99999.00       0       0       0       0
61641  08  12  9999    999.87   1020.27  99999.00  99999.00    201.13    365.05    -98.66    199.42     922       0     914     913
61641  08  12  1000  99999.00  99999.00     28.52    204.92    201.72    328.08    125.16    311.64       0     947     943     938
61641  08  12   925  99999.00  99999.00    708.44    888.68    136.03    301.27    -10.40    358.72       0     598     599     599
61641  08  12   900  99999.00  99999.00  99999.00  99999.00  99999.00  99999.00  99999.00  99999.00       0       0      19      18
61641  08  12   850  99999.00  99999.00  -3586.17   6530.43  -4321.26   4604.70   -139.24    374.72       0     932     936     934
61641  08  12   800  99999.00  99999.00  99999.00  99999.00  99999.00  99999.00  99999.00  99999.00       0       0       9       9
61641  08  12   700  99999.00  99999.00  -2059.09   8311.07  -3911.71   4032.41   -207.42    247.86       0     928     929     929
61641  08  12   600  99999.00  99999.00  99999.00  99999.00  99999.00  99999.00  99999.00  99999.00       0       0      16      16
61641  08  12   500  99999.00  99999.00   2728.71   9026.91  -2044.52   1895.92   -630.59    318.61       0     918     917     914
61641  08  12   400  99999.00  99999.00   7502.06   7717.46   -220.86   -102.18   -833.40    258.00       0     923     925     922
61641  08  12   300  99999.00  99999.00   9589.40   9839.12   -366.09   -254.37   -912.26     25.78       0     909     916     911
61641  08  12   250  99999.00  99999.00  10843.71  11116.83   -462.36   -361.20   -946.01   -116.33       0     910     909     136
61641  08  12   200  99999.00  99999.00   3408.09  21305.25  -4335.15   3183.09   -896.72   -428.24       0     904     910      63
61641  08  12   150  99999.00  99999.00   4399.23  23874.15  -4467.92   3034.96  -1033.77   -561.57       0     890     887      64
61641  08  12   100  99999.00  99999.00   7010.38  26035.54  -4055.59   2455.61  -1178.93   -577.01       0     844     868      65
61641  08  12    80  99999.00  99999.00  99999.00  99999.00 -15147.45  12494.91  99999.00  99999.00       0       0      92       2
61641  08  12    70  99999.00  99999.00  12044.54  25285.34  -7435.63   5807.93  99999.00  99999.00       0     678     704      50
61641  08  12    60  99999.00  99999.00  99999.00  99999.00 -13261.97  11034.19  99999.00  99999.00       0       0      82       7
61641  08  12    50  99999.00  99999.00  13366.03  28050.31  -5609.07   4215.93  99999.00  99999.00       0     633     652      44
61641  08  12    40  99999.00  99999.00  99999.00  99999.00 -18779.78  15641.98  99999.00  99999.00       0       0      78       3
61641  08  12    30  99999.00  99999.00  14583.91  33180.91  -9781.94   8187.22  99999.00  99999.00       0     481     505      39
61641  08  12    20  99999.00  99999.00  14249.50  38640.94  -8501.36   7122.52  99999.00  99999.00       0     324     366      36
61641  08  12    15  99999.00  99999.00  99999.00  99999.00 -19591.71  16522.89  99999.00  99999.00       0       0      90       6
61641  08  12    10  99999.00  99999.00  99999.00  99999.00   -582.02   -291.50  99999.00  99999.00       0      58      88      17
61641  08  12     7  99999.00  99999.00  99999.00  99999.00  99999.00  99999.00  99999.00  99999.00       0       0       9       3
61641  08  12     5  99999.00  99999.00  99999.00  99999.00  99999.00  99999.00  99999.00  99999.00       0       0       1       0
61641  08  12     3  99999.00  99999.00  99999.00  99999.00  99999.00  99999.00  99999.00  99999.00       0       0       0       0
61641  08  12     2  99999.00  99999.00  99999.00  99999.00  99999.00  99999.00  99999.00  99999.00       0       0       1       0
61641  08  12     1  99999.00  99999.00  99999.00  99999.00  99999.00  99999.00  99999.00  99999.00       0       0       0       0
61641  09  12  9999   1001.07   1019.31  99999.00  99999.00    182.61    392.25   -109.85    208.03     909       0     897     895
61641  09  12  1000  99999.00  99999.00     39.11    196.91    196.58    342.50    116.10    327.90       0     930     922     921
61641  09  12   925  99999.00  99999.00    722.30    882.14    119.02    337.90    -44.03    373.21       0     572     583     581
61641  09  12   900  99999.00  99999.00  99999.00  99999.00  99999.00  99999.00  99999.00  99999.00       0       0      17      17
61641  09  12   850  99999.00  99999.00  -2472.46   5474.90  -3334.09   3672.71   -148.65    362.07       0     909     915     910
61641  09  12   800  99999.00  99999.00  99999.00  99999.00  99999.00  99999.00  99999.00  99999.00       0       0      10      10
61641  09  12   700  99999.00  99999.00  -1397.80   7684.40  -3418.74   3546.54   -230.84    254.80       0     909     906     902
61641  09  12   600  99999.00  99999.00  99999.00  99999.00  99999.00  99999.00  99999.00  99999.00       0       0      13      13
61641  09  12   500  99999.00  99999.00   1377.49  10340.65  -2893.89   2722.23   -730.34    387.34       0     905     901     896
61641  09  12   400  99999.00  99999.00   2589.82  12546.94  -2969.85   2598.27   -909.75    300.57       0     900     898     893
61641  09  12   300  99999.00  99999.00   5715.50  13656.74  -2279.25   1626.51   -950.02     35.30       0     888     886     882
61641  09  12   250  99999.00  99999.00   6702.95  15192.47  -2367.76   1512.20   -952.88   -120.20       0     880     879     101
61641  09  12   200  99999.00  99999.00   5963.33  18822.29  -3278.31   2155.89   -904.92   -409.44       0     877     872      67
61641  09  12   150  99999.00  99999.00   5571.74  22718.90  -4012.96   2590.88   -981.84   -591.00       0     861     859      69
61641  09  12   100  99999.00  99999.00   8649.97  24420.73  -3484.44   1911.00  -1039.21   -690.73       0     819     845      67
61641  09  12    80  99999.00  99999.00  99999.00  99999.00 -14361.19  11830.85  99999.00  99999.00       0       0      69       3
61641  09  12    70  99999.00  99999.00  12106.14  25184.70  -7063.10   5444.74  99999.00  99999.00       0     694     710      45
61641  09  12    60  99999.00  99999.00  99999.00  99999.00 -17620.82  14634.34  99999.00  99999.00       0       0      67       8
61641  09  12    50  99999.00  99999.00  20393.34  21069.90  -7681.98   6144.78  99999.00  99999.00       0     629     653      41
61641  09  12    40  99999.00  99999.00  99999.00  99999.00 -10476.16   8707.64  99999.00  99999.00       0       0      68       5
61641  09  12    30  99999.00  99999.00  23481.71  24385.67  -6835.05   5491.23  99999.00  99999.00       0     474     502      34
61641  09  12    20  99999.00  99999.00  26011.89  27058.89  -8828.42   7417.54  99999.00  99999.00       0     306     338      30
61641  09  12    15  99999.00  99999.00  99999.00  99999.00 -26282.01  21167.67  99999.00  99999.00       0       0      78       9
61641  09  12    10  99999.00  99999.00  99999.00  99999.00  -6661.01   5585.83  99999.00  99999.00       0      50      88      21
61641  09  12     7  99999.00  99999.00  99999.00  99999.00  99999.00  99999.00  99999.00  99999.00       0       0       7       6
61641  09  12     5  99999.00  99999.00  99999.00  99999.00  99999.00  99999.00  99999.00  99999.00       0       0       2       0
61641  09  12     3  99999.00  99999.00  99999.00  99999.00  99999.00  99999.00  99999.00  99999.00       0       0       0       0
61641  09  12     2  99999.00  99999.00  99999.00  99999.00  99999.00  99999.00  99999.00  99999.00       0       0       0       0
61641  09  12     1  99999.00  99999.00  99999.00  99999.00  99999.00  99999.00  99999.00  99999.00       0       0       0       0
61641  10  12  9999   1001.56   1018.48  99999.00  99999.00    192.37    396.49   -131.00    264.64     931       0     910     907
61641  10  12  1000  99999.00  99999.00     44.21    188.81    191.99    352.31     46.29    376.77       0     948     948     941
61641  10  12   925  99999.00  99999.00    734.57    870.41     93.23    408.23   -303.77    499.39       0     581     590     587
61641  10  12   900  99999.00  99999.00  99999.00  99999.00  99999.00  99999.00  99999.00  99999.00       0       0      19      19
61641  10  12   850  99999.00  99999.00  -1685.79   4721.25  -2643.64   3025.28   -269.71    389.69       0     934     935     934
61641  10  12   800  99999.00  99999.00  99999.00  99999.00  99999.00  99999.00  99999.00  99999.00       0       0       7       7
61641  10  12   700  99999.00  99999.00  -1337.99   7626.49  -3376.17   3483.87   -299.55    269.13       0     933     932     931
61641  10  12   600  99999.00  99999.00  99999.00  99999.00  99999.00  99999.00  99999.00  99999.00       0       0      23      23
61641  10  12   500  99999.00  99999.00    400.46  11271.14  -3491.35   3294.65   -844.95    386.85       0     921     924     914
61641  10  12   400  99999.00  99999.00   2617.52  12498.08  -2950.03   2561.69   -969.97    262.07       0     913     915     905
61641  10  12   300  99999.00  99999.00   2857.63  16388.95  -3689.94   2971.74   -992.94     10.02       0     913     909     902
61641  10  12   250  99999.00  99999.00   6733.02  15109.86  -2352.58   1473.26  99999.00  99999.00       0     902     902      48
61641  10  12   200  99999.00  99999.00  12189.80  12629.00   -610.19   -489.95  99999.00  99999.00       0     899     894      46
61641  10  12   150  99999.00  99999.00  13942.78  14430.94   -773.89   -598.45  99999.00  99999.00       0     886     884      47
61641  10  12   100  99999.00  99999.00  16312.58  16815.98   -899.21   -610.85  99999.00  99999.00       0     831     862      50
61641  10  12    80  99999.00  99999.00  99999.00  99999.00 -19774.67  16106.65  99999.00  99999.00       0       0      77       5
61641  10  12    70  99999.00  99999.00  12203.10  24997.38  -5358.51   3806.49  99999.00  99999.00       0     723     736      43
61641  10  12    60  99999.00  99999.00  99999.00  99999.00 -20210.39  16577.77  99999.00  99999.00       0       0      74       3
61641  10  12    50  99999.00  99999.00  13421.51  27819.35  -6408.74   4945.66  99999.00  99999.00       0     655     680      41
61641  10  12    40  99999.00  99999.00  99999.00  99999.00 -24255.33  19615.47  99999.00  99999.00       0       0      82       5
61641  10  12    30  99999.00  99999.00  14560.90  33020.62  -8170.28   6713.80  99999.00  99999.00       0     486     513      34
61641  10  12    20  99999.00  99999.00  13630.42  39040.90  -6867.59   5611.69  99999.00  99999.00       0     297     330      29
61641  10  12    15  99999.00  99999.00  99999.00  99999.00 -25864.77  20926.35  99999.00  99999.00       0       0      67       4
61641  10  12    10  99999.00  99999.00   2440.56  58585.44 -12717.47  10996.93  99999.00  99999.00       0      77     108      20
61641  10  12     7  99999.00  99999.00  99999.00  99999.00  99999.00  99999.00  99999.00  99999.00       0       0      10       7
61641  10  12     5  99999.00  99999.00  99999.00  99999.00  99999.00  99999.00  99999.00  99999.00       0       0       4       4
61641  10  12     3  99999.00  99999.00  99999.00  99999.00  99999.00  99999.00  99999.00  99999.00       0       0       0       0
61641  10  12     2  99999.00  99999.00  99999.00  99999.00  99999.00  99999.00  99999.00  99999.00       0       0       1       0
61641  10  12     1  99999.00  99999.00  99999.00  99999.00  99999.00  99999.00  99999.00  99999.00       0       0       0       0
61641  11  12  9999   1002.45   1017.81  99999.00  99999.00    148.09    405.25   -253.40    449.68     882       0     881     880
61641  11  12  1000  99999.00  99999.00     50.27    183.35    137.10    374.94   -181.61    494.83       0     896     893     891
61641  11  12   925  99999.00  99999.00  -1993.66   3553.46  -2396.54   2869.54   -358.43    387.25       0     546     547     543
61641  11  12   900  99999.00  99999.00  99999.00  99999.00  99999.00  99999.00  99999.00  99999.00       0       0       7       7
61641  11  12   850  99999.00  99999.00  -2514.03   5511.45  -3386.10   3724.26   -340.78    350.78       0     891     888     885
61641  11  12   800  99999.00  99999.00  99999.00  99999.00  99999.00  99999.00  99999.00  99999.00       0       0       5       5
61641  11  12   700  99999.00  99999.00   -602.76   6893.52  -2805.25   2921.15   -544.42    421.94       0     889     892     881
61641  11  12   600  99999.00  99999.00  99999.00  99999.00  99999.00  99999.00  99999.00  99999.00       0       0      15      14
61641  11  12   500  99999.00  99999.00    289.88  11351.60  -3564.76   3353.72   -963.62    448.90       0     888     888     880
61641  11  12   400  99999.00  99999.00   1382.38  13652.14  -3649.08   3214.68   -980.72    283.72       0     885     882     874
61641  11  12   300  99999.00  99999.00   2685.76  16496.20  -3763.10   3018.58   -987.19     20.57       0     874     875     869
61641  11  12   250  99999.00  99999.00   6625.91  15144.35  -2392.95   1492.41  99999.00  99999.00       0     870     873      57
61641  11  12   200  99999.00  99999.00   7785.15  16899.15  -2498.52   1360.08  99999.00  99999.00       0     870     863      57
61641  11  12   150  99999.00  99999.00   9149.57  19076.21  -2613.26   1219.54  99999.00  99999.00       0     854     853      59
61641  11  12   100  99999.00  99999.00   6843.86  26007.38  -2679.52   1157.24  99999.00  99999.00       0     826     843      57
61641  11  12    80  99999.00  99999.00  99999.00  99999.00 -13710.74  11230.90  99999.00  99999.00       0       0      76       2
61641  11  12    70  99999.00  99999.00  11977.00  25129.48  -7133.13   5447.91  99999.00  99999.00       0     682     697      48
61641  11  12    60  99999.00  99999.00  99999.00  99999.00 -15566.67  12896.97  99999.00  99999.00       0       0      87       6
61641  11  12    50  99999.00  99999.00  13015.75  28102.51  -6713.16   5201.16  99999.00  99999.00       0     594     615      33
61641  11  12    40  99999.00  99999.00  99999.00  99999.00 -17876.79  14932.89  99999.00  99999.00       0       0      76       3
61641  11  12    30  99999.00  99999.00  14129.81  33311.57  -8079.22   6642.02  99999.00  99999.00       0     448     467      29
61641  11  12    20  99999.00  99999.00  25944.03  26853.39  -5206.40   4070.92  99999.00  99999.00       0     279     301      28
61641  11  12    15  99999.00  99999.00  99999.00  99999.00 -22223.85  18479.07  99999.00  99999.00       0       0      75      11
61641  11  12    10  99999.00  99999.00  30555.34  31435.54   -558.56   -284.12  99999.00  99999.00       0      68      91      21
61641  11  12     7  99999.00  99999.00  99999.00  99999.00  99999.00  99999.00  99999.00  99999.00       0       0       9       8
61641  11  12     5  99999.00  99999.00  99999.00  99999.00  99999.00  99999.00  99999.00  99999.00       0       0       2       2
61641  11  12     3  99999.00  99999.00  99999.00  99999.00  99999.00  99999.00  99999.00  99999.00       0       0       0       0
61641  11  12     2  99999.00  99999.00  99999.00  99999.00  99999.00  99999.00  99999.00  99999.00       0       0       1       0
61641  11  12     1  99999.00  99999.00  99999.00  99999.00  99999.00  99999.00  99999.00  99999.00       0       0       0       0
61641  12  12  9999   1001.28   1021.32  99999.00  99999.00    108.24    385.80   -287.18    525.70     914       0     905     900
61641  12  12  1000  99999.00  99999.00     42.97    208.81     84.43    372.91   -329.87    523.93       0     951     945     938
61641  12  12   925  99999.00  99999.00    723.95    882.71     83.52    383.16   -411.53    352.63       0     570     574     573
61641  12  12   900  99999.00  99999.00  99999.00  99999.00  99999.00  99999.00  99999.00  99999.00       0       0       1       1
61641  12  12   850  99999.00  99999.00  -2395.25   5392.75  -3280.53   3597.87   -492.00    407.76       0     946     947     924
61641  12  12   800  99999.00  99999.00  99999.00  99999.00  99999.00  99999.00  99999.00  99999.00       0       0      16      13
61641  12  12   700  99999.00  99999.00    571.70   5741.06  -1905.34   2051.90   -627.69    449.91       0     936     937     905
61641  12  12   600  99999.00  99999.00  99999.00  99999.00  99999.00  99999.00  99999.00  99999.00       0       0      27      27
61641  12  12   500  99999.00  99999.00   1412.90  10250.30  -2859.09   2655.39   -985.34    458.50       0     928     932     925
61641  12  12   400  99999.00  99999.00   2621.96  12426.44  -2949.56   2518.96  -1039.42    323.18       0     924     926     919
61641  12  12   300  99999.00  99999.00   4066.16  15120.32  -3074.71   2337.89  -1012.94     38.86       0     909     916     910
61641  12  12   250  99999.00  99999.00   4968.44  16705.88  -3155.13   2222.91  -1032.68   -148.88       0     912     909      90
61641  12  12   200  99999.00  99999.00   5998.49  18583.25  -3244.87   2086.85   -964.06   -433.66       0     908     903      88
61641  12  12   150  99999.00  99999.00   7196.14  20933.02  -3353.83   1963.49  -1093.29   -546.57       0     888     887      86
61641  12  12   100  99999.00  99999.00   8779.55  24119.99  -3409.67   1873.57  -1188.39   -632.91       0     860     885      83
61641  12  12    80  99999.00  99999.00  99999.00  99999.00 -12550.90  10226.18  99999.00  99999.00       0       0      69       6
61641  12  12    70  99999.00  99999.00  18327.81  18829.05  -5651.24   4036.48  -1140.33   -672.09       0     777     786      77
61641  12  12    60  99999.00  99999.00  99999.00  99999.00 -19079.87  15682.81  99999.00  99999.00       0       0      93      11
61641  12  12    50  99999.00  99999.00  20279.51  20885.63  -4303.37   2900.83  -1123.87   -648.79       0     712     725      75
61641  12  12    40  99999.00  99999.00  99999.00  99999.00 -18548.71  15435.53  99999.00  99999.00       0       0      80       3
61641  12  12    30  99999.00  99999.00  23316.43  24187.51  -6945.48   5579.04  -1102.21   -623.41       0     548     566      63
61641  12  12    20  99999.00  99999.00  25909.32  26788.80  -6367.68   5153.76  99999.00  99999.00       0     353     388      53
61641  12  12    15  99999.00  99999.00  99999.00  99999.00 -24497.90  20049.46  99999.00  99999.00       0       0      87       5
61641  12  12    10  99999.00  99999.00  30507.93  31362.57  -6853.93   5742.83  99999.00  99999.00       0      61      83       9
61641  12  12     7  99999.00  99999.00  99999.00  99999.00  99999.00  99999.00  99999.00  99999.00       0       0      16       7
61641  12  12     5  99999.00  99999.00  99999.00  99999.00  99999.00  99999.00  99999.00  99999.00       0       0       0       0
61641  12  12     3  99999.00  99999.00  99999.00  99999.00  99999.00  99999.00  99999.00  99999.00       0       0       0       0
61641  12  12     2  99999.00  99999.00  99999.00  99999.00  99999.00  99999.00  99999.00  99999.00       0       0       1       0
61641  12  12     1  99999.00  99999.00  99999.00  99999.00  99999.00  99999.00  99999.00  99999.00       0       0       0       0
